33.222899 295.900794
49.564660 300.448546
30.632509 293.955431
56.859144 282.551182
17.132647 303.823022
38.005636 312.530705
39.070507 307.423371
55.711864 315.716022
58.580526 326.675302
43.159789 332.012341
24.276896 334.090248
56.809189 340.697518
34.371985 358.572297
47.502739 286.469581
79.909366 358.633976
74.009142 347.341118
60.907501 357.268068
58.047780 357.363366
45.758316 296.592384
41.978747 278.866741
71.313062 352.122042
71.035343 370.092737
83.414198 367.462174
62.863352 374.003805
72.759674 391.175893
39.387605 382.174357
23.132234 389.877431
64.512365 390.076898
60.329109 272.476084
66.878796 399.699948
47.896263 270.548990
77.098396 410.060822
79.544126 277.042252
78.500934 393.810046
73.737893 278.243145
111.324858 394.930085
71.209069 271.781654
47.639681 400.904727
73.958590 255.949235
83.145784 251.011030
94.536533 404.966255
85.450933 235.978178
99.431024 239.827414
108.300731 249.065425
100.768924 258.385214
85.530202 262.215331
104.746975 372.137349
119.822751 244.805100
79.016959 402.553965
85.830901 233.108831
95.944133 394.809319
97.396189 238.413311
94.928969 407.951539
106.467565 214.775067
105.562335 409.344835
129.705431 224.992277
76.675670 393.704744
111.133264 226.069211
98.193954 388.226675
162.382510 203.761238
109.553104 387.180064
145.091898 214.985947
126.297564 56.476987
103.644848 69.759784
133.682307 55.875167
118.642501 401.571860
105.706469 209.963321
134.455706 45.766522
127.468292 66.904237
106.905045 84.519065
112.350173 56.487006
141.590170 72.305232
136.957067 79.086050
121.345023 202.508688
98.975925 391.895753
163.311909 60.863855
148.472883 92.387055
124.399415 87.966007
120.798553 107.355815
130.808691 100.628556
120.402279 92.270439
120.733098 194.219070
106.401720 372.693798
107.264046 55.665275
129.861054 124.000004
137.521494 186.573858
96.864137 381.454763
137.343022 112.183223
119.997500 107.587380
136.428493 58.289550
117.287771 181.616930
172.469455 375.196287
131.801343 123.558981
108.357482 42.049223
161.750651 117.984861
114.829967 130.113698
163.200517 120.549800
117.945890 132.041150
139.001100 139.460907
137.524627 149.215457
127.554111 144.338024
124.731900 142.798418
152.688658 141.235538
126.572390 180.454483
127.466923 398.843361
131.102993 159.821508
122.244567 61.866134
157.632981 162.146839
167.546307 153.187119
126.408504 173.214313
154.310070 190.671008
138.230953 370.374077
147.776707 46.590073
134.179029 161.861583
162.449073 176.688174
161.800397 174.596838
119.462971 178.162482
159.085242 387.943178
137.166446 40.166576
112.234445 385.904769
171.708420 44.561621
133.181093 389.160246
182.599474 42.677448
142.524325 384.859697
133.271863 38.960105
173.383769 378.274593
173.033719 51.197384
154.998113 392.586772
152.547113 57.053483
154.713664 393.804594
155.343897 39.898308
191.680365 396.338226
193.245926 54.625368
200.006418 400.857466
134.456315 53.020672
188.633735 373.696956
199.266808 41.140562
182.216543 372.179172
223.347253 44.114939
179.381202 393.846619
160.675957 54.012331
184.527382 383.820079
206.221312 44.512758
198.651445 397.214205
201.838730 40.986421
203.301746 385.035904
195.998825 32.663739
187.352293 378.604227
192.187283 52.464774
187.242614 371.271583
215.100019 55.715199
215.875175 387.579862
226.856440 47.704208
208.860309 384.064712
196.891892 47.687331
246.173942 378.902876
225.874836 42.691266
201.771075 383.522205
212.353248 57.925579
241.293353 373.287596
239.528367 39.460743
177.058252 375.709306
252.563053 59.342397
262.665893 377.203602
216.588460 44.270981
264.673971 382.495043
264.919343 55.825970
268.710698 392.734374
238.193247 42.634859
206.356735 370.364554
215.607194 44.633051
245.896041 361.738862
267.405547 45.303071
217.526583 368.682511
261.990827 47.533442
276.356043 370.526285
273.033097 37.545203
257.248805 396.215168
258.926949 37.599879
293.973490 387.040819
254.886279 45.762696
281.439822 375.945884
275.031949 38.532333
288.601593 386.567745
296.124567 59.512528
263.071212 67.339346
255.612747 386.368207
277.000351 393.476109
264.969750 65.701466
277.411681 404.991204
276.143982 62.060225
307.159961 404.998961
289.745854 58.436832
302.404378 413.428686
282.562557 72.248761
268.432146 70.121512
299.572306 89.185617
270.623348 416.025843
296.449494 91.713049
281.637535 96.762932
298.803144 410.788523
316.935944 99.079170
264.417540 404.471392
317.483967 69.604238
275.538796 411.976276
325.342913 81.107726
277.299718 406.711476
294.501121 86.275872
327.219031 417.994682
314.077583 89.778421
307.394618 416.682247
367.548410 417.840225
330.933931 79.545081
352.187535 412.356311
317.386695 89.985876
325.581851 88.265067
328.845229 415.740694
323.010903 414.096144
349.398258 91.140912
313.544815 431.316584
339.384105 102.242249
348.491028 96.795936
332.331508 418.983014
299.771253 98.467837
353.702495 412.956604
311.111156 435.068791
334.957554 99.888820
360.250895 110.174538
363.309050 427.121121
352.034340 101.471356
345.925771 444.107633
340.712082 115.634625
365.337713 424.567626
374.830413 115.254918
356.119255 428.609856
391.694155 113.991773
358.996381 433.534010
373.639152 122.723061
370.641644 446.686884
352.894855 113.465924
383.283987 448.483604
411.195069 117.941374
380.114520 435.640180
391.154085 127.232248
398.274641 445.646738
372.859577 111.248364
372.932625 448.652872
376.641432 129.112618
356.514897 447.278915
425.738988 124.546099
363.704175 461.778364
371.640947 130.362545
376.617528 447.669895
392.151986 116.886162
376.137180 447.309596
407.075667 446.687136
424.833616 124.016275
383.694372 444.929421
384.597211 115.449248
401.870264 441.305128
406.830652 109.641031
431.558736 449.100175
401.506414 116.088867
402.349247 446.193362
389.616997 122.527307
439.894126 411.257503
424.855778 112.672222
429.707594 422.949663
455.795991 104.343265
428.438797 421.650322
455.178278 123.638865
427.788441 428.783952
420.046298 118.142853
422.972792 445.452301
434.880195 117.826196
424.768491 425.059031
399.782317 112.994895
406.610176 445.668713
451.151601 125.662096
450.372155 420.509863
415.248156 103.857745
443.767606 429.781941
459.860933 117.310973
439.231427 434.026590
486.177326 128.075272
439.544280 433.722702
521.995843 123.119308
468.585041 439.450942
464.141994 116.614910
425.426252 421.705557
471.901488 122.617866
452.337387 421.180084
477.599883 114.464691
448.068721 414.350691
469.414217 118.313157
510.706299 447.263664
503.752458 96.302464
486.626112 412.855190
476.626004 94.904740
500.596348 429.724112
497.262792 109.863978
478.033095 425.251384
483.657817 124.609956
491.518377 426.682208
490.580303 102.422680
504.855385 434.990081
508.326214 109.196146
484.090181 440.421076
522.422819 122.134253
521.083029 419.737327
524.808276 114.315931
497.722798 435.775233
495.361038 99.483603
516.962533 425.707616
544.182412 98.643036
536.946187 431.897929
498.001084 90.306955
527.454017 437.078391
532.827542 100.821755
510.998802 421.159433
548.861058 111.937670
543.396637 427.624362
510.142156 92.894078
553.656851 430.967451
565.203735 91.826376
549.573447 424.910527
542.568338 104.050787
553.454827 428.520927
517.238040 84.490868
552.400892 418.686391
540.224279 101.843006
544.307924 432.082711
534.838685 86.232884
573.897005 429.262961
573.302422 87.804738
535.012901 422.674147
564.267239 90.856240
579.133708 397.490135
582.557804 101.108643
551.718520 422.998384
566.666932 113.302172
588.559447 431.459794
581.784651 91.560156
564.595404 417.789138
581.608452 102.757286
568.618964 422.630361
579.567646 90.363403
600.340048 429.649918
591.666973 98.296681
588.340757 410.679331
574.156288 99.480874
607.205204 437.721087
580.127772 94.603701
622.170392 415.749489
570.586507 89.785645
596.617292 419.504569
564.623433 76.433776
618.872598 406.647644
595.925289 98.433827
630.683134 440.237318
629.488807 87.482373
594.286343 400.488821
612.973776 89.442985
631.882697 431.516353
608.018209 84.409451
596.827443 409.958762
615.976684 86.691993
628.640700 423.401305
615.345425 77.974109
599.280839 411.722726
644.269565 53.576848
610.525064 422.160426
618.807784 62.957439
642.261530 402.713506
646.058650 71.010629
658.462326 432.883464
674.479719 75.090547
626.273955 413.613826
636.621040 63.638681
646.765306 410.786223
620.124835 77.354840
650.776913 415.745811
677.385726 66.501116
689.708754 406.335516
653.787186 68.358643
656.686297 414.706906
670.548225 62.868718
668.749431 406.576252
680.318908 60.250047
672.144420 428.850621
671.214376 69.139518
667.803787 413.053187
670.607322 66.735073
663.157644 415.257918
667.083119 65.707635
686.070974 430.011714
718.805192 62.469424
678.413217 409.097809
665.928909 66.226636
732.240273 432.222687
677.205248 69.660840
688.005546 423.433130
697.775020 77.109411
706.828112 55.647850
677.407378 416.547007
696.358087 93.434452
712.877033 421.552410
711.424504 93.240756
684.453056 439.849364
722.711059 95.921717
691.767954 429.730024
726.471032 97.786199
709.900439 439.630130
707.340806 86.065351
670.070246 416.655368
714.655337 105.784947
723.084892 436.785242
710.633124 121.111738
705.656221 449.779182
699.931104 443.781406
733.082234 110.939908
781.118763 125.790741
692.294724 450.673819
725.273770 93.971102
740.970160 456.305034
715.830384 92.455286
728.384352 104.148305
723.905214 96.840471
708.205721 430.563945
752.282625 105.837010
760.142261 451.440905
721.798352 112.481250
746.599283 436.826159
736.032665 128.108534
734.916946 449.444305
740.053036 106.572187
756.929930 451.023837
754.757444 128.372041
729.202329 116.312118
744.489587 130.607278
729.358171 447.505882
747.019010 138.538029
736.096650 440.148848
765.789025 124.028294
737.331332 454.197460
777.615992 137.468287
739.149033 450.517026
766.437301 144.881493
729.636979 452.849271
770.952602 136.547103
767.554832 449.933719
790.012995 141.209563
765.250245 469.046721
775.942342 158.725175
748.732567 465.226010
805.290631 139.125002
796.781688 154.059711
788.160911 466.177504
787.430316 159.411612
783.246937 458.692889
793.457986 162.783235
770.511682 454.543202
783.850622 151.912831
793.394188 466.477500
822.469590 136.583037
795.694711 473.659730
792.262134 148.758704
799.163537 438.040777
811.939817 154.121532
797.320238 461.590105
793.988334 139.275038
807.353875 462.054804
803.491637 148.491726
801.437185 458.309060
831.031476 143.801479
829.110389 452.995975
835.940179 157.622452
836.028930 449.937443
779.075053 439.470566
830.256161 152.602002
829.832289 434.537883
808.044062 137.666933
842.989836 434.412783
818.053524 132.667438
835.110560 442.583900
813.381233 143.717426
810.429116 132.760843
839.126406 444.621039
848.158413 134.878485
830.353638 437.270020
864.478561 126.421783
855.318907 445.845610
864.265536 134.769908
825.567777 453.934658
828.403451 137.829925
875.762131 446.420955
880.913968 433.718726
845.818756 139.496565
917.847347 449.715591
876.417515 128.051080
892.631457 443.248092
868.578438 137.844099
867.030650 417.761100
868.682309 130.529758
854.862756 439.259710
891.241485 129.330605
872.622305 423.086599
883.663456 136.562817
882.500885 344.327294
844.892142 343.190027
829.485387 428.368844
859.838912 127.669546
905.913667 364.231154
894.657441 342.412857
867.389474 446.599047
880.736207 352.409620
872.331732 124.957524
878.096824 374.724558
912.499057 331.040939
886.196384 440.974695
878.348775 146.719760
871.662029 376.130369
889.575869 376.111245
885.224803 369.291232
889.969043 370.366616
913.164988 333.430375
870.870876 434.171693
887.498930 130.994027
873.256932 377.307829
880.692413 333.571624
892.651103 421.867279
897.892284 391.871692
866.491062 141.155656
906.085132 319.534292
936.452473 333.186286
925.206628 399.646234
888.628123 418.948432
892.589637 381.171134
884.425815 397.950424
915.924485 429.593817
864.541558 134.483504
906.907889 393.262367
895.410642 317.131491
900.668237 432.123726
891.918827 130.143113
916.976652 398.099795
918.172689 316.627381
932.455458 418.423279
905.606633 409.107025
896.616617 123.287549
934.232164 412.029384
885.989794 432.516475
908.925341 304.433247
936.441202 428.017929
915.946652 125.003609
905.098399 312.534443
914.038531 132.277152
916.231002 317.475358
928.896198 321.150968
904.300924 127.908806
937.155696 289.758325
917.548602 131.214111
922.031940 309.724297
940.052711 134.763798
929.180883 299.956380
924.876016 129.270978
961.813487 316.136077
906.731233 286.639345
921.312835 115.099933
955.237159 275.399383
930.224930 283.172798
959.684498 292.812151
941.624199 120.381620
939.810673 271.073630
936.022065 142.578388
939.633611 127.393115
947.667318 138.135545
931.182054 247.874641
926.010592 138.290652
977.145776 270.137370
941.506170 159.148473
976.159464 163.087217
961.629744 153.993831
971.330177 251.659639
980.623103 157.281479
957.865882 147.046960
967.787834 168.846999
957.090862 149.014762
970.715341 159.288767
959.596488 253.227454
956.626461 174.243437
928.806061 236.659739
967.402215 180.283002
987.756411 192.243237
957.173180 181.984260
983.567019 184.139651
982.109442 204.059466
981.264205 192.716269
996.257632 184.688295
925.465914 215.690761
961.728944 210.689581
948.426603 208.165235
937.727094 231.159147
970.255920 233.946987
958.930224 223.633553
969.787456 231.747528
