280.676586 254.829745
277.267418 263.542261
278.570187 265.008041
274.299429 254.865402
283.548524 236.110410
282.428665 232.585655
280.596803 232.439811
279.277711 233.211411
267.926033 201.722963
275.075230 196.997951
276.999009 205.165030
276.252066 198.311237
269.696636 176.715968
271.567794 180.919426
268.757232 176.289416
272.170518 179.506583
260.186728 156.088909
257.347883 166.715458
248.632968 150.192891
262.834400 155.114358
238.508814 132.326241
237.577942 143.190009
227.126839 134.526044
235.469013 154.099247
215.678284 130.245408
211.370532 134.983968
224.139328 130.480978
209.902698 138.170158
191.677250 137.582979
192.082864 142.596130
202.685057 126.975002
196.839851 131.506948
168.494543 143.624611
175.354709 142.289942
167.245322 143.420182
184.611352 137.220060
160.488045 160.183779
155.206049 149.821043
153.023959 146.096551
145.108289 155.378394
135.239103 161.397893
134.050103 160.577986
129.186926 171.359954
126.923131 163.551114
108.131380 181.861632
116.125882 182.874372
128.053238 174.603838
118.709056 169.145995
93.897933 195.823943
85.474756 196.489190
89.686602 194.236895
104.462148 196.513690
74.396123 218.961989
76.479263 216.006528
76.347253 226.015082
84.513926 218.228805
70.784197 229.983840
60.177763 246.910127
50.965602 237.772946
59.335870 231.914602
49.673916 266.023861
48.444371 256.940702
51.227879 263.280820
50.848270 267.682380
38.426414 279.973704
43.195118 292.639613
48.565529 284.663414
38.697284 277.286088
41.796543 311.850433
26.985707 297.062872
38.141760 302.221481
38.033524 292.855279
21.751709 332.789239
28.784116 337.274629
26.054303 316.859682
36.296508 325.740637
36.203475 351.736086
31.824493 341.200479
32.939787 356.247728
37.115159 344.229006
23.766383 382.097788
19.025098 384.194883
23.165843 374.390817
36.529967 370.346648
22.984163 404.926727
30.372388 397.790728
29.534198 403.305120
29.945884 397.526985
26.437630 426.658566
33.973687 416.705298
29.137578 427.242243
32.919591 427.467051
36.526913 444.855781
29.069523 449.697424
36.428961 448.842191
20.417386 453.395975
36.000969 485.990501
38.877667 482.592205
35.126100 470.793812
35.735150 466.912666
27.365245 494.085804
39.050729 491.489923
36.643989 498.500299
41.272236 497.518308
43.814005 510.289902
51.506578 522.755853
36.234745 520.269465
45.892125 513.359632
49.227920 532.841055
51.975908 542.012808
55.991663 542.858136
52.696131 548.552340
63.111518 557.486727
60.401494 562.580124
69.094032 569.639654
57.095359 568.036390
82.568739 588.362319
76.040145 589.388866
79.993192 596.469140
86.972026 593.073798
105.086516 601.196961
97.286933 599.850146
100.757960 595.964577
91.331130 591.367702
113.418069 601.307635
126.560773 606.701503
121.187660 607.848344
116.752052 600.659817
141.047647 604.065114
146.226934 597.132445
149.172208 610.065692
146.222164 614.518545
155.552649 600.972390
161.649349 603.769172
162.199657 603.754783
154.758010 611.375877
176.882809 584.130773
180.577973 585.770227
177.860413 584.249320
171.202346 590.744310
189.899858 555.633460
194.496149 560.744463
189.524692 567.686448
194.602620 572.903793
192.693425 547.686560
197.075809 534.792947
202.706238 533.630553
194.429955 539.810471
199.204466 515.276468
196.669493 509.027919
194.564260 510.186018
196.474309 513.764614
195.417562 482.223905
194.105283 492.140261
189.726128 490.325248
195.337356 497.524495
201.121909 468.195094
201.858398 462.252479
194.181966 465.589187
190.836928 465.635323
208.700748 426.183695
200.455366 447.986690
212.331932 437.158375
204.131162 428.790082
211.484103 415.571670
208.190886 418.099221
211.393626 418.314066
203.925597 410.485572
206.050036 390.252881
210.566926 404.122160
206.786125 396.896922
208.882181 403.865746
220.515961 374.207290
210.581534 375.851212
214.437608 381.336240
218.370585 364.519312
229.288853 348.562314
235.766773 356.891220
229.670248 353.289994
230.879305 354.961550
241.293395 336.701060
239.930573 332.683068
249.752308 323.261714
243.068023 329.111100
263.206224 310.380505
257.679370 312.280477
260.578101 313.140420
252.396868 306.947461
272.046616 287.421080
265.559744 282.893314
259.170615 277.770079
269.529943 291.330315
391.016301 287.129795
400.011379 271.485271
398.981601 278.963907
406.413756 284.623913
402.521022 248.400498
399.817806 253.276356
401.616085 249.075455
401.283223 249.921473
398.154133 203.817152
407.615954 215.590773
408.726703 218.643225
393.962100 222.329679
400.242512 178.365678
398.818508 187.245557
397.586593 193.658804
394.211304 197.345774
386.494436 168.534951
398.731270 165.011631
396.157893 162.688951
391.422161 170.114379
393.286426 135.311931
391.471649 139.831982
389.522290 135.056832
391.357007 141.199825
376.869570 126.556089
386.952797 121.598347
387.928055 121.824286
388.296898 126.350413
383.910125 101.738495
380.556716 105.730610
383.081746 101.599647
376.514508 105.493391
384.102584 79.167308
379.731592 71.530479
389.449467 77.989089
382.417657 75.015026
386.854784 54.760579
388.388595 54.077111
399.796283 52.935202
391.065194 53.805396
405.788665 45.368439
398.237028 37.292190
397.107012 41.825485
398.072240 30.649080
424.282404 13.592673
422.373999 23.625080
413.882690 28.961615
432.339447 30.932138
440.501393 20.411747
433.738308 20.597967
444.691060 11.793587
439.293907 17.788591
460.360649 20.699586
450.534352 24.377662
461.396203 21.938820
465.893894 21.139357
480.912569 33.951486
480.631854 31.831703
478.615247 32.144931
469.831789 31.891680
497.124435 41.970965
497.655297 40.702423
498.350639 40.463378
504.373533 40.054489
513.247370 61.592316
512.580302 47.979979
513.512894 59.614518
518.901997 61.455119
528.969071 75.762077
535.981285 80.930696
541.846639 85.802754
540.535241 68.834104
547.896999 100.607150
547.878462 100.364872
553.191964 105.370385
551.384460 104.585738
556.500264 124.531258
558.672142 125.046136
558.456630 121.404914
558.083017 130.700639
568.294657 145.310956
558.780238 134.523505
563.869539 150.090126
568.222013 147.311553
571.635691 177.885601
578.060703 161.364701
564.780506 171.870964
572.535798 166.951966
578.515621 191.211052
570.972762 186.437635
571.591667 194.769071
575.959190 191.610411
586.430640 206.694135
586.811370 222.055550
587.100318 205.009914
582.551195 215.806166
588.777406 227.063910
598.843199 227.371327
590.166086 241.141725
595.370742 239.761626
587.562060 261.912087
599.492420 257.907283
599.686554 248.339200
593.709956 254.478814
596.321396 286.331676
595.865305 287.606707
599.724939 291.517276
599.289855 290.695766
591.948527 323.178171
588.588879 332.743947
585.021650 334.629553
596.403081 325.381321
587.196483 343.724756
582.612867 348.035752
598.030946 338.123943
591.431699 334.650185
576.446971 357.286856
571.993455 366.459484
572.387813 376.390336
570.937689 376.031710
574.134314 399.761772
569.848102 393.004643
571.036453 391.730456
569.255281 388.990753
562.190066 404.773754
559.375633 412.587918
566.549773 402.449216
556.553478 412.057956
548.362312 432.565957
549.661341 431.058087
543.342616 433.877041
549.621179 428.789307
535.171899 451.274188
527.984070 451.117128
526.700382 452.764410
537.065651 455.581606
505.938834 474.669527
516.387913 478.813865
509.341747 477.657443
516.463922 468.443243
496.363459 482.633416
485.418732 492.656445
489.969985 490.433300
498.888835 497.933386
472.728030 501.926682
478.053371 500.887417
479.572495 504.633955
468.760733 494.575761
461.321388 501.093695
456.772225 507.255827
445.407315 499.145029
461.222813 498.969153
429.372921 496.761365
437.643794 496.118780
434.657469 492.918487
433.889164 495.570070
415.469380 490.648438
417.812994 481.433164
410.469316 496.560079
423.367893 489.865436
395.445560 463.612753
391.598106 463.842859
403.644759 463.569318
395.503205 464.192736
392.818808 445.629118
389.268136 434.759568
387.148673 439.086051
385.696402 444.389983
376.631780 422.764131
377.807015 421.469223
377.495967 423.014014
369.309077 425.044324
371.011420 403.859607
370.985335 399.967756
370.009777 388.600344
375.968218 400.898075
366.216827 377.477165
367.849262 380.129976
385.107344 382.999628
374.245010 369.873309
379.870921 345.982206
377.436385 351.772405
373.014996 345.364834
378.740735 358.112762
390.434259 323.758118
388.477567 329.296287
388.633368 327.921179
389.447843 341.912828
404.573743 308.949098
393.710990 314.226341
396.570433 308.804635
399.851142 304.754997
