62.741723 1768.097847
123.062284 1761.798169
59.169361 1695.808091
114.915575 1777.139284
71.062770 1730.351474
130.709451 1764.371782
110.996102 1757.735154
124.438259 1759.545723
92.288031 1719.113623
89.339816 1774.757911
107.104691 1761.025868
78.995248 1796.072350
118.245536 1685.442237
89.313621 1757.860529
131.905314 1713.676504
124.175920 1784.459505
99.675541 1727.305199
108.789990 1769.348908
147.122568 1705.583442
128.111143 1700.412436
119.318339 1640.980932
84.888311 1805.558966
135.458239 1718.974209
121.757641 1643.143336
113.117980 1829.967851
128.409497 1662.949790
121.904181 1794.539286
143.892799 1669.363953
99.948687 1819.600377
145.375034 1674.628853
147.416723 1636.993668
130.018710 1603.099994
125.120238 1766.988656
117.313513 1710.626502
129.632042 1730.225843
131.921485 1648.546963
145.206602 1579.240270
143.914056 1664.381866
119.869749 1633.695704
147.410798 1627.669194
158.427130 1601.933064
147.553376 1599.131483
135.972270 1788.984552
168.828961 1697.996971
142.004224 1756.275208
123.607652 1725.743936
198.713285 1720.639518
183.831930 1587.520386
122.560942 1615.416079
160.560479 1603.088332
157.738683 1626.502774
100.016120 1692.104753
127.602240 1597.189745
148.663700 1720.237826
136.023939 1206.605443
142.221561 1290.412247
132.515484 1254.579344
128.858537 1322.615951
184.873240 1586.450070
150.075983 1574.754701
180.553363 1659.879310
136.129726 1689.895201
137.739680 1693.727878
146.104699 1730.609949
165.234942 1632.788553
153.833311 1652.740735
139.358661 1704.259181
124.932766 1626.581131
138.887597 1708.129910
143.530889 1739.083336
93.982690 1727.799755
138.423885 1672.747727
129.293502 1749.895416
147.039692 1670.334339
173.806269 1675.318151
143.792968 1706.435246
178.041631 1528.081207
120.893135 1221.447795
131.600868 1245.360509
149.078631 1531.435035
188.411881 1290.281945
148.935837 1650.390493
147.899120 1638.305348
150.125003 1651.242441
166.969877 1232.311190
127.935705 1603.362876
171.563795 1219.953661
170.068601 1527.041354
155.770103 1581.790677
166.814733 1518.858758
183.330205 1529.499601
134.471021 1570.443819
171.053513 1559.884381
194.019378 1590.509152
197.230627 1237.968977
149.161481 1309.188470
149.727716 1515.661101
192.444402 1647.413830
152.804688 1287.676144
199.921741 1258.484553
134.721463 1530.389522
192.399767 1548.229070
156.299792 1543.658413
163.400785 1212.929083
159.717204 1677.343986
224.526932 1643.261563
157.677019 1654.205629
191.134305 1309.260407
154.300625 1509.133220
161.775486 1654.486534
179.607781 1259.597064
164.251284 1350.614363
153.975965 1613.365545
172.952998 1663.506108
162.895605 1512.698929
191.739167 1220.221116
148.990446 1683.051519
114.610677 1236.910622
186.002987 1495.811958
171.756289 1473.374025
193.767304 1511.006411
159.830450 1478.449119
208.759603 1570.328416
228.707524 1540.401640
193.498600 1643.704908
195.458430 1552.044995
163.864020 1604.934185
214.751446 1250.912014
198.672427 1331.719888
201.364578 1444.412710
150.427339 1425.009682
143.194220 1376.201113
195.595929 1603.267433
221.192559 1293.734136
200.386534 1352.094655
191.724351 1406.963612
183.763761 1519.270660
201.291060 1607.563554
170.962366 1424.233705
162.160051 1173.654488
211.579428 1282.552502
186.903545 1490.235594
204.426221 1419.880604
187.344198 1454.397180
189.889874 1469.367767
187.325792 1404.185021
191.608176 1459.030369
188.178995 1482.193202
175.984866 1449.691371
214.335549 1502.572423
159.574448 1466.853790
182.492396 1432.750185
166.398123 1451.138920
224.771839 1448.827386
197.504213 1599.969571
172.547178 1611.289520
170.103791 1581.886777
187.138136 1584.254906
189.420543 1641.771505
219.458290 1425.593838
172.512757 1445.492481
203.756135 1223.719728
170.832148 1277.098184
165.298945 1424.491285
165.148788 1465.625306
190.773055 1522.054640
201.523903 1410.444553
152.944524 1546.484955
144.763971 1522.193957
203.693516 1523.388922
194.817333 1560.196666
172.510583 1201.691974
182.812054 1313.897030
228.283359 1366.829991
215.987595 1355.115131
175.484695 1325.572216
166.020375 1331.010791
198.966770 1315.163057
202.140820 1331.586093
207.241821 1299.406794
223.540136 1357.857918
199.484010 1405.714033
198.378580 1383.172947
179.216983 1435.434650
195.027586 1209.565856
206.815111 1507.017539
203.974247 1509.017623
200.193047 1378.157396
187.433798 1434.946033
201.048098 1521.868738
186.227256 1227.831906
198.607176 1403.031238
193.221192 1516.646208
194.270016 1593.662574
235.089406 1346.278351
169.539980 1504.083757
239.655708 1228.139879
181.515482 1385.173939
190.161223 1476.008404
223.266004 1363.287693
193.090260 1238.626553
181.792284 1250.934358
213.993220 1293.496308
208.905590 1462.510885
188.117411 1532.920962
223.898012 1460.411200
226.019670 1504.668607
222.863715 1197.623547
183.393906 1249.346127
223.295056 1382.194831
237.730885 1337.431196
201.121981 1374.555940
211.187247 1341.710597
195.396696 1459.691151
231.410111 1230.920489
228.600210 1273.642742
196.080567 1508.587177
233.558614 1257.820201
213.298996 1269.925586
181.340975 1247.004883
210.347242 1262.344699
193.988878 1294.190123
193.700792 1297.291817
207.525340 1332.161684
228.100860 1278.377841
206.712205 1275.766862
221.084419 1266.752243
153.760972 1286.908493
239.553837 1256.044363
213.227368 1391.466106
169.802955 1333.718353
209.643382 1309.146851
233.887453 1340.116197
223.610518 1303.980289
210.641975 1316.446033
244.993876 1316.198083
183.818028 1337.307135
259.991210 1347.974223
207.780780 1489.063836
248.209740 1419.972488
202.119888 1176.983959
217.220905 1186.184381
258.612830 1353.755608
189.254915 1333.851807
227.765945 1339.452281
212.274991 1331.327466
226.856507 1365.627072
197.884570 1239.100573
275.712230 1498.215753
214.421770 1225.691248
228.738808 1216.310087
220.310861 1340.825689
198.144751 1447.742693
211.294699 1158.944061
196.697120 1166.245734
234.663960 1379.433550
204.362044 1482.713794
220.205299 1256.264113
203.139819 1315.819713
217.331530 1282.802824
230.793947 1335.545363
247.506982 1187.954815
235.572957 1211.640259
206.922584 1394.714157
241.763379 1461.518327
225.514962 1490.161107
228.004775 1478.541720
268.959559 1374.620316
245.230300 1164.771091
233.992246 1215.128774
220.895404 1170.087322
231.910630 1170.826226
231.182209 1201.128694
289.416216 1208.996705
250.454065 1219.288761
231.283257 1177.246982
239.213876 1257.054666
214.355111 1262.491137
275.383955 1256.240298
211.043951 1289.237999
239.201598 1206.381094
214.805386 1246.823318
170.834753 1234.215107
233.843587 1223.136448
241.400006 1312.427775
249.757613 1263.588338
222.954903 1338.256675
236.478802 1286.372937
228.829494 1287.189589
237.913757 1250.986295
249.680053 1260.380079
251.105219 1265.383599
209.206586 1284.521181
255.873060 1299.254664
250.684554 1332.919119
263.558284 1344.442108
246.031336 1461.796053
223.638727 1135.325301
240.427443 1477.231577
273.169066 1151.440750
229.566179 1149.021114
252.586273 1122.325188
230.689621 1140.472097
234.161646 1152.537234
228.701521 1116.774789
272.823329 1473.546764
219.917007 1073.810551
235.158842 1453.809318
237.101615 1108.891881
277.146159 1505.191179
217.054961 1093.191735
241.361495 1091.382725
277.362176 1097.616909
240.816244 1092.183801
247.867424 1096.256335
223.585558 1087.568187
236.199888 1084.903788
237.745517 1100.247959
270.574151 1094.734072
231.580547 1158.922281
221.062729 1132.789952
238.628833 1403.324270
280.885150 1411.000694
259.475328 1485.368380
252.707512 1375.523983
267.787358 1412.113712
250.208715 1501.926392
239.053424 1457.079433
238.675640 1462.964681
191.367292 1067.984137
228.694657 1440.096172
303.622557 1033.531044
221.200684 1043.865676
242.148818 1366.808392
259.586360 1378.668338
257.838255 1376.437101
245.471410 1342.608510
247.334277 1382.200673
273.085802 1023.433786
233.864099 1334.232605
263.445260 1430.600683
248.353323 1084.790574
223.869466 1008.500142
280.394677 1034.029089
243.617093 1026.990707
302.262057 1030.774174
278.562771 1020.620378
257.281123 1384.141494
244.646973 1337.401455
264.223936 979.122758
268.012364 1358.956667
285.706825 1007.373841
258.242337 948.452256
284.952109 1018.949132
295.410961 1020.021869
276.969761 990.341297
266.954303 1009.933036
248.415511 1341.766059
238.795478 1384.217093
259.189346 1329.189652
290.516529 990.140009
279.120902 1340.557137
277.494997 1327.241028
256.996108 1044.813316
286.749569 1405.938488
287.068428 1000.375262
275.109615 952.606768
268.775771 983.829452
285.166453 1359.666586
298.451010 1283.098428
303.478404 1330.597518
277.658342 949.582900
302.757226 981.740070
307.092077 909.031485
253.305815 1317.536805
291.115687 941.525351
282.031470 1336.903560
308.393216 958.884072
298.359958 931.989918
296.119474 934.342611
287.344532 989.513354
247.908145 1305.504904
285.665938 961.637609
264.636896 910.370140
323.003084 1321.126646
286.952663 1299.720991
274.755584 897.883232
330.264262 977.860792
313.086979 1288.276171
314.263148 901.423618
289.897553 1290.246867
294.798554 913.140399
314.439088 1327.783142
329.539419 950.202363
299.509980 1228.562050
338.353293 1206.535995
316.789854 1321.727655
334.846498 1295.763022
308.919138 881.350817
345.712335 1266.783833
353.269647 1321.614566
301.932232 909.353643
317.945472 1259.501684
350.995520 892.546119
314.308600 1214.949106
342.592165 945.481059
299.517941 1243.136124
325.954651 1313.898738
334.882492 1252.325643
347.606927 976.284551
368.893138 1228.390064
287.096017 1267.929978
343.534519 887.286222
322.560022 1274.076931
362.601349 1217.483610
336.198405 902.024314
320.828336 891.407689
316.197064 1225.080798
339.825234 1211.802907
300.494328 1250.464362
330.223042 1246.765418
349.853590 861.028961
309.264840 1183.117621
376.565587 851.055941
374.701986 1181.220477
339.820335 826.821038
397.682403 1192.631345
321.514255 899.253463
383.033316 1237.102489
368.002850 888.315323
370.593476 879.942691
319.223398 1189.462577
354.386400 890.371432
356.373128 1210.483213
340.780548 880.603561
356.244557 1237.711378
349.204533 1201.619019
351.946499 1282.385930
391.581792 910.051936
396.181897 1187.226803
334.964943 814.163230
343.933899 1259.497363
402.853260 790.774838
368.028270 1235.935676
408.147131 871.283924
380.874239 1225.613610
359.394861 1322.674135
404.368635 1280.875023
421.785747 1264.457509
403.555338 874.639962
415.403118 1251.399435
387.253126 866.805293
378.144268 1264.696183
386.014553 818.199460
383.737375 1206.424051
386.316545 1280.470862
397.924389 1239.058956
415.892224 871.511316
410.912975 1264.915410
397.200217 806.580781
413.138387 1289.254635
424.578251 1235.510008
383.587619 1311.314996
402.801755 1428.465888
419.682616 1440.072910
394.222168 1351.338952
423.732469 1437.124999
402.858917 1472.680572
443.534733 1447.374861
404.480712 1437.409330
387.736128 1417.651307
437.896564 1353.907059
411.531926 1445.634506
363.447061 1482.227591
418.472933 1434.657392
382.951890 1248.630658
392.959660 1447.246652
389.297939 823.252714
411.912162 1424.006929
417.868797 791.797708
391.697890 1242.213468
381.224564 1233.554402
379.034015 1279.534628
391.775471 1334.470589
424.368055 1351.998553
448.814305 1367.202509
430.824167 1387.425283
425.045877 1298.260497
426.321210 1374.720263
419.100652 1448.878331
416.855932 1429.298920
412.007815 1279.931645
404.411161 814.068547
437.398210 1412.316467
408.254517 1463.498401
413.273360 1320.468755
432.256703 1486.008910
430.842779 868.448958
408.959606 1338.414553
422.935808 1310.679750
417.074157 1300.481548
450.199287 1352.171949
438.834361 1263.685400
421.837801 1294.567012
436.017255 1345.459044
414.674071 1363.060819
415.715165 1257.872785
446.488911 1293.035410
382.891469 1369.498150
388.466816 1304.137893
407.650374 1256.685056
419.005764 1340.173189
435.391489 1317.535661
423.588082 1330.898453
432.948424 1508.820422
420.925979 1492.688487
417.910926 1496.894159
429.692783 1430.236900
416.449423 804.724757
404.767290 1481.650226
409.700952 1463.302088
413.303898 1459.898836
381.692614 845.868018
456.083899 1437.689612
414.679624 858.891429
411.868161 1469.985652
441.236379 1514.881396
392.898059 1429.465378
444.434890 1495.534998
461.206001 818.073152
408.858647 1494.831437
453.834739 1552.653806
425.332330 1487.386790
443.263727 770.794854
422.786213 1558.361458
408.877256 1436.268856
458.451584 1537.352239
453.792815 1530.603568
459.774573 1483.379978
464.496889 1510.553738
418.571487 799.958514
448.602182 1529.661547
443.530863 879.851071
445.139341 1510.475980
465.314380 1547.457570
430.163707 1545.376360
418.323931 1525.027141
378.901178 1558.878055
446.156104 800.350659
428.634431 1512.606161
442.012698 758.366948
455.746408 1550.654276
474.220355 1540.414220
463.343889 1578.935177
491.023750 1574.705324
460.668168 1601.236815
457.092711 816.340723
450.391263 1519.423561
475.747885 1569.046343
454.689405 1525.389020
463.088023 803.764611
459.603561 1616.428273
473.533096 788.346444
484.464015 1591.302620
450.476310 1605.350956
483.502090 1631.071641
475.560796 1574.104512
468.162947 1579.880984
469.594057 1627.317986
460.301675 791.847980
478.736362 1621.477259
475.578476 1602.857859
461.085942 1605.171327
456.324545 753.077238
431.553142 1654.030119
496.767618 753.215292
484.890070 1590.113053
446.472780 1606.765377
470.675190 1683.416578
446.647419 1627.121365
466.272186 1650.619064
465.355131 1678.366965
463.602995 1616.083170
464.856208 1634.473760
478.587955 1601.455983
436.143654 1421.737708
482.979653 1480.446234
463.330925 808.569981
482.760127 1646.337546
500.915380 1664.398032
463.905810 1721.850590
473.142457 1642.808362
454.388574 1684.521668
447.069063 1664.683573
487.815213 1475.133470
474.171720 1501.310596
464.732794 1490.342561
482.356965 1507.913791
487.551398 1420.858441
490.918459 1471.541375
513.509830 1472.902384
501.786763 742.581510
462.739893 1484.712810
478.483260 1535.608740
480.440011 1629.929474
466.611749 712.874147
474.916269 1701.032442
481.576154 1380.254034
495.174150 1387.139000
490.603729 1441.451619
478.663865 1379.058279
482.709796 1414.783286
475.597163 1420.064797
448.877951 1378.806506
514.709873 1455.929867
514.518786 1477.296876
451.017417 1450.114320
475.407849 1464.962595
472.258210 1475.847258
472.330929 1463.997848
490.635628 1403.454254
500.018748 1537.867960
504.370464 1508.055046
502.341011 1533.080995
523.806663 1501.082615
486.589108 1539.431873
485.655048 1468.375433
487.788184 1488.152474
475.645088 1513.626278
486.936904 1542.645570
489.086102 1547.494054
463.276087 1559.494317
491.229495 1569.289361
481.960761 775.824811
469.470359 1726.585156
485.836992 1699.767199
509.133385 1720.787326
473.988570 1752.812653
512.549546 1654.057680
498.431708 1640.986158
535.011283 1687.674694
485.136606 1699.833349
502.525483 1767.556471
471.093020 1694.917197
468.905643 1712.497669
502.608727 1629.552582
477.611872 1407.028116
483.740636 1418.413770
516.173583 1355.382360
520.013922 1346.954930
476.366354 1391.622757
505.964537 1333.695097
527.507968 1342.258166
519.199889 1463.746827
508.288633 1528.160251
500.339591 1552.800896
475.710875 1472.608200
502.378820 1532.930151
475.204040 1576.514479
490.902334 1619.739279
509.292329 1609.421780
514.407039 1344.722736
522.608970 1562.435310
520.351538 1726.577941
487.351119 764.962553
513.803782 1729.461251
467.793787 1759.653017
500.985915 1279.053268
546.167791 1622.534814
449.954343 735.019957
495.811335 1408.493162
500.768602 1619.547157
496.159092 1708.171840
501.532622 769.899297
477.872323 1746.290336
488.685692 1293.516059
494.411934 1359.670400
462.785633 1388.752033
499.095015 1302.022304
493.853492 1292.719324
493.559530 1327.964619
493.040600 1405.894238
500.535434 1302.774427
529.038012 1290.977886
469.340117 1563.049115
521.457476 1527.189012
497.734327 1545.248969
479.269854 1600.227136
499.951822 1602.418990
516.480019 1575.491323
486.048562 1603.209608
500.087384 1625.858885
476.126820 1589.697028
495.698604 1330.569847
511.118981 758.582908
511.568012 1758.995896
483.987497 1292.170660
534.186191 1602.684193
534.973168 1267.965956
503.734535 1262.264720
553.388843 1357.142898
552.208374 1298.433036
503.975579 1317.096347
510.672088 1288.380074
500.569955 1287.852551
522.442647 1624.679619
528.255890 1617.482269
521.960221 1541.166112
513.315599 1644.040712
491.054576 1560.602086
500.508176 1668.144381
507.316106 742.522517
520.768110 1697.241828
484.751349 750.546126
525.672149 768.521559
547.880664 1266.836113
521.938447 1226.393784
502.636372 1640.166696
539.032387 1776.994479
521.921922 731.431611
497.247249 1280.999389
543.899555 1697.163095
507.009248 725.389487
499.438961 715.922727
512.689961 734.356637
512.681013 771.758011
510.446284 757.582233
533.678716 1254.286580
495.876822 1268.221361
516.328025 1269.891660
513.742627 1245.255550
539.957957 1764.312383
505.201530 1610.270258
499.758449 676.160681
541.726699 1238.510203
512.393416 1678.782406
481.276843 1711.733918
515.651972 1624.363408
485.385001 1671.011896
482.969389 1675.621226
576.135920 705.868634
526.455152 1233.253356
535.486845 1620.200629
560.227187 1245.681102
539.116041 1234.949195
502.350993 1290.834149
521.268798 1764.286184
539.936592 1272.996093
525.876142 1688.752936
546.348847 725.095457
533.248146 1729.666743
492.415662 1678.255868
525.898116 1689.541100
500.330321 1188.783175
567.608457 1271.126795
518.741181 1786.284457
502.431256 691.107922
536.296276 1257.878189
511.376878 1270.690978
533.621269 1382.638066
544.646795 1494.995247
521.381580 1732.655797
499.634503 1338.067474
523.955527 1416.089215
528.163862 1764.271441
537.550757 670.929828
534.189970 1266.299969
548.360524 1362.693420
552.917487 1398.275467
554.552700 1685.710210
541.458665 662.835871
526.224011 1273.610608
528.281515 1309.205559
511.443207 1225.860152
494.739231 1348.151866
556.324422 1243.131629
506.635472 1267.923647
560.761364 1281.247803
522.984358 1400.904546
510.237164 1393.208852
531.615581 1368.187033
578.554267 1369.194624
533.426878 1274.592485
556.960868 1399.479269
548.247709 1416.339097
563.829593 1692.139303
517.492856 1708.855836
499.265298 1682.533397
567.731547 1780.732019
537.055334 1671.456039
532.065826 1780.395982
512.656745 1775.909837
536.043094 1329.108179
497.298465 1363.839128
538.327309 1386.986471
518.884790 1732.748124
550.078579 700.942588
559.621310 1264.663581
551.674662 1372.470953
543.047042 1477.097506
559.766076 1430.138176
542.867726 1724.500708
556.472465 1732.374070
547.556289 1682.919070
565.600537 1663.052179
537.544209 1728.160191
538.530175 1734.878035
530.812625 1726.328599
546.337197 1750.073287
582.022204 725.351832
530.753447 1744.195479
550.241354 1356.351123
550.052548 1435.643932
545.138068 1468.092246
555.688113 1398.864194
536.462654 1415.094787
546.807685 1352.182751
582.365399 1355.684528
522.696611 1423.813309
497.729948 1398.496203
552.447760 1394.975376
534.934029 1353.963377
535.866196 1347.406788
528.655543 1460.688104
556.129303 1462.443615
533.213500 1379.870520
562.329368 1383.031358
534.908759 1402.163957
528.461315 1420.176542
575.885875 678.306420
588.825269 1501.422517
552.934702 1476.776076
568.872594 1444.927621
524.916581 1478.053861
518.510678 1515.183858
577.867857 1474.009338
556.036270 1472.650096
530.397889 1510.241428
541.652015 1493.111367
575.029256 1553.231816
539.554941 1522.669614
567.611398 1487.866404
551.263189 1577.360365
561.051015 1543.343140
537.317335 1518.721637
551.175749 1529.155203
525.622420 1592.398060
576.032767 1682.040068
551.571827 1716.649004
530.091426 1705.834295
530.860223 1671.940839
587.708280 1766.755446
546.173213 1651.957944
548.491722 1676.585648
520.054518 1675.258543
572.465530 1739.934549
569.948418 1718.970472
574.037281 1739.636403
559.231605 1702.499551
547.529541 1645.114154
558.212783 1648.469570
579.240721 1674.707906
507.052879 1738.372016
570.416241 1692.816922
552.651059 1749.683725
517.324788 1694.494515
556.873047 1722.904543
528.723810 1753.061526
580.496310 1731.020834
571.203880 1740.622205
551.576022 1687.448104
585.415221 1763.460549
544.551806 1705.802076
574.850093 1686.473325
597.903938 1748.732411
546.301957 1743.193902
569.324761 665.035738
536.357314 1508.801524
513.579979 1694.054982
535.730884 1745.290160
580.137976 674.365620
546.277691 1498.113212
567.452311 1760.886773
571.681779 1783.663779
563.970305 1657.122152
610.636940 643.252578
554.808253 1489.872425
575.298589 1722.698059
594.531223 1578.231183
517.556454 1561.327784
569.362504 1568.430295
593.920426 1572.036193
576.058057 1563.265587
571.313891 1538.420177
523.311538 1501.358375
571.630527 1577.922760
541.542873 1626.231520
539.292639 1588.952307
548.039235 1620.261622
551.783061 1591.169400
495.919499 1615.633304
564.422679 1582.006802
567.105779 1573.717564
553.576074 1567.650066
509.573263 1611.755085
555.845952 1622.984139
539.132917 1638.976375
591.258101 1623.296210
518.582193 1594.526569
592.466341 1638.238183
561.339604 1629.220387
561.494667 1754.651287
592.741092 723.653149
585.502168 1751.887397
549.676960 663.722391
546.714905 1791.745114
575.418253 667.025880
565.382416 1785.496355
612.216576 711.621242
557.694551 1838.708415
560.663594 694.144627
562.113368 644.521590
584.962629 1837.219533
607.889684 657.191896
558.564622 1738.989705
605.915539 1741.376653
603.681854 1720.202038
570.739437 651.739630
582.443669 1666.644439
595.056112 1756.616775
612.425437 1660.669860
611.554361 1462.207375
586.769856 1519.067810
569.696714 1481.682435
587.056629 1488.920776
620.342916 1518.957753
597.243892 1497.888368
572.730805 1536.990310
585.593641 1509.395049
602.169485 1570.361297
606.268101 1529.564490
595.282159 1536.608260
618.338193 1489.715521
572.861324 1507.820327
619.219582 1512.872658
635.263756 1562.101412
594.758491 1489.560771
589.725775 1580.958994
565.903304 1587.312822
624.962160 1569.798908
559.879052 1530.387344
593.839401 1570.201068
596.519118 1581.103501
608.622750 1609.501310
597.342781 1581.637629
629.970498 1524.273509
662.354101 1560.545386
603.134249 1633.452577
601.888159 1542.654505
562.094842 1563.409694
566.625512 1589.268965
581.249311 1617.424777
583.128024 1655.657284
573.659453 1644.949750
597.062234 1606.385634
590.246102 1631.779343
589.627571 1569.923149
590.070881 1597.421838
560.594016 1572.091598
588.665025 1572.402367
614.462321 1665.415055
611.719074 1615.144215
614.759928 1647.390742
608.715579 1627.503658
594.672502 1670.883897
601.884561 1643.867467
594.075524 1634.470884
626.124631 1671.507407
598.736064 1643.956590
623.941875 1690.437902
610.888915 1679.417546
633.604610 638.785597
567.574351 1683.270146
607.432444 1755.171774
593.022608 1479.184079
591.101685 1680.243187
602.407876 596.938427
617.717347 1216.901520
614.508623 1257.684504
649.309915 1214.198552
613.506786 1245.127361
548.808616 1238.028582
592.613981 1203.901821
606.054248 1265.468483
595.263452 1246.433160
603.669701 1294.450613
577.134405 1298.861377
619.349916 1273.503375
605.629607 1276.228982
614.348788 1257.523280
601.285086 1236.708119
619.582778 1215.739483
560.144788 1232.122695
619.510998 1262.654940
597.661474 1290.041430
599.883063 1288.600417
581.959419 1370.398534
641.343532 1294.415590
581.163999 1294.364000
600.868589 1331.333083
622.348741 1332.651569
569.911798 1308.584231
588.226143 1241.656386
594.195582 1363.483696
592.084774 1315.269190
598.986185 1303.525069
625.271612 1324.293628
597.633897 1364.442543
606.760640 1351.386648
583.463951 1350.427554
597.530075 1382.211770
595.346471 1356.414504
572.137233 1359.903738
530.950915 1393.538827
593.524112 1397.742810
617.857990 1352.364466
591.452358 1401.386138
633.224807 1338.411404
596.529497 1411.159128
585.127047 1412.100462
548.572397 1427.416240
629.366817 1360.741138
584.873247 1421.272674
630.202289 1427.550493
621.659366 1423.024130
602.650761 1440.523740
615.886956 1713.308906
604.618610 1731.297131
604.864301 1707.194392
604.137598 1755.489295
567.818600 1733.009945
595.709409 1738.189777
561.638149 1721.604417
564.500202 1685.194514
584.926607 1688.621847
640.640794 1751.392995
572.791216 1753.572238
603.250315 1812.863217
624.259137 1306.157302
581.550394 1444.616069
596.263524 1692.243054
564.958731 701.151970
596.404147 1192.437039
607.315644 1442.918002
573.560283 1775.490267
581.955825 1415.558690
638.363023 1760.670774
583.623342 636.824111
575.367402 1208.372687
598.672541 1459.409864
601.307869 1442.346486
644.900314 1714.191902
592.930754 1771.446183
623.579407 1209.139972
626.806112 1194.954345
652.796247 1179.128886
611.717121 1422.494726
589.260381 1393.188514
627.708702 1472.720665
634.962224 1406.287527
656.125472 1393.243625
566.544790 1496.127139
594.648932 1495.054211
605.516067 1433.929557
594.898765 1730.936295
577.570347 607.330382
657.085487 1798.027320
609.088398 1736.117051
626.966922 1219.240600
632.728020 633.267488
645.520436 1747.983528
615.480276 1709.057507
616.548821 1158.751219
588.012820 651.764231
651.835336 1227.880491
623.250417 620.781032
629.151661 1437.324122
609.143729 1406.852632
617.296416 1467.222194
598.186491 1436.205463
580.542744 1159.441692
606.795017 707.748251
638.169063 1367.042654
638.656410 1473.009958
624.516515 1438.361574
637.328107 1168.080034
607.821427 591.127614
615.937652 1394.654366
652.846757 1267.043299
640.956534 1352.758322
646.273101 1300.270770
633.782404 1280.451753
576.280327 1286.835648
608.939098 1288.632834
629.596627 1320.142842
621.267201 1310.339726
624.622289 1346.341655
648.022390 1395.417596
649.833435 1295.689194
643.604917 1257.907630
641.488260 1414.063936
607.094312 1410.950786
639.497459 1389.152786
640.148727 1383.368145
603.769496 1394.637095
610.403275 1425.291012
649.247447 1413.820443
639.023778 1446.803573
659.114606 1460.562835
655.134212 1435.669316
663.180393 1490.330202
611.642026 1457.262876
632.308312 1471.404855
651.093587 1469.724905
599.688268 1454.214942
642.024544 1424.083098
676.866726 621.726080
606.380061 1129.315831
656.785224 1339.477632
646.870104 1465.305075
650.243413 1282.744240
595.565417 1364.139527
593.268249 646.010105
670.442754 1251.838433
685.334935 1218.865679
636.976673 1235.173632
638.550505 1186.599555
645.366420 1182.518189
644.693102 1214.714064
628.746779 1189.095743
614.889936 1181.211644
618.997290 1220.612709
660.704808 1228.868883
637.503083 1233.847321
620.323803 1267.887865
634.318039 1211.071996
615.112345 1298.038553
651.209389 1261.490594
665.663205 1233.767025
633.907451 1242.774919
615.787392 1277.967492
655.866892 1280.646301
653.936956 1274.083061
621.070016 1219.495441
648.502849 1250.108701
658.569591 1268.264869
645.984609 1356.993135
637.947741 1365.336488
631.652573 1330.679364
602.238226 1296.433714
653.769492 1382.874833
649.583919 1304.935897
620.820934 1402.080154
627.035435 1370.897659
660.142531 1318.835863
600.200134 1343.554172
665.914383 1335.090287
625.710017 1442.912003
619.681480 1491.711600
651.910684 1493.678208
639.851029 1457.749340
633.092303 1468.413175
625.812600 1465.966091
638.536523 1469.822380
627.913701 1527.733525
618.605268 1481.250982
654.638320 1483.697083
617.530543 1588.900068
618.913820 689.008893
664.234231 1560.161316
647.233994 1462.475178
641.110248 1537.869992
593.877604 1547.265900
626.841853 1607.874805
635.160632 1613.028603
657.908608 1561.561980
640.200507 1582.539795
624.619268 1582.036754
647.999603 1624.335725
617.716515 1530.580900
628.023713 1580.468615
657.297462 1598.145252
646.269620 1569.100701
668.595717 1616.584979
672.855312 1571.933255
651.590282 1659.611952
652.906108 1573.187886
651.417619 1604.257585
611.690353 1633.725029
583.394168 1650.749637
600.616915 1609.877851
651.783956 1610.042060
670.024726 1582.717197
670.515385 1620.990576
640.238234 1562.465776
675.126321 1646.586260
632.172121 1651.173452
656.067883 1642.766286
621.861778 1725.579474
650.475735 1659.114263
638.825931 1572.989412
641.393564 1608.186655
637.026761 1572.243586
661.933732 1689.340166
649.948240 1519.590616
653.426712 668.266427
667.572337 1538.545548
631.473882 1664.072603
638.468562 1675.087106
680.473804 596.447941
645.645738 626.080179
617.724913 1670.044046
642.824134 1692.108806
617.104765 1694.071195
664.845303 1731.338729
674.555568 1742.145883
641.218318 1698.499659
638.760679 1703.355641
676.191105 1752.539412
614.149098 1747.741401
610.280361 1698.441849
627.858848 1718.027541
659.982163 1718.973870
644.695822 1747.625925
673.286805 1809.003422
681.488577 1683.448193
649.285179 1727.314509
663.907041 1762.781276
630.249216 1750.722577
671.465544 641.983641
633.642354 1746.226786
654.766791 1782.773458
687.145054 558.094972
652.498037 1707.497597
681.173054 623.059995
674.546682 1722.646785
672.620561 564.733043
669.027694 1769.458837
681.237832 1736.261053
695.521476 1765.282923
659.427813 1777.755982
669.783497 613.555906
673.301303 1716.231435
651.383554 1806.601535
694.691736 1779.961779
702.497467 577.686167
680.437367 1801.344748
666.166522 675.026428
694.886886 1479.863485
631.068213 1517.852968
671.605580 1506.077846
661.534552 1515.032924
649.663602 1488.333862
709.994644 1482.697599
703.812263 1514.705080
671.640534 1469.722028
716.094507 1527.251314
661.168567 1563.267251
648.318728 1486.682890
708.983427 1532.545781
679.226621 1537.569609
660.235908 1605.162664
675.389879 1572.848939
705.534146 1560.510339
648.099821 1565.944062
668.523356 1573.774994
684.398376 1578.727891
701.786541 1540.145756
701.939277 1506.313090
666.242150 1767.360336
696.924648 588.063491
688.961173 1541.331472
711.678658 1608.400366
666.792351 1380.561540
643.426627 1398.692122
688.001126 1407.871314
679.960406 1390.566374
662.595480 1400.776490
694.550201 1351.372201
657.018025 1424.834629
709.672388 1354.517680
664.921039 1438.208173
685.748206 1397.120114
665.797937 1437.096761
700.109127 1402.516321
674.946960 1303.980754
722.006394 1346.777728
672.473753 1449.047729
677.848028 1408.343849
700.328196 1404.321953
685.308565 1420.719496
676.834019 1472.213734
678.760305 1531.051117
683.973592 1582.354421
709.968125 1584.553671
671.449253 1628.290233
660.392905 1610.895920
706.569528 1582.554927
650.727305 1545.788785
686.269151 1579.609553
665.187755 1625.567082
668.695984 1606.535954
654.564664 1654.690532
671.347524 1604.011590
700.806498 1560.799172
665.306002 1612.910106
688.662467 1638.498228
711.492109 1650.965737
698.709283 1614.425769
695.190851 1650.723434
676.443121 1622.462626
692.535897 1620.160240
691.518632 1678.862862
701.773467 1811.109869
697.590244 1443.044882
687.862319 1680.935164
703.817395 615.831146
675.833692 1347.045976
678.776219 1512.846846
680.195127 1786.894843
723.470352 1428.421122
668.367111 1691.241051
687.835622 1667.602570
692.556898 582.952852
676.181473 1305.893669
671.967453 1283.474780
706.499093 1330.425004
699.827801 1421.570041
712.733916 1526.445092
710.220784 1668.513706
670.967909 1804.141285
698.180139 1676.995285
696.045188 1723.212434
683.445870 615.745643
688.722729 1343.567247
674.487181 1317.016656
689.171423 1292.113729
720.907134 1283.480063
706.249411 1263.241193
675.334681 1316.199528
712.198411 1216.500813
715.493457 1299.257769
695.279433 1333.471337
736.942899 1365.505256
653.697310 1380.831996
704.903045 1445.720354
706.643705 1442.782667
716.142526 1471.818949
685.360265 1469.360271
689.047990 1419.619152
702.333868 1459.826840
719.428044 1613.807879
686.656382 1649.937476
722.049480 1376.837594
657.678605 1707.095852
697.703187 1789.109819
713.068087 624.529432
679.223188 1313.190857
707.058380 1256.032486
683.765083 1247.234597
711.883475 1277.153563
695.192999 1298.365652
701.800366 1304.322695
682.111194 1272.914855
726.868655 1244.271988
692.005590 1254.353266
702.711731 1278.009197
683.695660 1690.106879
689.344259 1746.921908
685.833058 1684.481107
694.141500 1696.986767
690.475569 1744.386467
715.612749 1794.693965
729.794916 1767.506103
692.229350 1773.018190
682.423943 1711.052450
683.984723 583.729271
683.337829 1218.463441
715.841994 1693.837933
727.909029 1732.712916
738.769831 1215.690267
697.066420 1312.800583
690.546548 1220.271666
668.255511 1819.216847
719.574014 1713.355360
718.941475 1702.103009
695.625553 1718.193503
728.195530 1770.725754
648.881283 1791.142986
735.545475 561.445141
716.209623 1218.829241
690.360249 1734.047567
677.716104 1800.987979
716.024342 542.182183
700.393357 1233.672675
683.713180 1698.210709
726.394520 1780.078426
689.660164 553.984159
715.161922 851.736648
712.523000 798.058977
732.688365 900.172001
733.358013 821.052214
732.583619 882.093000
703.964746 812.566357
680.443338 920.931898
697.308532 832.953695
742.518807 1203.316168
666.741306 1153.356561
734.633973 1203.338976
721.731369 1265.187993
692.213768 1242.487465
678.190497 845.681507
731.132325 1206.488839
705.048214 1750.193137
726.435939 1830.277822
697.840461 573.439018
724.387372 805.229339
768.000164 1149.573809
708.065421 1808.206547
704.757467 859.190560
700.788474 898.590005
725.129322 925.482844
721.204149 1168.192316
690.265732 1169.451183
706.353189 1132.686953
717.286074 1832.210317
717.109625 1845.290509
713.652400 1161.797196
688.161646 528.250266
699.704833 899.029077
714.258351 1173.644723
712.762302 790.645423
695.282909 829.696665
704.986418 901.918450
744.048240 1171.951207
727.691265 1201.743169
720.427124 1190.502906
716.946243 569.145836
714.162785 924.790791
699.637441 877.145305
749.157228 844.094871
717.796417 1126.942527
737.254537 857.150978
680.544149 576.934166
724.025142 904.283832
725.751838 748.769538
730.957844 1165.833348
757.454927 838.455624
692.723701 601.997496
749.081851 802.832506
751.256872 924.169142
711.549243 1100.367943
754.055467 1127.179321
741.309301 1149.540782
733.900686 1131.486272
748.907743 1127.259223
729.799695 1204.469730
696.816924 1131.238376
725.554771 1106.618947
665.045710 1092.830022
698.566891 1157.380065
695.817550 937.377563
737.374870 576.366212
711.802959 817.911410
750.734559 1169.726928
736.551068 929.640437
741.252950 900.027327
740.131128 909.593152
708.455440 926.386381
749.787184 949.045696
696.398647 996.789092
741.902582 1032.223622
762.301556 1063.086249
712.182750 1093.091274
729.873842 1105.973234
740.171007 1058.046166
732.253704 1070.517065
692.344992 1098.789580
739.438106 1126.435361
786.386583 1132.798120
735.734348 539.546511
727.707046 851.266472
723.775743 553.635525
749.784629 911.666290
767.897744 1081.241355
715.991770 789.931245
767.850947 922.355965
721.007171 557.723963
746.397498 1071.151197
750.123950 494.342675
768.048606 824.464016
765.823204 998.412457
795.592813 951.528870
756.014647 962.180371
688.160832 994.405560
743.469850 1075.926824
733.923668 1059.238419
729.388339 1066.422804
734.911378 554.728666
741.232626 572.437725
776.748065 909.202757
726.799573 596.440351
751.765610 828.401508
778.590328 1039.856409
720.665098 946.411501
725.243743 908.544005
742.478653 945.836868
761.535102 999.959349
760.902862 1043.374356
767.308890 1088.341761
752.080144 963.986488
717.703295 1043.901434
772.196617 536.134452
760.309997 826.245273
737.148431 904.989145
740.641020 1086.757592
730.103320 536.356097
717.785686 824.434340
769.220258 755.085246
753.308471 955.732995
759.350624 1026.559518
770.161676 997.700410
743.276702 486.741469
746.385520 758.090290
787.732028 808.102000
791.662767 774.292673
745.648358 994.975634
733.984726 997.588511
765.180425 1037.040350
756.861982 945.297591
745.359216 998.498813
761.204945 1017.139469
764.021782 978.092239
757.640501 1009.455204
758.138876 1004.724222
720.988996 996.188093
793.770437 796.343796
824.984713 479.165848
752.696618 814.256447
807.509677 606.816784
798.297639 811.355012
787.596512 528.586195
743.528975 526.132223
783.805384 748.557492
768.371639 759.513870
793.180198 540.945188
782.297479 735.691655
797.839771 574.070613
805.809419 742.864400
790.558368 495.746190
778.598221 563.838589
814.251731 708.709978
759.999401 773.603757
788.309839 550.247106
828.407600 781.870841
806.780396 499.104450
788.542401 698.342282
801.823263 759.799663
792.081407 422.610926
804.329635 518.644046
812.419884 750.956797
816.056110 670.317276
801.623168 591.366343
781.092142 692.173903
833.750404 455.346388
861.513923 672.744053
850.468584 536.408695
798.424892 480.150453
798.685172 756.790742
843.245431 457.974389
855.399558 704.875825
846.869641 466.799923
849.097816 725.968659
750.340932 461.751074
822.363644 733.099647
855.473434 476.669919
834.760406 742.819429
839.504376 696.622518
841.347787 476.697377
815.934032 695.620699
833.066164 486.220284
844.137738 669.207508
868.323756 464.247935
797.064530 429.286154
839.728193 676.905025
840.914360 514.812843
859.842922 693.465353
873.503678 432.534507
823.359669 425.282635
861.515265 635.999549
853.327555 632.386537
851.357347 701.864852
871.388729 429.711581
879.995999 630.029780
856.852586 435.289935
848.164327 730.814315
875.822019 495.731303
883.129710 682.222550
905.275611 449.474159
838.567589 626.128267
908.530637 392.761071
861.621791 610.531197
898.637857 640.677790
861.282775 433.897192
858.335841 633.914212
866.650912 419.845424
891.128444 628.415536
869.845274 370.564946
873.073244 432.063196
908.184213 352.576702
885.067898 621.360852
877.023298 418.107338
898.558777 573.800391
883.484164 580.792292
908.062783 696.107007
929.677169 407.738858
856.901382 432.142719
861.835498 573.146157
919.904383 591.810074
896.805518 375.444448
922.374422 367.505101
857.115051 353.684208
861.238191 606.426326
898.100462 384.350891
909.738256 622.647666
853.912008 620.265443
897.864546 362.711145
875.537764 653.651861
917.909502 346.319390
930.442885 586.967338
944.745103 562.778082
895.058629 623.254967
907.848476 587.946744
892.119843 312.767441
900.108525 285.641556
922.120122 569.911990
911.066133 334.556598
935.540579 525.316503
951.965546 295.359810
941.274754 262.392815
936.972909 296.176653
882.563716 240.601959
946.451978 250.600895
934.138506 396.801592
935.598196 548.062666
913.738658 215.659973
909.874731 252.828817
952.128717 275.562258
947.280342 418.700905
934.366773 538.163350
949.096045 556.817996
944.818763 244.964995
943.383491 308.679789
967.144811 356.141089
905.130232 309.486036
923.880043 320.378551
917.230089 190.185034
951.005004 548.594637
919.969866 269.516272
934.393953 264.472101
942.225695 235.241203
945.118010 497.385917
915.835414 256.695897
916.666180 211.863721
908.851873 316.041959
943.204455 523.629907
947.457494 295.452397
950.204819 214.614328
923.163052 356.512882
945.001809 528.410049
898.842699 577.668786
910.665346 561.357171
923.245232 250.537593
936.336124 301.738209
985.428608 455.399526
972.091255 248.469638
937.156309 234.036173
914.068603 267.878590
955.483418 333.084567
947.612966 571.843195
916.452678 247.417271
942.255021 318.957985
973.532186 356.985560
959.434243 313.477093
960.122889 273.342729
986.524342 444.249421
974.591474 272.065509
989.216906 288.519116
942.178481 524.360290
973.804900 281.284637
940.947433 252.645574
987.356224 471.582064
947.394724 338.515965
929.067106 431.183007
958.550658 494.395198
968.915163 499.014851
961.069567 514.090452
951.217580 267.741961
980.532003 439.128664
977.921061 225.235840
970.252184 508.270614
1005.618677 273.093024
970.072324 469.121616
986.605771 311.475655
976.485894 492.547403
979.449645 470.139791
981.921239 392.474275
968.214913 223.578864
971.651889 482.088660
957.945332 226.081851
988.394625 389.620947
990.441401 241.828510
957.114989 408.580868
1017.719359 221.888366
984.371919 437.544210
1010.840847 402.929089
1011.346410 455.001214
1026.183155 234.632635
1002.570794 448.127518
1046.832461 232.321201
1007.140234 383.370229
971.074822 431.619366
1006.439823 279.122566
1027.699940 419.312109
991.861565 401.491236
1024.096861 279.396869
988.841011 378.370551
991.342398 224.728700
1026.610779 420.321873
1002.762730 205.762424
1008.940714 450.985337
1065.603188 223.966690
1045.837424 250.408132
1022.356648 441.922036
982.414165 259.646237
1066.014672 407.410550
1042.431926 265.138596
1072.126427 397.676656
1054.591510 214.749526
1008.475350 441.970553
1040.232549 227.996462
1006.170165 458.760900
995.138625 242.010710
1018.733795 416.278174
1056.649287 187.137010
1061.333595 246.131847
1051.347427 252.632000
1022.414553 188.866089
1014.356878 228.761297
1047.152362 437.076183
1061.803549 146.628915
1058.155704 242.172785
1021.482628 245.202447
1037.327946 227.105972
1059.464739 391.826879
1035.625573 170.955822
1055.252236 298.821455
1047.585608 402.858591
1038.337562 209.804695
1066.134153 204.883949
1050.214545 385.257298
1088.489302 191.798734
1043.643162 338.669418
1050.550742 229.892249
1033.379037 427.985182
1018.136517 175.585230
1066.048254 415.364326
1034.061373 199.898853
1081.425617 436.162943
1069.489194 210.926083
1078.140828 438.889234
1077.322496 237.322409
1091.186560 515.732897
1056.639983 184.041481
1075.730193 432.577099
1064.537242 226.020915
1076.136141 452.692092
1084.875574 248.339654
1054.062247 471.512351
1104.234250 227.948808
1063.288087 415.218604
1081.451080 237.697693
1087.522459 482.572045
1096.176792 203.718902
1090.092603 448.086745
1112.207096 208.907553
1120.313830 263.318334
1116.432003 223.787124
1120.841865 247.835074
1113.260037 177.767687
1105.762367 269.540219
1082.086835 223.522302
1116.873283 278.730140
1128.763881 294.053070
1102.115184 425.057863
1097.547568 219.367790
1070.021756 256.770379
1131.379703 292.373094
1146.550099 431.711412
1071.406961 253.197046
1142.061437 226.376085
1141.347048 330.413739
1147.490218 443.494956
1085.910710 211.047918
1139.596903 219.267417
1109.296858 223.899256
1090.056431 272.509334
1089.875089 435.847452
1120.281448 225.710782
1128.498146 320.308983
1138.755223 501.346962
1127.903073 250.698966
1101.325835 294.061814
1119.546043 310.319996
1153.084570 443.663321
1123.839025 340.064599
1133.583967 455.240207
1131.791443 281.527795
1075.865899 452.459749
1132.066493 439.066831
1130.982931 258.908513
1091.703602 386.041071
1178.677490 368.384015
1194.244676 319.634113
1159.514272 322.005582
1128.889880 429.694693
1162.983352 399.416353
1107.410976 437.643348
1086.582780 252.035764
1131.929842 476.008276
1130.314617 313.733764
1167.418729 391.643562
1127.866250 490.682509
1136.754339 358.228215
1124.305551 345.615034
1158.284141 342.661401
1127.786261 432.908570
1140.846681 361.671352
1165.501938 337.908574
1155.048237 477.211131
1135.740051 301.155363
1129.838325 500.710897
1124.273315 419.185038
1159.917432 372.098187
1129.623653 418.917635
1140.344715 370.187118
1127.687413 525.384616
1174.276751 326.649519
1156.334279 410.664087
1167.546645 403.821925
1148.776128 385.207991
1155.075442 450.453564
1139.748499 401.581877
1141.837394 509.865107
1167.743980 391.115844
1149.179526 405.595290
1169.728507 463.354456
1213.156784 351.675693
1176.087351 433.948944
1222.494446 456.891214
1178.669301 366.927205
1212.897773 485.018568
1148.184043 433.792473
1145.318203 501.446899
1189.656074 496.788523
1190.315253 557.960443
1202.642664 497.598722
1192.657555 495.956759
1210.205234 409.553626
1174.774204 482.918055
1204.701626 458.007011
1166.699566 448.458953
1202.352035 438.950133
1169.807426 547.690226
1168.065592 441.909159
1149.149637 491.952372
1214.497560 463.863730
1163.669045 479.059610
1222.634805 463.066971
1199.836743 450.056063
1210.726551 479.021654
1192.183681 473.298024
1200.751114 460.131703
1216.709638 453.756437
1221.960024 446.497783
1199.191566 500.072756
