51 181
54 185
56 189
56 193
57 180
60 195
61 166
61 170
61 174
61 251
61 255
61 259
61 263
61 267
61 271
61 275
61 279
61 283
61 287
61 291
61 295
61 299
61 303
64 198
65 162
65 247
65 305
66 241
67 309
68 198
69 159
70 241
71 312
72 198
73 156
74 241
75 313
76 198
77 155
78 241
79 313
80 198
81 151
82 241
83 313
84 198
85 147
86 241
87 313
88 199
89 144
90 237
91 313
92 198
93 141
94 236
95 313
96 198
97 140
98 235
99 313
100 198
101 136
101 231
103 313
104 198
105 136
105 231
107 313
108 198
109 136
109 229
111 313
112 198
113 136
113 226
115 313
116 199
117 136
117 226
119 313
120 198
121 136
121 226
123 313
124 199
125 136
125 222
126 203
126 207
126 211
126 215
127 313
129 136
131 313
133 136
135 313
137 136
139 313
141 136
143 313
145 136
147 313
149 136
151 313
153 135
155 313
156 131
159 313
160 131
163 313
164 131
167 313
168 131
170 309
172 131
174 308
176 131
178 307
180 131
182 303
184 131
186 303
188 131
190 303
192 131
194 303
196 131
198 303
201 126
202 303
205 126
206 303
209 126
210 303
213 126
214 303
217 126
218 303
221 126
222 303
225 126
226 303
229 126
230 303
233 125
234 303
236 121
238 302
240 121
242 298
244 121
246 298
248 121
250 298
252 121
254 298
256 121
258 298
260 121
262 298
264 121
266 298
268 120
270 298
271 106
271 110
271 114
274 298
275 102
276 96
278 298
280 92
282 298
284 89
286 81
286 298
290 77
290 298
291 71
294 298
295 67
296 61
298 298
300 61
302 298
304 61
306 298
308 61
310 300
312 61
314 303
316 61
318 303
320 61
322 303
324 61
325 307
328 60
329 308
331 56
333 309
335 56
336 313
339 56
340 313
343 56
344 313
347 56
348 312
351 56
352 308
355 56
356 308
358 302
359 56
362 298
363 56
366 298
367 56
370 294
371 56
374 293
375 56
378 293
379 56
382 293
383 56
386 293
387 56
390 293
391 56
394 294
395 56
396 298
399 56
400 298
403 55
404 295
406 51
408 292
410 51
412 288
413 277
413 281
414 51
417 273
418 51
421 273
422 51
425 55
425 273
429 57
429 273
432 61
433 65
433 69
433 73
433 77
433 81
433 85
433 89
433 93
433 97
433 101
433 105
433 109
433 273
434 113
437 273
438 116
441 273
442 116
445 120
445 273
449 121
449 273
453 121
453 273
455 125
457 273
458 129
459 133
460 277
461 281
463 136
463 140
463 144
464 148
464 285
466 289
466 293
466 297
468 151
470 300
471 304
471 308
472 151
475 155
475 308
479 157
479 309
481 313
482 161
485 313
486 161
489 313
490 161
493 313
494 161
497 313
498 161
500 165
501 313
504 167
505 313
507 171
508 175
509 179
509 310
513 181
513 252
513 256
513 260
513 264
513 268
513 272
513 276
513 280
513 284
513 288
513 292
513 307
517 181
517 248
517 295
517 303
521 181
521 248
525 181
525 248
529 182
529 249
532 186
533 190
533 194
533 247
534 198
537 243
538 201
540 205
540 239
544 207
544 238
547 211
548 232
548 236
550 215
552 228
553 219
553 223
