59.307705 879.446318
51.118831 906.621451
72.566036 891.711324
44.861142 861.994389
88.062296 875.217893
44.200099 853.860621
57.172918 904.980139
79.630635 873.373640
97.418049 845.281894
65.242257 873.587708
61.107484 923.661346
50.065922 863.270188
49.750241 880.003033
50.579613 847.554529
102.353557 916.702183
98.094835 857.651672
89.840181 889.817570
98.780865 918.271691
64.209695 887.675771
39.713395 850.493769
72.994626 927.696521
83.590271 864.246781
114.407025 926.106248
93.078941 837.641861
105.422368 935.941394
82.581070 871.200720
113.528677 948.711249
101.585400 851.569221
109.443920 967.231881
71.627560 932.705998
87.509329 870.196151
84.035574 968.403404
117.392103 871.741547
102.142807 952.592387
90.692949 880.468598
126.727237 978.288398
119.461204 858.828978
138.136209 922.699325
121.836876 969.305899
122.060269 867.835017
135.918035 940.194774
115.317022 865.792225
120.398282 935.412046
136.345815 863.385706
158.382451 990.406799
129.548130 827.069729
157.464684 989.451581
144.897453 844.628890
137.892522 973.388139
142.137904 975.031449
129.853857 837.581955
134.729919 1022.746665
80.442080 859.824388
197.160511 976.987425
143.044620 980.166083
119.360229 1020.434290
151.222706 873.848711
179.631283 987.986144
148.760281 886.736164
133.073244 993.277916
172.569968 896.419674
144.045325 1033.366501
137.120534 888.085922
174.469119 1021.376611
192.399238 1016.023850
97.568608 865.678971
136.276310 840.498710
144.747248 1014.558553
161.111212 1037.057657
143.400638 1041.584837
149.136562 840.586767
178.109496 1050.356427
182.672511 832.712174
152.811326 1031.444802
177.208490 863.340240
152.690910 1022.434130
122.591011 843.769313
176.968217 1035.248785
177.429096 840.926898
174.178871 1033.228065
179.230413 1064.869920
178.321224 888.705400
193.987381 1064.761718
162.631551 835.870108
204.021749 1048.558411
197.354130 1040.934220
174.104646 879.527722
178.454675 1054.900150
181.674687 825.166228
220.460647 1084.976600
248.203031 1065.549444
194.643714 871.212216
208.027474 1057.411564
211.579573 1077.454246
216.970942 823.512940
217.376420 1088.632083
257.000058 897.084770
263.210775 1101.169376
233.259538 1058.648144
236.818022 1082.080625
207.834619 849.152204
250.191162 1100.762986
255.849904 835.084403
210.042264 1095.317035
212.334914 830.350056
261.579307 1095.494789
209.177874 858.559409
217.066580 1101.243387
211.599911 1081.509926
248.281481 1103.541499
206.203589 850.684972
255.785198 1075.701480
255.919528 825.864645
257.632982 1124.011762
200.461816 830.317716
219.090180 1098.460106
262.411973 1124.249452
257.432079 818.640673
228.598823 1131.562545
244.952434 1146.534400
271.868261 845.211255
261.002450 1102.502540
240.887655 772.632697
259.486407 1158.107442
236.912028 801.958105
231.402003 1095.040661
235.122505 824.302697
287.527359 1150.073056
294.590474 826.530496
248.828019 1131.672754
239.257583 1166.670541
275.480378 814.923429
258.287234 1125.027223
255.946084 811.516818
268.288000 1169.890618
287.288458 795.894786
286.770453 1166.497801
275.210264 840.404908
273.592209 1189.258332
270.495440 808.229578
277.490041 1156.057430
310.284920 820.157205
335.218584 792.655990
241.909141 1173.859876
308.943780 1086.333838
307.828845 1083.561522
258.612859 1079.543753
266.329670 1113.109773
306.376304 1052.808185
315.837734 1095.290319
284.167123 1093.885799
257.773378 1098.164292
301.015541 1093.002967
307.535846 1105.921386
286.952794 1086.430089
311.843612 1136.630198
320.047045 1094.040344
271.290592 1097.447317
284.165014 1142.322257
306.949515 1121.655250
316.208114 839.952481
274.641434 1051.115186
274.899786 1069.776256
292.068729 814.316492
297.773256 1111.338837
321.395350 805.009447
281.222888 1018.256014
297.805515 1051.244085
323.984886 1075.570342
293.347845 783.915064
316.362781 1029.599636
307.645769 1019.925182
337.677691 833.175623
303.376036 1014.706853
329.119230 1020.695604
317.205470 793.021769
318.254302 1029.494025
309.335654 1025.830297
293.168615 820.356216
320.422765 975.093373
315.185499 762.363691
307.445925 1001.983978
344.971285 998.332882
280.668947 780.221442
365.191764 1000.626662
309.477220 767.055732
325.596923 981.173554
348.899386 794.218369
346.348220 991.321294
296.326219 985.432025
324.521824 799.305572
364.730334 392.531005
343.689152 367.045825
325.548852 399.305188
346.805232 417.748347
326.095840 415.257492
317.399860 408.698640
366.671215 433.337675
344.398466 417.552037
347.647549 468.155852
345.870667 402.136094
312.032638 452.498349
366.687179 428.223089
347.147841 406.938201
371.443049 420.238511
355.429617 966.508435
360.782864 785.863198
342.582014 384.307963
340.075025 427.934355
331.566930 414.283208
317.758800 428.159001
343.831860 979.409540
307.814783 470.687752
322.292686 436.749985
349.515514 401.244064
349.464208 779.847170
323.723978 364.476240
349.561096 978.745957
331.276163 456.513197
344.904306 815.288656
352.819960 352.599840
391.601069 347.227282
348.737267 368.421207
358.583132 330.611762
320.646973 369.012128
351.172561 349.452296
395.101138 388.506471
354.654502 354.472307
334.145984 368.653468
349.552610 475.671957
359.960954 491.780780
316.104097 476.216272
338.808114 476.934484
380.289472 491.150059
364.694843 461.268933
363.316573 519.777333
341.095954 494.575402
359.889773 991.472925
375.694914 1017.953690
403.484575 758.114307
361.627023 371.837540
374.559321 472.494674
334.489778 493.226492
347.061017 512.201508
368.984812 799.043451
362.191112 983.645449
368.457137 359.371006
343.402671 476.343577
369.558514 916.098777
411.043507 280.662587
382.382412 302.849847
373.357396 294.197470
373.999280 339.062554
382.836039 340.734925
348.845530 477.359335
405.058355 523.924048
383.639627 494.588938
368.747680 485.603681
347.218711 774.671408
392.290225 527.286063
374.053389 952.491619
334.952561 298.399853
394.696862 778.681416
364.430892 518.773173
399.282487 552.478500
315.878624 927.917078
365.512343 316.463633
377.152142 737.593087
359.634850 559.091819
394.402205 275.185051
364.179742 286.461706
376.038630 334.649355
362.439279 568.446197
355.747753 550.586918
384.532384 502.951678
396.989973 732.338269
375.643004 918.856515
399.378771 273.124388
387.228789 552.815276
360.936058 756.792645
381.915096 925.342235
356.520694 551.800765
361.542865 308.494404
418.368745 736.344642
333.435170 950.076719
387.964933 241.153570
374.456622 518.908428
392.680892 712.654379
395.089168 924.931505
406.754466 273.480223
423.062317 550.410262
447.261989 244.025300
392.951412 581.684797
379.006381 572.756180
379.633907 618.168991
376.219750 750.561282
375.921006 928.523079
403.353417 303.533933
407.602696 607.316938
387.153304 742.302180
363.114096 946.930797
406.277791 553.742630
410.257134 302.695923
410.295585 684.590808
385.313173 942.021286
344.531417 274.946396
403.368162 600.434962
404.692659 580.392558
377.064079 727.878614
393.332918 902.596264
367.769668 246.215226
391.875165 564.183330
369.565659 747.990976
413.552401 950.107833
419.361972 257.077115
405.106648 594.344749
392.389430 726.467907
391.157628 553.321307
373.793381 593.634799
385.533012 226.825281
427.191077 726.906259
396.468880 945.326587
372.282827 594.002155
393.973523 287.416962
388.648776 702.115122
405.048984 885.315877
426.435464 610.290646
425.084928 903.502729
412.423372 239.229701
389.262508 705.172892
394.059255 243.283278
434.941725 620.741453
385.046848 730.876374
394.063942 882.915680
461.744402 278.046863
408.682329 637.932782
438.347773 700.918401
482.148971 897.748400
412.399227 596.863427
410.529590 273.069561
367.292361 689.815589
392.016797 927.945357
419.713911 623.819343
445.368218 642.197941
404.550360 683.383111
441.044003 693.896940
439.498103 732.875147
431.605672 257.347171
453.231520 645.311750
437.282453 917.594577
410.433936 679.574664
437.294789 233.365920
479.392909 635.949907
472.686791 855.608748
434.930584 723.203944
411.474336 251.522849
455.036039 635.060394
434.541522 669.017639
422.812839 884.266409
430.159287 251.598583
431.529162 603.725751
442.263787 669.107635
429.270267 937.739013
445.400739 691.338580
420.266555 192.742807
439.557544 624.059391
454.223678 894.493445
459.548811 642.898358
454.912778 224.546681
465.151400 610.114599
462.976728 896.280531
462.273928 635.838584
469.566851 218.573745
494.597363 640.369891
453.774891 648.131853
461.592753 651.262750
408.377391 637.437363
405.108284 668.471882
449.771316 915.037889
450.118254 233.576309
464.150880 869.460760
444.578797 275.803562
443.432456 869.738781
463.510822 224.593874
453.488299 195.864103
421.122539 833.743773
493.407529 195.156338
452.472834 879.152569
468.402625 220.905169
471.804226 872.935674
514.075920 212.042511
488.464417 865.104022
465.271795 185.836651
495.929627 838.080220
476.207326 214.005311
439.096729 863.350004
447.478637 223.676238
462.017658 887.717687
498.225268 252.017412
483.593469 836.732486
455.981362 187.579152
499.244281 843.750499
482.243770 204.487407
510.694318 834.351324
504.650606 172.681537
506.679496 843.178864
527.923611 222.076911
496.635650 820.176996
492.349727 185.493598
492.974056 872.004145
524.415388 184.713357
524.616511 835.774262
497.006025 189.436176
502.210655 847.900322
533.279433 128.876596
510.264009 814.217985
506.378414 171.360760
525.128404 814.334553
470.753837 187.306040
506.766975 811.748087
537.070323 212.523767
525.468823 823.376553
518.318880 159.851674
527.766072 839.911297
562.556965 173.005798
551.953548 785.679319
551.728301 173.580241
570.860086 850.967475
515.524402 809.165926
528.798847 179.983917
591.170195 798.686444
529.068097 187.587813
562.626064 806.221141
560.396407 215.643701
560.754944 799.984617
556.992149 185.130790
556.123218 800.936792
576.156209 190.691989
561.301381 807.167976
533.203698 145.046316
535.794414 799.402704
609.465152 175.920799
511.295444 781.317701
596.718910 200.686807
554.874814 795.121453
574.340427 164.188358
554.415057 818.203389
604.187451 150.065147
574.392084 794.699924
583.965209 169.112979
560.000451 802.999775
584.828271 183.339731
576.135013 783.375451
579.799841 202.970473
609.948959 815.502973
584.840857 181.129081
639.338816 805.979439
589.079113 856.227639
602.547187 827.656868
586.519005 869.494577
589.574851 873.593148
593.682065 870.555392
577.236976 862.492884
595.390864 186.372564
613.587664 835.771693
602.391126 832.012089
607.540972 869.108236
601.499349 887.352128
641.812668 785.686272
637.754728 757.803727
582.684229 804.762898
621.704796 803.494771
592.881712 832.249733
597.074005 813.253937
619.478565 824.311110
581.798208 830.565746
591.023554 836.152223
569.376277 818.162600
575.863693 871.797628
618.666274 896.469375
597.819298 908.182236
580.860474 873.712672
595.453736 907.307733
574.257827 860.088348
637.352406 909.599156
624.344888 875.671722
598.270712 905.793218
616.390267 922.150250
602.274928 870.041951
576.009283 905.609130
612.618117 924.675269
610.866059 914.650083
605.240569 175.650465
620.932967 935.807889
598.735433 959.984923
634.208925 971.058220
592.799423 145.069000
614.826891 960.500652
625.124873 971.770728
625.869991 934.579214
628.545957 955.485748
629.889701 997.513298
613.677530 181.314325
600.276731 947.889821
632.639019 170.096693
607.441181 992.761826
633.767548 166.627757
599.619199 942.942649
620.516355 961.826152
603.598511 963.936815
589.604240 976.100193
612.758726 186.276967
627.422012 975.081874
645.401673 166.074662
630.291398 186.333769
641.575281 1003.129463
655.795707 185.888769
658.269158 1009.102914
637.839378 992.198705
628.463722 1002.113115
610.929352 189.531444
614.488020 169.103883
644.956420 1010.007526
630.401700 996.584624
641.791482 175.025528
626.674495 174.610769
618.278489 214.114275
663.453068 1024.108932
627.131513 988.128018
664.225424 190.920181
675.260484 983.256103
656.738125 225.231347
655.269175 1017.149228
664.340517 217.131047
619.767682 1013.983057
661.084799 208.911795
640.416397 991.934344
662.150186 178.282749
665.045860 1031.915483
696.975465 1016.710448
654.491091 220.811788
652.639248 1044.152545
647.072207 252.411439
673.909100 229.550594
694.517963 223.623007
685.777098 992.491973
675.694816 1017.809176
690.393280 1031.676878
647.951804 237.215830
680.992838 196.910531
683.531693 1025.256637
692.840117 260.084300
651.497010 214.131838
676.152393 1040.945767
674.587883 214.076410
704.159509 1073.360689
697.619054 218.691309
673.612917 1063.188120
690.866617 244.304462
725.515333 1048.396828
709.649050 230.694761
693.488199 259.274083
741.542647 279.849218
705.276777 267.517363
698.286594 1062.518816
729.258871 1031.250407
721.482261 239.928027
688.082716 287.048732
700.462738 301.877579
716.884018 1051.971178
747.517121 288.816304
714.867042 283.193845
674.579987 274.569894
705.775149 1058.084524
727.023190 247.294224
738.438956 1058.602533
759.218662 288.187385
741.090387 1037.259176
710.207810 1020.806344
711.966021 238.095645
706.043668 1029.638079
731.765806 275.283634
713.135292 1081.165368
696.184027 294.797150
715.692803 1082.454305
766.573066 283.195150
751.258666 1032.773224
704.831314 271.574083
728.215857 1031.860648
726.404231 271.819171
728.358585 1078.935275
756.582866 252.420990
727.590668 243.137637
727.487723 1037.477717
728.838081 1056.366511
757.425999 248.865180
752.699718 274.964104
698.471660 1040.197160
743.387544 258.927662
756.146889 1028.092302
742.851903 190.058552
748.497483 220.628021
785.405607 1062.472115
756.972692 1088.207229
792.445243 249.860443
757.990009 1072.353957
790.593885 219.195864
796.750763 1055.453806
802.945137 237.487183
741.091244 1077.973857
763.140555 228.430029
790.200327 1032.697334
833.084828 218.172832
815.289933 1026.575240
788.094858 227.799345
791.082404 245.865353
814.544244 1022.343949
725.910158 194.606457
816.136986 1060.636935
845.862182 207.162907
812.436473 1062.765752
770.010594 189.821447
798.453325 1037.849907
788.323698 213.704010
820.658972 1023.054158
790.030504 222.833527
807.612616 1015.835911
862.388659 229.820053
831.879405 193.063284
764.482650 1021.229023
845.847979 206.023651
785.274748 1018.096461
823.106984 239.656669
806.770331 1055.202851
802.362688 199.447749
829.728974 1034.622564
838.950299 213.045362
792.984916 1061.821605
866.768781 183.677563
812.911417 1070.771505
803.882451 181.175360
806.993659 1037.879474
857.079849 140.458749
782.787920 1072.863327
857.881954 181.147329
887.038800 1053.237408
865.306177 152.755100
828.629908 1035.369671
847.360893 200.566343
836.116192 1020.746369
824.917935 181.029253
830.138838 1035.215798
857.340741 176.220244
845.873412 1058.169794
878.250664 162.283814
875.863809 1038.776527
863.857134 191.260707
866.429127 1006.197094
893.721101 183.645103
870.487782 1043.711316
848.908572 208.719463
859.809428 1014.997348
884.905585 161.315883
896.694835 1023.522905
847.050544 187.539549
857.381579 1028.590293
919.437217 183.231918
881.981037 1016.707476
904.108749 197.736220
897.487897 995.399721
861.513629 132.275595
891.599264 1038.836800
916.939065 155.747364
900.090073 1020.989085
876.725068 222.229862
886.757281 1021.289919
878.198389 178.172370
874.657937 1000.368366
917.888594 214.690132
925.445167 1054.903455
892.292996 188.823407
931.874256 1032.452037
880.474771 989.925637
888.929241 200.311375
896.574533 994.365140
916.514431 172.206054
910.279872 965.823090
918.257360 157.654540
917.487033 1001.848780
929.871881 186.897132
970.887366 969.230681
913.333282 182.558043
920.337239 987.076539
994.477625 148.955673
954.233972 1023.253004
956.519396 629.184804
943.659190 984.548173
927.852623 150.275335
939.695447 637.995930
925.467148 630.056762
942.553415 633.747937
962.039041 640.479809
940.528071 640.033245
914.854686 981.119538
944.848982 162.760109
916.878125 624.179998
961.062890 640.249506
987.233655 991.853093
972.402061 160.560925
951.987167 597.170836
932.112489 604.460243
942.744391 645.458911
916.562974 975.681653
911.757554 650.108977
963.612137 986.385827
957.415979 181.366877
960.851429 602.181169
962.388392 664.000201
953.097486 987.464552
993.637586 174.058546
937.133583 580.402920
942.184266 661.783186
924.489385 667.803033
969.999437 958.562291
941.891960 922.535703
919.627620 672.669161
947.220856 207.852929
901.737134 638.288814
928.426524 964.768427
938.714825 659.951924
962.243424 160.686361
965.500468 619.022415
981.315872 969.584974
998.407641 688.890962
957.344584 158.288012
965.330736 633.698145
954.344183 673.920481
999.006677 958.254330
975.580710 678.727718
960.872880 195.576795
960.808091 600.629360
990.870485 950.550622
934.692549 682.659740
942.121257 193.763166
989.878410 582.231228
955.229037 948.758837
964.476733 690.418028
971.530111 191.195647
974.060398 700.551115
1011.763741 924.998117
997.536109 952.444669
962.312586 672.514979
997.701342 169.052370
947.541753 606.853345
999.187352 909.829828
989.820046 688.095061
974.322462 218.338742
957.087317 585.941012
992.492652 673.508819
1001.450491 931.871955
966.943485 197.559034
986.588995 155.197655
978.274337 624.714248
978.114202 709.190936
988.719603 915.338218
1000.924727 932.092888
991.184367 925.533523
982.039621 191.737226
1004.679078 715.223536
1001.533534 613.049990
1007.437554 905.059673
934.368182 230.049399
1006.301707 727.433711
1008.177667 238.012554
1002.166781 739.523531
1004.039874 614.976510
989.487313 917.010813
964.187899 707.506020
1003.702674 711.041042
960.345420 748.293867
989.880306 880.995937
955.879291 900.552541
982.101209 909.545948
1015.657573 207.744017
999.307795 627.379236
1016.799207 720.704198
973.525172 884.572874
966.691689 215.928414
1032.357679 872.498017
960.406541 608.242681
991.818082 777.390920
990.031476 167.612670
978.269586 903.871180
1027.748113 594.465261
1039.940397 714.538603
972.124482 715.121915
970.499886 205.738375
1022.680369 717.679496
981.325051 903.538737
1039.701548 587.107064
1018.281407 151.595491
976.559674 726.167464
1027.337022 735.497486
1011.799888 774.689397
998.465514 770.454226
1030.502202 758.448037
1001.198707 732.580701
1009.634486 757.500677
1009.550041 849.473726
1016.246596 837.265645
1028.402896 860.084891
1001.759964 841.357624
959.997477 857.209207
996.336641 877.738430
1042.608515 835.281213
1015.601318 873.323656
1046.954888 855.034232
1030.972642 848.432629
1005.540509 758.004768
1004.981173 199.671448
1004.273925 579.408750
1015.766401 837.962933
1021.256484 751.002742
1043.999410 773.249774
1047.981758 804.701010
1031.042255 774.460844
1017.043560 786.568744
1020.509265 785.738304
1031.510606 857.467056
1007.610021 822.127434
995.025068 224.132221
1032.271489 585.373956
1008.268604 780.173312
1026.155414 835.317418
1006.068414 818.672772
976.153485 830.712905
1005.033605 209.854028
993.785417 603.918542
1038.300254 819.192668
987.199175 821.993585
988.256262 801.621870
1008.449685 213.362490
1014.912936 602.978262
1035.820498 615.344478
1043.892863 219.247174
1012.771720 579.467614
1067.745369 200.574513
1071.097511 613.087573
1046.055524 213.538869
1042.009904 615.538117
1079.898539 190.243925
1041.421553 222.093699
1068.185500 576.258589
1006.033583 246.728660
1060.699992 605.004565
1046.580681 212.054620
1003.502339 584.308644
1032.824578 218.061246
1068.793115 578.636159
1028.544880 223.870239
1055.675966 587.724804
1087.751232 240.266089
1049.764284 580.902820
1096.543064 220.752188
1117.970630 628.897863
1077.048903 229.941856
1070.228313 241.597242
1078.681526 571.314580
1054.539810 236.022041
1081.860465 589.899181
1087.615014 238.199193
1080.743709 250.814461
1096.216553 229.063265
1088.879337 607.179351
1075.119565 282.735845
1091.668839 567.508414
1063.575006 518.670488
1048.589368 232.428590
1096.529255 540.422694
1095.046896 227.672123
1086.538134 561.905705
1086.566697 255.059481
1024.219993 234.335690
1087.954401 528.884062
1113.559374 533.106238
1089.838386 252.812047
1141.653275 521.122619
1106.967144 269.757490
1049.711276 536.687726
1063.902352 260.979148
1122.021306 272.613513
1108.293002 520.139218
1130.264967 293.051136
1159.061178 511.150056
1116.494841 281.565250
1075.018496 481.983292
1117.371341 298.519622
1114.812562 532.926861
1133.023670 311.863476
1113.444425 315.100172
1112.047693 324.959741
1146.004675 282.205315
1144.781418 504.378560
1108.957211 281.438575
1149.233286 518.798019
1133.450256 314.305536
1114.734689 284.688878
1089.163264 525.164678
1129.735614 303.709496
1098.345431 488.450327
1122.902499 276.070323
1171.660009 329.104858
1176.354722 288.674785
1133.117639 502.732786
1134.528719 338.609138
1129.023900 498.793791
1162.458245 297.405921
1146.506302 512.708354
1182.407471 347.714376
1145.160523 327.100911
1108.535878 351.292663
1154.804514 306.012712
1152.148042 331.455363
1153.817913 467.035753
1137.941338 479.210739
1142.504341 325.603667
1140.804542 368.216171
1147.591783 324.183237
1164.265440 339.759782
1150.631525 454.816375
1149.442295 371.943896
1177.801255 468.893616
1138.451879 357.447651
1139.273171 411.149513
1121.075387 347.436047
1161.676000 389.482906
1168.959017 357.031054
1191.705027 386.330624
1137.102784 361.919090
1137.841598 414.348517
1126.728523 411.672451
1124.278765 359.521482
1155.141126 429.211741
1095.059110 394.841961
1152.983235 448.333173
1119.303458 436.855055
1187.697240 445.673461
1106.585375 467.819175
1207.522449 434.188002
1126.693867 452.917406
1175.880451 458.399357
1181.004424 393.438164
1178.152081 436.108348
1155.859532 472.884702
1164.900581 425.941197
1149.583672 410.920224
1168.040817 441.886548
