38.343493 217.902032
54.947329 235.943437
50.422505 228.543147
69.362380 239.251822
53.277976 240.507484
58.898859 251.648583
63.734525 256.399068
43.487497 253.130901
30.497287 256.797716
46.973111 253.361479
52.838283 268.055576
57.830682 271.597560
44.855002 283.587933
28.275582 219.041333
45.733190 278.570111
71.538997 271.936605
52.769504 217.705768
67.999626 286.985921
55.068252 294.445115
55.371283 297.494333
80.129371 285.888599
51.865207 295.915347
51.491277 307.759905
71.771568 315.829911
59.029358 307.202340
81.637043 318.755254
68.431859 321.272853
57.183607 331.091125
40.979518 332.542413
38.418039 331.122888
42.965347 334.051935
34.185671 344.096671
57.294374 218.761292
57.027246 340.930768
65.407035 210.975209
72.111902 209.136937
70.934075 336.808823
53.470845 350.588102
64.311608 364.053964
64.722025 371.622132
75.953731 368.240310
59.156508 199.118410
75.345129 370.108186
96.910079 380.857926
62.726080 377.097857
70.040889 206.320656
71.660996 380.332901
70.422869 382.587198
68.328435 387.927139
72.318821 394.468668
92.391533 392.582449
73.206956 394.745043
69.605614 403.038855
70.975503 202.086117
79.948653 195.146421
97.761658 401.611062
67.072366 203.157564
62.495757 402.615620
95.782164 194.177083
80.923916 413.360101
79.822774 421.314361
96.877975 199.554961
89.406779 415.489680
97.654074 198.757271
93.517363 415.590128
103.772132 205.674989
117.812301 405.893502
113.386264 196.387466
108.397685 411.532536
107.021990 205.222414
106.649453 416.646928
113.612233 200.628400
100.397836 412.588097
112.345560 194.880041
121.232248 417.509283
110.977667 188.612252
121.103795 407.078125
139.095211 193.674566
135.845998 410.357197
115.306549 183.383201
125.960646 397.679167
127.699349 184.159599
146.198983 416.572040
131.107582 186.505806
124.589619 407.806888
146.284349 189.774574
138.449293 406.785616
151.832280 195.050037
144.323310 416.454222
156.079806 191.841370
147.845553 399.089307
160.834835 192.512454
153.146003 401.721278
160.170846 179.818410
158.753076 400.672503
166.032664 189.683667
149.689662 381.734217
172.296920 185.526658
156.212333 384.560580
172.119427 185.266877
187.980145 385.039930
153.220768 191.319808
186.138117 394.431781
166.867017 193.017580
162.852320 392.424014
195.068258 180.964405
176.078092 386.057639
181.269346 194.158951
180.635293 378.205825
182.668990 179.747006
195.246453 385.760769
201.697515 187.307949
185.593695 381.761409
187.295400 176.921097
185.596607 385.489315
211.577698 186.426144
219.273002 384.512945
205.460365 186.328490
206.240713 387.847197
203.595084 182.132700
229.055011 386.914006
221.329212 181.656388
210.834843 388.158479
203.740779 182.445299
215.144070 384.635271
228.042679 180.090051
217.853618 384.131283
239.840012 171.406275
211.512279 374.977524
220.552162 165.859703
219.664193 384.245252
263.536652 172.839737
255.635938 382.881682
240.708980 174.647386
235.111308 376.979943
236.785541 184.900200
231.708874 378.052919
239.889036 175.281495
244.768999 381.833294
239.637778 176.976577
246.094889 378.155819
230.255378 173.762303
251.748151 374.135675
243.037792 174.107428
271.863552 378.121803
261.226692 174.006900
230.482194 166.622546
259.448389 373.481056
280.495379 163.930679
257.856581 152.007256
261.761001 380.716954
283.102395 159.059382
287.905554 368.390524
284.242746 160.840535
248.367989 367.007098
280.621599 148.726560
281.408373 379.542985
272.031972 154.319382
279.417439 374.946171
284.373538 145.150587
292.295936 376.377310
306.916530 148.249638
292.026717 369.982026
286.732642 158.506338
302.916628 368.249349
308.746459 144.990938
307.855835 378.569406
307.109008 142.060158
305.762238 379.242071
293.483596 145.214668
327.762313 377.393265
331.540976 140.358386
298.865347 369.253515
323.301823 137.857650
323.360213 367.731462
321.867558 144.984123
311.885262 364.394348
332.709620 137.478560
323.437844 373.865719
343.102201 142.466687
319.167358 130.670738
345.938874 375.402239
321.802390 146.390413
342.331687 371.228594
348.646162 129.868873
341.923500 369.435229
339.189886 138.803709
337.193434 370.722469
349.356036 133.379279
334.829851 378.974616
327.180468 123.884281
391.312037 374.490887
343.798541 134.716328
366.330975 378.575928
349.668316 123.505173
341.603932 367.553816
345.662631 133.260093
375.250465 375.385674
355.526420 127.403119
357.651036 377.293370
359.483343 132.896558
382.568169 369.915640
391.524544 122.416643
372.647866 372.152443
373.887705 129.701923
370.919483 374.009953
382.331570 379.573651
377.075314 387.133522
380.022212 125.168495
397.684049 391.966733
366.861773 136.118946
366.532087 393.534546
374.794169 390.380587
373.295139 122.513963
392.954690 405.492181
387.922162 414.862963
363.008295 146.893040
401.683621 406.849921
413.278531 126.156108
400.381710 137.276035
388.327763 415.815268
385.261809 409.607936
401.141764 142.786380
374.576440 401.505871
414.604029 144.883626
407.387151 428.912577
406.661534 143.018662
391.280725 414.301264
410.316662 138.847719
416.062496 427.096733
411.712820 140.659319
400.497648 428.682658
430.557627 138.088882
433.538754 429.722051
419.181448 123.912339
395.126281 419.065665
428.934824 85.285131
428.378556 93.661964
432.680846 97.250996
426.265807 94.930973
418.350115 97.805297
436.854567 96.893542
444.008726 105.728717
433.630722 110.584708
419.279466 105.786246
443.784274 126.005447
423.018836 132.863414
434.881075 438.311220
427.311059 81.453393
448.085398 72.314088
431.408279 420.526597
413.068844 72.998460
447.233694 425.300913
442.854219 77.269020
430.149594 429.975217
420.332181 70.355189
445.265446 437.625621
447.645399 69.956604
456.233582 431.529872
453.103394 63.780070
449.149601 422.734211
463.004763 58.426680
459.909571 425.507235
465.886081 56.345716
469.974521 430.011385
460.265052 51.824391
466.547734 417.815844
453.783648 54.337333
460.759390 419.760674
463.105541 50.213280
466.221253 419.561480
492.599554 48.413668
484.868608 413.901672
474.539283 49.153436
483.405126 416.360233
464.851553 419.191921
490.819359 57.327714
470.324234 406.308160
485.548128 413.996447
493.291560 51.457704
471.449260 396.611000
494.265313 45.517823
482.289944 406.237946
503.817115 47.297866
493.451716 400.206677
506.129391 49.000819
489.726593 391.687064
492.420308 388.888926
490.199595 50.386068
509.261861 382.440210
495.946020 61.774967
510.303137 387.071104
506.903660 47.706534
496.863232 385.178296
505.769652 56.287239
540.390251 380.526246
532.890005 57.259824
521.767802 382.809781
525.936809 60.087679
492.055178 374.680673
543.313266 54.408400
528.559504 379.556918
532.691942 51.721247
539.324260 382.817074
517.670134 54.078316
535.704791 380.270588
538.730743 56.689691
547.037242 368.159002
543.954711 58.443749
550.798704 374.375528
550.956996 58.357541
559.894269 377.900337
543.191395 55.569072
559.481574 388.597498
560.621440 64.704248
538.935866 375.886894
558.257253 60.808787
558.998370 375.000521
573.265646 53.771019
543.385771 382.778740
573.745251 53.506221
563.479165 371.745610
566.763761 45.849931
563.649515 377.993811
573.380958 50.414766
590.818331 371.889810
587.071770 54.354889
575.525493 379.294640
575.425638 52.078541
553.343643 382.898747
590.651963 51.265928
580.627217 373.087254
584.700322 58.003093
590.135799 382.176490
585.934876 53.638854
588.622974 375.786527
569.071574 52.637301
610.851061 377.158896
590.670853 64.040064
601.995583 374.213769
599.195503 56.489494
608.973443 375.474908
597.584224 56.808409
612.735772 372.670315
595.689554 58.958499
605.208691 378.744412
627.702736 55.603799
613.527033 374.523224
624.102939 51.337534
616.399068 376.088392
619.118467 62.976450
637.858177 377.417780
614.814831 58.813170
636.430443 382.062658
604.112652 54.977987
623.794679 375.637055
640.194891 47.735743
666.745689 377.503601
650.703504 51.579224
651.484547 376.257283
622.580151 54.808756
652.763462 378.929871
653.440048 58.807484
648.607860 55.484629
625.505954 384.504589
671.315517 62.212843
660.116065 363.306733
651.306004 57.975011
658.791099 60.020436
666.345008 382.762478
651.462704 69.285181
667.572274 75.120329
662.598438 82.247262
661.622697 82.465269
695.840126 98.805562
656.042434 89.822890
669.772965 95.369548
667.167979 101.104445
672.184756 94.001726
663.486173 103.357266
667.332081 118.758289
649.180502 109.810344
678.988183 109.237074
647.605418 372.938076
661.427729 108.906271
694.985614 387.128408
684.150532 140.530180
686.745372 380.119606
679.100488 127.181445
656.265744 380.118548
647.809374 121.501956
676.769703 132.240396
678.113429 369.958802
676.820294 128.236677
676.276251 372.568695
701.329080 373.365552
698.540141 126.568770
694.749519 138.509059
681.495753 383.992031
695.222607 389.592006
672.848324 392.513406
676.836875 404.845578
671.998578 143.037230
681.850548 399.364302
679.568777 135.737200
710.017981 400.062480
688.147759 157.830963
681.662098 400.411812
687.370342 148.617176
694.378858 406.915952
717.272836 139.296382
723.629905 156.236975
694.824808 161.587324
713.106305 405.751769
729.249599 151.556866
713.477999 414.622129
710.956527 150.313796
710.670999 403.663459
710.327376 168.850359
733.598117 397.465731
735.125025 162.098462
732.495650 397.503422
730.075568 159.937267
746.388748 399.662055
743.439599 154.754255
720.943940 398.541152
727.583031 168.989021
727.109852 402.358151
748.073810 166.141128
749.941531 406.123686
726.628655 166.813209
758.772717 408.044628
750.916562 165.777809
750.172015 399.524792
757.638885 169.370898
766.422870 398.741079
743.930660 170.210379
773.953025 401.997386
756.157751 171.726245
774.101144 391.279790
783.892489 158.889335
740.833491 166.957383
791.650559 384.874208
792.884016 172.202930
774.543637 395.859940
768.625635 168.154710
776.681826 371.762534
766.527526 382.078827
764.990105 388.640534
779.622467 397.007033
790.208171 175.665458
782.880353 371.463822
775.588833 360.991055
782.951814 180.604904
802.364446 364.625694
795.502479 362.743338
770.554295 172.534983
783.437409 339.465596
778.820519 175.614225
803.909038 346.606130
776.725862 173.119125
811.460535 352.955582
802.062684 171.391088
797.428591 344.251302
809.739560 166.086214
808.526928 340.411234
802.768698 178.269896
771.482780 344.280533
836.236944 165.999767
814.359301 339.944292
811.982123 179.713646
813.089844 338.106850
833.364109 172.612679
819.117555 338.692005
814.520950 175.256908
819.733633 314.140192
794.562595 166.320237
835.562533 342.113465
830.213739 183.628803
812.359286 314.892935
813.662352 315.113181
846.630643 163.458896
848.579395 312.106681
844.843398 175.829310
820.798625 304.439720
845.709407 302.637125
858.847794 188.012194
851.265770 291.516953
837.658777 190.415938
849.434760 291.590261
828.401294 181.380390
857.053380 274.538451
835.881729 180.750327
850.238428 281.911050
837.514526 183.118415
877.241210 271.305686
862.098964 197.625103
855.293837 205.944558
845.592229 203.987915
843.096837 217.672596
839.237499 221.963308
870.068305 214.413188
837.281324 227.894315
850.672790 233.299666
864.517035 228.160308
841.970593 227.442747
854.134806 248.089055
866.638059 245.701717
849.114536 239.012272
841.066064 248.142253
845.556778 250.105080
849.827439 263.474520
843.580962 258.424893
863.607319 267.641465
