19.106539 773.538843
22.272601 780.383412
24.883568 781.565685
24.220101 782.443696
35.460177 778.649620
27.982077 794.281439
36.088943 776.555454
34.003644 793.092207
40.996871 497.263428
40.864505 494.047394
40.896428 496.007759
38.274912 504.182995
37.680614 504.809967
37.849890 512.229449
40.011819 528.012035
26.406131 520.370355
35.156168 524.950741
37.987984 770.486015
47.749838 791.979965
37.485857 487.231992
34.500042 530.292587
44.736888 479.068935
40.708262 522.324358
43.553433 538.834295
43.774563 799.214054
41.768294 763.610583
39.937251 478.681622
45.979172 541.165939
45.234161 803.106375
51.522165 544.226590
53.553574 770.510341
49.301574 476.953218
48.696382 792.831925
51.040730 551.858293
45.350459 775.814527
52.662836 478.828700
48.400913 800.020556
47.371012 533.561255
54.977648 772.350759
57.226436 550.279077
52.253760 553.530855
53.718672 801.684048
59.929682 470.315653
56.068290 774.164088
65.981340 551.175508
58.202187 808.780359
67.950856 479.655043
54.483127 767.029320
57.924087 548.700863
67.833551 798.966875
70.771094 454.044649
70.231745 562.610108
70.669977 803.663880
68.228269 768.579144
69.948463 473.213139
68.186981 555.823314
68.468406 805.804119
75.279306 771.989501
70.699533 461.401300
77.871731 564.146161
70.753615 806.180081
70.054945 768.438075
75.661431 461.302102
82.212050 565.915729
66.750763 806.992404
76.665235 768.021384
79.060248 464.048246
85.088406 569.171829
82.162117 804.337066
78.096917 774.605512
80.155363 454.276918
90.618144 577.196411
87.957875 810.456343
84.074378 769.538782
99.876939 466.224908
87.511857 569.574402
79.715838 809.938205
92.512165 774.626097
88.076679 813.541653
90.935926 477.756907
95.729117 575.182212
102.918793 764.604901
90.334243 809.171363
96.958094 582.966442
97.950000 465.530509
94.086739 772.453650
95.968614 821.709230
96.979895 481.042935
101.433324 583.118334
104.348902 822.537736
107.122202 768.861490
100.193347 474.660630
103.094228 589.045822
107.678153 817.839108
110.054756 769.286062
111.731968 478.767957
110.394926 590.701089
107.465663 824.588851
112.270129 477.918672
116.807739 579.855866
114.167715 767.868488
114.349222 821.868755
111.489873 477.927347
106.368059 583.367603
119.771528 782.803111
105.390194 824.064400
113.356614 484.142940
120.798579 595.396459
115.308526 766.495308
119.993652 821.728724
126.115313 489.405600
123.272756 583.169716
121.466173 758.006292
121.038460 825.411937
124.606039 486.636727
127.590168 597.178656
122.065370 832.858186
125.745799 772.858607
136.465193 492.579508
134.875950 493.752518
139.558360 585.238077
124.310169 837.512966
132.276058 769.252743
139.380408 495.335032
135.358654 596.457659
125.530030 842.092216
135.398039 763.932203
136.277549 599.830514
144.226132 493.408363
139.878688 834.023800
145.550650 768.438388
143.418514 495.722445
143.368405 597.685801
141.567774 836.679949
140.017281 760.346932
140.215973 501.986897
141.563590 595.749547
142.727455 839.218471
152.660370 602.153056
139.771616 776.696072
149.756562 496.039137
151.957401 837.267987
147.981524 504.112861
152.860802 598.242718
147.049709 769.575271
152.851555 833.022404
150.587266 504.052453
152.420903 606.011669
155.597069 771.084587
159.336069 614.207156
154.256406 514.103771
165.620980 837.517164
157.834349 772.143503
160.281513 511.601639
156.625108 602.936333
163.791352 841.898632
160.193038 763.580002
165.468480 521.268877
157.919924 614.529813
171.096589 839.977697
164.823857 624.855640
166.632754 529.751910
171.702238 767.066831
160.944289 833.758938
176.992876 519.213991
167.821651 619.369472
172.646032 774.493233
173.191675 850.599346
174.227761 524.345728
168.367694 613.616822
170.483122 767.229969
171.164944 621.793805
170.701768 847.776983
175.550525 515.812971
180.973508 771.020905
172.575966 529.161455
179.162818 621.787633
177.422481 841.244416
187.839101 765.488959
186.520595 536.975091
180.911646 624.539270
183.744137 843.620312
185.747763 620.922351
182.864637 761.069337
192.058173 533.265652
192.384577 844.935410
189.236795 536.245326
186.704725 629.164296
186.773360 763.283016
191.412137 841.585462
189.745783 540.669845
190.758329 628.013177
192.727271 765.852138
198.194338 633.680590
193.310639 534.482579
200.389602 846.396595
198.051266 762.689165
199.920708 552.380598
203.180630 628.140053
196.872167 834.976493
204.877088 761.038660
202.022419 548.044440
204.118326 628.703928
208.484008 854.391821
201.107909 638.299396
205.680909 759.042648
204.163227 552.521294
212.960930 840.058282
208.777941 560.577613
207.584069 639.236647
205.973571 768.439750
208.979870 847.405343
205.704551 565.065135
210.071495 628.860534
215.966837 766.165560
220.386929 636.364638
224.300146 845.602993
215.561924 562.531602
214.611864 768.688490
217.484391 568.575415
222.186583 637.172863
226.885164 845.391124
216.859326 765.426800
230.776358 571.102368
218.458583 640.816373
219.420964 840.263231
217.314965 640.569926
226.249704 764.601570
225.958435 571.349403
232.592166 844.552938
234.450348 583.395810
230.856442 648.217673
236.207969 760.397521
232.284730 840.106113
229.363945 581.816524
227.670112 641.468107
235.964134 769.317001
238.906149 638.081935
236.730649 586.154198
239.433189 839.705144
227.506012 762.501023
242.920132 642.115753
240.971282 837.220800
241.422121 587.366348
241.237735 769.895911
244.442593 655.779892
238.307085 829.443051
246.922911 582.741730
236.719795 757.382222
245.667980 663.550402
243.081212 845.114280
253.375281 577.476539
251.123564 763.329517
248.843450 648.365963
255.374199 839.350073
256.244178 580.152747
250.801515 766.876051
261.311454 648.426853
256.646069 657.455896
251.917542 844.926370
259.476175 588.142290
261.743979 761.722036
263.264132 661.053059
253.433618 829.759086
257.638036 578.934104
265.380175 758.698084
261.313529 661.830004
265.160843 845.280717
268.518283 584.310235
268.045083 754.381880
274.288495 670.490851
263.898300 830.807732
266.917286 590.603463
265.713290 759.002417
270.286243 664.197114
270.384809 834.993439
281.777232 589.003224
273.458791 747.486595
282.303040 673.367042
272.368617 830.182528
273.834586 581.130459
276.519828 757.873606
278.753563 674.636447
280.880990 817.307665
279.953167 588.956376
283.178112 753.415617
276.460338 674.939056
287.923220 829.156725
286.320702 586.842627
286.186683 746.386018
286.308831 682.246151
284.712936 820.335488
288.634869 579.034181
289.995170 747.960349
288.934387 685.926833
290.678908 823.737362
285.875657 683.396837
286.061912 579.586756
299.056215 747.243493
299.642253 816.342940
301.980920 684.916378
297.946815 591.730961
298.116907 755.820943
296.910898 815.817308
299.704304 683.544561
300.916449 587.034236
292.656205 749.421894
302.648942 694.165597
302.578356 829.514673
301.353575 587.194105
303.330268 735.522462
305.183239 706.103447
309.489220 814.279560
306.805582 583.174161
309.531481 738.283679
304.525784 705.509488
319.841886 710.598957
309.128259 708.589501
310.781477 811.744842
315.250451 726.268725
311.907386 576.675231
315.530355 712.030899
318.065531 813.799156
311.879457 718.243889
320.814395 720.695721
325.176632 731.365223
316.486559 728.346976
311.396460 734.644528
314.208991 583.586230
320.695994 816.912990
324.330683 571.687117
324.090996 808.362516
319.882881 568.729824
328.260788 799.682130
329.990293 576.087311
329.961765 801.688335
334.012183 578.243846
341.810275 799.863333
337.434174 584.583159
338.734548 790.133432
339.902597 581.619988
336.950362 804.360431
347.653422 577.869528
355.523390 788.721605
346.481547 579.818408
347.658319 787.168337
357.652826 587.472891
354.777276 782.418418
362.261281 568.829757
361.744977 773.404229
368.098792 578.309489
368.094496 764.988443
361.799342 578.559192
361.360677 779.145212
368.922496 572.216305
365.649908 778.025155
381.840633 584.694673
376.227025 768.560778
370.294898 566.447823
381.089996 772.405542
382.461488 573.743812
377.937372 766.889965
385.172719 572.102537
387.259706 771.039869
383.741093 569.266921
393.599323 763.421050
390.665324 561.729774
388.848380 762.726507
395.961575 571.469188
395.737171 761.921144
393.075688 556.214634
402.110784 760.165501
404.081670 568.457915
400.786211 747.852156
402.965312 569.336459
411.658767 756.770023
412.103702 552.891936
415.076623 752.191013
409.523338 557.835414
419.281411 761.891514
408.417961 566.655506
413.180874 751.567069
427.184979 764.565244
421.606769 549.586971
427.555859 774.621215
433.789434 552.990311
431.563031 763.180821
431.272000 545.033653
428.431337 768.927650
436.183319 545.310137
436.688942 765.759747
441.767014 538.893717
440.943434 775.093258
442.442935 545.783256
438.907201 778.761625
451.278175 541.841582
447.312626 778.426245
449.099945 536.417066
450.191994 777.783300
451.872766 552.380741
461.221645 782.567575
461.022867 788.924829
452.473612 524.679027
453.832194 790.074473
453.593340 536.577309
470.803540 800.382134
462.721005 524.946953
472.452201 795.525570
474.811717 529.782034
466.903055 807.414759
468.665940 801.042623
477.621169 523.389046
472.966175 809.917012
477.842434 528.483737
480.507021 819.245048
487.209604 523.005644
478.543068 813.237071
483.880873 518.128438
486.232065 813.971453
484.639777 818.295051
488.648589 824.697953
494.011408 515.284846
493.459254 827.334086
491.091148 146.118433
493.039517 146.990916
490.040787 143.288808
493.976528 143.269809
481.828864 165.010505
480.854025 154.992670
494.425381 156.134752
493.892381 173.148020
488.234861 178.906369
495.135148 175.286679
492.211587 175.670024
488.492654 188.105586
488.310874 187.367356
494.394789 185.321866
490.994692 196.951757
494.619194 837.002854
495.305520 836.307443
486.278267 844.428962
487.310971 507.977363
492.188675 135.800806
503.862073 200.013983
495.437195 835.964350
494.317705 111.785361
498.672115 115.452853
497.936737 129.890209
498.039652 126.764632
495.836384 131.736183
501.771773 193.572189
499.646980 218.125029
496.683536 203.649657
495.543195 505.393708
496.862860 841.378777
488.394438 855.096907
498.058897 116.733581
496.145614 221.918908
494.916563 508.001769
498.476726 861.517162
498.963898 99.113028
501.425438 105.355636
505.333701 220.021201
493.204344 221.444564
500.752033 856.078301
506.364147 867.630427
495.083516 863.690472
503.642017 492.645811
508.790162 101.294803
508.144264 234.299374
506.281907 865.605367
514.996534 94.063226
511.519971 880.928410
505.852179 871.544224
510.093146 880.149756
506.886573 226.486995
506.694229 485.771694
511.184876 99.241839
508.392414 878.112287
510.650421 76.659844
513.304575 234.089924
511.621487 232.184034
513.280357 479.730717
512.225171 483.737272
518.425682 878.522032
503.903330 892.554837
507.738445 901.700977
513.510121 245.519401
508.261284 80.113982
513.953997 483.249121
513.352208 909.083585
502.925786 71.663428
517.003664 899.413146
509.777266 909.448257
519.950591 909.636677
517.176843 920.380529
518.476420 243.872557
520.582448 479.796154
511.482549 922.873641
519.128259 69.620532
522.101126 241.309603
524.312808 468.165299
527.830472 929.048882
520.672893 936.992185
519.052629 938.317326
518.778530 940.117120
518.923644 62.487674
531.070643 939.791370
525.876144 255.275840
531.306311 472.426058
519.851534 468.935088
529.113519 949.662081
531.525514 941.317194
522.506080 962.619320
518.451672 59.320621
524.787315 264.171201
525.102435 453.723172
530.313785 961.149010
531.136705 53.628279
538.415760 255.102561
541.928832 437.630421
530.512015 455.709549
528.887820 963.418613
528.587800 966.029839
526.271488 969.342977
535.491357 437.025987
532.566015 52.462216
543.337520 266.944814
533.483228 440.212055
532.219077 971.058289
531.770825 260.972496
537.972386 276.989298
535.887781 429.798827
537.558707 975.770891
537.445868 983.718666
535.777076 980.169773
528.170358 451.505353
532.019621 50.952812
531.787097 424.683471
541.507051 267.282990
534.005304 978.683619
536.196743 417.740096
539.405106 442.385975
546.035519 992.987979
533.610313 981.279723
525.988972 996.236220
540.170454 1014.559907
541.725097 274.443017
545.934947 427.381567
540.635199 44.675431
540.489098 426.828408
549.863764 1018.027446
542.949862 413.533636
546.614256 1005.155828
546.580733 1001.930358
543.304857 278.200514
540.113844 275.759087
544.019967 401.409848
543.087003 1012.362954
542.464350 1016.128447
545.162418 52.588357
547.511823 284.536971
552.084738 413.223795
550.495546 410.260981
545.524571 391.748387
549.078289 1010.690743
544.731460 36.105097
549.602126 287.189066
551.531324 284.467253
550.527537 378.237713
559.739546 378.566138
549.396185 391.244971
554.688955 1028.614490
546.613668 1026.264716
561.756098 32.023781
555.754685 296.894355
549.339340 368.898200
556.929384 1033.011004
558.558180 289.608019
561.860451 303.730183
555.786705 304.119186
553.767106 302.417741
556.478490 308.484886
557.632939 352.937031
554.333211 359.580543
553.104236 360.297247
558.409155 360.805668
560.416393 363.145830
553.322611 371.196545
554.437417 327.323938
561.409528 1029.998056
555.052695 31.340513
558.618789 351.650866
554.697231 317.917073
556.147421 341.024695
562.037413 329.722607
563.224542 343.249766
563.558428 340.250894
560.675881 346.614640
561.369460 1042.565507
561.487836 40.247307
561.801408 1036.087691
568.666673 33.462859
562.077791 1038.169718
570.814098 27.569661
581.646141 1052.430426
577.979285 20.828591
574.278084 1053.500188
579.179798 28.234961
582.452786 1051.339479
586.144244 1062.364649
585.826563 31.518921
582.461234 1051.482794
580.900016 31.481960
588.570202 1054.729397
592.033375 17.480287
591.206997 619.996836
588.170729 631.961124
588.465832 634.725761
595.206357 636.815198
591.762406 638.119483
590.436693 636.863293
594.877377 644.772300
593.235042 648.035476
585.670832 652.481347
590.307201 661.688898
592.021077 668.641113
594.077514 667.985713
586.355130 675.723051
590.091895 675.565555
590.377701 667.145357
583.765314 672.502137
600.931107 686.044024
598.302644 1047.166385
592.849882 34.432130
601.795940 687.360823
597.852201 623.807366
596.700106 1060.308796
597.925621 25.530233
606.023452 590.394504
598.808219 595.660722
598.513469 593.919669
604.237585 603.312830
593.226667 602.727067
597.440262 612.304492
595.697703 607.239429
595.106841 682.489288
592.669023 703.350707
591.997647 703.439005
601.848887 706.004595
594.820820 711.551228
599.433196 710.119828
598.956777 719.650305
594.291549 715.612963
595.201543 718.755179
599.330620 741.595275
604.258366 734.630187
598.230436 745.666340
595.189033 741.471670
603.703561 740.976317
597.604335 753.360474
594.515026 750.096738
599.953345 758.619801
610.389623 1042.330672
603.075765 28.121678
601.716271 587.593398
609.682691 571.559196
605.129119 572.094895
603.281763 571.455468
602.690668 757.634579
600.912818 764.263212
608.329435 769.206336
605.297421 774.443992
607.240304 779.023200
606.985757 778.380590
601.954272 786.591038
601.726857 790.494786
598.443562 796.054104
604.885670 803.670851
612.278443 798.080787
596.795984 1052.200730
609.131905 28.867481
607.947412 566.566548
608.470839 554.225961
604.373657 559.881421
608.318982 807.070725
603.656357 815.006006
608.695595 816.248834
610.382923 827.891225
613.619144 828.244441
606.196399 831.428977
600.019664 828.174577
606.481575 836.595393
612.072241 837.234578
614.254668 844.350815
606.878340 1049.805438
612.402135 33.695652
610.171361 552.194203
611.875425 852.287250
611.164447 1044.345919
614.885829 544.065411
613.565689 847.938728
616.394539 847.290316
608.733940 861.103559
607.157999 876.568859
616.791361 868.226374
615.215618 873.802814
609.493357 874.962083
615.401243 881.760322
618.970315 29.652123
609.655908 854.110363
612.733504 1040.934175
611.457273 536.431714
616.936662 893.615592
617.929653 24.025616
619.165081 522.855729
612.695264 891.578108
619.652309 887.203956
622.311219 887.617904
611.553311 905.105933
612.063766 914.803560
617.949790 910.544105
623.391748 911.454332
615.211175 922.972737
621.078193 918.279615
628.559590 922.533290
615.110750 1033.313623
613.464876 1031.154776
625.301987 33.963755
620.115829 533.222734
619.558307 929.550835
628.541355 524.808823
620.598540 940.426734
622.428552 947.381668
628.595002 936.904271
623.852735 942.444416
617.632808 948.524861
616.841760 959.171480
628.766824 959.196735
623.486388 971.792670
624.217857 967.553782
622.962115 965.504226
620.382649 979.798763
623.103145 975.630934
615.842153 980.197964
622.283853 990.486893
625.369125 997.266106
623.977259 991.274126
620.052520 990.496543
615.565229 985.728810
616.042187 1006.991299
628.615654 1016.250975
617.548750 1016.600036
622.216003 1014.034801
630.750993 1023.198194
617.093749 1037.995449
624.829462 23.824971
633.162532 526.921677
633.225044 30.351745
634.959156 513.391579
629.350970 510.988051
633.155358 31.335639
631.650266 507.311629
638.631000 34.520794
640.807055 497.606991
638.148918 25.706409
645.623083 494.385951
645.794752 492.067002
649.876728 28.756499
651.044768 485.607009
646.690214 31.063352
646.173168 478.683628
649.855771 31.219950
653.909602 476.675896
656.688748 37.044909
659.199208 480.304232
659.854014 45.109525
665.736714 473.149583
659.226065 460.659187
663.766626 35.917830
672.112102 459.979489
669.408643 34.624049
670.208046 454.186549
678.909575 42.917562
669.535473 454.139714
681.853498 42.731455
676.427783 446.656515
682.687383 31.816625
676.111546 446.013305
680.632554 36.981820
684.573123 441.365567
686.381441 50.958685
682.800797 424.355675
690.389708 45.046688
688.308113 430.389501
698.022282 54.664205
687.830214 411.083265
691.830287 418.183931
691.157992 49.559246
694.420752 417.383720
697.069533 54.024988
700.862484 407.066812
705.441269 56.114382
709.765262 410.148246
709.532217 60.112356
703.946773 397.892350
710.868118 46.539774
715.609598 394.531609
706.614081 53.246847
716.490162 390.707212
722.723120 60.612862
722.286251 389.944196
721.499391 62.629608
726.890721 389.060544
728.821338 392.117371
727.009157 57.339183
734.368135 370.613092
728.477869 56.773777
729.712891 371.609565
732.028860 61.771695
736.190570 370.800001
737.164118 61.199679
738.533056 362.723261
738.534775 62.233923
735.349963 76.093883
746.665375 365.292135
747.343031 354.259919
740.153513 81.567239
749.786324 352.511573
755.593869 76.005081
746.760016 357.639314
758.527802 85.029463
757.556690 346.901897
762.298713 73.501564
762.484991 336.720006
758.429019 78.563250
760.114158 341.239837
768.764224 334.480015
755.288909 83.001150
771.999719 334.556556
769.277581 78.369799
766.639197 323.518362
773.938036 93.985830
782.327262 321.128238
771.437375 95.769176
773.901861 308.711933
780.497658 98.638974
784.291120 94.669536
778.574478 311.522080
785.942350 301.140531
786.555424 112.536406
787.435939 302.851186
788.590412 109.104304
791.081825 298.384753
792.528587 121.818623
791.385199 293.741394
791.669170 110.188370
802.191292 280.818958
800.428166 290.072504
796.363262 108.349822
805.006651 285.274107
800.660264 113.594305
803.116389 286.387485
806.289819 128.023601
810.363712 135.316271
810.754502 279.209615
811.330514 123.819347
811.133770 266.506307
813.114702 128.494916
812.454067 268.119458
822.082266 149.457487
819.868207 267.839497
820.183918 136.902435
816.164643 260.195656
811.385808 145.180698
823.786575 252.864487
815.119837 151.457658
821.811138 148.088000
820.644405 250.844364
821.162883 250.386146
826.175253 167.380845
822.298909 230.419751
825.214871 158.118105
831.269844 165.118194
828.452248 164.467738
826.289940 224.641139
819.840200 223.309294
831.829582 232.842578
826.270048 234.295738
827.518867 171.200872
839.741376 218.515865
834.761298 178.313111
832.909751 186.007724
834.679184 180.759365
835.504962 177.421639
836.604416 181.667015
836.257979 196.415557
831.412868 203.098235
835.035137 206.138034
835.186022 215.702444
835.051431 208.181575
