58.937080 177.657916
51.463055 186.269006
52.631463 185.090509
59.456381 190.568036
61.166271 170.993527
60.408204 194.802339
60.465925 161.801073
59.381812 182.862402
65.339949 165.980280
68.593795 242.666040
50.128535 249.659194
59.788035 254.723295
73.989154 253.902741
57.802915 257.415234
59.374657 255.682581
65.737435 266.520610
75.918185 263.597621
77.816847 277.094117
71.242758 274.229794
60.354143 284.232166
57.676353 188.565450
67.355651 157.256570
80.690214 283.280457
66.788164 241.803724
64.356068 285.822410
70.220591 298.650394
52.972521 182.291531
84.001395 161.156344
73.849423 241.574988
81.477569 298.308644
76.245057 195.187504
65.796937 152.540614
70.768834 303.490774
76.519869 228.359752
79.324855 188.666166
78.912044 153.982823
71.553493 308.747906
93.962766 238.422383
78.149717 185.769944
85.165971 155.529472
77.724918 300.639233
80.364937 231.564928
84.490449 305.210358
87.542090 189.447943
86.302108 150.901612
92.469380 226.473125
87.237809 310.789421
80.566258 197.833772
82.786836 146.749862
87.186905 224.832203
94.398232 314.764371
105.993546 143.382458
92.225465 190.746503
98.730174 224.563435
104.582791 321.383672
105.016371 151.548354
100.496137 189.232526
91.517768 223.078223
100.852291 316.621936
109.002092 144.183244
116.738176 191.584052
100.207944 215.517221
112.219690 314.057319
113.342030 145.415590
100.176773 190.151321
117.883668 227.718441
112.412851 302.374035
112.110232 142.481667
114.159344 185.152986
122.964811 219.950657
108.669323 313.297970
122.854691 139.289300
114.115917 186.554389
122.473518 218.031761
114.600699 308.732867
124.232458 142.987637
128.142704 189.017117
110.586736 222.159112
114.306873 313.521075
129.909614 135.216103
124.689804 193.513374
129.992514 222.088610
139.848495 308.824823
136.529932 139.533071
122.698508 183.920226
133.303816 216.475511
138.778722 185.902755
135.959753 308.275781
118.729890 132.410710
133.257830 223.258434
129.266406 201.308620
116.598874 316.818749
115.030306 133.170452
128.467284 206.594596
130.966163 199.572849
134.941149 206.776784
144.923944 204.144188
130.163162 308.758316
139.812780 138.983845
142.401068 315.048425
139.629410 139.956072
154.127753 311.434549
153.444183 134.537675
142.672429 128.967051
154.959849 307.710858
149.695014 129.475888
162.715411 316.899341
166.883089 127.797872
154.410474 310.768278
164.983394 127.045453
158.163519 307.576811
161.031243 121.310441
166.842372 312.413316
180.001709 127.970028
168.267104 317.477554
176.881285 133.023763
176.172626 310.683715
178.069934 123.613637
191.802851 310.608773
191.863865 129.251457
181.652990 310.950574
188.792018 119.314302
190.357606 302.578650
180.779559 126.558887
188.838192 310.579174
195.417464 306.700624
197.807727 126.007782
200.404282 293.569914
197.240769 123.627942
196.877319 294.814565
211.721660 121.552383
203.678610 292.918938
212.691869 128.907515
212.673017 292.262441
224.834180 130.452392
212.262040 289.074722
218.890248 122.196202
212.140822 298.848861
221.876630 128.466521
222.548903 296.119372
224.706117 130.334256
221.082127 292.843223
218.605164 116.472832
237.387917 295.421446
231.983268 122.001834
221.909395 291.438929
216.633193 122.742186
232.350161 291.405726
240.394621 117.455552
225.294603 294.644176
246.299431 116.219796
240.376958 291.609884
245.289606 113.646951
245.834566 289.460810
254.400798 121.475983
249.862352 300.771501
231.078301 125.730181
256.909882 293.094799
256.434815 117.905107
247.487263 298.480268
254.706738 126.806371
257.102390 299.376091
257.341752 116.339526
267.910663 301.965206
265.921633 113.439681
264.121138 293.534670
276.279021 113.886286
271.148790 294.776365
275.250289 116.922888
277.925040 293.399757
268.541554 86.095247
265.837607 92.915604
272.504547 94.348633
273.059495 97.221330
277.651750 103.349803
276.600125 103.974040
286.245601 114.679961
272.937153 295.666116
298.476579 79.726825
290.020060 75.509762
280.471455 291.939653
295.167549 70.176783
294.145651 293.388451
290.149960 65.582446
291.798473 293.968444
291.737098 65.356955
295.886619 294.149812
303.858273 67.121281
312.021636 297.375605
297.089194 54.099695
302.182597 303.464695
311.280261 56.304613
312.940652 310.761644
313.606161 304.824198
303.027228 316.258874
320.803052 59.146349
326.583849 318.118978
313.196609 55.122946
312.284709 320.905860
312.377842 59.896562
301.833476 319.988611
321.807807 57.978086
324.432536 310.700201
323.432990 64.610268
328.512703 317.633216
331.080129 56.257377
327.335911 316.654303
336.768439 57.235330
331.073454 314.022831
340.640190 54.451650
330.353000 318.034088
342.643400 56.314320
346.874283 312.803667
343.132749 54.825994
348.584646 315.138017
352.528343 58.450758
345.143723 309.121225
371.957577 56.226638
355.689066 307.761738
362.729535 56.757732
359.103672 310.999630
354.520520 66.267198
351.435038 313.684362
372.119605 50.333243
360.848115 301.460995
373.170020 306.065720
368.377455 52.999829
378.501943 287.190922
366.143128 292.547683
372.320377 302.816400
384.286437 58.902651
379.074250 293.871336
374.081732 56.066012
381.176746 283.485034
373.875094 58.072583
376.853569 276.713080
381.528748 56.611307
378.052970 273.985300
402.697908 58.970548
392.010292 285.121889
394.532422 55.894297
399.600844 279.749229
395.563234 60.002076
398.679508 274.209456
422.259724 51.028135
404.086713 268.773580
405.385710 59.058423
408.273129 279.200926
408.774703 57.836305
412.704197 271.607821
418.633381 56.954469
424.514232 267.800974
408.915731 54.843084
430.908066 274.989470
421.577572 58.056931
430.546479 271.732908
422.279465 64.583907
426.933352 269.098988
434.310516 71.044231
424.239017 74.065616
429.429487 74.183871
432.323362 270.460522
428.771709 81.600381
434.291037 73.131562
433.122556 94.119008
433.718452 93.110530
440.934147 90.983547
437.982912 266.009541
426.090291 102.912697
435.619005 97.392673
434.161488 105.207931
445.313182 114.591079
440.325620 264.196895
447.180380 109.804352
444.877564 274.210083
447.135500 112.692394
447.544183 271.025208
443.680641 129.738216
456.181535 268.173866
462.046723 111.257743
457.877309 277.081751
445.215140 126.221880
455.512987 271.331481
458.470285 122.812680
459.586569 271.738402
471.638776 124.751887
466.373141 128.439239
453.528275 133.183938
469.791134 270.254250
458.632421 135.849232
462.013651 137.295615
477.305519 141.004794
472.986699 269.861173
481.028328 276.734568
480.571788 149.058407
466.617945 148.810542
474.012405 157.188727
476.802376 287.064133
475.918578 286.252231
474.838530 290.833984
477.173248 293.126049
478.982999 160.763142
466.412857 162.384421
491.395063 295.187142
493.034522 162.738551
477.243140 305.098075
496.316816 167.632508
487.564816 293.525335
483.570727 163.656081
488.265198 292.581516
502.867288 168.549972
507.139143 296.321888
489.401997 174.189885
497.668838 178.020036
499.607618 294.329022
514.611114 171.642676
489.646208 293.290462
499.772846 174.501852
505.851169 298.914239
505.056464 180.879863
511.549431 292.245883
511.750386 182.409843
517.962556 292.953733
505.635121 186.039309
523.979768 186.263115
521.811740 286.232651
512.568293 267.664326
516.030165 273.307549
516.995352 282.327490
524.548143 270.952469
519.761152 190.745393
522.958700 191.641902
530.430214 266.342583
532.758449 198.804994
521.128491 263.809786
531.479901 199.968986
507.235955 201.276502
517.277507 264.047422
542.937764 204.226851
532.858077 208.050362
545.914236 216.895845
546.852721 223.464496
544.286118 268.304237
526.780450 217.419811
540.908964 223.395396
540.682378 232.497546
552.585440 226.292556
549.520449 237.899713
540.393600 242.315295
548.184550 247.697841
541.378494 258.623649
548.605694 248.270078
551.392565 253.775484
