70.531880 373.938880
75.678959 387.827007
69.758137 374.027004
76.688863 393.986095
50.380752 398.235349
33.138637 370.455741
29.412601 408.247851
69.470560 403.818523
72.780854 364.705654
72.077404 388.634555
57.328591 403.998726
73.714708 366.856741
73.897948 406.953540
81.201460 337.256761
75.923870 408.102491
96.557042 364.008868
94.805799 406.955641
75.353794 364.815538
83.272617 407.077374
106.708535 356.577590
93.430934 417.468091
122.476211 410.024669
109.771335 365.532528
106.722823 425.376978
107.240604 372.640499
114.608475 424.325427
87.833021 376.638562
114.776650 428.943440
84.374868 379.451033
119.713373 437.237918
123.947085 377.255921
121.453080 439.948843
122.286274 382.020223
95.978435 423.773073
129.079037 390.644829
118.321604 439.573278
115.947103 379.082157
131.818273 432.298124
126.616075 358.862114
122.284961 447.098895
144.147727 390.833872
136.710120 441.139623
131.560595 382.029222
141.560747 441.460295
116.503741 387.190838
126.108985 443.028811
130.814301 459.316431
133.374853 385.432480
131.483644 384.722645
178.341258 446.779231
166.586891 401.081841
153.324013 443.379647
166.744800 383.391615
156.277498 449.504761
156.056824 384.669269
140.935990 448.274069
138.466424 387.954496
155.886403 457.587396
176.471671 397.944455
149.711634 452.981629
162.806380 460.069307
178.938550 400.741022
146.742499 405.468526
152.165732 451.470526
156.391354 413.038064
161.444231 472.960734
177.324057 462.870042
174.056907 396.231923
182.103442 401.911138
174.377039 465.202913
183.645675 415.470280
195.425183 468.255328
212.454381 480.014923
193.813455 413.108867
186.509371 467.595647
191.428677 414.062190
192.957640 484.634635
190.630217 402.205321
199.674165 477.972968
208.562405 403.882772
182.522380 484.466136
194.828114 418.881633
213.972698 484.381857
220.010632 483.047656
209.740386 409.477681
214.365152 496.790339
228.724565 410.541039
235.713785 471.577664
195.074738 414.522956
217.066720 485.240847
241.471437 412.863394
227.835793 484.011434
232.081668 415.413438
226.704670 492.870170
218.556994 495.413550
224.078972 421.398961
217.733351 408.404420
219.900202 501.717760
222.947151 418.593220
260.173642 491.729048
234.892442 483.813448
252.409834 420.261758
242.265206 413.330309
238.086863 473.308422
233.382725 434.088629
262.822345 486.194984
260.496428 423.586495
223.048706 493.661115
254.075395 433.371531
254.599652 497.616285
243.929258 509.838012
266.554552 429.785977
254.986790 494.488878
273.373486 433.965978
271.591422 496.236885
259.502404 431.293941
245.944146 512.547685
273.920581 440.277277
267.994557 509.047332
271.281589 441.822230
260.734168 498.327106
253.460708 442.420099
276.722876 500.528063
274.159086 437.966103
267.014480 495.226187
276.073275 438.272174
280.593341 508.567251
286.256363 432.242831
294.910477 498.054037
285.866929 434.372769
281.202554 536.170251
300.780000 430.418363
274.962165 514.166796
288.384757 433.550433
300.138730 521.873503
290.765575 455.802113
304.322819 529.288764
323.225537 443.371600
313.443033 522.195746
323.823837 439.535063
321.656648 534.736342
311.277982 447.792159
336.208101 524.774099
314.812359 438.880849
336.306770 524.573215
321.819921 443.156381
309.456739 509.510774
299.810410 437.913683
342.783135 512.234138
324.477985 446.258072
336.990655 520.745762
326.886020 455.004945
355.753617 531.275212
340.070397 444.973581
349.790512 542.670509
331.823892 447.409810
344.446326 538.064484
332.497228 427.604176
343.474045 539.182603
369.778969 456.307057
349.536767 507.942271
353.013305 441.327756
358.598303 537.675975
369.238993 440.978880
373.494833 522.942524
353.766246 443.748852
350.807847 527.483786
373.575896 441.791055
366.371418 512.850971
383.421504 443.599556
358.773934 528.368352
397.121950 531.172814
361.953267 447.812143
382.607334 527.014671
372.912619 464.341860
377.010209 529.084612
395.863032 458.411213
370.347284 533.099735
410.129821 453.396626
376.558183 527.101678
408.124730 470.601714
399.797268 548.078954
402.320030 444.119461
378.224822 545.823980
404.147024 440.451518
402.962962 547.836478
416.876465 450.603121
407.447655 545.509811
398.630048 449.194524
413.658066 533.854442
389.390615 449.750355
418.434360 539.277679
391.507133 431.710902
413.247281 547.218381
418.420108 448.659672
435.184399 532.459665
417.605181 428.246734
403.585928 543.273756
434.700562 432.297303
435.112876 536.624000
436.690607 414.889620
440.387911 538.587295
423.742601 432.770937
445.763979 536.441378
456.497213 434.337730
430.264488 548.767174
439.188851 423.756769
443.849040 547.384938
442.418993 430.081089
452.431125 548.133354
443.698453 424.545061
463.929161 535.835074
443.593735 413.331866
453.908432 547.164247
453.288142 394.088068
464.378142 407.112830
434.503875 542.391455
438.868266 412.138583
477.712252 550.259345
460.827611 381.606642
467.300213 564.048745
463.321356 394.986166
452.100623 397.809807
452.787766 546.369873
474.178869 563.299970
451.289889 567.936564
467.294842 578.135394
491.445043 373.173970
442.950739 376.555635
481.482950 582.656002
474.386290 370.422345
472.712533 568.284452
465.871577 359.814630
473.310620 385.291255
466.478372 579.478458
475.538603 362.361664
483.686533 345.984193
495.811664 586.202822
485.115360 349.379716
487.672409 575.584343
471.837364 342.533425
455.968686 329.077147
493.540137 586.953834
482.742733 578.794044
502.767924 597.690454
498.854822 335.006466
496.805876 600.693557
491.324256 323.592436
479.174722 603.615367
485.426929 600.817921
493.638762 619.321279
487.042013 607.029889
496.578770 622.859324
491.262996 613.035875
474.545662 628.412884
498.710466 625.855770
512.849168 629.045436
483.679223 629.437085
458.156982 645.445124
486.119726 650.204296
495.831035 659.965901
486.047107 674.552851
505.915480 676.993794
500.786668 680.837427
485.882109 686.558394
480.881141 311.373351
505.719359 667.676815
488.026583 655.195588
497.485484 691.504353
509.145013 322.701862
501.582784 669.255862
499.737617 681.923894
524.323717 689.487035
511.973129 680.324297
508.142281 310.459535
510.219373 690.749323
500.951827 304.253820
512.077915 706.620842
497.916348 702.143698
485.269249 707.459703
510.955067 722.071605
472.161491 722.185689
497.593582 717.251075
486.004339 722.702410
496.421076 295.756220
506.429324 716.980046
502.272172 292.211555
502.221434 730.543615
487.700752 730.919742
526.008300 743.437059
506.547732 296.642324
530.982581 739.048870
496.392318 268.031917
518.863991 280.553407
537.428268 740.309782
527.041509 276.986600
515.710731 278.557415
513.639276 758.597330
510.939576 758.447723
525.369102 757.491043
525.987396 274.666980
514.948982 768.791737
520.782629 264.038157
515.624527 258.005700
532.546819 764.681681
526.133071 768.540997
525.057051 764.372340
537.234124 257.251221
508.890675 248.115202
544.057822 761.127321
530.637185 240.872581
548.498550 240.288864
527.340533 788.822261
531.129245 789.445767
547.776031 240.316722
513.484128 783.905603
539.395598 223.004748
543.333907 782.281299
537.308346 227.310985
543.653990 798.356145
558.069873 204.875781
544.202205 216.779280
544.083399 799.098587
556.764703 209.153473
564.124326 791.748495
567.906577 203.933133
567.042381 800.370329
551.941031 184.919219
557.852016 801.606830
562.515007 209.756387
571.687450 794.094522
567.336581 179.750653
548.414965 807.978981
561.209142 198.400839
556.325797 178.852135
563.271161 812.266660
574.608925 826.492046
576.425672 180.849510
560.162881 812.556165
587.140744 167.006215
585.259355 828.804800
562.436519 166.210034
596.218278 813.312919
581.138595 154.114125
561.057827 812.999389
590.414355 155.513269
592.933731 825.287047
613.825755 145.883879
583.652504 816.728326
584.391442 150.629985
605.963031 831.125021
594.639687 134.898453
618.393325 841.822390
584.487875 125.282246
593.534386 842.406168
616.595436 131.575526
581.641648 822.687428
599.491356 129.522881
606.046273 817.255716
604.632350 123.327753
626.296581 832.234463
618.464843 122.836615
631.246568 836.858990
616.328397 106.435910
631.646260 113.062364
623.012683 294.607702
620.866376 299.544353
614.350093 288.375915
608.941348 840.149448
620.898157 316.329658
621.341309 113.211622
630.167587 278.103319
623.578925 831.247952
650.214025 258.341936
622.361925 292.698993
612.181394 282.780573
608.683785 281.311011
621.016669 303.486688
626.376398 309.185043
630.960256 134.454000
619.089649 321.138061
617.250651 261.684162
624.044074 850.334716
611.368721 86.417662
634.718370 256.468929
623.001569 318.834306
649.223460 323.322505
648.920618 328.441502
641.852260 323.089994
619.313918 827.546777
622.463133 84.316554
633.330634 254.723163
619.228339 320.333925
634.788397 682.874718
640.563636 690.899521
651.431922 698.191221
620.990060 700.873312
620.905681 699.427046
655.541808 707.025398
635.724001 714.738888
642.848069 829.445165
639.623417 89.537492
652.484869 329.372595
636.680736 722.201147
633.386513 256.355068
636.716344 665.655642
636.592016 239.906873
642.231477 253.157976
648.601811 707.319197
638.612527 843.836025
631.265274 90.617493
655.033739 326.764684
656.917636 725.179504
653.173343 678.118961
652.533836 853.881084
652.410731 227.636413
643.061871 91.677947
657.511296 224.870300
651.120291 239.076078
663.501537 334.461719
641.327625 714.783101
652.766694 686.794435
656.856745 331.696081
679.437632 727.960721
657.009958 842.084878
661.956377 100.728106
636.489169 222.023488
662.000078 208.610856
650.975853 664.389097
665.223569 335.098762
669.040126 752.750058
654.515016 843.717469
661.771592 91.000949
653.449329 222.925478
646.296433 663.424852
651.067642 728.760952
657.595247 340.458078
679.411711 733.803599
680.498697 846.888587
689.662888 74.842639
643.996535 748.537835
660.854872 212.758699
672.925214 340.449559
654.944893 666.746517
667.444941 838.504793
640.471037 90.526792
679.963706 193.413726
650.849929 200.324238
658.131281 196.513248
667.591926 217.866983
654.621159 748.696479
674.450072 338.827208
662.420736 670.369245
670.721910 749.157280
660.660622 843.589275
657.841427 91.914965
647.894900 191.951392
662.336175 349.102780
675.790304 177.021857
691.762654 638.140370
667.310454 756.846645
674.969696 840.634326
666.496491 78.964478
672.902143 350.985942
674.843013 188.072592
691.348602 677.581765
678.189018 661.270483
687.619385 759.185155
672.315926 861.841199
670.587440 87.392541
677.442272 352.152552
693.503806 757.250071
670.419262 193.350057
668.001220 643.966571
681.092970 164.571562
670.528340 844.016472
685.055111 104.703244
687.272690 354.140734
700.814150 767.300884
675.285914 657.517111
693.440584 96.555044
694.331607 157.599334
682.406256 763.785833
672.228892 855.793401
704.514922 153.805579
692.902889 346.918783
693.990594 361.032353
661.807755 634.302749
667.616910 102.782529
688.130902 756.916012
673.327731 835.628267
684.846045 161.892242
674.377834 141.643827
671.569890 355.707778
690.247059 635.073293
689.539079 98.685296
674.140258 759.589734
690.176655 845.050826
696.494149 359.593577
701.135449 140.896699
713.425388 635.454135
693.621831 94.856532
679.319303 751.274421
696.601633 848.969117
703.071209 365.164169
694.763510 151.484944
693.894521 106.769672
704.218766 630.673921
690.024691 116.500545
677.359878 120.535049
693.805992 112.452895
703.604811 125.432183
691.764447 131.834914
688.938652 128.106243
704.828470 130.088661
696.160249 135.346165
711.287506 766.157176
680.230638 855.621892
693.438247 377.222163
691.825282 631.046214
700.214120 767.054482
695.079219 848.990674
692.904313 361.478673
711.258990 643.349160
709.977529 779.088498
671.395590 359.603665
711.627980 844.771652
702.479787 613.277527
709.310519 773.319008
718.609222 364.099092
712.462842 845.082867
727.909456 615.526283
703.589286 361.196992
731.973075 778.389764
725.522609 612.806152
702.015133 842.090517
711.128545 390.564074
701.156798 775.289868
705.497970 613.440914
727.845259 848.752266
727.187932 383.034807
709.317548 787.848160
709.163293 611.546718
701.394413 837.997903
720.588940 386.270791
732.452397 770.342711
729.634304 390.973588
746.885958 615.316606
720.309195 848.568624
710.543937 769.510938
723.595578 600.552722
728.011075 391.383767
722.884986 609.700952
742.964714 841.160010
716.124208 768.786229
727.695577 588.337656
748.560738 401.963327
721.885122 835.520219
714.917821 785.785903
728.899447 604.244388
756.914870 413.195192
719.515858 839.406930
754.927415 782.011096
743.152223 380.383208
720.906786 586.226192
750.130450 822.754119
739.960175 776.312098
736.806668 385.321670
752.623898 579.365209
756.651467 833.195151
736.607722 397.640506
748.203758 781.152764
756.327090 588.187175
761.255774 824.893079
759.752500 407.797014
772.162741 771.241284
750.745638 579.343249
757.011952 829.511799
755.704158 399.662822
753.982310 579.481344
750.160904 769.141374
758.397811 823.660458
761.486038 415.529320
751.552921 567.417961
750.768093 783.097885
745.757928 807.048264
773.751967 415.516371
763.890976 571.100719
768.045232 793.403010
778.922185 802.434656
756.653815 410.970775
774.205251 566.834413
773.683365 787.149665
747.723703 813.233533
759.688859 794.740631
756.949295 397.643827
770.607568 571.673263
763.168073 807.262645
784.213549 801.556025
769.594169 776.502192
783.998142 410.882963
768.477506 576.327300
778.799070 795.233034
778.119203 792.173389
776.267591 801.451881
770.616141 392.502691
797.457131 547.148657
775.179104 795.845624
776.980707 412.208820
782.259830 545.200526
776.146796 406.668351
792.864866 551.669136
806.210852 549.337328
784.239552 401.823056
799.455579 538.712267
801.510594 403.082174
789.845737 535.372089
792.577480 397.527228
804.584383 543.204164
796.084574 396.333291
788.254423 534.417101
811.294361 402.676086
808.180843 533.948362
816.068869 395.788964
818.354928 525.791542
822.284708 393.425939
807.252041 539.096485
813.941295 398.861615
818.822441 554.449886
813.668965 406.731699
832.379749 528.105075
830.069633 389.917662
837.662218 513.055896
844.111601 400.092898
846.654323 520.680570
854.258217 395.650776
855.702299 516.307314
846.126341 388.011490
843.455152 514.898002
822.839158 391.492392
843.442529 505.903655
854.811271 398.070630
817.945021 506.717493
850.121337 385.516767
861.544597 523.495802
857.338662 392.098046
860.977712 512.047459
841.899052 376.385936
855.535674 520.456218
854.902937 386.458539
866.362223 517.465075
882.062022 381.821084
889.122601 513.538386
868.289736 374.066550
889.996083 507.441619
884.166804 380.615840
875.608373 504.231499
879.012496 379.848750
888.602351 511.345166
871.385868 386.584525
869.962066 514.173358
886.588496 390.131556
873.109918 519.733215
913.064587 382.882984
896.660867 519.663693
893.863380 369.062155
887.556328 502.522800
906.009854 377.090435
891.152569 510.116768
897.862906 370.060278
888.747694 514.199603
911.298183 369.771020
917.763658 514.151383
925.006965 359.045466
892.951953 523.517953
883.826061 376.173022
906.074969 521.953792
926.961728 368.366585
931.687309 509.021435
915.384459 359.363236
950.569673 521.629394
935.743362 368.677381
924.234695 528.007203
911.710118 366.954472
944.357637 521.723263
954.212623 369.737375
947.119396 521.500005
937.149126 365.244052
959.612665 522.929320
942.128636 349.939467
945.225830 510.398537
923.537185 351.727918
936.350279 515.475573
942.968977 332.582833
945.647485 542.346648
948.297103 347.009103
943.182944 534.779192
968.028606 336.910247
955.856954 525.971410
961.560808 336.984790
970.160631 516.818707
952.099209 537.323629
983.652021 335.191694
964.189736 529.963840
965.918980 332.849851
976.949801 531.679476
994.669264 321.019303
976.098638 538.591585
991.009964 334.895386
986.066182 309.787156
974.960673 525.347530
1002.504230 316.489633
976.417297 537.337289
987.809233 309.437086
981.220302 527.105539
985.183071 309.615945
968.992636 541.142738
998.151602 293.904968
975.017380 542.590072
1000.425199 298.592503
996.207392 540.847620
979.517597 275.355417
991.877223 274.470561
1010.281263 287.477411
997.508493 553.841237
1007.798105 292.105927
1000.064510 256.776943
995.170147 275.560793
1002.823648 264.208642
982.593655 538.960761
997.918155 244.590659
1012.937000 251.269322
1001.145168 244.465219
1027.069734 242.600719
995.292248 551.933612
1053.325126 230.656344
1003.018574 540.524609
1000.234159 227.655940
1011.314344 552.271828
1006.853138 228.813408
998.809985 233.199065
1009.114030 551.086859
1030.222261 204.612483
1009.853337 205.539622
1009.642352 544.246771
1000.635324 206.931018
1011.432571 547.874011
1006.263225 208.103463
1038.725364 561.863522
1037.985239 195.743177
1027.456287 540.328853
1034.850567 204.143809
1035.215074 191.686096
1024.580083 546.389052
1028.673852 558.893864
1042.089377 188.846757
1040.417579 574.089058
1040.663628 181.115817
1041.425404 555.190136
1041.636874 181.179657
1055.863909 566.587871
1069.313906 184.497880
1050.724714 557.346193
1068.387742 157.460473
1085.126906 568.700927
1065.702994 172.795195
1071.406636 562.256051
1063.274128 168.131051
1059.627106 567.595195
1072.806391 195.028210
1074.040963 548.904083
1072.547667 178.559090
1077.574061 561.127946
1082.967931 166.388401
1100.633482 574.677366
1087.912178 160.575468
1073.048293 573.669968
1097.864895 150.025715
1084.666506 570.231001
1097.255304 170.861792
1080.295861 563.637616
1086.077533 163.319060
1077.702393 556.026149
1088.386129 151.050174
1101.418563 571.797644
1111.042283 149.252811
1119.404190 570.720703
1109.787918 149.725918
1097.097794 567.626025
1133.718789 150.528225
1116.895188 562.615381
1106.275923 165.833522
1096.702025 560.481315
1140.367429 155.315958
1120.987073 572.866661
1131.672014 151.696332
1125.344538 574.735762
1128.685878 148.958372
1116.385521 558.829987
1131.993745 156.695457
1127.601682 572.347832
1126.687773 149.833739
1164.097537 149.580523
1139.906209 554.982796
1139.083529 163.391817
1128.639573 566.512276
1144.360857 171.103733
1156.141279 565.935773
1140.636579 162.543333
1141.583189 560.871693
1145.136162 168.737013
1138.335992 166.919289
1151.848349 575.441200
1166.239500 168.306088
1166.389346 577.672155
1186.269928 167.771003
1163.574404 555.715263
1153.698199 170.125130
1149.729146 572.195113
1178.018165 175.751409
1168.972354 568.067494
1163.830101 177.457152
1172.001361 190.903649
1164.783311 194.096344
1168.383848 557.184113
1174.880077 201.017615
1162.677825 186.684159
1198.946837 568.569311
1164.875149 191.608223
1185.855969 566.881700
1182.179067 204.133722
1205.003638 557.626125
1192.677316 200.982951
1199.442680 573.650448
1205.296202 203.824404
1212.113212 227.507532
1192.172891 549.155711
1194.103746 223.051195
1181.652813 551.902362
1202.751436 224.509452
1190.996857 224.343471
1177.199118 546.485278
1183.255551 227.091143
1206.562105 558.440732
1206.421189 212.767536
1202.945580 233.226604
1218.425207 559.571166
1213.958478 228.182708
1210.812727 546.909416
1205.355540 238.371505
1189.290968 541.253769
1199.522378 237.971391
1187.840144 531.762496
1206.126486 236.716320
1222.438139 545.761392
1213.273791 248.359823
1217.076698 540.066357
1220.987240 260.266595
1221.724408 255.403656
1242.005908 247.976688
1215.771542 259.549443
1236.617315 262.747648
1220.152329 273.557296
1226.379226 522.958369
1201.937873 531.129504
1249.215587 273.978722
1244.260077 528.897107
1232.813990 267.929203
1237.847432 276.491658
1245.982788 520.365216
1226.564310 504.509484
1251.866657 276.720699
1262.639719 282.285687
1260.569781 519.746563
1220.413198 495.217629
1236.274445 288.589969
1217.982123 506.173434
1252.582290 288.868182
1257.128433 296.210496
1264.805419 310.643528
1251.316991 308.734201
1252.006825 317.156252
1248.229146 309.469872
1255.947905 473.236726
1228.095785 477.495451
1258.648310 478.973216
1251.963556 494.094457
1238.106697 484.461710
1252.308742 308.683697
1244.892164 474.744567
1258.445995 458.951687
1253.818967 469.013388
1264.078382 314.494689
1256.451862 320.185664
1247.364038 452.322428
1261.449671 328.352682
1242.478146 356.777593
1263.205612 340.374300
1247.040747 336.627541
1265.501497 467.864752
1245.202035 336.607472
1237.549373 353.450902
1252.896697 350.211887
1265.547182 355.290663
1254.531382 370.068793
1268.555938 355.837232
1278.524004 370.313839
1274.325472 377.447355
1266.583284 373.128387
1260.519782 403.596483
1244.193484 402.311323
1273.899181 418.596785
1254.651628 412.835856
1248.484157 418.074453
1246.832857 422.807894
1260.794161 435.158879
1258.664451 436.778395
1248.487538 444.589907
1273.805335 442.303019
1244.727206 442.601338
1268.503234 408.883643
1276.283595 375.397874
1286.834357 392.832022
1270.367027 430.572911
1293.785127 389.286014
1249.569669 388.996101
1279.864746 408.217410
