51.111930 542.053457
41.716874 539.470105
72.597975 520.453057
58.624996 542.166559
51.656067 553.438119
102.013492 517.868461
45.896854 581.469047
69.556158 540.084874
54.428017 584.081767
69.279330 576.558660
85.392204 561.990320
71.712647 572.849995
49.871094 492.896726
64.801962 594.003716
71.581624 575.357712
75.980476 590.293943
81.977824 590.260554
57.185967 628.699028
75.229992 587.373780
69.996929 535.949744
84.637655 602.324624
111.833215 626.405212
70.560440 582.044245
99.408148 541.388105
87.375810 615.122979
47.888706 534.873476
73.160610 601.455462
80.425596 603.013230
96.973313 627.539562
83.388433 618.089873
51.349438 648.199300
104.363216 500.292053
66.492041 660.382633
112.600648 637.066458
93.456586 668.143388
81.592122 637.783306
104.636147 559.442170
85.845345 631.590281
90.282945 671.457450
83.707519 633.350460
88.253096 659.513655
82.921532 545.867842
112.514903 528.358814
68.839131 683.933908
97.035817 668.897055
113.390339 530.436222
83.905996 670.950253
107.820382 511.047934
103.459325 673.974766
124.061084 686.679736
110.926981 655.829725
108.302474 545.863684
115.755808 705.783634
131.995250 518.420591
88.143242 707.985117
100.959942 683.984676
116.431542 556.175210
98.519397 692.385782
159.324078 704.418860
146.089320 526.463730
140.293307 679.205672
122.437396 736.406174
134.722665 716.810178
124.511453 712.032643
116.512489 717.888046
109.164106 717.016617
122.700765 554.688975
110.956026 728.559063
133.893256 545.779605
87.843405 717.632575
146.612091 551.829038
100.034896 745.355296
147.194234 748.084141
140.828689 567.557723
125.976183 758.340898
148.339073 732.057482
119.064540 551.815945
148.305495 746.493225
115.105412 547.611679
158.281693 726.387402
154.931892 554.389705
178.225507 752.430318
153.251356 718.947380
154.417393 525.583155
163.035215 766.946256
163.789252 775.112218
156.104265 566.852355
135.845066 743.213978
138.769218 553.043404
174.425405 523.593832
152.102869 789.093140
184.836648 534.708488
163.801284 764.722517
164.838178 508.088271
168.425373 763.251364
181.018484 517.166956
173.100808 785.469739
184.431379 786.797222
172.601624 570.391780
142.836380 777.941608
177.601199 540.787249
206.032009 812.614515
178.476923 567.764450
195.567528 745.762795
200.069264 559.351921
178.931546 795.086141
196.317297 783.940723
182.141105 544.736586
193.939191 809.366503
206.417323 558.243481
188.516097 763.324134
217.192723 546.790230
193.385690 807.990339
192.564387 545.408646
218.511780 781.933066
215.092531 560.053528
174.427145 773.964063
247.775863 547.791413
201.687736 791.145867
210.816989 824.502774
226.842449 554.390877
219.646984 837.159498
221.705359 570.606997
236.946057 803.131467
223.249822 559.766739
232.469815 826.741492
209.621566 537.291460
244.401159 813.057888
230.149095 545.914217
230.006332 815.025701
220.049583 552.758899
229.593097 813.847607
219.848966 554.605385
223.973079 805.294742
257.923802 551.487337
235.991673 819.890882
230.156104 573.848810
268.571393 820.219748
235.393367 558.831130
240.826891 822.252822
245.175535 585.710625
252.404132 832.642940
249.797662 597.356473
244.981251 826.896373
250.618988 537.340945
263.767737 810.199828
265.815652 561.100212
284.211484 821.612112
292.523127 555.462105
257.651864 829.932078
291.611546 537.935225
273.821537 838.923288
269.877839 581.404217
299.879098 572.068326
282.296983 824.508467
262.582403 836.277745
281.091112 554.405504
271.490503 825.138616
271.820526 564.457925
282.583556 837.906195
302.349134 555.950264
300.979081 808.037009
279.339239 586.507647
278.693811 789.819198
293.478750 576.758378
270.961480 848.051171
287.137108 557.105238
280.525899 826.516395
310.986460 564.758449
345.504753 824.258469
298.201357 605.684449
303.554092 803.211893
313.576877 567.095027
315.898392 845.402411
318.114155 568.585966
315.721953 850.497220
331.284807 548.151350
328.267041 848.841920
335.018838 839.878994
311.003439 594.210319
314.139948 586.890063
309.347162 809.162277
326.277383 587.094016
341.047635 799.926509
323.114324 598.810753
356.515329 849.021840
336.521091 572.285493
338.464239 823.606463
347.434316 842.043469
330.785972 586.297771
319.242415 814.382876
330.592953 547.084449
322.937125 848.376991
349.208574 572.149858
373.470322 827.656726
365.573259 573.397283
370.459254 802.750251
352.751091 540.688852
355.197245 852.965293
381.981567 579.952779
335.498113 846.465522
364.867857 584.211731
355.209119 830.683221
371.888754 559.180968
376.950142 562.830282
388.255279 556.702474
358.104091 794.455200
375.823639 567.859158
373.372965 536.082017
380.746328 804.299193
366.094364 506.594474
402.596688 809.121855
363.474151 496.918829
380.926264 557.144441
385.701412 829.821653
403.992694 528.121715
383.011260 845.483126
373.149599 526.994914
392.954208 501.657109
402.012496 555.187222
385.568793 833.804661
392.403173 511.633667
396.855459 514.502739
397.376683 840.778711
380.861095 521.382182
385.521927 523.148944
390.473106 839.814946
408.802080 486.689004
361.994242 816.064473
379.884615 448.431737
419.527735 482.335379
394.155969 436.062800
396.208556 822.043977
440.119997 452.381003
423.740617 829.774188
388.009493 477.439902
402.539307 445.070646
421.297471 838.044831
402.419352 460.936381
412.777417 438.406464
405.923096 453.084436
434.827130 856.605182
385.659644 437.746310
453.292225 419.300452
448.295799 409.474230
413.478162 843.657085
422.490325 416.112058
425.201812 818.757651
418.065674 436.727210
408.654834 823.760518
433.024369 404.586767
422.148293 861.782904
406.215819 394.461741
423.123566 837.232569
423.690159 845.041991
424.719281 844.063670
461.943086 415.129540
450.631909 860.901215
462.794027 386.414105
451.043208 402.177186
428.142827 401.062250
420.919622 859.818740
412.591478 846.632203
435.875291 857.440407
421.608633 875.719859
421.315983 910.404227
449.196842 376.730076
435.817195 852.046146
439.788377 868.623702
446.958336 405.650100
439.029712 870.867229
446.552183 874.406529
463.739092 396.462510
471.132912 886.888488
424.906181 904.963648
465.796783 886.660445
428.425344 352.506220
441.810256 911.712001
444.768318 923.908667
435.307724 911.890101
460.251395 356.937535
436.829455 915.910099
457.370727 922.385983
448.625951 937.704408
464.158824 894.102617
458.317621 936.662323
437.042987 354.008009
465.467503 351.462158
459.306951 345.894246
442.836275 335.161952
427.165062 948.831590
478.859734 342.452270
483.156732 945.776124
459.228180 944.837370
472.399992 954.283779
463.608890 934.313852
456.004724 957.341255
446.515852 972.033519
457.485626 966.752111
446.140747 1091.220621
466.797280 1096.598440
466.411171 1116.041596
469.855681 1098.019903
452.815153 1143.785199
467.096856 1142.287087
488.919378 352.072969
467.765077 970.157054
456.670612 997.553650
470.496486 1079.072074
443.836905 1112.683588
441.369331 1120.418133
474.681380 1116.932345
454.082825 1155.033707
467.031182 1151.193476
485.278974 946.395662
500.828689 963.423828
488.200992 961.596658
455.639854 1101.702161
444.573057 1106.384754
465.492316 1094.014552
466.088260 1136.571225
497.117673 1116.587179
457.839462 1139.375815
464.697087 303.845999
477.577139 958.874596
441.752818 1022.026547
489.602651 1033.483145
445.947595 1006.129685
454.283287 1026.414453
476.549329 1005.096406
440.516464 998.266773
462.918252 1003.370301
462.283568 1044.819252
462.602640 1015.567091
467.075979 1035.355298
439.262716 1028.356951
458.500082 1043.439763
446.972533 1046.955386
479.442059 1048.875956
489.445149 1016.379132
430.399837 1061.539934
459.526171 1066.056996
449.312552 1063.776035
445.854818 1091.112963
456.843852 1080.113061
491.749598 1056.049463
470.445475 1097.279188
468.078955 1077.683172
468.658809 1057.221907
470.212017 1162.525339
483.100868 1173.418434
464.297562 1164.337671
476.227807 1176.854640
459.762289 1190.179794
467.423909 327.251586
473.860895 321.215283
455.073289 1199.155790
487.814296 1186.353183
464.596249 284.563494
493.450487 1184.926605
464.125585 291.498122
474.265705 339.716774
491.933927 324.547513
488.286559 1173.191119
489.308475 284.717165
493.983182 1185.696355
486.426980 308.953935
488.392112 265.233345
490.853775 1191.261948
488.449563 287.646912
509.660983 255.126103
486.252784 1196.002740
506.474141 278.381012
496.688675 1166.290389
469.877427 261.930154
500.330167 1173.406066
509.020843 214.385640
525.914556 233.491270
482.712727 284.019920
521.133388 1153.062202
473.456971 1181.979014
522.685536 236.736963
502.701294 244.003675
489.082098 1174.406562
512.346992 221.508521
501.357940 239.226507
520.449921 1135.532906
521.292534 195.208515
520.894686 1171.346291
516.898096 198.511557
516.202168 1143.820314
520.781792 232.924136
515.596684 1145.390655
505.384756 211.595153
508.918536 208.238945
507.984932 1184.473397
543.462917 186.445855
543.699962 1132.083669
533.068099 184.415444
547.403659 181.528323
522.340059 159.788607
520.780523 1126.738340
522.558174 166.282714
541.694476 199.198196
524.950936 1152.010742
522.342500 171.630632
549.334624 157.287931
514.853269 1140.160879
535.254662 177.125464
531.589488 1134.243397
539.558379 159.697034
581.486498 1160.322397
543.697598 140.469980
560.200983 152.581478
567.954200 1122.325195
542.195189 1129.314134
532.458993 121.668477
561.026717 1154.311153
572.931835 135.098046
557.193000 131.429510
558.168731 1132.554675
567.972091 120.683864
571.253172 1136.667938
575.628867 138.796113
573.501537 1127.596932
589.812043 1139.955766
564.842266 115.675088
570.129312 102.273517
558.607656 1118.637391
612.254240 96.219304
561.858097 1100.807735
568.772410 81.418812
596.250556 1123.421724
578.393324 120.756727
561.513849 1111.350921
598.452703 83.030174
605.987425 1068.688793
577.645760 1082.234678
606.012323 71.205884
619.531329 1104.130437
573.369228 89.640067
599.488301 98.700585
582.248082 1124.568682
564.626608 90.881825
616.936386 1112.895532
609.570240 128.977279
587.603396 1082.833673
613.156241 58.928782
622.768740 1110.666564
633.423035 111.925418
626.393207 1068.059689
625.361799 1079.724332
619.342409 114.851545
618.245696 1068.056912
596.127066 87.657441
611.230934 98.655100
610.365625 93.038200
601.829675 122.812662
630.687702 1072.587560
605.450529 106.840801
630.222805 1074.655986
622.812526 126.055563
612.147123 1053.451558
617.387481 121.671539
609.861577 115.913482
635.771334 1062.663643
645.608272 136.216768
627.528679 120.843546
641.392372 1060.307287
629.566253 113.333351
626.564153 123.308429
620.908779 135.627857
633.161052 113.706462
624.081548 1039.047474
639.996564 121.747936
654.598835 159.375998
619.027459 150.767779
643.273916 145.488203
632.013807 131.037269
647.324731 164.839009
625.829269 174.621369
629.117373 198.922715
623.230751 196.339239
624.137481 1046.664998
660.494463 187.257329
644.274021 175.083026
624.865217 190.998712
651.647903 174.216618
637.822824 1052.953270
615.466264 1061.971136
647.367731 192.869076
656.592600 1047.936081
645.635848 219.911239
633.304500 207.243442
644.403093 194.133608
669.134917 210.748262
655.289538 229.146827
647.413805 223.075080
673.449563 201.210520
608.323752 235.478518
647.810477 245.007224
615.156688 1080.981213
625.756496 226.360161
653.065924 252.755318
659.438949 204.663519
644.599496 232.535159
661.328246 240.809421
653.404237 258.062127
636.622339 257.217983
667.287203 281.213841
622.552768 276.086975
642.183778 1051.053764
657.531720 232.415691
667.728238 280.422600
639.525408 226.189312
691.360282 1042.411751
666.851138 257.466171
640.729598 276.182740
642.198378 293.444693
656.279237 281.157982
640.842774 295.596019
625.034444 305.192143
675.552580 308.002589
648.658325 319.304501
664.257347 1043.465284
650.759010 297.644197
618.516308 328.036835
655.187565 341.941250
663.978758 1042.407680
658.207067 291.725702
655.255933 287.218166
662.131086 341.168861
664.371953 1018.120176
671.285599 360.127614
688.250461 346.273695
659.713600 367.878701
661.556119 1012.225387
647.636542 337.100969
653.866082 348.537054
658.397120 374.868532
677.462164 365.881740
674.192057 343.123639
686.746436 390.903534
669.109152 1012.167543
673.271434 364.294697
673.066148 369.918006
671.163638 402.090827
674.277980 368.141485
667.886097 339.206148
671.859859 370.582338
662.757197 1007.366129
687.047099 396.474373
696.657045 1012.030745
690.453453 1004.896044
665.841470 410.833658
703.282102 990.721876
710.158292 402.571201
696.748801 405.873032
669.640627 1001.190629
682.507893 414.265349
696.168229 992.473065
688.607825 433.614084
702.259093 450.586696
685.818277 417.632275
677.638671 413.606696
705.934784 416.934746
677.783186 442.267988
693.144499 477.139026
694.852362 425.907186
703.922718 994.599458
680.124325 464.268272
687.246433 996.708342
675.730358 469.514405
692.144531 410.119252
695.989553 1008.106111
702.474818 957.989851
737.737525 452.335721
697.552461 986.463711
689.231338 457.609818
696.710724 447.559338
702.338501 478.088773
718.385366 965.721830
715.844637 464.364677
735.015253 974.649831
700.566889 481.803901
714.405160 472.119186
697.046656 973.370505
716.903900 469.163213
713.413768 949.142802
709.079180 472.114121
714.580834 950.849243
715.478834 455.002623
681.928792 940.862630
730.701610 944.297176
690.290424 515.949234
708.758716 954.172496
731.705412 934.314002
704.075697 481.097683
728.063774 472.862342
739.425053 920.986805
742.958165 928.765821
720.541601 490.418873
734.448652 901.580915
714.935918 916.509415
755.926553 485.065794
728.551885 946.419370
734.677960 793.633264
711.269119 778.388625
724.990419 806.481984
730.256500 788.059357
719.030105 829.644161
742.586674 827.737037
735.030865 801.246642
767.100716 828.146733
735.426877 835.699767
734.885009 831.570943
744.159883 852.710139
749.453741 849.629925
733.013676 811.378689
735.654230 832.293815
759.661765 870.848177
766.788696 852.982126
725.051606 869.689279
734.735619 886.460558
726.376618 864.914805
737.921006 878.645492
754.271696 869.487379
731.964532 900.314003
747.901582 876.551985
750.918851 870.358750
743.423804 901.993549
718.830511 911.521233
761.184319 488.004411
774.165126 788.726493
750.900660 508.726232
754.156263 831.787627
721.730696 810.311640
731.183951 491.254541
729.468302 787.110180
744.608357 807.335226
769.226343 806.130594
745.561871 539.438603
740.503527 779.666714
780.667602 494.732312
745.584264 773.233135
758.361625 496.384986
771.696002 762.882521
765.067309 488.578143
760.095646 773.107526
754.297623 514.525012
739.350837 765.045690
764.450900 502.090556
747.941549 776.467086
766.674457 523.180558
775.156141 756.078042
781.217254 521.682918
779.937162 770.734075
801.678414 491.737942
785.288616 514.895962
800.397760 748.701141
781.644546 533.717703
778.829270 784.210842
788.065827 523.597126
786.624717 745.982491
803.393589 492.517805
836.172733 803.695768
786.893529 524.644622
790.305033 772.048009
767.229546 531.641757
793.158990 547.604982
793.449171 761.341345
822.645391 541.032631
786.582185 771.882112
786.153581 550.345078
821.690680 760.855965
794.105631 531.359857
801.654969 756.274511
831.975432 524.215503
818.084864 750.477973
847.526801 533.160173
802.306498 731.332917
846.171504 540.346739
828.578093 755.888098
843.628822 522.192888
842.890393 760.593499
842.700085 528.030012
815.373737 770.565848
837.517922 528.155750
839.451989 541.929246
844.426719 753.723191
844.657972 517.973310
818.420683 758.008334
836.534728 546.136124
845.242972 789.272310
866.066012 547.829513
826.252175 798.474464
834.175132 536.441701
866.154180 789.943862
825.083839 581.516781
863.777706 777.117181
859.973064 763.384020
859.287489 541.390011
863.131351 535.677757
879.924239 774.716755
861.121692 556.563058
860.484090 795.617376
859.024163 798.343148
829.718859 551.776868
875.300200 773.025784
876.810481 603.117212
870.169375 809.406452
855.808253 538.008391
866.045467 801.064858
883.612375 578.357641
892.841993 779.280792
886.875267 561.800020
885.939041 571.949147
867.997122 800.936249
875.490412 567.210291
882.530796 796.345510
900.391380 597.422096
891.271183 778.012681
909.501479 574.643697
902.233734 804.192824
900.040078 585.972385
918.515388 788.250066
916.251329 600.372015
883.796297 775.276511
905.193504 611.115120
916.727871 779.115543
909.183959 586.312036
905.039323 799.803435
889.489687 593.347782
911.750982 824.169298
923.375438 592.901963
944.792745 817.809242
927.041920 578.193713
927.529193 799.996002
910.553112 590.576010
894.263856 608.987415
924.880451 808.925835
918.091349 635.420100
924.531665 812.652774
951.537557 632.896856
919.751336 599.746241
916.946987 789.893188
944.602079 633.846006
922.898578 824.317251
946.826375 637.114566
944.964489 798.109158
973.558868 633.525615
938.258430 801.291938
949.689602 609.359900
932.456094 622.417157
956.156221 794.784970
959.904153 623.576048
943.274079 837.154690
944.967601 626.893462
965.624738 663.953435
974.858064 818.072541
928.957930 637.873580
978.382290 808.205718
944.088545 623.512999
972.895729 628.621149
959.530004 805.513555
979.904613 659.628391
984.413754 810.127325
952.265919 818.990792
939.773669 640.631582
974.463527 622.753220
977.125673 790.335324
974.788004 673.408395
986.203678 671.261498
997.642068 822.666016
1001.125373 651.453833
982.827458 822.862818
996.750484 695.383916
1001.642502 791.088469
974.338473 688.945162
991.037710 826.369215
997.179635 678.459139
997.294397 683.761581
964.377987 690.399358
1007.983477 854.282992
991.048950 806.166084
992.212950 665.154398
997.044655 702.632494
1002.046070 693.263986
1009.986656 683.813962
996.775268 824.033438
1013.989327 690.187743
1035.586214 724.504538
995.250557 825.133653
1018.315875 844.515779
996.974798 695.912455
1007.344846 717.511414
1003.145517 688.067082
1002.943526 831.704057
1025.628630 736.076302
1060.137825 706.850407
1018.717087 741.355949
1004.437915 833.708364
1002.322695 823.130491
991.887185 738.915468
1019.245852 731.334096
1013.479071 839.444874
1013.025975 722.786628
1029.175535 735.944795
1000.845488 860.849649
1017.046566 749.871574
1043.814084 853.837327
1021.298856 734.826866
1041.511214 739.827857
1041.364839 856.154455
1053.145257 750.933494
1023.189647 725.322637
1050.317360 723.822008
1049.217504 735.136346
1064.173052 834.018921
1045.084401 741.111091
1028.604981 806.313844
1049.864154 810.317829
1064.860027 772.155585
1014.280796 777.132913
1047.564080 807.786788
1052.518171 754.994493
1008.293668 806.711976
1061.864671 780.189180
1040.348646 755.312195
1055.825737 808.705927
1003.953747 808.375508
1074.999943 814.650655
1017.699890 807.793193
1024.976103 815.123639
1031.611605 802.310503
1065.616259 794.002930
1041.689501 776.112003
1073.009434 803.606010
