-3.647967 1681.239907
3.997567 1798.330068
72.806324 1731.612291
-51.881253 1757.388112
37.039101 1767.513905
10.235738 1746.017160
-38.540003 1730.885010
75.582616 1829.245984
4.579692 1675.441031
-29.284108 1713.189572
-22.183684 1806.538966
50.472313 1680.692167
119.123899 1843.831575
61.898025 1593.058103
160.358299 1561.294507
-6.831384 1654.938712
59.275234 1767.239508
23.655441 1558.097341
-16.403166 1602.104291
88.459852 1743.549628
23.581739 1607.813578
99.565241 1593.353083
83.202142 1785.011446
111.707249 1538.723310
81.957846 1518.888073
72.403999 1763.036794
4.925864 1642.912755
116.945448 1636.114294
36.069890 1734.200190
143.048782 1554.635845
66.833093 1616.175371
116.948218 1781.682216
90.864156 1581.562589
130.017094 1709.372574
-130.148142 1545.267635
117.743700 1769.220596
89.088994 1491.043613
111.840367 1514.659439
58.800341 1755.199737
-26.362275 1542.950304
162.699437 1723.159927
117.655313 1486.305499
189.084235 1462.898000
250.427496 1759.922155
153.454383 1716.608269
162.552522 1462.747912
105.142342 1479.784340
273.746466 1682.477972
186.978132 1450.673858
196.525756 1463.435376
73.197759 1724.538123
292.323414 1480.440437
121.252864 1731.452315
240.901907 1365.375198
227.315363 1732.528994
176.791540 1361.288637
284.827753 1717.064902
241.801994 1392.586973
136.368108 1348.374947
188.368207 1746.301370
107.596600 1394.461530
162.388966 1683.054320
131.356324 1323.989631
212.253643 1701.753276
425.048961 1339.274052
306.537657 1587.033438
361.146560 1289.510810
324.942310 1651.016612
296.125933 1300.675640
306.117831 1697.854031
290.520110 1368.597470
297.011352 1699.086215
243.506420 1362.568552
253.602455 1717.113880
345.388671 1352.232765
221.906703 1303.507510
252.810405 1692.124902
424.604752 1230.179635
412.227558 1656.543226
278.710363 1254.595806
430.156389 1586.746972
315.535047 1302.777667
369.062299 1689.754612
285.975815 1290.510115
225.897604 1672.216733
244.343022 1289.342814
387.019822 1280.291922
353.985946 1715.515301
263.325665 1286.304085
416.108381 1729.036563
366.339442 1257.636869
406.082812 1638.423657
340.706671 1174.388727
333.193085 1653.101619
376.768256 1277.072653
344.801073 1676.793621
299.540923 1173.906992
447.838180 1671.146385
416.438272 1282.103948
389.680101 1675.426679
324.121403 1130.475730
373.259834 1245.838866
286.820100 1668.721000
337.556000 1207.095906
375.023944 1637.153599
255.813356 1206.010791
429.034726 1731.967637
347.019094 1205.685109
400.583766 1644.586313
404.488891 1245.334554
468.334802 1650.378819
492.163221 1141.267607
488.776887 1672.967626
442.798293 1200.192273
413.229655 1711.969302
367.549913 1246.756107
393.894275 1696.189771
416.806789 1190.765522
516.756928 1740.599614
467.345567 1752.746293
491.035022 1094.989010
308.045745 1744.911448
529.039626 1157.364555
531.601519 1140.493489
427.685078 1724.454465
471.709593 1715.536283
537.326775 1174.054651
575.799107 1725.837863
503.126359 1102.763551
518.356297 1707.742163
575.306979 1698.626142
429.099506 1074.930045
517.534126 1084.011118
524.017014 1727.678109
440.178500 1136.875397
588.897133 1742.123215
594.579177 1135.629065
630.059621 1675.036001
506.273037 1162.548522
555.838763 1711.196258
590.257931 1628.089908
605.243374 1148.952607
594.177968 1678.824795
608.678306 1010.654465
539.871122 1618.870732
657.023437 1169.499914
624.881702 1569.757706
507.940880 1055.907564
520.982147 1026.254210
463.292694 1679.449076
502.856034 1076.275308
623.678268 1700.818328
652.675558 1090.285170
620.939577 1651.228331
667.217273 1107.510611
646.142843 1721.136912
652.292720 1121.368981
714.842212 1656.494913
645.124260 1027.940161
664.428216 1607.672143
669.225240 1113.158287
850.502359 1613.285692
665.327635 1152.914296
652.759464 1685.676754
722.823684 1051.310552
691.081281 1652.654308
735.349058 1130.792080
684.699650 1711.002676
679.622227 989.228138
724.975080 1639.557117
767.306436 1050.506099
806.728154 1703.783435
710.551629 1086.506506
705.952009 1643.495490
624.978620 1047.045190
792.924886 1696.388271
620.288933 1015.554216
673.967790 1668.689553
605.830484 1067.897603
723.226025 1644.816878
792.528610 1096.236273
723.597259 1623.300026
824.778326 1042.861920
746.753056 1669.217217
708.952175 1074.687026
764.524368 1642.889683
761.868724 1113.355579
778.158117 1659.777596
739.804474 1050.717068
714.764836 1655.502169
703.438731 1094.209734
837.967617 1679.578222
864.934941 1095.421759
870.668672 1626.904568
737.556943 1073.786130
791.775815 1619.929326
788.029071 1129.070064
846.349542 1608.574919
811.440267 1081.325749
754.424647 1636.152870
811.970196 1095.340826
914.002668 1669.872556
839.609947 1101.344056
850.492861 1686.759710
845.452244 1136.170145
822.914843 1682.987027
925.181899 1037.302774
922.284747 1705.484281
908.045861 1090.894545
981.553782 1720.234154
934.332129 1076.455360
854.807415 1632.257503
959.426639 1075.712706
910.888960 1695.032722
943.693527 1187.941319
914.433119 1641.872327
808.741831 1173.529634
819.799128 1679.397790
998.486436 1671.679039
984.482429 1097.199517
828.039456 1672.885198
954.268712 1124.241577
1018.370385 1737.520669
1035.750020 1089.504098
910.760508 1776.694722
911.058410 1104.935616
912.525112 1759.892243
950.688326 1066.092733
965.097883 1719.634586
994.690677 1185.961254
1110.518409 1783.254018
1012.774346 1182.715080
918.604724 1800.086404
1047.750267 1786.856470
1104.948781 1126.632452
1083.061440 1816.652723
939.057817 1207.489789
1074.054214 1763.256228
859.827525 1181.426612
1032.473571 1756.511765
990.348748 1149.895323
1058.076343 1752.192960
905.291156 1227.160844
1145.751137 1782.416239
1141.740639 1813.282490
1015.731802 1126.884427
1049.815663 1782.812173
1152.396423 1825.947412
997.394087 1164.788206
1000.025520 1810.660353
1179.687819 1236.370492
1127.183771 1806.677717
1019.271221 1198.064002
978.182795 1841.539607
1010.095992 1233.354903
1048.843355 1813.321837
977.260719 1758.114352
1044.497633 1824.854354
1169.253972 1842.500206
1059.206241 1194.675963
1096.187410 1870.300567
1167.286569 1759.589074
1174.334823 1204.337216
1146.219249 1770.346692
1038.839195 1725.251595
1053.933292 1191.365595
1026.326068 1773.062778
1238.743099 1231.798528
1077.818696 1708.513798
1182.450148 1137.428563
1107.102885 1680.285722
1157.462029 1798.921895
1152.922160 1204.449236
1123.020219 1657.717136
1332.970325 1129.720646
1179.657409 1626.361160
1053.503576 1086.346658
1045.529264 1713.156155
1141.008542 1203.250786
1204.567934 959.447534
1237.179824 942.519077
1116.313630 1027.686042
1183.490717 1073.060522
1120.250034 964.901182
1144.901394 1078.384470
1136.884165 1062.997732
1127.818280 994.529092
1037.483417 1696.025465
1264.074887 995.103800
1106.626689 1087.583584
1180.206494 1139.364401
1124.800057 1651.779624
1278.580832 1020.669733
1122.318260 1006.472734
1202.127564 1039.559827
1173.546010 955.389726
1154.882857 1087.515820
1219.750485 1676.656867
1336.230392 1125.517270
1134.228266 1085.280866
1291.324686 1006.515023
1188.639659 1616.131765
1156.609279 1105.850929
1171.493030 1144.483220
1205.121115 900.999035
1256.462584 1037.818875
1218.633814 1600.781930
1214.394307 1159.342070
1165.713504 1208.171570
1198.698292 903.439318
1218.814732 1147.000627
1262.190276 1092.194366
1112.443709 1694.074035
1201.058529 1172.777756
1216.622640 1148.595042
1309.936179 959.741747
1262.468477 1619.292422
1276.568760 1204.809805
1165.425133 1159.667009
1159.945931 975.149981
1233.856988 1169.657291
1284.015858 1659.903642
1380.353658 1244.076775
1320.780015 1162.720482
1151.615786 960.114545
1315.453596 1167.849434
1287.448863 1572.344665
1203.635132 1186.451437
1220.123909 985.408149
1213.675890 1205.245445
1280.510026 1556.712718
1274.111301 1173.827244
1250.111239 1245.608072
1217.686715 926.988367
1233.605708 1242.560172
1265.006210 1652.629404
1287.949003 1177.068110
1261.341185 841.202839
1301.165000 1654.960193
1254.664847 954.726509
1304.769207 1666.502540
1276.716393 880.396185
1243.981897 1658.195033
1317.764055 856.394640
1251.173200 1620.341995
1342.687016 1627.487886
1363.926176 984.973927
1393.462921 897.405361
1296.062711 1574.590939
1378.229454 935.591376
1329.486745 1599.344308
1232.300671 1002.539170
1360.421428 1561.691465
1301.488100 907.272596
1347.439806 1598.458633
1382.568690 954.783767
1454.995164 1659.070468
1363.778491 1000.702593
1363.406374 1536.901322
1311.773058 932.943861
1161.421929 1666.016258
1459.032053 950.045984
1451.763647 1658.053713
1421.190470 917.912609
1398.353422 1611.052246
1416.573058 951.654212
1345.372273 1624.502124
1426.609209 1023.153924
1410.406785 1658.821459
1429.801186 945.484593
1487.959909 1511.520431
1434.916974 964.403530
1379.764270 1005.613225
1406.925326 1067.795680
1443.428454 1686.292677
1392.986372 967.767059
1450.796531 1015.445463
1460.358324 1082.835380
1346.962165 997.476591
1473.811630 1022.634023
1446.116639 1535.589561
1457.795890 1008.661261
1484.398996 973.826762
1449.726742 1010.425849
1516.926441 908.389224
1528.436506 1011.487042
1386.852802 1024.750068
1387.588928 1030.882899
1512.856221 1071.283419
1468.831842 1549.436122
1448.628932 1014.207138
1517.431288 1022.560460
1440.882735 1073.220080
1419.559084 917.530142
1441.450467 1754.382913
1411.106344 907.436317
1539.055733 1624.704580
1501.351435 857.492359
1462.525121 1638.614229
1484.196588 977.232016
1396.119175 1717.632422
1534.874028 926.438292
1568.234237 905.689554
1438.468169 1677.590744
1490.898418 941.120331
1487.550425 1678.687782
1532.482579 851.560644
1510.038151 880.829135
1473.543501 1709.314595
1605.989636 864.936167
1595.744121 1676.499011
1552.823313 870.728259
1539.332432 1715.679500
1612.636461 892.027725
1601.161085 1720.068025
1548.756551 853.364895
1428.229536 1651.888811
1617.562440 862.670707
1654.352057 869.780889
1524.981416 1646.482045
1599.661286 878.052341
1588.141657 799.247951
1650.046561 1710.020654
1558.179212 795.713858
1619.366122 1682.732986
1641.228624 1667.051028
1564.289318 768.493590
1563.686018 1731.575922
1620.878517 760.764710
1543.048884 748.594747
1676.772701 1701.652726
1659.211476 782.290823
1763.568954 1734.373732
1580.230689 751.156363
1644.736433 1673.309618
1571.179790 1673.235632
1663.670791 847.201570
1651.326741 708.670916
1740.968136 1699.101929
1698.159753 1753.039041
1671.011590 723.342173
1592.386609 1729.658438
1543.611618 833.470543
1727.176730 1749.199001
1728.335977 772.434375
1799.318893 1717.185365
1593.190359 772.698505
1679.658675 1749.475881
1815.167197 813.577924
1764.427926 745.596892
1723.675914 1685.697910
1621.951276 1779.934807
1800.652323 855.925163
1718.076181 768.328682
1713.537651 812.469178
1671.218342 869.024361
1772.019289 833.986868
1761.324221 1764.130407
1748.512003 904.003870
1826.377392 865.202417
1758.959819 807.021609
1768.051381 1044.417464
1710.650696 1012.167298
1741.844708 1817.878070
1643.821526 915.614100
1784.712865 897.144927
1654.698227 913.830942
1760.244976 867.640525
1676.513985 917.539986
1729.027340 1037.768227
1813.188420 1045.417117
1802.493373 991.691749
1774.100701 964.437204
1675.494284 945.488431
1789.197568 899.093094
1685.837845 959.709607
1553.831845 992.864955
1715.556982 982.753969
1732.156884 1043.323509
1645.421421 1055.925114
1731.671976 1083.647219
1786.455896 1042.289276
1736.109727 1035.429919
1740.861144 1097.968787
1725.573998 1765.434925
1750.952069 1084.617224
1808.300657 1713.195283
1727.735876 1136.215110
1772.342455 1776.255344
1753.675978 1164.092537
1717.219397 1105.408209
1801.662907 1810.786119
1796.871999 1061.267572
1875.287268 1743.736850
1796.934860 1074.294967
1933.225093 984.949418
1770.251166 1836.535782
1839.749125 1010.312526
1694.257209 993.798481
1753.918471 1776.528671
1760.717121 980.019903
1755.014260 1692.706713
1786.533806 1021.282665
1855.588788 944.100009
1867.088361 1817.761229
1836.017263 957.433413
1822.669009 1763.364663
1741.685890 940.354527
1831.725088 936.793589
1868.688292 1758.600849
1906.631624 926.119529
2024.690096 963.617552
1800.631546 1760.869325
1711.218608 947.321821
1848.019933 910.940797
1844.404011 1815.929391
1873.470143 898.743242
1791.008099 903.770537
1892.155631 1796.594547
1885.305632 893.773744
1850.608735 838.923455
1814.458844 1736.186783
1860.215502 879.788628
1776.442214 832.006339
1870.649154 1720.360480
1897.564608 838.819775
1833.014395 888.847474
1864.433225 838.396170
1815.346647 1743.100032
1960.007140 798.322418
1972.947968 779.535729
1908.730851 1775.960407
1907.569455 772.790659
1875.517590 765.933726
1854.803999 1831.274905
2000.411887 747.354118
1933.113257 714.312351
1872.520499 742.613780
1963.918762 1845.501450
1933.048304 761.615911
1955.293370 764.715612
1952.005444 663.401324
1904.824588 764.549831
1902.073244 1841.008880
1977.096978 562.269657
1892.474531 545.907957
2029.681637 593.542944
1854.638357 608.662274
1948.794100 605.252742
1901.569468 717.289609
1843.298543 1785.826399
2011.189398 519.647519
1856.709733 552.788184
1898.824612 585.248442
1965.595836 654.345730
1883.989211 590.111360
1919.979452 561.697416
1968.641801 630.055269
1997.293548 641.741514
2060.684527 634.283889
1863.505487 607.830568
1888.752049 651.350520
1966.364167 620.831753
2035.301654 459.455278
1891.691943 1785.349468
1970.578606 502.474754
2079.880460 458.988011
1980.156598 1799.506592
1974.357712 507.842448
1976.254154 1817.110032
1941.847431 407.180223
2006.065037 1866.070927
2091.931596 503.273878
2032.131517 1773.541529
1972.167518 442.866732
1918.339216 1867.580034
1968.656632 447.674429
2010.381068 1863.352332
1888.172887 480.227995
2058.733260 1789.828825
2103.172412 410.605103
1938.463757 435.890228
2113.090121 1906.251977
2026.094013 354.738238
2189.233579 1878.941725
2014.681833 1900.018586
2084.500464 444.413504
2061.423362 1838.785496
2096.472224 350.083290
2153.796330 462.881919
2088.319924 1898.789590
2043.324365 356.613096
2016.859844 1733.745899
2118.003158 347.047935
2106.256463 1892.376736
2004.457496 408.484027
2041.603758 1844.052355
2029.582205 322.958310
2216.113134 344.032369
2108.617704 1837.231629
2061.084186 384.039872
2099.733073 1867.102293
2018.558976 368.318069
2098.450267 1816.174006
2070.257476 306.831965
2148.026827 1821.473282
2110.844240 294.780624
2191.953267 300.021043
2119.150901 1788.429341
2125.291885 327.450516
2185.039403 1835.711858
2104.364443 281.669288
2149.916130 1867.017224
2093.976235 406.155536
2126.719075 1863.593662
2108.724379 296.395924
2230.826327 1840.569077
2133.207986 320.038159
2174.975022 1863.632141
2058.610401 265.809357
2332.239291 1804.292351
2103.598515 245.629371
2166.216026 362.173253
2264.894473 1878.199908
2234.838768 1884.841980
2150.161598 269.547591
2326.828940 1927.266264
2249.372698 230.979986
2341.317108 1909.575079
2107.371181 323.429754
2167.705283 1901.126745
2247.667960 299.040105
2249.330718 1937.779301
2202.619264 250.962714
2196.319035 1917.720381
2272.130772 287.009807
2253.078678 1976.030503
2227.339339 270.972373
2310.996565 1917.755285
2247.267658 220.261969
2241.056786 1899.841089
2285.579201 2018.059791
2269.764864 258.493853
2215.485250 1993.978381
2282.694628 170.070948
2264.990523 1923.405862
2394.542159 2026.954143
2266.017099 227.784804
2276.379775 1950.550843
2274.344708 2024.649497
2315.149916 217.297670
2338.832768 2018.995234
2369.921391 1825.353188
2333.549622 1863.468418
2327.409557 1766.289390
2314.446106 1869.341068
2282.609091 1829.765113
2323.654168 1972.770746
2270.762779 170.004880
2373.144465 1801.723132
2342.812118 1871.995003
2423.846626 1863.439541
2355.198228 1893.868439
2350.156168 1891.006233
2249.775289 1955.379325
2398.842962 2012.887005
2419.357596 1736.291926
2327.838945 1791.747386
2245.964413 1772.941363
2377.380295 1745.909072
2310.063068 1980.109492
2326.037345 1993.665862
2352.859058 1953.595598
2295.342384 2023.902836
2293.500633 184.815610
2314.102051 1517.028628
2247.240766 1559.800093
2395.177411 1552.368653
2367.973926 1579.259018
2233.228010 1601.906651
2349.047155 1623.453333
2311.595774 1793.148546
2308.526313 1691.035654
2383.807230 1993.849593
2420.155734 1943.756762
2321.749836 1960.954905
2249.356881 1968.285422
2197.668547 1511.022512
2297.141015 1578.697603
2251.946586 1633.081607
2322.100248 1569.082466
2408.248567 1772.893504
2391.222937 88.909447
2302.622433 1667.533843
2389.937333 1555.452815
2373.236126 1723.425766
2300.521924 1364.742725
2321.026791 1402.992904
2439.189041 1474.780168
2246.422738 1513.636749
2448.327335 1522.199638
2415.764468 1512.296026
2400.650043 1665.600970
2427.519655 204.542393
2376.204556 1671.252826
2422.744835 1397.351690
2388.578291 1620.442817
2388.908356 233.175818
2273.283038 1647.066553
2288.689971 1463.802776
2348.387825 1634.715086
2291.740666 1415.819035
2434.725595 1417.091562
2474.274016 1420.995038
2330.349783 1456.353987
2203.866622 1354.607717
2335.126014 1710.286936
2442.782888 1729.031982
2480.538873 1701.309457
2321.951577 1704.478636
2361.705191 183.018115
2378.196626 1376.002196
2352.407988 1361.115615
2354.763432 1350.981542
2231.744618 1303.629663
2409.477709 1371.607876
2284.083575 1331.916841
2373.778599 138.851276
2319.008078 1292.313717
2411.398704 1316.818068
2390.088427 193.908300
2365.306634 1277.715194
2364.299538 1318.972213
2386.135771 142.136823
2232.253140 1230.434153
2411.239514 151.896311
2359.608460 1229.682800
2480.712864 1226.987147
2424.740929 158.764989
2431.078642 1227.777797
2388.765842 95.140463
2411.318794 1231.907784
2451.489591 1186.029238
2445.275076 134.271748
2488.829897 1217.852333
2436.652628 1164.079547
2375.379827 105.164607
2468.652637 1153.778714
2395.540598 74.402063
2416.622515 1140.720139
2317.352670 116.088598
2458.864414 1153.330072
2487.361261 170.038750
2455.435378 1169.287886
2500.673341 1085.708732
2460.911160 91.051686
2369.689279 1117.687766
2495.284090 1192.460285
2387.799692 1156.596934
2529.244265 89.391078
2563.908346 1118.574845
2465.882814 85.369709
2468.511171 1064.394937
2447.410396 1142.002108
2454.742768 100.291238
2388.599458 1091.379542
2432.142782 55.855913
2506.716008 1112.001745
2579.856028 45.460818
2633.794142 1081.487482
2596.655439 4.887988
2533.273538 1051.064919
2616.929484 99.021523
2577.673506 1102.420896
2535.223017 1074.777353
2553.744913 32.928870
2626.535366 962.914158
2547.310828 -0.633311
2578.559769 1011.707506
2674.437236 -45.674696
2681.180880 989.722500
2640.290792 112.730381
2431.109004 1005.410187
2591.765944 1010.413862
2531.775287 68.412570
2564.815259 1025.187207
2683.650164 49.496586
2486.630441 953.689845
2681.387295 37.175627
2638.173132 972.248493
2560.176626 79.261272
2645.890060 940.073123
2684.130025 122.753933
2653.277466 896.312293
2596.547514 103.358257
2613.130223 1019.725497
2624.170017 33.954499
2697.423190 853.307106
2652.370708 899.312212
2768.489369 928.619871
2718.046279 922.376981
2690.564993 963.567189
2593.372698 963.222827
2608.450922 981.415208
2633.496112 945.848364
2576.591095 828.264937
2608.121410 816.623135
2713.265447 932.271929
2727.268986 798.079040
2581.235376 865.389319
2683.498009 841.341497
2647.497957 835.527063
2666.156055 -12.177371
2678.798415 733.239305
2673.890126 848.723818
2720.697443 767.392484
2698.276354 51.584457
2737.913437 766.899394
2694.665844 706.437898
2738.118528 719.053703
2701.313705 666.806703
2601.625921 81.629911
2713.389698 679.817117
2655.886678 759.371918
2635.251985 52.816700
2750.408693 666.287225
2622.858705 604.752172
2630.417914 33.186743
2733.304546 665.036222
2765.467264 614.446453
2704.713241 658.092919
2762.257191 93.798304
2831.519408 655.999024
2731.104198 18.272885
2789.996956 694.467008
2701.893513 638.519024
2670.153479 73.591573
2711.306489 674.762474
2705.106318 658.008524
2716.809217 41.445840
2596.179984 654.927817
2688.422247 33.880383
2679.082218 617.806574
2758.351294 557.119591
2718.368336 108.741372
2780.023734 602.246222
2747.898952 566.951554
2871.151749 116.215211
2738.870315 538.868102
2700.268143 76.761502
2807.886934 553.672263
2673.425061 466.640969
2840.612911 -20.077287
2772.740275 540.747941
2850.905789 33.892175
2822.872867 461.908946
2876.183541 31.302353
2742.099821 530.231670
2806.433266 60.701144
2816.580631 531.523080
2803.058324 69.741244
2786.814302 479.589174
2911.458594 42.991955
2777.805497 545.379489
2804.076287 420.052122
2789.140390 10.244756
2810.235385 488.465653
2951.071892 445.310470
2743.447277 518.597313
2893.094081 350.398410
2831.828807 435.412558
2831.162726 453.896831
2808.902303 427.408747
2989.912971 346.889855
2894.217474 416.140297
2724.292067 372.569664
2977.079491 399.754456
2835.254886 468.115560
2812.230754 90.724981
2895.773599 356.455463
2887.755770 372.319882
2816.165428 299.037188
2825.531422 442.384462
2839.080638 467.098526
2799.564468 200.949294
2933.970158 344.655947
2947.744693 286.880286
2761.848250 -72.969923
2914.644752 345.995596
2909.623935 345.498833
2869.283932 418.118848
2880.693367 418.471043
2865.416258 209.018488
2874.014973 22.437684
2988.297067 210.531673
2885.251847 240.580177
2950.789645 405.761082
2955.273469 490.454643
3104.021278 23.762939
2897.670523 205.653587
2847.715243 244.778031
2818.835685 6.161143
2983.071422 263.337838
2940.085058 210.248856
2894.884313 43.117769
2906.493324 184.797170
2915.442075 80.893155
2945.051786 167.701286
2941.392565 113.799641
3049.597363 26.334539
2918.355622 138.066911
2981.185159 156.114663
2873.707221 51.940384
2986.368691 137.227858
2890.196789 44.760386
2965.355258 112.634500
2974.761813 -0.369554
3012.023110 125.019492
2820.416870 -39.601453
3008.688935 163.955578
2992.921461 44.170892
2984.514301 120.720537
3088.985021 36.996890
2970.410591 41.198277
2955.562482 69.733545
2941.934981 3.778239
3081.599793 99.564367
2936.642017 33.107584
2955.225304 99.607959
2977.064095 12.683102
3022.062719 121.083656
3040.848806 -25.832142
2950.386191 94.570967
3011.673449 43.141760
3052.596820 -20.619676
2982.874357 -12.482529
3143.057907 79.943331
3047.719328 -55.921588
3076.925886 77.081613
3059.453976 0.972698
3051.596199 36.169407
3046.494302 36.725398
