16 166
16 168
16 170
16 172
16 174
16 176
16 178
16 180
16 182
16 184
16 186
16 188
16 190
16 192
17 194
18 165
19 194
20 162
20 164
20 196
21 198
22 160
23 199
24 159
25 200
25 202
26 151
26 153
26 155
26 157
26 204
26 206
26 208
26 210
26 212
27 214
28 150
29 214
30 147
30 149
30 216
31 218
31 220
31 222
32 145
32 224
34 144
34 224
35 226
36 136
36 138
36 140
36 142
36 228
36 230
36 232
36 234
36 236
36 238
38 135
38 239
40 132
40 134
40 240
40 242
42 130
42 243
44 129
44 244
45 246
46 126
46 248
48 125
48 249
50 122
50 124
50 250
50 252
51 116
51 118
52 253
53 115
54 254
55 112
55 114
55 256
56 258
57 111
58 259
60 111
60 260
60 262
61 264
61 266
61 268
62 110
63 269
64 109
65 270
65 272
66 106
67 273
68 105
69 274
70 102
70 104
70 276
71 96
71 98
71 278
73 96
73 278
75 96
75 278
77 95
77 278
79 94
79 279
80 281
81 91
81 283
81 285
81 287
82 289
83 90
84 289
85 87
85 89
85 291
86 293
87 85
88 293
89 84
90 293
91 81
92 293
93 80
94 294
95 77
95 79
95 296
96 298
97 75
98 299
99 74
100 300
100 302
101 71
102 303
103 71
104 304
105 71
105 306
106 308
107 70
108 309
109 69
110 310
110 312
111 66
112 313
113 65
114 314
115 62
115 64
115 316
116 318
116 320
116 322
117 60
118 323
119 59
120 323
121 56
122 323
123 55
124 324
125 52
125 54
125 326
126 328
127 51
128 329
129 51
130 330
130 332
131 51
132 333
133 50
134 334
135 47
135 49
135 336
136 338
137 45
138 339
139 44
140 340
140 342
141 41
142 343
143 41
144 343
145 41
146 343
147 40
148 344
149 39
150 345
150 347
151 36
152 348
153 36
154 349
155 36
155 351
156 353
157 35
158 353
159 34
160 353
161 31
162 353
163 30
164 354
165 27
165 29
165 356
166 358
167 26
168 358
169 26
170 358
171 26
172 358
173 26
174 359
175 26
175 361
176 363
177 25
178 363
179 24
180 363
181 21
182 363
183 21
184 364
185 21
185 366
186 368
187 21
188 368
189 21
190 368
191 21
192 368
193 20
194 368
195 17
195 19
196 368
197 16
198 368
199 16
200 368
201 16
202 368
203 16
204 368
205 16
206 368
207 16
208 367
209 16
210 364
211 16
212 363
213 16
214 363
215 16
216 363
217 16
218 363
219 16
220 363
221 16
222 363
223 16
224 360
224 362
225 16
226 359
227 16
228 358
229 16
230 358
231 16
232 358
233 16
234 18
234 358
235 20
236 358
237 20
238 357
239 21
240 354
241 21
242 353
243 21
244 23
244 350
244 352
245 25
246 349
247 25
248 348
249 26
250 348
251 26
252 348
253 26
254 28
254 345
254 347
255 30
256 344
257 30
258 32
258 343
259 34
260 343
261 35
262 343
263 36
264 38
264 340
264 342
265 40
266 339
267 40
268 42
268 337
269 44
270 334
271 45
272 333
273 46
274 330
274 332
275 46
276 329
277 46
278 327
279 47
279 49
280 324
281 50
282 323
283 51
284 53
284 320
284 322
285 55
286 319
287 55
288 57
288 59
288 61
288 312
288 314
288 316
288 318
289 63
290 65
290 309
292 65
292 308
293 67
294 69
294 305
294 307
296 70
296 304
298 71
298 277
298 279
298 281
298 283
298 285
298 287
298 289
298 291
298 293
298 295
298 297
298 299
298 301
298 303
299 73
300 75
300 274
302 75
302 273
303 77
303 257
303 259
303 261
303 263
303 265
303 267
303 269
304 79
305 254
306 80
307 253
308 81
308 83
308 85
308 87
308 89
308 91
308 93
308 95
308 97
308 99
308 101
308 103
308 105
308 107
308 109
308 111
308 113
308 115
308 117
308 119
308 121
308 123
308 125
308 127
309 129
309 250
309 252
311 130
311 249
313 131
313 133
313 135
313 137
313 139
313 141
313 247
314 143
315 145
315 244
317 145
317 243
318 147
319 149
319 243
321 150
321 243
323 151
323 242
324 153
325 155
325 239
327 155
327 238
329 156
329 238
331 156
331 238
333 156
333 238
334 158
335 160
335 238
337 160
337 238
338 162
339 164
339 235
339 237
341 165
341 234
343 166
343 232
344 168
345 170
345 229
347 170
347 228
348 172
349 174
349 225
349 227
351 175
351 224
353 176
353 222
354 178
355 180
355 219
357 180
357 218
358 182
359 184
359 215
359 217
361 185
361 214
363 186
363 213
365 186
365 213
367 186
367 213
369 186
369 213
371 186
371 213
373 186
373 213
375 186
375 213
377 186
377 213
379 186
379 213
381 186
381 213
383 186
383 213
385 186
385 213
387 186
387 213
389 186
389 213
391 186
391 213
393 186
393 213
395 186
395 213
397 186
397 213
399 186
399 213
401 186
401 213
403 186
403 213
405 186
405 213
407 186
407 213
409 186
409 210
409 212
411 186
411 209
413 186
413 208
415 186
415 208
417 186
417 208
419 186
419 208
421 186
421 208
423 186
423 208
425 186
425 208
427 186
427 208
429 186
429 208
431 186
431 208
433 186
433 207
435 186
435 204
437 186
437 203
439 186
439 203
441 186
441 203
443 186
443 203
445 186
445 203
447 186
447 203
449 186
449 203
451 186
451 203
453 186
453 203
455 186
455 203
457 186
457 203
459 187
459 189
459 203
461 190
461 203
463 191
463 203
465 191
465 203
467 191
467 203
469 191
469 203
471 191
471 203
473 191
473 203
475 191
475 203
477 191
477 203
479 191
479 203
481 191
481 203
483 191
483 203
485 191
485 203
487 191
487 203
489 191
489 203
491 191
491 203
493 191
493 203
495 191
495 203
497 191
497 203
499 191
499 203
501 191
501 203
503 191
503 203
505 191
505 203
507 191
507 203
509 191
509 203
511 191
511 203
513 191
513 203
515 191
515 203
517 191
517 203
519 191
519 203
521 191
521 203
523 191
523 203
525 191
525 203
527 191
527 203
529 191
529 203
531 191
531 203
533 191
533 203
535 191
535 203
537 191
537 203
539 191
539 203
541 191
541 203
543 191
543 203
545 191
545 203
547 191
547 203
549 191
549 203
551 191
551 203
553 191
553 203
555 191
555 203
557 191
557 203
559 191
559 203
561 191
561 203
563 191
563 203
565 191
565 203
567 191
567 203
569 191
569 204
570 206
571 191
571 208
573 191
573 208
574 193
575 195
575 208
577 195
577 208
579 196
579 208
581 196
581 208
583 196
583 208
585 196
585 208
587 196
587 208
589 196
589 208
591 196
591 208
593 196
593 208
595 196
595 208
597 196
597 208
599 196
599 208
601 196
601 208
603 196
603 208
605 196
605 208
607 196
607 208
609 196
609 205
609 207
611 196
611 204
613 196
613 203
615 196
615 203
617 196
617 203
619 196
619 203
621 196
621 203
623 196
623 203
624 198
625 200
625 203
627 200
627 203
