28.861111 271.141618
27.778340 272.298341
13.970392 277.332203
56.166940 283.453332
21.823486 291.779287
33.158640 297.632400
23.985239 297.526973
14.724221 274.093033
33.544489 262.822764
46.748570 297.762976
22.289496 303.685507
32.811954 256.063404
35.256148 306.511917
47.456333 306.582661
30.082907 258.047983
34.497223 309.552532
36.662550 317.709687
31.028963 254.130832
35.560736 315.225977
41.507175 253.232663
50.829113 323.498416
29.101583 237.780232
57.856576 237.571648
34.808935 229.087841
51.654551 333.401099
50.574187 223.810168
59.271521 324.917646
64.001995 217.472706
49.532926 213.487022
53.664422 214.618449
58.654566 222.500025
50.900186 218.170313
60.260118 333.434087
68.403534 205.813530
62.754789 201.122150
63.527248 337.577255
55.677856 193.143275
48.801910 339.248120
83.106234 336.296788
40.942855 199.454221
80.752317 350.431412
75.552008 197.449652
60.877675 342.829641
71.436616 190.303018
70.737683 350.460878
78.849155 195.348719
93.908601 354.937067
61.680489 186.458959
100.852489 350.970145
80.231569 187.773758
75.804713 355.652257
108.007875 182.756719
88.434247 358.247863
111.876175 194.700964
104.173898 362.652473
104.405909 188.542612
96.802242 358.762982
98.825860 188.684949
85.319614 356.997261
102.293715 362.373315
108.656054 190.128284
101.709273 361.259910
111.455653 176.325263
99.526507 359.957838
123.200098 174.414764
103.608116 356.657515
120.298718 183.139235
117.682329 372.811255
127.978528 174.593379
141.372989 371.605374
125.085820 183.736769
125.069856 369.320797
135.485600 183.820833
123.606479 373.948726
118.657520 184.676187
130.909771 380.858833
121.932158 381.100805
122.106911 177.861593
137.965102 384.390806
152.995855 175.544626
154.175581 390.226170
163.312025 171.839386
149.821835 399.986166
136.192003 177.385090
142.005226 392.653981
167.839571 173.097031
155.561510 394.096104
157.459966 181.045127
180.830426 401.828690
149.429287 169.762392
178.202385 391.740950
171.561425 177.764409
157.344923 396.387776
171.048249 164.226987
168.554162 398.172577
176.956865 173.544819
162.014689 396.192181
181.410200 168.478930
155.776998 403.711056
174.446841 174.793925
188.033228 406.280619
179.509878 162.302626
182.570843 413.782043
180.946634 166.130641
197.610540 409.274050
199.712208 168.785497
196.337125 402.524288
187.529741 161.314269
207.226645 389.348914
215.850390 165.731912
210.153879 397.879694
206.082678 158.599483
200.710708 394.184137
214.135404 164.290411
218.825137 394.825713
210.188153 157.895852
211.521551 396.044877
216.022948 158.495573
214.423051 395.945578
226.066243 162.084003
219.094732 391.571422
217.409217 161.737690
225.441498 382.750010
232.335425 152.888286
237.747864 397.066938
242.892758 153.891256
249.572131 396.303853
237.330732 152.234240
240.147096 394.289294
248.934962 395.170549
249.712667 154.978634
236.988733 401.664031
235.554302 155.555489
243.773504 407.742258
248.592300 164.027729
257.415388 403.341224
251.823793 148.247448
262.288226 400.294582
249.505752 149.583430
263.814479 400.395595
258.759259 154.541972
266.369125 401.699792
267.300559 154.075733
273.353518 399.280485
276.332007 157.002318
275.827076 405.342161
285.414756 154.305238
277.740221 403.597278
275.461476 147.977382
265.928666 395.612628
281.734819 144.889855
281.392930 406.188175
289.675152 136.530684
296.119645 404.241497
295.859275 142.403476
297.069274 402.534554
298.099211 145.813576
292.906358 402.223380
295.976547 143.534184
292.331003 407.387219
300.187149 409.567066
313.863071 140.864791
312.883594 409.597376
309.092293 153.622690
311.090949 417.460157
293.413631 137.607913
311.153960 413.012010
316.360628 150.543273
318.850268 411.947255
315.118229 147.863155
318.342461 414.631551
332.788917 150.767608
305.347163 412.870020
334.834358 146.358396
333.395022 424.109128
333.941802 134.745651
343.284234 410.365952
314.687958 134.574998
341.494008 410.872447
326.050745 141.184618
340.677233 423.271906
334.173842 137.457892
357.942998 423.078407
356.682158 132.127926
351.691953 413.053012
350.283509 126.575134
346.939327 417.948033
351.209544 125.520384
356.255400 414.546962
372.381316 113.531106
359.009714 121.698455
354.014181 417.718155
355.951670 108.844681
369.787702 422.734578
354.237684 104.755957
360.374384 104.903876
382.170191 419.362835
375.938395 95.834099
370.856738 411.024617
394.084171 102.413505
377.114679 423.109407
390.826091 90.341102
396.241814 419.541221
390.867710 87.224148
372.221725 421.831830
394.021909 84.558158
410.254457 425.328392
383.398308 77.004924
391.903004 428.187702
383.422989 73.055296
401.228240 422.776282
402.425102 73.684462
405.405754 424.451936
388.248988 74.340973
409.601015 426.165360
409.203211 64.918679
415.448271 429.229261
410.045150 55.687569
407.878983 419.667089
407.427423 63.750262
388.227266 407.739739
425.124381 58.086309
409.109012 418.057156
428.475525 53.587420
405.324063 409.560785
404.861571 45.298123
426.506614 423.316868
443.242318 39.031737
442.484328 424.361705
432.050768 41.835092
439.147079 417.474621
434.150303 38.928543
422.138451 421.278455
450.341269 37.631864
425.764401 433.619510
437.815638 436.438214
426.494327 428.890741
443.022428 441.881016
435.702992 39.488768
453.487957 449.670805
449.096745 23.554416
438.849710 439.683172
448.333476 453.513146
444.126690 31.859573
448.559767 446.218083
443.079433 30.373360
446.334639 463.163590
462.162997 22.162367
452.304705 468.305687
467.411633 29.974288
458.863829 468.196687
480.194522 28.034501
467.759750 467.502112
453.610094 18.174721
474.110243 478.866753
473.526573 475.097520
473.959305 27.661331
471.886283 470.097765
469.680280 26.751030
482.097714 470.797710
501.262401 26.677871
470.179134 478.168548
491.117688 17.469411
500.062580 475.174494
477.918520 29.307210
477.605443 477.608027
499.488274 28.359000
503.348619 479.712157
485.150995 32.184128
495.389947 484.613652
491.701512 18.584525
502.371529 479.024229
509.992417 29.390780
515.584133 475.198416
516.797556 23.912004
506.808294 479.281923
507.994049 30.068908
513.358287 484.575582
519.725498 21.805678
523.051402 476.465371
521.625978 29.162325
511.400346 473.763659
519.114690 23.741104
530.720468 471.899821
519.265607 28.666277
531.322775 473.563770
525.997132 19.693069
530.083821 481.337792
527.827862 24.573174
542.425315 479.892692
550.661644 31.032041
542.909688 464.886898
561.260103 30.072945
549.157957 467.122016
554.939750 26.317468
557.008176 462.359466
547.064100 34.616838
545.833384 463.469381
548.926891 35.480167
542.002106 452.159514
552.042017 459.837717
549.190982 28.282995
565.648721 454.337358
563.976159 32.377450
562.548219 453.636259
560.294026 31.907217
565.281988 449.661000
561.110009 38.150975
557.039541 438.530994
606.516952 32.866580
585.868958 435.881290
592.824574 27.176967
591.874974 435.489364
588.660005 36.259716
578.469247 428.161717
599.699613 29.756636
581.331771 418.305150
603.389620 420.890863
594.366552 28.910853
620.522694 408.119565
588.555110 407.714987
601.511114 32.193100
597.226650 404.115637
592.188803 32.723966
593.891407 405.833804
600.263506 33.377246
583.504229 391.990453
590.215322 29.799652
610.565861 395.133083
616.656722 37.129019
636.165635 393.049080
610.206349 31.657126
628.540407 387.272018
615.591361 37.397249
633.919366 391.363984
623.967646 32.601594
619.014209 390.097541
637.201336 29.909046
627.310705 402.799156
628.425722 29.560511
631.864821 393.178826
636.779269 33.102121
616.186992 393.826850
633.129144 27.242526
653.854964 383.376061
656.042400 37.654861
642.663962 397.831286
627.827520 26.370547
652.095153 393.528621
650.808435 30.883870
663.448390 386.773824
666.232617 34.613996
633.982635 379.675942
670.786401 38.226764
662.179213 391.339823
641.371033 42.856144
673.838986 397.513173
664.255036 34.368398
658.449867 388.004199
656.656150 40.208350
658.515765 391.115199
667.327471 44.463042
671.044311 388.236228
687.526713 33.945573
672.137337 390.400758
692.217969 40.737891
670.003080 386.466981
702.443996 39.562924
697.326898 380.369794
694.100818 28.452945
689.980784 379.990280
694.703038 29.393906
695.853807 386.494014
703.916357 37.032916
715.185529 386.271001
698.763067 41.589055
698.100882 381.987007
712.271255 43.980264
710.005668 381.806144
715.685692 37.099694
701.993400 381.912266
711.559578 36.496558
720.585310 379.070591
717.765015 35.332894
722.293542 384.016587
705.455937 30.603447
716.001471 384.352677
739.371846 40.497004
728.031341 386.098415
714.842188 46.016753
732.344605 383.644456
750.377771 34.432004
736.408173 382.435543
736.121905 44.352944
742.471119 373.236057
745.320042 38.857977
735.340760 374.772695
760.010937 42.438783
748.788132 382.937025
746.241970 48.482354
747.233298 374.185774
747.159177 29.931931
765.679820 382.928192
765.921834 27.450130
750.696869 380.761026
745.150522 44.051444
780.120384 373.011895
754.483808 49.650086
753.777969 381.373241
783.102524 50.208060
778.073050 368.269069
773.159744 47.341904
773.464146 369.886169
786.153691 43.505316
767.950342 364.854330
799.050402 43.331840
787.108971 379.906514
791.913710 58.592057
790.998405 49.643721
783.641807 373.923085
788.771222 48.112803
785.430210 373.849209
793.365111 48.643002
801.843193 375.822616
814.026296 43.206706
795.270516 372.078415
813.381959 49.162056
802.991081 372.758435
799.838560 61.031974
807.897211 370.065390
827.355253 369.539102
811.181504 51.426307
819.123718 374.267673
811.673874 47.562828
804.939759 383.992886
826.405146 49.005909
818.112679 379.543441
819.972699 51.364022
813.101560 55.800574
821.652408 382.944317
824.906169 384.871296
836.121424 390.125895
827.165271 61.088227
828.547136 392.626928
843.881835 382.816682
837.394369 59.395447
833.568288 395.179572
828.926195 50.682477
844.368328 402.508931
833.791841 44.905526
846.175151 396.347331
851.928089 47.147969
834.353110 408.619231
836.463185 50.290126
840.127124 410.592672
852.065219 58.985647
849.186699 408.452278
879.359764 59.172892
846.161975 407.008771
847.436437 65.202687
850.796915 409.219226
859.661394 66.149673
876.269744 66.508323
867.173006 409.550463
863.430209 65.587083
870.578434 413.529773
875.535986 68.940366
893.827115 74.384733
866.742151 412.444875
895.723184 74.770016
871.771660 410.963204
870.155489 78.442282
872.993018 87.022563
877.929846 410.767551
876.197700 70.127620
885.516634 403.991939
866.152953 94.688767
894.529624 83.680968
879.584357 412.602849
902.011599 87.945737
896.446263 407.918068
901.688372 100.263341
895.048319 92.103561
874.990358 406.756969
915.844492 100.430648
898.584451 102.405672
902.822895 401.206627
890.223312 111.227137
901.031836 403.442411
928.915689 101.718911
916.368492 102.131317
889.816622 400.823547
891.601046 107.727171
912.537306 394.066345
903.972544 126.098987
910.603465 117.522803
925.648313 393.181274
920.219321 123.157110
931.981527 127.743478
917.990735 394.611338
926.893751 128.797294
900.151449 389.936385
924.888266 126.015491
917.165430 376.364310
930.400329 123.369513
911.424704 386.626979
933.604234 153.062024
916.182356 373.123954
931.588591 138.950569
934.427767 375.153392
935.025751 149.023851
935.718813 364.369072
951.246176 373.842513
955.033248 149.863429
954.339645 354.800560
944.446338 150.778770
917.322165 164.826268
944.048218 352.426640
922.705829 159.874875
930.909367 352.362974
955.446534 162.383861
959.304580 167.537071
934.160408 173.305308
939.801501 344.743042
949.546932 175.677890
950.529527 338.234358
947.218106 173.345155
961.648802 182.714676
956.799395 343.212933
943.045942 181.768888
941.029496 328.712049
965.931815 198.215856
965.319503 197.020244
960.779832 200.255026
972.850584 208.677271
970.293142 322.387555
972.833118 205.920475
985.348686 342.231231
979.557389 207.756662
977.740671 224.167657
997.761647 213.821791
981.388155 219.989192
987.886109 231.069591
994.478292 234.322508
961.796685 232.278736
996.037426 237.994107
978.392476 246.860898
964.052129 240.360669
975.610385 258.017759
967.671878 256.026357
979.779594 260.885774
972.326908 257.223074
964.466288 274.382828
963.767911 268.047076
992.963536 278.956423
967.749665 275.099946
984.517657 274.071307
976.901689 282.733203
985.658387 294.173709
976.775307 299.108463
980.564009 306.512678
980.092755 331.738669
961.562476 321.580490
973.918417 295.278954
958.501856 323.251948
996.741050 302.992283
989.722584 313.623990
957.188758 317.393514
973.864905 318.731655
