45.622297 48.259718
58.659095 64.965263
51.991212 81.857925
63.385034 81.473514
51.396207 105.562721
55.366941 120.736827
47.387903 94.896132
64.743858 107.863545
58.838066 105.923646
57.791462 93.350360
55.288835 93.278515
63.374495 137.980594
62.544829 139.937787
65.226695 134.446330
58.184019 124.198420
57.078791 133.490760
63.825683 167.633031
57.251684 140.227693
57.366321 138.581373
74.906943 80.061800
71.919842 145.148160
54.767852 108.816784
60.138796 141.053344
57.165832 165.965547
64.074213 164.645295
62.775616 171.112343
52.747953 149.146214
67.254668 156.119492
67.870313 196.442623
65.494272 196.059965
59.508213 160.469150
73.904928 199.570850
74.689508 195.067259
67.244697 188.077444
61.997650 221.780369
69.689086 186.474270
65.725875 203.356853
73.741263 181.969564
61.573218 242.675942
70.322257 239.155219
67.390119 282.772247
70.875888 212.071334
63.610385 240.334442
64.303170 241.761116
53.945322 248.281812
65.939241 265.634473
76.667836 227.807695
63.429934 214.029105
67.821818 229.256715
70.318532 268.452662
68.775958 242.291975
68.038726 274.055520
74.430527 277.351905
73.059072 258.455707
61.599474 286.361793
69.095195 312.131645
57.878917 288.732006
78.747326 279.569326
61.516176 301.160799
75.687240 308.943338
72.346915 306.839883
76.354735 312.295476
68.962198 314.283102
66.445670 314.867981
61.756819 305.189918
66.602318 472.958898
68.716494 479.103174
75.890095 420.892419
64.370627 483.651619
58.142150 459.291513
63.683604 465.821226
72.589342 451.303214
67.239009 499.725092
65.400916 524.137942
64.680417 477.721083
71.917912 497.077504
67.500575 500.750106
70.067679 523.389158
71.694523 491.272910
54.845439 521.113448
57.211804 518.263287
66.819945 488.089316
61.097539 498.124039
62.777372 540.791738
78.064507 512.347151
71.819054 544.409144
71.832055 518.545853
61.461984 553.430749
64.342363 563.981271
68.337282 508.065760
66.867059 553.666288
66.250157 571.550686
58.250538 547.211393
59.883657 568.526225
68.856133 574.290147
72.167591 547.504630
55.921785 603.118096
65.180829 555.452021
60.246239 80.316803
60.956765 337.174992
74.057968 433.512972
65.289563 343.437279
76.360646 335.990631
74.333838 332.166993
71.548046 321.811076
74.317331 368.632674
64.286099 340.306012
70.584598 363.962085
71.023485 346.730801
70.592072 385.725925
69.130603 364.997011
64.229176 351.292879
61.674056 354.030519
75.452834 371.394380
58.533054 395.140377
68.290098 417.941675
56.832692 372.540987
83.074223 418.175028
73.859757 414.358762
71.541034 400.427766
73.652563 406.122507
68.094099 390.811953
64.671641 408.421395
69.558185 418.832342
73.620173 427.335537
74.580980 432.681938
69.763280 441.955124
74.387011 438.498471
72.202621 445.557687
68.915766 461.706449
66.370818 572.642921
64.537348 618.226094
63.154286 586.193341
77.099045 577.008294
70.664704 588.194396
79.764251 614.765500
72.493691 626.551190
75.502855 603.829610
70.326742 591.265983
71.288671 583.567222
71.222075 631.543743
71.209997 602.630358
68.576320 103.249007
72.418751 674.609359
84.668813 76.253238
79.106627 643.089786
68.777040 647.438026
69.390687 617.944451
83.631728 67.990663
84.196030 665.612214
82.073702 657.975476
69.881710 630.767868
82.116582 637.136722
87.844247 651.143979
84.481250 92.079409
83.421540 693.180772
84.986184 71.421990
90.949745 641.892749
92.403102 53.459670
95.886812 657.454564
90.385085 654.961374
97.545665 679.575748
96.594442 662.472112
86.299970 682.241139
90.594793 694.620651
98.118441 78.020497
92.574241 672.030923
105.469302 689.970580
97.095724 740.666931
94.707877 679.447595
94.619493 53.087421
102.819895 709.725094
103.700691 717.218277
99.921702 726.171261
84.619083 692.752602
101.709580 731.987179
90.839130 743.497550
106.646449 719.853146
97.456919 710.378145
97.462247 766.638599
95.799540 772.601982
96.748348 748.781507
108.342065 751.823949
99.910835 730.032836
97.528828 64.543937
106.242183 744.333611
96.066443 736.457949
111.309442 786.336283
111.290250 749.292027
114.595192 730.260157
104.888263 83.009141
94.644381 754.118465
108.670612 73.432026
101.428395 803.685287
124.866626 765.910003
109.028421 776.230875
113.530999 792.540110
120.272761 58.994898
108.475754 800.398770
114.698603 776.950749
121.737734 817.836192
109.370201 814.699126
121.582050 87.245335
121.373198 108.826750
125.422021 815.852510
116.209274 818.223498
116.700048 819.155871
121.242499 803.125356
123.038284 817.774631
116.200564 841.883212
133.670719 822.490766
127.876467 61.918446
122.647103 859.621839
132.810673 832.063816
125.320687 861.015725
126.723680 838.026586
129.481606 844.529658
125.520514 841.926411
122.666562 867.002015
113.935430 888.971084
126.913045 851.394796
131.291396 936.462548
125.991674 892.925627
117.050576 96.695665
137.573169 85.759029
127.788233 895.345844
132.627859 893.465310
133.906936 864.598929
145.327917 900.313004
136.883212 885.206447
136.773587 97.657108
139.484922 880.810911
129.668862 883.087539
136.708974 886.262064
131.977172 943.993806
129.132979 937.397197
136.714236 47.193176
136.831933 95.441369
135.316775 98.006147
135.225535 71.756833
141.133586 78.139776
129.781497 921.305056
135.655416 954.096310
150.122257 914.065937
144.201045 102.986920
140.640055 98.779472
141.652169 126.683123
140.673309 139.334985
142.506889 965.226677
141.487965 112.911399
160.450197 100.021719
149.415887 104.286881
158.717083 124.397965
160.192585 950.378831
148.908050 903.238259
148.883195 196.049189
150.887753 118.861963
158.011912 143.608442
145.578713 134.041072
152.820366 127.342362
156.208201 146.427506
144.144482 134.591113
154.870956 903.934917
152.281960 155.065276
157.155917 135.315937
159.906385 179.584352
151.499569 151.555659
167.146094 937.841621
154.720169 167.476503
170.423988 943.175891
168.061417 165.367113
172.299541 896.463741
166.487204 193.896269
167.438052 186.011368
170.681088 176.589371
169.560716 201.133208
173.038573 944.675430
172.654309 169.371727
169.055597 187.582860
176.005289 180.735358
168.573173 214.250722
173.532588 197.617521
171.348243 915.710042
185.810692 206.603532
181.687054 215.012536
181.062043 190.728931
176.537095 216.381109
182.012489 233.360864
179.259550 923.358578
166.306887 220.559455
189.066069 250.062969
182.793402 270.959361
178.806023 241.109249
183.026991 941.072833
180.894656 227.581119
193.724947 913.881097
191.076607 237.448152
180.123299 252.057438
178.885557 247.203721
205.525574 920.675766
193.057867 255.652865
186.880936 262.924655
192.250253 256.460784
187.791311 270.724077
188.446520 932.107641
201.168610 251.785307
196.692087 251.011690
194.155613 290.573283
187.983381 950.908271
206.622566 230.564413
200.408732 297.536551
204.940388 902.774600
200.854978 302.579025
204.164787 921.575338
210.857527 287.824356
212.686106 316.781868
205.037897 957.459440
208.323655 310.000701
223.757358 928.784585
210.806041 282.673363
221.077713 318.629167
210.949392 326.716890
219.477397 959.287754
221.119185 286.981684
213.460595 917.878154
233.808392 339.408141
224.510192 949.653312
224.927824 336.657937
219.563304 956.206246
226.989183 344.564365
230.332895 332.827651
233.375472 352.226006
243.415674 347.112833
228.971572 864.806596
245.002161 338.167852
236.556582 336.273718
234.012970 346.675127
242.933568 932.824006
240.565650 343.633686
238.244446 944.342983
258.458995 339.121840
260.944909 917.212877
250.570925 369.561594
244.618623 312.846159
255.738617 935.455411
253.489529 348.641527
252.872549 332.006922
253.683366 370.080785
252.796279 952.357531
256.056583 397.030941
255.461469 368.149260
257.825786 390.443374
258.923853 379.876511
249.127534 911.627837
262.208606 407.514859
261.260224 422.743486
272.346539 405.302510
267.034802 909.884141
261.647959 393.914179
263.915010 911.319039
263.651884 409.164286
266.784115 370.746060
269.244135 384.936983
274.870300 409.683732
264.173927 927.841237
272.780932 389.760439
268.898283 382.723673
274.723840 419.156463
261.147148 434.316514
275.258504 404.770374
261.836514 901.602170
278.733256 422.453137
287.062903 459.406039
280.837337 438.689457
278.912509 436.099453
285.190069 934.454514
289.097952 461.670974
286.807902 467.626811
278.359451 444.985429
283.781458 454.821253
282.034657 932.707531
281.920625 467.213755
284.633081 493.375777
295.019014 916.590699
288.143892 477.014730
285.028951 506.722183
291.796933 458.323561
284.309745 483.435630
291.814312 489.107615
297.114561 500.057228
285.619406 925.322767
284.020782 479.933181
284.714148 487.538146
289.913077 496.739958
294.991471 492.623772
291.644289 504.752016
293.098776 486.983840
282.345740 906.863777
305.665818 534.873869
297.552623 549.876563
302.470266 538.013013
299.261676 525.092174
303.067918 525.396904
302.976570 547.680691
302.015563 898.187735
298.746682 546.670117
301.822204 936.472131
299.390567 546.561671
314.836609 547.580636
304.103560 534.499681
296.549378 566.427167
304.762630 549.705185
305.067096 913.276687
307.766704 563.663290
312.350403 571.934103
306.101721 573.626744
308.699892 598.901865
311.290350 568.331349
318.409687 580.581041
314.269382 572.222709
300.981827 894.855419
314.070404 588.841497
313.451138 603.629596
303.535757 587.436015
309.149199 600.774588
306.723362 616.169974
323.635859 924.321152
310.798257 583.988857
317.331515 618.689573
312.603553 638.038603
315.792106 626.392520
318.027089 603.526080
325.166493 618.872202
322.627684 652.564390
317.758553 639.212589
320.861308 652.387136
319.107963 641.022993
319.823935 631.982023
321.972813 910.679138
330.083513 892.737534
313.570572 684.227304
324.002482 917.468342
332.737058 631.800112
317.636973 914.785955
319.525933 634.081403
330.688818 615.788264
317.815143 658.274954
318.941995 664.459815
321.265780 692.338515
328.620985 695.316197
326.468802 693.659699
331.283812 663.578006
332.855719 665.238523
334.536453 722.775519
333.133061 701.139238
332.457164 697.236257
321.024309 724.989518
329.031348 917.737124
330.845665 693.853005
328.451676 705.385394
336.870586 736.296697
330.302448 735.662182
325.446034 711.280587
349.130938 753.957453
339.543146 721.106224
331.612243 688.499142
327.683660 744.540584
329.166932 728.537742
330.298810 745.135452
335.001799 735.703698
334.611847 732.358286
329.210965 789.262525
334.158194 765.560025
327.378191 761.021864
334.505367 854.951541
332.376200 762.318569
338.643489 924.936876
339.262326 757.426451
350.738181 756.833888
333.831411 765.427286
332.344386 779.929752
333.613214 777.439833
333.714443 791.396128
340.513733 798.768212
337.256231 771.424190
336.988089 789.892670
337.649282 766.548161
347.756400 806.298343
334.448331 823.862482
330.088357 823.331742
329.328702 828.954529
338.325638 838.540431
348.365629 825.718891
345.877729 841.059424
331.353351 891.214276
347.578337 830.294518
349.538331 843.475005
347.388766 840.653581
345.647324 838.612961
339.641509 861.588601
353.382627 863.027303
352.192366 899.833076
343.459335 853.536927
341.280709 872.085185
348.103932 858.349455
