170.208517 159.138074
170.222470 162.786910
170.495861 162.441793
169.980024 168.109995
170.002303 159.885477
173.206335 165.549370
175.148438 153.472960
174.569022 164.334917
170.936690 164.265401
176.997437 157.575556
176.836650 165.931703
177.368385 154.234113
176.479707 168.611300
179.140918 150.389456
184.339596 169.430177
183.269958 149.211572
183.418715 165.682329
182.871805 151.802415
186.280275 147.752494
187.570824 165.656260
187.040653 149.061876
186.187400 161.943837
194.588547 146.410044
188.526109 163.118799
191.236045 145.377425
191.017454 166.115321
190.058568 514.777557
194.821205 518.337082
189.358277 518.994433
190.529364 520.269927
192.058838 521.912573
193.026122 142.053336
192.513996 160.263120
193.893467 513.513526
196.001165 522.120777
194.844941 138.216003
197.186343 141.920214
195.192091 165.547647
193.576580 512.047863
197.985786 513.814873
195.422428 531.337300
198.189042 276.543120
200.303911 276.344302
196.140780 277.155563
194.941971 279.998041
197.360776 285.055537
195.216997 286.094150
193.296620 291.853185
195.758762 290.762548
196.621617 290.175302
193.950895 294.641249
200.823331 293.121013
198.318397 297.184665
196.099493 298.225936
195.346585 301.094584
194.051943 311.401499
195.312467 306.993439
196.362401 307.968818
196.169926 478.575921
192.070212 485.561242
194.600085 487.663232
195.137631 490.862248
198.474227 493.601266
193.729640 502.027657
196.538287 502.168919
198.336181 501.107991
193.707273 498.666384
197.235351 500.381630
196.703736 503.445992
197.173808 508.353403
198.371473 523.815118
198.461482 526.559961
198.387648 533.975210
196.120455 536.884107
193.282244 537.141089
197.371376 538.366969
195.403117 540.323007
196.700504 543.210668
199.467278 141.356290
193.708372 164.158004
195.158219 543.204629
198.719093 274.282528
201.486287 303.662784
198.614099 487.014503
197.985956 137.745206
198.702724 165.699332
196.745631 542.907836
193.807479 164.260050
199.597763 271.371080
202.571571 272.478793
202.083948 312.890287
200.028193 482.994151
200.964558 481.231293
202.166380 542.711446
200.605872 142.405740
205.663580 171.090350
201.103531 258.484721
199.672592 262.694534
202.790745 263.927513
201.883085 268.560683
197.120918 267.467473
199.701661 475.919125
203.399502 475.379997
200.979490 550.940679
200.669511 548.624064
200.694046 550.918893
202.788405 306.024925
201.340942 547.309068
198.531291 141.286989
203.499353 171.164792
201.983487 257.007515
202.148187 477.397447
205.678873 310.636752
204.885078 550.291024
206.930865 136.234823
201.499018 137.946351
203.315905 165.455543
203.705539 172.112489
207.472743 253.392128
202.331678 258.719435
205.609653 472.927487
203.460811 474.322228
203.258502 557.173330
201.556533 179.827155
205.773642 178.910080
207.153194 175.488527
207.197868 178.977486
204.925234 183.482958
208.362159 181.148964
207.874015 189.299006
206.148481 191.044949
207.759960 187.574724
209.238949 193.644154
203.923961 195.378712
208.748364 186.813975
205.408890 196.169054
203.040971 246.384616
206.131677 247.896315
207.611978 246.268628
201.384329 253.713663
207.823963 258.219921
205.772137 310.916683
206.779122 458.632757
206.460303 465.214627
204.110636 467.013934
203.777164 469.007882
206.163925 470.981849
209.058837 557.080046
206.775865 138.881039
208.848256 201.118664
207.166140 239.911664
207.665223 303.347459
208.840346 461.413960
204.600250 563.341429
207.836475 137.765135
209.941520 202.911374
211.485117 200.240442
212.545340 240.652651
209.960990 240.704399
210.483679 302.602053
208.251199 453.937094
208.295401 458.972521
208.364632 558.570492
208.840321 564.105300
209.372763 139.623633
211.629820 202.441696
212.746519 207.808413
209.111751 208.762367
213.470274 213.240612
210.091370 212.864227
210.071873 233.667017
209.513484 236.620004
210.756441 372.435744
208.981251 377.020074
215.071617 380.909077
211.006755 383.377146
209.078998 384.326130
209.026047 387.527992
213.046586 383.844570
211.776933 389.681224
208.639795 390.598720
212.681552 394.507096
207.487457 394.807187
207.189957 400.844302
212.369686 400.245270
209.430049 404.397312
209.957648 451.422632
211.836825 452.648504
213.095732 213.263310
213.709000 303.743085
215.905237 401.027327
212.011207 564.400915
213.719287 137.958069
214.008855 231.740427
210.882523 374.104183
214.503070 445.883909
215.522331 212.628105
213.655135 299.024302
216.552931 302.394697
213.573210 403.398501
212.301640 559.241480
212.538836 563.614676
214.905131 136.361862
213.966448 214.487276
216.684341 230.730039
215.670973 235.378907
213.310500 369.994418
215.907677 375.380334
218.900632 406.381854
218.590783 446.898880
214.922636 448.139005
213.582225 222.544628
218.185272 216.533288
214.480947 221.614119
216.581703 225.638302
217.501889 222.521515
217.008376 227.517254
217.208820 297.794981
219.190551 363.044244
211.576411 367.611801
213.346238 407.205005
216.542307 408.388209
214.976622 414.063558
214.730517 412.547422
217.634357 412.330476
218.540332 418.719382
216.942722 422.414807
213.866269 420.360023
217.896709 438.478850
216.130609 439.561140
219.318092 441.699569
215.197306 442.192638
218.473540 443.872206
213.007733 559.353402
215.509131 133.160598
216.024635 424.852305
216.295983 295.611433
218.190483 363.835248
217.326222 437.092508
216.035415 561.603590
219.861373 136.874448
220.857862 424.948382
218.256943 298.201839
220.283600 363.072094
221.757727 371.241335
215.182799 428.993367
221.792096 433.732819
220.722259 429.873248
221.603504 558.771860
218.837384 132.857565
225.484306 357.294886
221.280502 357.666403
221.889601 425.305218
222.321234 299.526957
225.369565 558.398553
224.096507 133.507326
221.090327 355.671257
221.951637 300.522476
225.652298 293.596120
226.385680 556.404214
223.822461 558.377138
223.047595 128.843549
227.303385 351.569194
226.692008 347.818358
224.575760 293.464666
224.208782 342.449152
227.750498 343.573478
228.345906 342.907564
227.810745 348.044964
224.612434 353.943133
224.393065 556.469399
230.449375 128.934733
227.083868 293.876363
225.150253 344.176594
230.619475 552.690004
231.304159 125.605161
227.677773 291.893240
230.606615 335.651991
228.625058 340.142833
233.159476 554.147581
231.687214 125.986815
230.848121 331.086992
234.959203 334.515178
234.127535 295.011522
230.333456 551.405006
230.893142 129.221047
230.807908 331.468255
235.431458 292.965021
232.270698 295.513236
237.355115 551.207743
237.726406 552.705862
236.197289 123.484601
234.217985 325.809845
232.636846 327.208321
232.775748 284.316103
237.140425 319.425010
234.782301 315.754635
235.817147 315.561130
233.817713 321.992282
238.343783 326.041050
238.957200 549.685986
238.519935 122.226006
235.049106 288.251036
240.513081 317.906152
239.036383 544.004079
238.676714 121.224787
239.714224 284.521666
239.893842 308.226804
240.121074 319.776289
239.687535 542.417624
239.303416 117.948473
240.557813 301.008885
239.428143 302.774814
240.122511 306.272895
242.176737 306.074030
238.919997 308.346822
239.779736 277.178451
237.503369 541.504426
241.926134 120.043826
241.652036 299.215738
244.996323 284.929944
244.143556 537.128826
245.152143 543.481808
247.495340 116.034436
245.033242 297.258848
242.766301 297.120991
248.495477 284.077184
247.284688 295.339724
243.881528 285.662602
242.878428 540.172824
248.987195 120.956645
248.689819 281.201262
247.095470 289.974389
249.085723 539.236206
249.418306 117.511317
249.906013 285.887688
249.061448 285.022953
248.903683 287.269697
248.609406 537.234317
252.450384 117.166735
251.334653 540.607974
253.781172 118.711036
254.237638 541.028265
252.235620 535.968566
258.019974 112.986709
253.065971 534.570555
256.360749 114.103033
258.069987 531.367052
256.492765 115.406292
257.994565 529.414142
261.149243 538.169963
259.919454 110.743680
259.230790 540.606704
259.920721 544.395740
258.446082 540.815211
263.081471 110.733405
262.285917 549.349095
265.782301 111.101473
265.977868 550.362187
265.814832 547.126461
268.326210 546.342841
266.276396 553.785012
265.520125 550.507593
269.433633 109.684853
271.286337 560.187978
268.588356 109.524610
267.645011 554.199880
270.934150 556.592992
270.139949 104.994499
270.376994 554.572875
270.503503 564.793481
270.221365 567.047262
272.295284 105.946123
273.019701 566.288249
274.354161 103.608009
271.782698 568.924665
277.759022 566.174672
276.438693 102.876666
276.070514 572.897045
281.846607 107.059999
277.920449 568.090319
278.408513 572.639167
279.510014 100.608439
281.922240 570.209666
285.678564 100.273483
279.029760 574.351018
285.459789 102.161167
283.482508 576.545806
284.297002 580.089795
285.884140 102.370829
288.009454 586.174613
288.171321 99.436613
289.448429 582.359786
291.990861 101.327562
292.766635 577.345149
292.595928 98.810811
290.386587 580.760668
294.129289 94.159132
289.052887 99.589276
294.966714 576.921389
294.166813 578.960346
299.503545 92.645469
296.350719 581.930537
297.732820 96.524174
299.742866 578.524105
299.847411 586.721823
301.787429 98.601064
302.018708 586.753973
303.831259 97.509178
304.638041 585.939763
304.802080 98.741948
303.908690 586.711820
306.036368 97.731437
308.122663 590.557075
307.664610 95.691914
305.895260 585.832228
311.109318 96.667799
309.919488 583.191813
311.049874 94.700839
314.084219 586.897378
316.765745 93.305349
313.431358 95.615808
316.861046 589.954566
316.711045 89.700621
314.928677 592.987009
313.150481 89.829636
323.471543 587.552537
319.089640 591.248479
317.229304 90.218564
321.718440 594.707275
321.772393 89.314089
325.854864 591.150409
327.877143 87.880255
321.503216 592.207059
327.395385 87.166024
328.186152 590.845274
329.451917 93.904776
329.346753 585.783712
329.400338 91.242089
331.031926 592.798291
331.418650 93.231111
336.903450 589.688584
335.243700 94.033215
331.742715 596.613491
337.905385 91.754465
337.023127 591.405136
337.511915 91.684436
336.000985 597.673460
338.506874 88.545972
340.503527 596.765685
345.962187 87.112628
343.257767 594.036859
344.724493 82.266510
348.369162 593.537431
350.423968 89.187680
347.144307 590.211344
348.799571 87.366102
349.362493 590.761371
350.467941 88.426078
350.346685 593.383367
355.314325 84.080454
354.112901 592.674304
356.523936 87.990680
355.936695 92.859649
352.489289 592.971900
358.957587 92.955792
352.600814 590.498144
357.045293 89.970440
357.881983 592.379893
362.965896 88.108342
363.297852 594.325967
361.081323 88.244740
362.458121 592.133681
366.540686 85.417021
365.418366 593.006505
361.184168 88.744731
364.400276 589.290422
371.125040 89.912691
368.186242 592.957024
369.121819 92.955477
371.318105 591.216946
368.509684 89.199368
375.997569 595.175838
375.036268 91.224551
373.887909 587.520223
375.338011 90.821822
375.399306 589.294460
377.707599 88.804491
380.611273 91.850823
380.394227 587.365989
380.901771 96.700365
377.222926 587.918010
381.343594 96.790490
383.864416 592.777712
388.199795 100.099422
385.961719 588.076856
386.824076 93.208045
389.491075 582.772040
388.895256 100.108646
388.441702 583.679279
390.585017 589.113298
388.889895 95.289930
390.298852 581.585762
393.781739 97.036519
392.488886 584.318684
397.016595 95.808094
395.485046 582.784944
396.170906 97.452546
399.013104 585.385864
399.672153 95.888039
397.680701 579.975758
398.362969 578.317736
400.783435 102.165076
398.551206 578.377663
402.872626 93.010053
402.379167 577.945885
399.623769 101.599134
405.728067 95.233005
404.928963 579.707635
406.157637 103.944105
403.627964 580.311001
407.844634 101.964874
411.673929 571.451051
408.095353 578.845119
409.614228 102.808734
410.257987 575.792120
412.425247 102.102032
410.971466 576.233481
413.318924 100.882442
412.845730 108.085381
416.571027 566.940650
420.074240 106.742139
415.031432 570.179474
421.982143 106.479007
419.449802 561.012004
419.330373 568.415202
417.995657 104.573309
418.660071 567.961714
424.655426 106.517129
422.103275 562.551788
425.588237 559.146743
421.390962 558.577689
422.326381 559.306888
425.070183 113.806760
421.914794 105.818157
426.714386 552.530718
426.995014 112.235548
427.443753 553.884627
425.417771 548.577381
426.820024 547.514543
432.804670 107.585574
430.330526 541.899849
428.849898 113.150343
430.997993 545.762179
434.136562 110.725165
434.014932 537.257364
435.511503 538.833677
433.550006 111.851483
433.806299 114.901059
436.337065 533.467960
438.266509 113.157800
439.949878 528.095483
441.487051 523.708945
439.139680 528.840247
439.693913 120.460762
439.478003 525.678719
441.781808 117.273228
440.612534 524.475802
443.527946 117.073135
441.927994 266.311701
440.617640 267.553924
445.553953 272.394110
438.875843 272.684183
442.970292 277.975402
442.128932 274.232968
445.958001 283.459562
443.674405 280.248108
442.144073 511.110234
440.544862 518.040009
441.101594 518.759634
445.547886 520.022281
446.191408 517.755108
448.683561 121.315823
444.127624 283.279771
444.680183 119.854593
445.332553 261.317010
443.453146 286.734524
442.688452 508.931346
446.815736 120.267774
447.931306 260.572917
447.077700 281.073109
446.118483 509.705467
448.678071 284.128768
449.103701 291.504678
447.005266 292.434273
451.226438 500.149718
445.343338 501.076851
450.826762 117.622858
450.374885 261.409939
451.919996 259.143449
448.054022 293.173260
450.084998 293.372981
451.288988 495.247059
452.621666 119.948354
449.721080 259.397465
449.132717 298.051850
453.974328 497.284579
453.764044 118.272454
455.300468 253.413833
451.645193 294.930327
450.274327 302.892369
452.041787 299.309683
454.309851 305.313012
457.677473 303.428308
455.632489 304.704638
453.803732 492.626957
451.675457 492.183229
455.264541 122.988302
452.172255 306.269467
455.572128 123.019907
456.232544 255.067049
453.855105 490.198932
455.924174 310.029782
457.441315 124.963883
456.731769 249.333443
456.362189 485.109468
452.738674 128.297896
460.556097 308.956337
457.637922 315.142780
455.243719 316.601168
457.289897 317.050739
459.177456 476.352977
456.891764 480.250526
460.075496 480.824725
459.041751 482.850266
454.683041 484.787264
462.011667 131.765791
459.967581 248.114494
462.937648 248.298375
461.590383 317.918084
459.289366 476.748515
456.345455 130.910980
458.662365 249.450753
461.135550 322.561900
463.515525 472.372082
461.684749 129.027842
462.488493 245.135842
461.004339 324.936964
460.543931 322.400855
463.651827 324.709617
465.677348 325.133226
463.666067 331.546598
461.734358 329.239700
464.312348 469.911988
462.669142 465.937753
461.913055 131.917976
465.081473 332.663470
467.728658 131.988449
463.983850 242.411607
466.865239 334.682646
467.317110 462.271827
461.894466 134.359638
466.934244 239.677512
467.809384 332.540383
468.912146 460.912486
466.279783 135.106706
468.594241 338.737903
469.769236 342.087724
467.575004 343.070176
467.340240 345.303088
466.010579 345.940336
468.016244 347.083914
470.579151 447.611277
471.442258 452.699393
466.958138 453.977421
469.370358 457.193765
469.286247 460.841216
465.804251 140.874346
468.293022 239.677855
467.170885 239.733487
470.126807 351.028457
470.007886 449.787246
470.456945 143.644176
473.571554 244.416879
470.300480 346.417547
472.037829 447.683241
472.060139 136.431232
475.222883 232.366273
470.355451 232.562120
472.203163 235.003564
472.191863 238.197906
474.594524 352.235208
470.982062 351.148264
471.170401 353.914655
469.950763 355.826803
472.758899 435.775512
475.298211 432.050568
471.060319 431.419894
475.959071 438.994613
476.445886 439.435581
475.035318 441.921049
471.447719 443.217105
475.426484 149.385575
475.479028 354.502447
474.097189 142.231799
475.765460 226.073135
473.999581 430.781443
473.164095 359.214727
477.719375 143.685862
478.651200 226.092556
475.332914 429.791223
476.149010 148.301062
477.004527 221.998172
475.342398 221.681718
478.961676 356.877309
481.615935 363.878776
481.390093 363.618997
478.421847 363.334242
477.823371 401.655107
478.328057 403.577726
477.025148 407.003696
478.634025 407.927779
475.710573 412.692409
481.393313 412.108120
479.875665 419.518761
474.618280 412.817674
476.537058 418.686080
478.333356 417.033041
479.292836 420.886537
480.088994 426.007158
478.911015 149.741273
477.259325 372.335218
480.248121 216.758585
481.784944 399.811165
481.094080 149.888796
478.767827 374.430446
484.022800 214.663105
480.119636 396.802287
485.614429 148.477976
484.629169 154.473606
484.620658 155.390904
485.887213 155.634023
482.406523 378.693171
482.499889 374.941403
484.734202 378.330520
482.847121 377.610493
483.496134 380.062493
480.393243 386.541683
482.441965 383.705921
483.418388 381.987677
480.608493 384.031344
483.284942 397.565560
481.673697 396.601132
483.848465 387.934979
484.088279 390.796031
484.844513 157.186012
485.856229 218.336316
484.271744 164.131700
488.838543 221.119164
489.588016 164.062335
487.323773 218.796601
487.179163 163.359681
487.960132 158.948613
492.208240 219.835562
494.324858 162.504704
490.782366 216.291406
491.777304 167.687149
494.743241 172.952627
495.669479 215.216948
494.935108 172.635047
492.869195 220.804497
495.543842 173.863897
496.482682 219.620603
501.911976 174.623479
501.692392 174.332571
503.841107 223.368375
501.572607 215.578482
502.046815 177.548892
504.227732 216.359564
504.783645 171.529787
503.701749 216.676766
507.551001 174.480519
507.160679 223.516006
507.856018 176.978045
510.698226 221.949332
510.100743 178.350808
509.928211 178.969010
511.553340 221.079153
510.190073 184.524603
514.279529 223.609786
512.014529 182.899118
512.847472 182.985222
515.550596 224.292112
515.908378 225.264099
520.264088 181.761421
516.104562 228.878832
518.049817 188.135594
519.569565 229.971864
518.899263 187.827603
517.326398 190.892758
518.753263 227.599297
520.778865 183.853544
522.120849 227.182762
522.294672 190.106880
521.342621 227.125164
525.084342 193.221331
526.394679 227.267197
528.722735 193.416411
526.836803 227.702128
529.973048 192.966080
528.713810 197.373426
528.730959 229.917460
528.700716 232.248448
532.688541 196.223706
531.172691 233.456617
529.967849 197.120847
533.273121 199.274374
533.850684 235.295690
537.151912 200.693890
536.518063 234.448012
537.894829 202.300552
538.756900 235.329711
540.761723 205.207817
541.786378 206.612151
537.517735 230.027111
539.795660 238.465487
540.536719 203.457216
543.273739 235.978062
546.845820 211.193963
543.933765 211.116403
543.473129 237.330841
546.330011 214.502992
546.572368 238.119955
546.617412 207.355261
543.072889 238.280519
546.894115 212.288885
553.565106 216.566168
551.472957 238.765082
550.656959 240.325713
554.557092 213.081533
549.919012 241.006198
555.937189 216.188352
551.345015 217.712871
553.067370 222.150922
554.422756 225.802027
552.256630 227.015530
553.458088 222.123938
552.976608 230.046141
554.265646 239.352400
556.118628 239.056585
558.041557 229.263755
555.989054 242.105835
560.746871 228.551612
558.245610 231.492282
558.746658 237.073725
557.279174 235.173381
