96.464139 278.023816
104.453376 282.232125
113.669505 277.488139
101.790542 273.292717
102.698360 264.401823
107.124231 273.830020
108.575402 280.922722
102.537008 282.695490
106.827700 261.803857
103.545466 263.309990
107.919276 273.034507
101.580085 264.504128
102.032564 284.070389
114.368778 266.183202
106.395233 263.247079
110.531220 291.760584
112.565268 254.466659
119.350788 263.746240
111.224408 292.431510
115.838433 259.918131
110.615307 284.169154
116.606450 246.703428
118.242587 251.263034
120.042018 297.126278
123.132881 249.821693
116.696446 286.401357
121.367986 252.422500
114.735644 282.020778
111.352620 287.273871
121.804943 243.211106
124.326558 246.247851
124.438796 250.356860
119.898476 248.549394
121.853444 286.262833
118.317529 242.952864
120.473411 280.175045
134.259922 240.369044
122.751312 238.733305
130.191054 281.905734
131.320236 230.614719
130.344232 271.473424
130.710043 236.838151
120.182884 281.973303
128.854214 273.472785
129.571150 237.685186
131.083060 272.623993
135.856487 228.459718
131.628303 274.345931
128.995782 229.325770
132.705514 234.527770
131.320016 267.940035
135.752628 219.360929
133.584934 222.857923
140.551495 269.962619
141.160434 215.364843
132.739052 262.407515
143.803667 272.394487
142.839160 208.230203
137.368286 218.531003
135.419261 261.887035
138.326455 214.225789
140.387997 260.259596
145.086325 213.764175
150.879594 255.749342
142.350868 209.864706
149.583302 208.955925
145.841892 210.444080
143.925993 211.047463
143.400051 262.464127
148.944931 209.064136
155.430383 260.134437
153.129098 259.063908
152.447546 200.199151
151.728873 212.070589
152.095618 262.147043
160.215766 198.943979
160.510031 261.652982
152.339009 190.397205
156.753701 253.122901
151.882704 193.723904
158.184125 252.445792
157.025849 196.977201
162.637809 245.506764
162.246036 256.812209
156.953295 194.903054
159.784939 189.635242
167.629103 178.559754
155.728393 190.597130
157.889729 253.694138
162.787654 182.648647
161.396803 249.167087
160.864182 181.081251
169.446430 187.297030
168.303057 242.565444
167.233432 180.340309
165.929224 182.958420
158.214983 488.996534
166.825627 492.518272
161.799361 502.159826
165.997796 497.590443
167.144132 495.313777
172.074396 503.384095
161.845616 510.363463
167.256653 505.892888
163.013222 502.582664
173.708144 509.305342
170.300717 516.173839
163.123967 520.662387
165.305225 521.276535
164.243909 514.590174
162.091114 518.620122
164.558728 517.913045
164.355253 525.531536
169.968251 531.535920
164.270002 534.242991
164.053388 528.485619
169.941124 527.053695
165.364189 533.089645
172.386687 532.125214
158.795755 542.934826
164.490414 539.523877
174.373487 547.986967
164.782457 542.897253
165.731492 236.168284
164.406539 164.926264
168.987117 488.772884
164.425811 540.391990
172.264568 242.566944
170.818848 247.290647
180.448831 165.784752
171.171015 172.967050
174.789911 490.130890
181.188615 480.695100
177.623143 546.321008
163.885284 547.883646
171.843114 242.741672
168.981343 480.314044
170.724865 479.621061
168.396307 543.011492
168.038948 549.086599
165.884559 545.600857
175.411998 169.553486
172.241700 235.253872
171.406397 477.676573
169.270022 548.715611
173.337979 176.590207
178.714848 232.005210
178.268270 487.227441
171.296544 483.220997
175.521475 561.191133
164.509301 551.973296
181.065209 161.909873
178.321031 484.616228
174.053106 470.284155
175.008313 568.214716
178.578323 551.958865
176.012560 562.598431
181.316898 232.863374
182.165094 168.152319
172.769208 229.933674
178.731056 226.746577
176.909671 461.412435
175.680273 557.667005
177.544166 162.592671
183.809092 211.414748
180.222586 472.186198
181.359282 461.572534
180.218195 559.093800
174.965893 458.064317
181.445599 464.940114
186.372131 169.702342
184.647548 220.303726
185.554391 568.683360
185.898610 456.873470
189.289863 155.322335
185.947574 221.579758
184.928509 221.753835
181.920410 556.572465
190.309672 460.981973
183.577623 458.826025
184.761767 575.301623
189.486673 157.906275
191.784384 224.482721
184.486446 453.317958
188.686908 454.296518
184.296521 561.224259
184.825848 154.409954
188.138741 215.854810
188.995117 443.693042
188.575018 559.782423
190.677060 153.806524
194.247437 164.549035
192.777366 217.041597
183.867005 442.560183
192.767520 443.393416
189.634913 568.238613
189.914132 159.105139
194.361979 226.194517
192.798608 444.632519
193.870239 568.482340
194.911106 152.864146
193.160079 203.632316
195.662973 215.234424
198.849671 434.114300
191.962191 567.917693
203.962760 154.454898
198.118839 218.514152
203.251171 431.766903
195.625075 446.555833
195.413593 443.964195
191.218176 442.738278
196.236437 570.105268
200.997493 144.263205
190.934502 209.626603
196.054727 431.513055
197.072612 556.936969
203.313672 154.029141
200.455150 208.979918
199.296534 426.203284
197.579968 439.076332
204.260208 570.129537
199.647238 424.981778
200.890696 428.177213
198.977056 155.896749
207.530881 211.262201
207.179988 577.901148
196.037214 432.431649
202.074416 512.824083
206.143514 520.255899
204.561582 516.084542
196.295426 527.186656
200.620789 528.939095
195.239383 533.478500
205.938442 525.996381
203.721340 535.528000
199.043435 538.428547
201.777885 542.073710
197.932233 542.817772
209.283459 149.301942
205.239511 213.288410
202.698001 534.730440
215.394367 561.696221
211.553509 570.093905
208.697420 433.004271
200.205897 427.206350
203.452817 505.183983
207.233073 154.261184
197.054702 207.858879
210.411804 536.451278
212.670546 555.070429
205.984313 424.578445
208.470907 512.176615
204.065452 153.040882
211.072036 202.741676
211.706137 502.077129
211.090286 489.170168
207.401557 507.852826
210.881469 506.236491
204.423199 505.955944
205.432622 540.883771
204.076816 537.838660
208.883518 549.904736
210.252506 550.125975
204.963735 548.017996
204.675138 552.331711
213.353785 554.715502
211.113048 560.100494
212.051406 553.005850
210.933388 567.557439
205.640613 562.187584
208.792606 563.863890
208.554018 419.256638
215.586784 151.579512
210.458173 143.684208
210.728807 203.763098
212.357625 497.866213
203.903803 403.154610
210.793453 414.985245
207.705577 413.475808
209.857131 423.575803
209.377921 148.039891
211.553805 194.535572
210.459298 501.559718
215.604917 405.473897
218.090257 148.105108
216.765725 210.138685
216.942529 494.108471
210.759968 496.269175
214.189087 211.921679
213.106951 403.832175
212.044382 408.684338
221.013378 143.745149
211.575957 214.888174
215.871353 486.908882
217.570102 398.499841
219.288391 152.170600
213.730476 223.251468
221.950229 490.369290
223.254154 405.959489
224.703878 159.469767
217.199170 215.059205
221.490975 203.417542
223.356210 489.506259
219.999934 226.534978
225.056402 217.063222
227.309448 227.212424
222.745000 396.517812
227.430868 397.173345
224.727527 405.878916
226.250864 400.741001
220.276873 143.646141
225.422236 493.019094
225.218215 226.929745
225.213790 392.184812
221.633679 475.913033
231.533943 477.963104
222.907754 148.880983
227.494757 222.717281
225.153235 215.888384
221.621100 385.919311
219.941039 399.151340
233.807869 471.494490
224.634850 145.580189
228.650804 236.001328
229.232818 236.500040
226.209057 224.132647
220.627057 237.617288
220.224645 233.978714
223.554084 231.417476
230.109151 389.248034
223.864804 481.988423
230.890721 145.710598
228.427523 234.771930
224.907145 391.699353
227.159579 475.063519
219.514976 471.176699
226.898470 141.535587
226.653673 244.845215
235.288741 242.781722
229.583719 241.619609
231.393516 253.320458
224.907553 249.505669
232.534343 246.264135
227.383355 250.739634
231.983318 370.990104
232.436780 384.527840
234.423072 385.501799
219.472220 388.937472
230.447123 475.679332
236.089784 154.217451
237.821259 244.829923
233.880425 383.482722
233.205337 470.723276
236.680010 134.579290
233.007635 251.107842
234.077689 252.819630
235.287052 377.779710
234.629596 384.216778
242.945135 470.115015
232.875152 138.831026
241.924886 270.519139
228.855374 259.440145
234.708013 260.240526
235.931898 260.921779
231.652280 269.941819
232.366620 367.302416
233.061096 375.422319
230.728212 275.509433
230.785590 460.500254
241.996751 149.343697
242.887427 378.028581
243.256744 464.168697
234.276143 465.600718
233.958273 257.737838
246.276398 149.599225
236.465569 282.769600
237.305431 372.618247
239.520867 373.047686
241.634837 456.668177
246.491736 271.802250
234.552759 277.787470
241.875826 277.561749
247.944762 275.892894
237.225575 274.639144
238.711876 285.760489
237.381869 284.362434
244.554587 284.822937
231.743804 358.884352
243.222140 363.668929
240.003155 356.750594
237.174584 368.147631
245.024703 360.035484
241.634311 134.475486
242.158324 286.367855
242.288409 453.607015
240.003436 361.377302
244.123186 145.166097
245.831802 282.689978
246.420244 446.911044
244.474634 455.939606
250.463521 294.788112
245.842770 349.316447
246.635563 359.692198
249.198581 138.938390
247.128982 289.966320
251.102069 286.189801
245.044698 295.639493
245.353649 301.365189
244.477476 307.375370
247.739268 307.402202
234.870342 295.036687
246.171675 312.806331
245.480690 353.148381
245.490382 341.488250
248.252889 451.154324
253.171939 303.889213
244.181975 140.900442
246.524095 354.347077
247.903710 453.267395
252.125524 304.120234
256.969314 143.391748
253.879238 310.248433
254.287626 342.234071
246.631502 347.871972
250.832798 452.146041
246.372819 93.372156
253.325699 92.957827
248.772148 104.141914
257.640190 93.543578
247.911138 94.401479
249.033448 104.831673
248.420871 103.808766
251.729075 106.550418
253.092447 114.720488
251.470270 314.606844
255.804325 309.942402
250.793502 314.404817
252.203336 320.104162
255.024146 314.484228
245.819305 324.165658
251.026358 324.376077
244.435952 327.346249
256.287493 333.692457
253.348063 328.645851
260.710827 341.297927
245.585057 343.531542
252.703450 330.817965
251.520302 340.970051
252.080462 120.447119
252.184607 136.289103
258.028307 452.301707
250.732202 98.178839
244.251667 108.514443
256.387111 143.417677
254.387150 455.189294
249.813595 451.448347
259.672757 92.848513
255.031712 90.720841
257.250738 112.383426
255.998116 83.225616
252.945039 78.973172
246.178640 86.006811
257.098185 86.639352
254.430389 90.874368
257.479368 103.515196
253.300085 121.987754
254.349724 128.130385
247.697283 120.231516
251.902726 129.938896
255.014649 129.352560
260.927219 130.343497
256.263247 127.718648
259.834601 128.194037
265.241134 135.942388
260.654179 448.093623
261.325269 83.670927
256.335764 436.790876
249.171306 443.555914
259.497836 437.760532
256.375207 451.114067
259.042332 82.590099
255.227576 87.889637
254.548336 430.878361
263.788153 71.024943
261.904655 439.992277
264.637917 71.192302
269.145714 438.227389
261.718037 430.446953
262.455699 72.948514
263.130143 434.334347
268.491416 64.523802
261.514135 420.935622
274.419372 419.546157
270.404610 415.904896
256.372914 436.584678
268.315125 55.015251
274.739979 69.549130
268.968930 426.419190
267.794696 61.079148
274.054742 417.072526
278.172081 63.967329
279.869597 411.366386
273.306795 422.542595
271.044630 59.355264
276.988898 419.383766
278.538569 60.975573
275.935940 413.137633
282.191788 58.209359
274.990848 60.385411
286.047701 416.896267
285.362389 54.635438
279.050869 405.735901
282.541620 51.020933
283.387347 402.503695
280.543652 408.114420
276.775294 60.074092
288.152919 409.450882
295.242146 55.493919
284.001370 401.339828
287.972329 59.358538
281.352118 403.477171
289.329704 54.752908
295.941157 394.823452
296.844982 51.443243
300.100362 392.235275
297.697256 60.576068
296.258618 395.984255
294.742979 54.732576
294.116410 396.086845
294.270661 56.133659
300.002064 397.586928
297.655262 398.514226
298.059604 55.799249
299.010573 391.686497
303.498597 57.285935
301.437165 62.086947
312.530935 394.453259
301.768831 400.660297
319.329026 70.769396
307.719281 394.803803
297.947389 58.369593
316.235303 402.889881
309.870614 68.296619
309.616083 405.660495
313.699862 409.943651
315.565198 68.971691
318.962701 395.993764
320.687973 59.573781
312.606868 63.989605
313.896993 406.438802
312.279607 73.036613
315.985072 403.394934
318.855206 411.045737
320.630069 64.834937
326.286663 69.082164
315.354823 70.844289
327.626346 82.239402
320.094684 68.339344
316.097139 399.027003
310.688399 407.988397
321.685855 83.086358
323.639935 407.748900
322.788949 78.060769
331.504813 408.834410
322.817393 76.891808
330.573209 81.161499
326.709645 413.039916
327.572527 411.929470
325.208339 421.810455
330.621379 422.904801
326.836189 77.289754
327.825929 421.989016
330.624211 85.619903
324.092692 78.871400
331.612203 86.180211
327.514209 79.690650
324.154576 95.093357
328.157669 93.137962
323.777262 122.250880
328.508453 126.293113
324.476771 118.180404
329.894364 118.467107
328.272407 126.708712
322.959546 131.340469
328.536709 418.128190
330.127003 86.681865
327.137933 147.048120
336.087298 112.397822
325.919078 426.298697
338.924509 96.304189
333.429394 133.467840
337.836027 424.030492
331.636875 118.477751
333.037203 92.276603
332.172151 90.375730
337.224723 98.208194
327.852316 93.722949
328.209796 98.921884
332.215972 111.274096
331.142207 109.194649
336.920668 105.447243
325.481289 116.618414
331.441824 113.007953
330.700031 148.614342
328.941541 432.296383
338.848826 143.917791
325.994405 437.295372
337.182883 145.350571
338.974751 346.734087
334.814263 344.258236
338.412840 437.068924
335.879835 136.587995
338.953898 342.473301
333.301575 345.135429
342.092107 427.810907
345.210573 141.819098
334.054376 314.345264
341.004525 309.284470
340.581702 315.847234
340.765296 323.366440
339.421341 322.348483
338.305232 326.271509
333.640249 321.152632
333.886328 327.567998
337.736645 332.970572
333.692468 323.299676
341.092060 340.415798
334.692862 337.397373
332.523125 339.404000
336.232787 147.062037
333.816557 338.713232
340.121910 337.354384
331.472242 343.400772
337.977869 345.227590
341.009038 442.400308
336.459457 322.955621
337.000457 354.960886
340.178185 443.934601
338.054547 140.300354
338.251523 306.823591
339.341394 356.253490
348.836659 440.242480
347.807997 140.125591
340.699339 289.872334
344.423423 288.599295
335.471531 297.827070
347.445670 294.017115
345.251667 305.206093
344.045828 307.809044
337.231402 301.563433
342.603678 363.620979
343.001918 441.188289
342.928725 359.123336
347.133401 344.914176
343.781200 361.491579
337.353182 372.086677
341.316888 364.862463
338.905790 148.478115
346.735535 279.036874
347.840583 372.601773
343.151702 444.490049
344.414514 450.258601
346.921140 140.736483
345.434195 287.765421
347.423252 372.450313
349.807296 442.382708
344.359013 269.142953
355.086378 267.294110
352.048881 273.544759
348.896333 271.147048
354.718945 271.652392
358.549512 278.351215
349.816203 275.105020
344.823788 271.563518
341.773314 291.446716
343.700395 285.217280
345.268698 372.130377
351.300127 448.804342
348.290361 146.840562
350.175629 366.879438
344.098150 380.457316
351.743151 382.048456
355.304794 264.882105
347.994923 452.740433
354.099043 449.770505
343.201147 457.029322
347.320469 459.820182
354.048229 143.584843
345.743526 372.833754
354.817167 263.301254
357.630033 380.112978
343.309852 448.322422
357.380773 144.017395
359.215678 242.303039
354.557660 244.932273
346.626345 244.966873
356.851029 255.990424
346.342453 250.749852
356.326205 254.700295
363.923396 261.462527
345.346385 245.115365
349.175696 256.940261
349.980295 265.266392
353.190344 450.406279
349.483199 379.213031
356.452714 148.260531
352.133317 239.373966
350.683652 385.987308
356.108466 457.776686
354.089761 462.805390
353.977605 155.434284
355.850772 230.135665
345.902497 380.898180
352.834494 222.665979
356.012366 235.181743
357.954939 226.361230
356.071505 231.651476
354.555331 234.312150
359.142212 221.306548
359.467252 231.285957
348.443813 388.822610
359.218277 462.116079
363.568013 144.193531
359.824129 387.523146
357.996285 391.383952
358.743275 394.652677
359.707365 465.069995
356.860628 203.848555
361.978735 145.439821
355.918279 388.136384
358.869753 463.375978
357.462561 214.564159
358.728231 407.537406
362.634277 466.017397
361.703058 151.675687
361.887723 217.833716
363.476037 209.824387
357.271212 391.770224
363.800651 470.486337
361.458132 145.200345
361.613277 202.489230
365.745697 395.404153
361.860724 471.521340
363.737341 145.718822
365.683096 201.965255
363.040694 395.418384
364.878322 459.224412
372.452855 397.745485
370.270680 472.035659
361.941145 153.101781
366.553475 205.338197
366.697391 410.977099
370.914289 395.623025
369.976658 406.340324
369.192019 471.101741
371.879822 476.644621
373.591967 145.637881
368.548900 206.058299
370.435027 412.368191
362.625869 403.213734
373.687567 468.250802
376.145826 146.174267
377.027270 206.390166
373.473881 473.927121
376.667303 409.640678
371.719361 407.737742
375.092742 417.818014
377.266936 418.359882
371.961156 142.650285
385.236039 204.134915
374.516646 477.672832
371.536080 488.258416
367.505466 481.926802
380.777176 487.645580
381.518515 420.950356
376.283351 144.285991
379.274523 205.494424
379.545244 421.122438
378.390340 482.657263
380.984748 487.759539
381.928095 146.340147
371.062477 150.447665
373.685715 204.810966
379.641061 425.254426
383.387135 425.509570
378.155940 488.536755
376.949276 153.929898
386.427197 209.446762
382.592240 430.030465
377.252742 491.330004
379.756691 430.109651
379.012145 150.195869
383.171859 213.992266
383.489594 487.522562
378.298515 426.154399
382.353868 430.223472
388.760763 489.959254
391.402708 140.608540
397.002723 213.622068
386.793210 213.040550
386.694274 427.075522
382.149381 503.658605
386.532743 139.135869
377.018393 217.152735
391.847365 425.115287
390.086572 486.349751
392.956066 140.086610
388.787960 153.740120
389.979663 216.046017
383.106493 429.761429
392.747824 429.130641
394.199259 432.302807
391.454969 442.903960
388.700627 486.291562
390.923284 501.633869
386.708623 494.481769
390.847725 495.137616
387.165382 151.656352
393.333702 212.381370
394.543670 436.981206
389.156766 505.986030
390.444122 445.885106
398.995294 158.542928
391.054319 208.671002
395.124278 516.131072
395.191551 150.221026
391.902532 439.003725
395.292687 443.051528
397.268138 146.238040
392.286810 207.255688
405.698592 220.217095
393.215229 512.748640
396.728319 450.934558
391.857314 151.293448
396.195340 223.357322
396.354672 445.779389
394.452798 508.095951
400.582025 501.763137
397.128108 164.175406
402.322009 212.619396
399.962936 447.778467
397.175638 450.744414
400.132293 458.064152
405.513777 458.968266
399.029366 216.246430
397.110024 506.981224
411.616376 503.543430
398.495282 511.832743
400.583895 516.324993
401.894419 158.282290
401.895828 219.955911
399.796004 457.460328
395.603633 456.765972
395.774450 514.446819
400.315533 162.356111
403.218710 232.292249
396.943960 514.933139
405.195508 167.888329
413.585514 455.056392
397.727730 454.727168
401.175463 162.547751
407.380255 229.658982
406.744708 226.907155
408.145495 517.489610
413.092466 238.123072
403.056972 232.599403
394.722606 226.479155
412.394212 454.230566
401.293264 526.438983
406.210781 169.701005
406.941437 467.676566
407.705648 154.916727
412.343755 234.135179
410.058455 518.166163
412.672195 166.610978
405.995561 461.825626
408.070236 464.569542
407.915417 474.101461
402.222885 464.903449
416.423884 522.818677
410.527616 221.372042
412.708577 244.722128
416.395540 471.709673
408.944642 172.939717
408.524342 524.500207
413.883812 232.611266
411.585649 471.459816
415.583599 176.207631
414.022012 176.492856
413.676583 175.629310
419.031377 174.800140
409.885300 527.681487
413.207752 172.362896
418.223587 245.737040
410.280955 470.639484
417.014024 476.578053
417.144981 240.718271
407.002502 528.563313
422.823791 182.491640
415.305410 249.121178
422.314640 466.469682
415.417718 474.959697
418.097838 518.207291
419.916910 177.768094
420.868891 235.149589
419.955238 520.976315
413.800878 188.552912
417.205578 470.455337
423.742790 178.519141
418.974174 245.331017
416.381582 253.224482
421.821220 471.014172
421.691600 522.539258
425.041396 527.804674
415.844433 185.935809
426.280961 251.245235
416.930460 482.661351
422.314921 193.481189
420.236663 490.581953
421.198867 534.618527
422.639312 185.407321
427.444770 245.348179
414.437421 483.179186
421.450148 489.537425
427.244806 483.102340
425.856857 532.936944
429.191651 252.455862
426.983775 194.194647
423.210356 256.596737
430.000226 485.135773
422.189536 527.687068
429.179031 489.121293
426.977324 194.910650
424.606541 256.561150
429.990193 536.428849
422.594739 196.750059
425.876023 497.575762
434.011458 193.669752
428.933753 254.744332
428.955240 260.928950
433.204244 483.976475
431.525560 544.231556
427.554934 193.924595
440.777874 254.749936
435.681304 494.171932
435.277886 529.631995
427.517035 193.792411
437.379942 205.102956
437.139067 197.294922
436.449614 496.782030
443.848636 531.577056
439.199094 199.282949
438.282277 268.974724
439.814956 201.751645
439.618656 264.841235
442.987444 499.243354
432.903979 530.522010
431.901607 268.588374
434.813439 490.364877
434.129108 537.400203
439.736013 199.143852
437.769256 206.408456
433.167635 259.295030
437.426341 500.873771
438.040066 538.161726
438.094345 203.243200
437.452622 509.859330
441.743128 263.096205
435.645057 534.228271
438.017384 201.969069
448.797837 509.363218
441.649328 254.414594
445.095253 499.858151
444.655791 543.969228
442.214123 214.427763
450.594226 539.441864
446.190111 209.077768
442.417328 263.846344
433.473647 506.486690
451.169875 502.652429
446.490161 504.555554
447.216054 507.320181
445.493890 212.106759
447.444953 542.315700
446.236666 261.027329
449.226814 507.489149
443.328587 546.534783
447.031265 216.970568
454.554150 511.460549
444.023144 215.293884
445.447982 221.253658
440.234330 224.990156
447.911674 264.469851
448.208789 543.134929
450.468119 225.601821
448.345917 519.513460
453.522510 222.196059
449.878124 251.926348
450.418128 552.580028
452.577019 521.487985
450.606201 227.133637
456.798482 262.069104
455.930649 541.671807
452.937187 230.805868
449.101370 508.173685
444.981275 236.143612
447.176442 263.891609
456.428609 518.117514
451.019260 520.033426
458.814485 525.069577
447.226011 537.153400
457.284294 263.105907
447.750884 525.367352
455.812338 227.626590
454.054286 259.918191
456.885316 544.740586
449.087282 527.482077
461.509515 247.448454
456.933390 270.014112
465.796729 523.845978
455.381244 547.464074
458.065777 548.272244
461.482825 237.451611
458.998385 278.705263
456.411671 529.518676
457.216848 530.720655
463.009593 549.676669
455.471435 230.766460
467.123192 271.901892
470.925902 524.786074
462.323381 541.143407
466.844797 232.111245
469.410557 262.872274
465.053883 521.503457
459.040167 543.002435
472.942187 227.400261
471.468826 269.256504
456.655298 527.317963
471.038476 544.255709
471.790670 548.133853
471.483792 227.600448
466.245515 271.955512
463.200440 547.796578
464.305269 535.007470
470.707934 235.502840
460.629287 270.001650
473.416575 546.293862
480.641890 527.273786
470.928815 555.210849
469.886616 223.319377
470.369722 262.164130
474.032908 532.508465
460.807737 555.383274
469.651113 226.034285
476.962268 263.354151
478.577641 527.427901
475.329358 551.460242
477.620174 232.314370
477.277099 267.094688
471.417029 534.413658
477.064235 558.240329
478.246691 231.840955
469.284609 263.514012
481.396156 563.546410
483.804174 542.437880
476.539119 222.950990
479.687515 255.679262
482.749550 527.559734
478.746158 559.497855
483.333217 560.378903
486.001712 229.023051
479.816547 257.516607
488.993908 537.343665
488.133362 536.041707
480.813488 567.180991
491.376936 230.629906
480.811443 262.320362
484.689839 536.336848
478.654708 549.359737
482.423247 223.527938
484.625590 266.316202
479.913761 540.720180
491.692574 555.947549
491.027049 229.357166
493.715271 255.345840
487.167057 545.594738
485.754187 562.926762
489.428353 229.595777
491.398427 260.501262
490.577845 550.219567
493.826585 568.508275
492.997074 233.247850
485.867359 255.893483
496.613573 540.889873
497.575396 544.190508
483.187799 558.873701
492.667130 236.316465
493.120345 239.369303
490.385287 262.180926
489.469689 254.269245
499.328092 548.742087
505.149820 563.215910
494.972895 238.627134
496.539819 259.360988
493.972431 546.548619
501.904815 561.642818
499.373501 231.187632
495.867696 240.661302
491.666643 243.301822
493.910834 246.313382
494.401288 244.551344
502.086021 548.056323
492.312370 554.912700
501.325077 557.499497
497.652772 556.017483
497.589523 563.329444
493.537370 558.159496
497.236152 559.688349
496.120988 236.922923
502.679691 256.145767
498.584098 251.566136
509.968427 264.464462
507.757690 253.207037
496.887626 240.317303
503.902404 249.496710
