35.883878 495.722519
18.487224 491.784839
19.232082 493.445708
30.188761 332.134384
20.257585 332.442286
30.237846 347.298739
38.022669 337.528148
33.758894 360.165147
31.753994 366.783665
33.373366 369.508056
18.052148 388.932193
35.938300 386.599618
36.223768 393.838015
30.077908 387.434833
28.250307 377.552749
30.496592 401.346313
28.548155 403.411460
38.521771 398.552124
33.082164 409.364237
36.328317 405.924854
35.547826 414.095790
28.170867 413.747939
17.081818 430.149466
42.769550 441.516618
31.105469 445.261583
24.619126 447.921940
23.365290 445.059076
30.108165 440.775874
36.573312 442.231941
23.736560 433.801774
46.530686 441.522964
29.904517 465.914434
45.867681 463.345986
27.151388 458.454782
24.658674 486.300211
20.790401 463.724008
24.346992 467.576617
28.435495 478.490558
40.104882 470.984697
25.039531 499.594620
21.754440 357.073693
27.370348 290.970101
29.125693 292.173563
45.282054 316.931639
24.898281 317.536350
34.901881 314.799104
34.544258 318.101518
22.581318 320.470782
38.934612 323.382011
37.372504 331.634628
31.151756 354.617487
19.189105 512.830270
29.162095 511.092821
27.058126 513.598636
41.366434 515.601652
49.126505 536.878408
33.453392 520.291060
43.467708 514.595617
32.520616 529.888983
33.352160 551.354459
41.991693 312.880898
51.209333 291.438502
39.861138 291.229831
45.888039 278.339093
36.568354 533.443265
44.021227 537.865379
55.627886 550.042349
35.900357 570.955484
46.458723 556.282303
45.493705 298.554743
38.176716 544.518770
52.067829 251.839692
37.710469 273.769407
49.641772 556.553521
41.161620 562.034759
52.953963 553.540588
65.451193 265.255955
40.000637 568.173340
44.091643 567.648252
58.301001 568.498780
58.438203 280.844406
51.142371 578.139387
44.103423 597.300874
63.469540 577.609947
60.945342 263.219063
72.586162 593.440425
57.059665 251.720017
51.096275 589.628782
52.939803 587.346164
67.379112 611.699809
77.020389 245.885942
82.459139 606.114209
61.060653 622.178640
70.007861 628.460462
69.536721 619.164175
70.672356 251.479337
81.893038 631.008643
63.825495 640.756328
73.458334 641.195096
78.945212 258.286239
74.277311 629.230035
59.644272 254.389603
90.869720 639.534999
84.877179 260.364872
90.886565 635.906123
86.867814 263.994080
74.425772 667.735499
74.461336 635.523003
94.552428 644.827557
91.012221 672.548381
82.713173 251.031361
99.167588 650.868461
97.039691 240.924636
89.395332 667.905739
90.496019 248.659195
109.580817 654.769332
92.317623 655.062110
98.907986 274.694413
94.869254 280.694551
102.584859 266.555791
104.059774 681.637892
86.659230 282.537339
91.813407 670.072547
104.983273 251.629912
95.012411 284.824597
107.103653 285.410328
109.309819 662.160089
125.088530 286.942979
99.393569 289.605092
118.017620 289.968023
104.552515 311.417049
107.610400 296.041928
101.926010 668.347453
123.708957 677.486759
120.449662 688.966418
104.719105 304.605847
91.757345 315.497788
110.640374 326.950045
118.046516 314.630484
108.760692 313.587349
105.291145 310.631310
109.260675 315.773026
108.799802 339.621679
118.067871 338.823649
120.447050 345.338631
114.461050 356.554377
110.816541 358.958206
115.379604 347.952329
117.850778 366.197809
123.748546 352.644572
110.584589 372.076452
98.806685 372.471276
113.045895 379.822969
113.250671 376.546388
111.817629 371.761844
108.327883 395.978976
117.602249 386.692606
103.902903 680.767470
118.554563 398.665440
112.517084 711.281493
125.747869 408.193527
135.284194 403.858050
122.361403 408.939556
131.819526 413.873133
123.843183 420.212167
124.774309 401.902758
119.673763 681.229762
117.109888 423.876538
127.942066 712.258074
140.409713 416.787735
139.992488 438.920711
118.802911 445.567891
129.423025 449.327898
124.138567 689.919788
134.838490 713.164495
125.401337 457.364303
124.164116 448.940199
137.517383 469.275516
118.952177 443.849953
102.304717 447.539264
132.211928 696.496330
140.456055 475.820699
147.812583 461.918004
134.583527 482.146797
131.729246 707.343851
140.104844 476.668165
140.494039 482.943258
144.015433 492.161755
146.902596 482.597910
145.539174 710.503151
160.820834 490.304282
156.458216 502.829996
142.761352 691.117044
141.563888 505.069499
151.928282 703.186426
149.317323 491.150882
163.013910 491.387120
146.164741 704.573646
142.959302 518.619011
166.995659 522.621843
146.920443 737.093692
150.654861 707.015578
158.269001 515.572500
158.577106 516.214435
161.752175 726.772939
159.637584 523.698757
164.665023 738.111339
183.870730 511.848219
183.405109 743.824425
169.432414 539.505640
198.976519 735.650017
174.689660 520.357564
193.943602 709.538370
184.823503 539.206149
170.847523 716.810862
181.669379 531.494719
181.214665 725.564284
200.696740 555.696961
185.469474 721.039376
191.217036 541.940285
188.785994 550.828610
190.446456 738.230698
191.580483 556.137944
182.982338 743.332052
205.314402 578.790053
210.879559 726.353475
202.776919 536.998592
201.659951 723.651162
205.935365 556.062936
214.368029 735.981379
209.906274 557.266163
226.592990 742.045269
220.556510 553.798990
219.059036 712.916131
215.867221 563.537613
237.642224 729.678701
231.771327 579.736985
224.196141 578.451267
226.557667 734.501813
234.727184 567.093250
222.499328 732.616648
225.250265 573.190603
226.504738 738.872489
257.142928 580.228913
224.485718 720.320639
220.569600 567.804585
239.657293 740.640920
249.769062 581.430698
237.042039 730.420937
243.622851 583.601812
240.471007 714.991655
258.087263 583.687414
263.224640 727.178466
258.807851 583.488053
253.539768 714.918747
258.810319 566.675521
272.340189 704.864359
259.399635 582.428280
263.878814 708.785068
260.189216 585.950628
248.084821 701.097208
249.744823 593.511868
272.992108 693.847502
268.688659 566.250421
275.768029 707.154146
270.698324 587.009650
269.111506 710.020225
263.832025 590.389302
273.126774 707.276084
278.548396 702.480853
276.681426 590.201321
284.414274 680.163159
275.955515 610.587367
292.438884 692.756088
281.107547 583.693099
314.303966 677.224909
294.200310 581.249769
298.542594 684.030587
299.149176 587.536570
296.992295 675.071236
315.009526 587.879813
309.136344 575.958322
305.142454 666.352611
318.107262 581.795852
315.212833 670.300502
302.510181 558.463479
320.950853 689.407082
312.486766 550.341477
314.666365 665.537753
313.463395 553.238996
320.789103 429.150436
329.575340 431.875191
329.426329 447.487055
316.569959 456.312917
321.543993 459.818551
323.373361 461.243061
315.148259 465.514988
315.916530 470.333145
293.281006 476.231635
308.310779 485.615313
308.642104 475.276020
327.080920 484.347229
337.021599 489.406360
311.804337 484.186088
297.924703 497.949222
328.609409 496.617166
315.194391 497.774258
314.179637 507.258791
309.646654 486.640105
328.322830 519.726401
311.707166 504.791128
315.296070 522.562996
321.412255 518.154750
316.260628 530.619974
327.435811 538.376042
321.073345 553.844479
310.387612 539.278563
300.174465 555.501696
323.494684 664.179025
334.085976 438.877746
322.188415 417.650227
317.099961 679.714272
332.164223 648.570586
320.986588 407.054577
325.871595 405.713783
325.618339 414.229544
324.488634 665.181545
329.397139 426.185272
360.225173 672.723220
318.800730 677.231721
327.574746 410.317891
330.272356 666.598768
342.975147 406.546930
338.446020 666.217145
334.590373 389.234862
343.422869 680.703860
351.759547 697.776975
352.078606 393.005840
339.509175 675.304234
359.094256 391.415109
355.259090 688.783958
343.381064 386.418585
359.974399 697.339651
365.967487 357.532101
356.782665 693.053551
355.312782 381.544381
363.224618 686.785504
362.307455 374.677844
368.073604 369.380713
378.891560 699.463410
370.171523 347.563445
381.511445 713.096102
390.581502 843.564731
360.230848 852.634298
359.235401 847.780649
369.407410 860.570402
369.118128 871.910976
370.672044 862.680022
367.215963 884.741451
365.608096 718.268561
378.845294 886.116606
349.621619 344.316366
380.931488 849.723619
380.606664 699.348591
386.241482 828.979294
376.119622 841.028276
377.530937 882.829625
375.077248 363.831360
389.605854 713.129602
387.073330 829.035894
379.763054 880.092358
389.145476 359.329086
387.357999 335.843101
379.912728 890.191654
386.463517 900.213718
374.699791 699.220838
389.784949 846.268547
385.584271 329.479364
389.903316 892.684221
384.299673 837.113339
387.763549 881.908374
395.949556 708.848063
386.448569 330.353786
394.615530 321.620372
390.778063 717.591843
410.939182 806.615866
400.209281 816.202726
389.362613 904.983931
398.800852 326.677182
384.947174 729.801526
383.829540 808.113291
396.763758 913.912577
382.097945 912.104314
391.734852 318.353520
387.029010 715.529696
391.604566 810.960993
410.723836 921.524196
411.631575 314.386929
391.209101 808.022110
401.919289 718.091734
409.994768 909.668027
414.577715 322.336625
399.171376 797.788484
392.975954 719.223112
412.971580 932.330135
412.590293 320.618842
404.229533 704.972427
408.060952 797.036489
423.915949 923.408289
392.843987 295.497582
398.086260 722.284511
424.162559 799.150381
425.463058 917.369034
425.002968 308.201251
421.497029 786.976821
427.177341 930.214136
433.046181 705.195277
438.161793 292.503844
423.063564 299.572568
412.064131 785.979849
415.267399 921.074309
424.788322 724.688928
433.793295 264.728858
441.789087 726.972976
431.664740 790.980880
426.724003 930.531957
430.572242 931.684689
438.632551 284.296310
420.183585 731.478936
417.128118 784.561880
425.349154 923.706187
426.950682 955.528957
439.247610 273.422506
442.888849 790.356226
430.281280 723.806511
430.521482 944.295245
440.531054 269.669983
431.786081 720.036519
439.976688 773.351594
438.186069 777.422856
431.359769 955.055166
435.927013 269.001011
431.817496 724.527844
441.091114 774.852805
422.912394 948.746563
438.868537 269.412121
439.337552 732.912030
432.616110 768.170338
437.292604 717.052407
431.354077 956.754136
455.917897 282.145102
457.882679 765.845465
453.844505 741.011903
450.775304 966.027259
454.163697 269.926509
457.703058 750.076669
438.177449 961.591847
458.164541 730.234971
455.722700 242.736083
442.305540 741.880874
452.186889 965.036323
451.031805 733.169467
466.922479 235.899881
478.726691 739.765342
452.507082 962.866442
446.559164 735.190159
459.462584 746.704330
464.161731 246.138232
452.420715 980.621689
472.830052 230.618488
451.192822 963.686391
470.443621 839.250483
468.671216 821.366812
464.771637 231.130792
462.604907 832.785482
462.027393 973.454703
466.363943 824.004828
460.750585 983.044780
473.983491 239.842106
486.705118 844.726695
464.827367 819.381296
477.217689 974.656653
456.938028 857.018581
478.092298 250.075285
477.867831 816.066499
482.417068 852.316570
479.442336 845.403159
488.978137 857.490388
490.003689 968.738310
477.888360 811.903137
491.942751 228.520570
497.641758 863.268541
479.789803 860.712297
477.386591 799.383566
484.938581 845.187988
483.000016 967.139459
483.510411 218.504981
494.910294 792.302888
499.330967 875.738558
464.566307 870.463379
508.381714 871.147147
475.517652 980.316404
475.983722 875.790801
495.178227 228.220740
481.708171 989.963288
513.262021 797.287288
509.402250 882.106354
482.906751 894.161378
490.980597 232.106370
497.096233 894.249464
486.009650 790.387816
498.788273 977.572056
520.546931 220.999534
500.723470 891.709788
500.768598 798.803000
495.413005 986.266640
510.172918 900.415035
517.546339 211.101925
494.467001 978.754772
499.642990 789.618097
491.464538 914.097490
495.367206 914.452824
491.658917 209.507915
506.483012 976.025865
492.064927 781.371430
512.503607 913.477361
515.379189 911.606851
511.326232 225.335910
528.273806 913.863129
505.712503 1004.210838
514.826299 776.637209
508.438964 210.968989
519.519022 925.901180
507.209929 932.996612
527.836217 931.432164
524.795974 935.317794
503.916175 939.556145
517.522445 988.263792
510.609566 766.274059
518.363033 204.432661
522.054275 937.469364
531.665812 987.074782
539.222840 774.895790
517.309846 946.936960
507.250130 953.388690
519.781700 950.452417
521.045042 948.726140
515.829800 940.817603
517.281262 959.382186
520.164090 972.656146
506.820101 195.896135
524.485774 771.553602
521.319993 992.475585
527.718645 781.945801
519.162211 971.915070
523.728495 982.339479
526.703852 988.282368
518.576775 974.925386
522.617804 192.443659
519.830611 781.430640
528.717035 203.579755
539.088684 762.297658
527.760712 199.771694
525.603992 753.856010
527.101624 180.226641
519.895199 742.131680
532.984162 202.514026
531.523748 738.871425
545.355567 183.981376
551.669631 741.175365
546.431824 188.397883
544.107395 738.065478
549.409110 181.514134
545.797957 751.189678
550.914164 726.962618
548.531769 175.481741
567.487497 563.845829
571.020223 582.723497
566.798151 582.211142
556.925541 725.020496
536.956876 194.767246
553.270916 561.579356
576.126999 192.557666
577.250154 545.277821
571.980758 559.612294
572.184433 561.868548
574.053992 591.551692
558.753711 734.762654
560.270618 579.656917
569.765471 190.243867
566.414850 560.784205
568.627067 716.077594
572.033777 548.259416
565.009723 592.056870
573.620304 182.787022
575.751524 699.476430
579.929893 545.057115
554.137869 588.154548
581.855991 184.765852
559.592572 719.293905
576.633691 544.785096
578.436903 594.378383
589.805122 183.037209
591.167039 536.451711
572.048224 698.421342
581.217153 589.946066
563.975888 189.199011
576.624904 517.142658
593.525299 594.710324
574.397889 703.066566
585.166012 605.401746
593.880078 620.806141
579.770146 524.182344
573.786987 181.861819
592.924895 694.203364
583.055175 614.397903
596.483077 517.890342
593.887711 188.373141
590.668788 636.438834
578.664372 695.049645
591.482754 510.995866
592.555583 189.005067
591.235488 631.712166
584.728528 689.497736
595.681861 505.053432
606.624471 618.566050
580.126235 177.916748
582.553447 507.581625
589.750119 628.954124
595.784214 698.854843
598.681221 692.258389
595.908778 631.622890
595.753186 508.051128
590.155883 181.158348
610.059621 680.825804
593.935850 625.620722
598.363989 649.223430
607.311488 650.354598
604.827921 641.495866
592.460591 641.150486
611.421839 498.553485
605.759089 682.323762
612.183029 186.315224
612.706351 643.964361
593.141368 483.708501
625.642331 516.493872
607.453535 666.473906
609.541124 647.600805
590.237684 654.903308
589.745982 682.252140
608.858205 679.617011
621.036154 677.339582
596.644820 698.617469
617.764645 189.053981
620.926499 479.754229
617.531867 198.897598
624.627690 476.020322
607.259397 162.940349
612.431068 483.933903
615.174991 489.331283
622.797423 191.897269
630.302653 453.924292
635.087953 170.601256
617.238736 465.079009
632.338555 482.840718
638.785182 457.318221
644.830364 157.335905
643.131759 461.976830
633.423731 168.570405
636.971753 441.546663
636.472639 154.313361
655.442968 445.502939
646.348552 157.708876
645.251267 440.588627
655.407315 143.590874
663.354763 438.853116
633.052620 440.994305
637.368538 165.390055
646.776778 149.835839
656.977817 443.690687
658.824371 427.120554
645.653590 140.131107
659.786958 413.969924
667.923091 142.098476
663.790512 418.284094
649.686690 425.437926
648.745494 127.632102
663.934604 141.518634
665.040617 408.877938
653.715205 414.122879
681.411934 133.634992
683.038683 409.309746
664.560533 120.005242
674.319020 391.036975
666.575450 124.578644
673.616133 390.535665
678.830979 102.017910
690.860925 389.912958
677.755112 121.425928
708.354409 108.440792
681.659103 403.854829
698.322544 91.372013
696.953901 384.690925
704.430237 102.165406
687.426800 402.347650
709.464381 97.389535
692.350951 394.903704
703.067716 80.972419
702.490665 405.127887
708.536467 88.645217
710.799109 405.390133
706.177382 82.495801
694.568971 403.132474
704.587261 86.088137
718.498315 408.565294
716.402500 51.430584
718.154460 62.070015
713.956171 84.021483
707.395579 413.726720
710.144157 247.966708
723.483629 258.439040
710.679742 242.394253
712.715156 259.541146
715.123203 252.837676
720.885022 268.165414
717.366859 249.306491
706.716704 227.052395
712.750513 246.633167
717.993160 65.616948
698.552191 406.070380
717.220246 410.984314
729.097555 202.387311
734.787714 222.612303
709.893124 277.092971
719.401460 300.709754
737.418535 279.699724
720.443413 275.568046
735.937082 283.240295
730.765363 55.670527
725.920708 415.402842
722.154869 42.854813
729.936084 222.752199
742.288130 285.023113
719.667100 302.950520
716.695800 306.483863
727.101277 294.809590
721.645253 303.220836
733.563314 214.081938
735.545577 320.378685
729.823246 423.272822
736.500536 32.728622
728.263344 431.649112
719.356706 214.833347
747.433392 299.722769
727.962941 51.014844
730.753298 426.023248
744.862843 303.565197
741.677777 221.333857
734.497649 318.570502
741.251292 332.112646
734.436331 58.587054
742.820846 323.389442
738.791296 432.234043
722.804233 227.283661
751.313190 31.787792
753.815011 338.351991
747.271921 332.089444
734.507207 335.827979
752.134732 427.299818
743.461156 221.405494
719.153195 58.771280
750.199097 431.409935
749.718389 337.598754
749.810479 356.430554
755.920120 226.311971
752.599036 341.039687
749.676437 42.504169
741.251939 439.158731
741.688288 232.888975
748.236683 357.703666
760.551737 361.735176
752.442997 26.214248
741.854744 351.836355
736.615507 443.278546
764.014173 231.593700
755.206800 435.131694
770.285038 28.113031
750.060572 352.548962
757.136514 345.233730
763.566316 362.130905
760.080454 226.912120
776.390268 426.940308
766.915237 44.767378
771.264566 233.819931
747.014933 346.311881
768.245650 373.621217
779.190216 369.746026
766.808657 448.115999
760.619204 25.839048
760.953160 230.464421
753.543428 431.283710
768.386492 76.146053
776.499524 57.204468
759.158984 63.921474
770.709905 85.491159
774.575350 83.408763
766.543488 377.303301
765.497168 74.049033
774.318360 40.560245
774.073338 238.013350
765.980329 442.372756
762.599280 67.326937
774.932378 372.378771
781.653697 29.740639
788.857184 28.841289
772.509852 47.865809
760.842098 47.772980
771.856677 35.487861
771.267549 86.032095
776.345944 264.547848
789.580893 441.128409
780.929379 383.379330
770.878387 249.543124
781.438288 444.457800
779.129371 78.146586
784.493056 390.635643
779.269866 262.001522
783.024469 450.226703
779.334364 86.606096
784.746545 395.627312
794.995602 263.268943
773.493788 457.305613
773.205634 96.066813
788.546785 386.988656
782.185520 245.812073
780.586872 457.687300
793.120321 76.114972
783.336054 393.491014
795.833575 246.748836
801.378207 75.963890
808.901276 451.415733
783.660737 399.157012
796.814057 250.439029
803.685721 68.546927
799.730196 458.571093
804.148862 380.988660
800.712584 236.948960
807.633843 53.948729
793.244812 460.310862
788.667783 373.403628
806.407659 246.559099
807.533328 59.070827
805.166035 450.726521
805.105474 387.020940
807.707694 264.075873
815.714199 66.310268
807.775121 453.149960
799.609721 414.644097
798.536152 242.798029
811.335698 47.621153
815.313648 453.587577
814.161776 383.584702
817.606264 240.192265
812.230625 43.501505
815.808313 447.132916
809.137326 387.762712
828.075918 98.641241
831.371838 92.206045
805.476442 257.681200
822.767666 54.986847
813.041268 430.564592
815.493284 113.656121
806.781056 394.640741
820.577338 46.698861
832.327384 95.788025
815.550537 246.210215
806.036967 84.687759
830.604732 435.712444
825.519116 119.698483
824.730027 387.998990
828.191659 61.870318
850.762955 243.519417
818.556410 71.209707
816.365683 119.751537
837.602816 444.728435
824.992095 393.064549
835.686518 39.632799
819.451618 64.928880
819.653911 129.013819
818.974765 241.301479
827.950356 434.248325
835.067551 75.306542
841.457760 102.959141
823.957015 382.023109
815.988795 40.898186
828.278665 132.495467
837.960933 250.362076
850.409416 449.346998
839.213175 48.756514
835.375410 84.878208
833.744802 383.439157
842.491111 61.578532
841.138775 44.991696
852.176341 63.629102
830.065768 141.407013
821.196886 246.664829
847.056839 429.302113
822.596600 58.038186
841.174833 127.782001
833.941289 61.048638
841.472901 389.117907
843.105535 253.342004
832.587568 429.254755
841.644676 131.378654
847.893778 253.859894
841.479514 365.668129
845.832970 421.956388
840.610877 142.943447
856.751881 246.614059
845.315441 391.338547
840.635639 146.304501
843.977557 420.374221
847.539927 248.406394
852.162406 373.126213
859.363435 142.073167
851.526949 431.877275
860.543601 147.304472
846.564725 240.269849
850.760452 376.705862
859.167524 144.738749
862.783941 418.317010
868.698198 155.126047
857.705293 245.702255
874.996614 375.664208
866.613819 421.007958
864.472814 159.957220
863.601030 211.960680
877.360753 147.440046
877.246806 371.082396
862.064521 419.920934
855.256429 231.564237
870.462144 173.111385
882.477722 365.673311
868.131762 413.291815
865.524356 165.095493
877.457251 207.843583
887.314372 360.959084
866.623314 412.560000
876.245551 167.775167
881.302153 212.633593
877.420809 378.159578
863.577278 184.701024
890.331336 414.280179
873.476513 165.086353
869.120530 215.519704
877.528605 386.474913
866.774161 397.507963
892.275154 189.525782
873.702709 190.742672
877.588752 193.391469
883.209888 206.090893
890.004334 213.999419
877.493491 196.048479
874.948261 216.577658
877.322047 203.012043
891.726555 220.670862
878.061350 361.802320
883.933304 408.276692
881.548283 354.565168
910.267747 392.836497
893.894104 351.329517
913.063340 399.337182
900.931695 353.185248
885.882404 390.784126
898.735461 361.056712
910.010879 383.537647
894.359656 360.895309
905.545570 382.183100
904.061688 347.309449
910.866084 379.225567
913.453152 349.771988
916.442851 385.020528
905.910716 356.303567
911.222409 380.842893
927.946500 357.273083
925.873351 372.784272
927.573584 366.476398
