122.811105 246.351739
121.590631 246.454616
123.012459 253.494029
123.669462 252.752362
119.844458 253.475121
130.303459 255.274191
129.417742 255.356887
126.955846 260.736862
128.113699 261.168890
125.263540 262.666798
130.081392 265.316829
127.547415 267.948371
128.530187 269.357247
131.835775 271.204496
127.538114 275.113581
117.151310 248.118350
124.144117 278.989513
136.742566 247.649355
126.900749 275.233007
131.912516 277.191387
129.323689 279.407028
132.349649 279.284204
132.560925 243.760207
132.606478 280.784120
133.105028 246.558416
138.528665 282.124679
141.182542 248.176249
133.859954 284.478252
143.148266 248.687350
138.819509 288.853742
149.378519 246.679571
143.278991 287.526382
140.681341 290.444749
148.212743 246.712977
139.561197 289.207401
145.616230 245.808893
141.842046 285.855457
138.336996 242.148268
150.307122 288.101633
147.857771 247.445855
149.580803 250.894390
143.139469 290.069543
147.098051 253.159745
145.413202 289.825235
149.531142 204.900017
147.557805 208.478332
152.365722 211.029262
147.538678 209.625950
149.400533 213.153209
145.711277 218.737773
145.969431 212.429235
155.748925 296.285255
151.039943 248.734124
150.075545 208.932936
149.197156 221.486564
151.409246 296.653994
161.309876 248.632815
156.420890 205.052123
153.314901 214.117786
150.184156 290.460948
155.839668 251.799631
162.710432 204.704051
157.699335 218.324301
156.590096 295.094067
156.082743 250.987904
154.436178 205.681456
163.942066 219.036651
163.304138 297.921082
157.193622 253.686549
165.571049 205.927637
160.907686 218.439383
159.210038 289.380918
161.701387 250.050763
162.620094 203.434813
157.547484 216.882300
162.881437 291.924087
159.386863 250.875717
165.572429 206.281722
159.511016 222.597966
157.291394 223.799534
161.088537 294.255389
161.681654 223.419508
165.214997 226.633808
164.424422 227.241037
166.038090 250.113466
169.273577 204.816060
166.102922 293.697229
168.053329 227.392701
172.013449 251.320364
170.821262 204.946886
166.895787 293.985606
165.528728 228.929990
168.292966 233.874680
173.646463 248.302940
168.213977 250.816930
172.972588 208.011403
175.340927 294.198233
174.402952 233.335954
167.874922 243.603855
176.194001 205.847974
167.076000 292.318353
174.470925 236.050679
175.581415 245.063926
169.991603 204.443184
177.374558 232.984935
177.992044 289.181930
172.724783 236.236362
170.622078 239.995005
185.974807 241.462977
179.991526 204.752583
172.391169 287.296579
181.976930 208.323158
186.641089 286.277061
186.128602 204.848000
177.260342 288.342019
183.474807 205.192251
189.224129 286.797067
182.865643 204.665137
190.619628 209.071728
190.224082 289.099438
190.667243 205.962584
184.193061 286.957389
189.026489 211.124844
185.470662 286.981219
188.773709 287.706707
189.979535 212.941238
194.999136 281.551592
195.812058 208.894459
187.964758 282.056153
195.430663 213.128354
193.447997 212.932442
194.625255 283.018041
200.836681 213.448037
194.826927 281.458957
199.892732 213.514105
197.365261 217.812864
198.604794 281.493518
199.740276 218.245928
202.405160 279.023572
204.857674 223.760410
203.925973 220.326669
203.042425 225.184101
198.650363 225.627668
205.120566 228.528872
202.240944 231.302869
204.169410 279.984623
202.373902 234.075099
203.718806 233.079790
198.365215 281.942312
207.029020 233.123539
201.208754 280.820657
207.630668 238.396364
211.426891 237.581533
205.676371 241.086638
208.724793 242.363985
209.690826 281.642122
204.322207 245.526918
210.331366 283.987362
214.269223 244.920990
209.719225 252.401230
214.265734 281.854688
215.373609 251.076492
215.062373 283.129967
215.834585 248.682748
217.813265 284.235227
218.950866 248.457075
222.184362 283.950178
214.418296 252.461113
218.390901 285.030032
218.595498 287.498169
225.770876 253.896281
225.490300 284.958019
227.101348 248.079245
225.659337 252.694327
230.230251 288.743408
229.530821 254.174774
225.025513 287.330936
227.831868 253.057951
227.684880 257.287163
227.866375 286.863659
239.243655 258.528885
225.484086 291.936094
231.999655 295.632575
226.143955 264.267668
235.063471 295.580453
229.612229 264.591268
236.051322 292.147706
237.760290 266.474050
231.423931 293.470300
234.316515 261.674331
236.375148 293.583463
240.533118 264.262022
240.273628 288.012786
245.885782 261.717450
238.858753 293.747136
241.476579 263.347969
245.967873 266.647097
249.016470 293.986366
246.523507 298.756917
243.708390 269.218316
245.863363 293.605725
244.472817 266.479946
249.374565 296.120997
244.933315 265.876469
251.962356 299.683921
253.100180 302.902044
255.823916 261.280411
250.981659 302.038006
257.763016 269.952272
254.491069 269.055274
257.901312 299.279798
253.210034 267.552525
259.406912 302.357443
257.261374 270.731772
254.157126 299.918198
258.528541 271.577074
258.344940 302.275536
261.996234 269.822057
258.510368 303.643481
270.148536 271.623610
269.288460 277.123552
264.200303 298.919257
262.248402 279.275805
264.104980 304.571624
267.076074 273.696584
267.261620 303.333745
268.088605 278.523974
266.013947 307.642843
268.602890 311.192035
271.243283 273.699197
274.797559 309.454911
273.787810 276.806255
276.310076 308.107008
277.539789 275.931567
272.365064 308.455279
280.801513 276.522665
283.674826 277.819995
279.818538 308.806539
287.070948 279.773143
284.403397 311.195465
279.505904 312.137949
280.593005 280.427451
282.288592 285.232933
285.251200 314.884402
281.804478 286.778004
285.068327 310.115153
289.810872 282.080797
287.031992 313.194036
287.575466 283.420638
289.898320 312.775103
293.953926 286.394188
291.015845 315.000175
293.683821 315.605469
294.002390 289.955411
296.988930 317.452420
294.278510 285.913729
300.008295 320.543847
294.103073 285.681028
299.198465 318.311832
299.014900 286.837034
299.889647 288.459759
298.745232 320.958717
298.279343 291.610856
299.855832 325.508184
299.890387 322.663502
303.698326 290.209434
299.669999 322.975993
303.560409 294.692044
304.435961 321.485503
301.401581 289.797646
314.086354 324.244789
305.909028 289.879380
307.335250 323.927466
313.707662 293.206220
314.035144 319.856936
307.136362 287.772789
316.934415 324.693990
312.699118 293.554413
316.993047 289.387713
323.146057 324.436247
312.756937 326.709163
313.742334 299.130480
314.591886 329.385338
315.678089 298.697137
318.634799 293.954214
319.983555 328.750849
322.257856 302.832957
315.506247 329.247451
324.083136 332.970361
326.953576 301.181589
318.416004 333.766485
329.485807 302.623731
322.965487 332.205352
327.357018 303.595910
324.573469 335.760742
327.262248 300.521615
330.950626 305.018409
322.123374 338.473235
327.220492 305.057158
332.449052 337.032488
335.275741 336.182921
331.622390 304.760789
326.690893 338.078535
336.687711 306.625630
337.554083 336.997201
335.326859 303.482216
336.400044 336.409759
341.100421 307.575533
333.055346 337.823790
345.555736 310.992402
342.663393 338.947111
342.773090 345.056651
341.254888 311.791332
346.133196 343.311871
341.564430 308.655948
341.969561 308.904022
340.624918 346.375675
348.442305 350.819210
347.836993 306.514457
349.747846 344.212366
348.402267 310.471508
351.646956 346.252462
346.663176 312.068163
347.689640 350.127128
348.904836 308.621316
345.349923 346.974272
352.314346 314.110175
353.585460 313.537228
358.055892 349.130215
353.006998 313.912794
350.376369 351.130297
360.019876 314.441971
355.827481 349.033365
360.431643 317.328637
356.386644 351.654806
362.290041 354.385766
368.891991 316.907544
361.769953 355.032686
364.540345 315.912826
357.474928 321.021567
369.579802 351.411397
371.228469 319.986363
371.536018 354.561552
363.454119 323.316622
369.373660 354.597695
365.411386 315.696237
372.206069 358.924199
367.259959 359.438015
373.265803 321.320171
371.321884 355.987906
371.238060 323.004585
367.821733 324.074249
373.809313 355.911008
377.405075 321.302227
380.106580 357.460399
375.031366 325.985661
379.477980 361.058032
379.779740 326.367919
379.635865 358.950848
383.743616 358.971134
383.774972 326.476497
384.601516 360.347572
381.225430 329.275920
382.036348 362.253343
383.915994 325.928624
389.301309 363.435566
387.714812 323.868699
388.713041 329.367124
387.609807 365.998185
391.253345 332.279717
390.596833 369.053919
392.477099 367.170458
398.669875 330.941119
393.025956 370.680750
396.987967 328.575300
393.294790 368.254350
395.223562 370.616918
389.492239 330.241764
399.153359 372.996093
394.138836 327.576445
395.497383 335.315339
398.323194 372.963166
400.155072 335.424823
395.170956 375.924752
398.449092 377.197429
403.844072 381.896340
397.307342 382.079694
404.113080 386.195624
398.699999 384.913042
399.092875 390.978686
397.445278 385.896078
403.670717 391.613649
406.422513 334.537960
406.796976 395.201605
405.341964 333.988168
402.085963 391.195667
407.693647 397.662198
401.768424 334.441306
407.717658 401.927522
404.494867 402.750759
405.183238 401.915348
412.849924 334.590591
404.856154 402.720759
412.036365 336.413044
414.306134 400.522928
415.673998 335.033954
411.438750 402.911962
412.345664 335.755584
420.889519 404.696611
416.095935 404.871302
416.807849 337.610952
411.355945 407.450114
423.058825 339.100506
417.225418 407.846210
424.273828 335.534239
419.398253 412.959973
419.605405 410.013103
420.426831 334.882079
423.529336 409.315070
426.418351 375.740835
421.529662 376.399455
415.930147 378.731696
419.709918 337.964469
420.509562 380.577651
421.069435 411.518050
427.732067 377.971289
423.827360 387.150805
421.643568 335.779866
421.970750 413.150014
431.958255 375.580048
423.444168 385.133469
427.350620 340.919596
430.874506 387.788764
429.865738 413.067393
428.052193 366.990662
431.676960 370.434761
426.340961 391.108262
431.586554 337.703371
429.931233 414.852720
431.440636 417.822380
431.280192 370.542330
432.871954 388.051784
435.509793 336.426278
434.046094 419.788413
430.229532 370.019122
433.567912 387.926855
437.974586 337.784703
436.154549 393.508309
429.453572 419.482085
439.356192 365.832613
436.683615 392.583818
435.619286 332.649028
438.688975 424.579584
434.569521 368.678982
432.986514 391.773893
436.461057 333.051868
439.065000 394.867689
431.984728 395.684911
434.502513 401.060423
435.665824 403.276504
445.556950 406.581453
436.965208 410.665554
439.886560 411.692530
444.165657 411.985109
437.024379 410.116451
434.406006 415.144156
440.442566 417.302556
446.078144 340.641377
436.149066 370.131262
446.948225 338.964698
437.262015 372.248164
437.477541 368.682336
443.021100 374.005672
443.114875 374.974758
446.403686 341.833524
446.038513 383.080193
444.780973 342.840311
443.571565 379.795646
447.001434 380.889460
443.453869 339.705499
439.653568 385.996404
446.508832 336.932546
452.702644 381.547064
446.569226 339.883210
445.425333 386.747392
446.437390 388.290442
451.110608 341.251912
450.947371 390.584884
456.341806 344.489735
451.742725 344.362092
451.483916 392.078511
459.830147 389.427277
461.800992 344.484887
449.592278 392.011484
463.566473 343.397387
461.028345 348.477935
454.961282 347.782177
456.296580 350.313858
458.087069 351.382139
453.741268 354.640771
458.318610 360.471651
453.927033 358.632577
464.579066 362.602355
460.086018 388.737211
460.093478 366.639243
458.009960 396.423457
462.265353 366.509557
458.591798 393.338441
465.184240 367.971289
464.892100 367.740416
461.059322 373.250814
460.208221 371.685697
465.350273 376.674909
464.733076 392.475319
468.906000 375.501467
465.809369 392.967055
470.448353 378.196031
466.794953 380.148827
462.646843 379.218110
471.502842 378.503419
468.987066 383.990339
470.261013 389.066187
472.074170 389.164956
468.069879 388.788902
461.854752 392.109223
