86 331
86 335
86 339
86 343
86 356
86 360
86 371
86 375
86 379
86 383
86 387
86 391
87 364
89 395
90 327
90 345
90 352
90 368
91 296
91 306
91 321
91 399
91 403
91 407
91 411
94 300
94 310
95 292
95 304
95 317
95 413
96 286
99 413
100 282
101 276
103 414
105 272
106 261
106 265
106 418
110 257
110 420
111 241
111 245
111 249
111 424
111 428
115 237
115 430
116 231
117 434
120 227
121 216
121 220
121 437
121 441
124 445
125 212
127 449
129 209
131 196
131 200
131 204
131 452
135 192
135 455
136 186
139 458
140 182
141 171
141 175
143 459
145 167
146 463
149 164
150 463
152 160
154 464
156 151
156 155
156 468
156 472
156 476
160 147
160 478
161 141
164 479
165 137
166 131
166 483
166 487
170 127
170 488
174 124
174 489
176 493
178 121
180 493
182 120
184 493
186 111
186 115
188 494
190 107
191 96
191 100
191 498
195 92
195 500
196 86
197 504
200 82
201 507
204 81
205 508
208 80
209 509
211 76
211 513
211 517
215 76
215 520
217 524
219 74
221 527
223 71
225 528
227 70
229 528
231 66
233 529
235 66
236 533
239 66
240 533
243 65
244 534
246 61
246 538
250 61
250 538
254 61
254 538
258 61
258 539
261 543
262 61
265 543
266 61
269 544
270 61
271 548
274 61
275 548
278 61
279 548
282 60
283 549
286 56
286 553
290 56
290 553
294 56
294 553
298 56
298 553
302 56
302 553
306 56
306 553
310 59
310 555
314 59
314 558
318 56
318 558
322 56
322 558
326 56
326 558
330 52
330 560
334 52
334 563
337 56
338 563
341 56
342 563
345 56
346 563
349 56
350 563
353 56
354 563
357 56
358 563
360 60
362 563
364 59
365 567
368 56
369 565
372 56
373 563
376 56
377 563
380 56
381 563
384 56
385 563
388 56
389 560
390 60
393 557
394 59
397 553
398 56
400 60
400 557
404 61
404 558
408 61
408 558
412 61
412 558
414 550
415 65
418 547
419 66
422 544
423 66
426 543
427 66
430 543
431 66
434 540
435 66
438 538
439 67
442 71
442 538
445 67
445 534
449 66
449 530
453 66
453 527
455 70
457 523
459 71
461 523
463 71
465 75
465 519
469 74
469 515
473 71
473 512
477 71
477 508
480 75
481 508
484 76
485 508
488 76
489 508
490 80
493 508
494 81
497 508
498 81
501 508
502 81
505 85
505 508
509 86
509 505
513 86
513 502
517 86
517 498
521 86
521 498
525 86
525 498
529 87
529 498
532 91
533 497
536 91
537 493
540 94
541 493
544 96
545 493
548 96
549 494
550 100
551 498
554 101
555 498
558 101
558 105
558 109
559 113
559 498
563 116
563 498
565 120
567 498
568 124
568 128
568 132
568 136
570 140
570 494
573 144
573 148
573 152
574 493
577 155
578 159
578 493
579 163
581 489
583 166
584 485
587 166
588 484
590 170
591 488
593 237
593 241
594 172
595 245
595 488
597 176
597 233
598 180
598 184
598 188
598 192
598 196
598 200
598 204
598 208
598 212
598 216
598 220
598 224
598 228
598 249
599 253
599 488
603 256
603 260
603 264
603 489
604 268
606 493
608 271
608 275
608 279
609 283
610 493
613 286
613 290
614 294
614 490
618 296
618 300
618 304
618 489
619 308
621 493
623 311
625 315
625 493
629 316
629 493
633 316
633 493
637 316
637 493
640 320
641 493
643 324
644 328
645 495
648 331
649 495
652 331
653 493
656 331
657 493
660 334
661 493
664 336
665 493
668 336
669 493
670 340
673 493
674 341
677 493
678 341
680 345
681 493
684 346
685 495
687 499
688 346
691 498
692 346
695 350
695 500
699 351
699 503
703 351
703 504
705 355
706 508
706 512
709 356
710 513
713 356
714 514
716 518
717 356
720 360
720 520
722 524
724 361
726 527
728 361
730 365
730 530
734 366
734 533
738 366
738 534
741 538
742 366
745 370
745 538
749 371
749 538
753 371
753 539
755 375
757 538
759 376
761 538
763 376
765 540
767 376
769 543
771 376
773 543
775 376
777 543
779 377
780 547
782 381
784 548
786 381
788 548
790 381
792 548
794 382
796 548
797 386
800 544
801 386
804 543
805 389
808 542
809 391
812 538
813 391
816 538
817 391
820 395
820 538
824 396
824 538
828 396
828 538
830 400
832 538
834 401
836 538
838 401
840 405
840 538
844 406
844 538
848 406
848 538
852 406
852 539
855 410
856 538
859 411
860 540
863 411
864 543
865 415
868 544
869 416
871 548
873 416
876 552
877 416
880 553
881 416
884 554
885 416
886 558
886 562
889 417
890 565
891 569
891 573
892 421
895 575
896 421
897 579
900 421
901 582
904 422
905 585
907 426
907 589
911 426
911 592
915 429
915 595
919 431
919 598
923 431
923 599
926 603
927 431
930 435
930 603
934 436
934 603
938 436
938 603
940 440
942 603
944 441
946 603
948 441
950 599
952 441
954 599
955 445
956 603
959 446
960 599
963 446
964 599
965 450
966 603
968 597
969 451
972 593
973 451
976 593
977 451
980 455
980 593
984 456
984 593
988 456
988 592
992 456
992 588
995 592
996 456
999 593
1000 456
1003 593
1004 457
1007 461
1007 593
1010 597
1011 461
1014 598
1015 464
1018 599
1019 466
1021 603
1023 466
1025 470
1025 603
1029 471
1029 604
1031 608
1031 612
1033 471
1035 613
1037 471
1039 613
1040 475
1043 614
1044 476
1046 618
1048 476
1050 480
1050 618
1054 481
1054 618
1058 481
1058 618
1062 481
1062 618
1065 485
1066 618
1069 486
1070 618
1073 486
1074 618
1075 490
1078 619
1079 491
1081 623
1083 491
1085 623
1087 491
1089 623
1090 495
1093 624
1094 496
1096 628
1098 496
1100 628
1102 496
1104 629
1106 496
1106 633
1110 496
1110 633
1114 497
1114 633
1117 501
1118 634
1121 501
1121 638
1125 504
1125 634
1129 506
1129 633
1133 506
1133 633
1137 506
1137 633
1140 510
1141 633
1144 511
1145 633
1148 511
1149 630
1150 515
1153 627
1154 516
1157 623
1158 516
1160 520
1161 623
1164 522
1165 619
1167 526
1169 618
1171 526
1173 618
1175 529
1177 618
1179 531
1181 618
1183 531
1185 535
1185 618
1189 536
1189 618
1193 536
1193 617
1197 536
1197 613
1198 540
1199 544
1200 609
1203 546
1203 550
1203 554
1204 558
1204 605
1208 561
1208 603
1212 561
1212 603
1213 565
1213 569
1213 573
1213 577
1213 597
1217 580
1217 594
1221 581
1221 593
1223 585
