71.099297 572.846645
66.151208 572.292816
71.735221 570.823377
82.255300 576.269603
89.550550 559.814572
77.534079 571.275331
81.100569 556.933792
92.800747 580.042566
77.234979 554.335742
88.742334 580.196708
92.710332 562.161432
98.970132 574.897467
99.594394 551.444258
93.493623 575.785900
92.427070 553.285219
104.599979 583.126919
98.890090 554.537447
108.215732 587.598537
114.924198 324.497178
111.609701 325.515629
102.643548 329.188175
100.530496 335.293596
104.622447 345.660501
101.248306 340.899908
103.480657 350.326602
105.247568 352.694544
107.565173 359.578730
97.310543 367.646614
110.706757 360.546611
104.419401 377.681917
120.837217 372.892412
102.322049 378.834498
101.048345 377.146023
105.737378 387.310049
107.242860 393.667117
117.656207 390.497382
106.140988 396.431042
111.939314 554.472068
112.083487 584.687622
104.365759 315.435064
108.223682 396.790670
104.447114 310.577197
113.208852 402.963196
114.558628 399.897959
109.920082 412.261957
104.665238 420.600882
114.805278 543.712780
117.135198 580.800233
98.355715 421.287362
124.700860 313.236689
115.969372 582.837495
113.756350 300.812977
111.798874 310.670027
119.080205 432.159740
114.897070 431.459787
110.766766 549.662354
128.118616 585.363921
120.612944 295.340076
126.473401 429.915887
120.926574 555.654534
129.750560 291.494251
121.854316 289.531355
125.263856 436.055626
120.462240 440.915361
118.203268 435.844762
118.758592 447.161352
127.034002 449.679945
124.645071 593.396980
121.400122 542.137977
124.809080 280.787643
113.837851 454.185078
135.591607 588.559502
124.140702 548.381284
128.431601 272.575773
137.758689 456.354384
136.257681 279.638501
131.438706 452.256174
135.755124 586.931862
126.900033 556.975800
133.504385 268.347298
138.038469 453.223096
138.038230 589.965714
130.724595 267.408423
133.411594 469.610313
137.275126 466.828835
138.195580 464.763512
137.175322 547.228827
140.711351 589.539759
143.867111 252.025938
136.581513 476.066807
141.582008 548.603989
143.887198 480.063565
137.068109 588.369425
145.732259 255.153551
146.668882 544.321088
148.433780 488.706586
151.870967 485.706387
148.927555 250.175688
140.164260 589.839131
149.095775 535.582433
155.566394 488.325551
144.468686 593.032745
158.966375 241.579594
144.979813 248.326637
150.686892 596.174966
150.913532 545.632919
160.055650 490.362919
156.568951 245.932727
155.029500 602.776772
157.048245 493.265619
154.377344 540.284947
171.066144 238.072214
162.165345 594.586374
158.256019 488.449527
161.728418 549.502499
171.015154 599.980096
163.058763 234.704920
159.497218 492.632585
162.281250 530.645792
168.448480 601.951815
173.138237 230.545827
166.237237 228.121193
173.539711 494.674878
166.609932 505.963158
168.517179 535.351996
169.282378 611.111692
160.951663 221.434921
160.290000 503.096941
168.449539 615.491433
179.514085 536.599346
168.599419 220.997965
170.929135 502.991440
170.153207 603.051761
178.276272 508.399322
175.045783 535.894596
183.851722 205.441221
177.215322 600.122807
180.166623 512.732564
180.460297 517.647827
181.764151 209.649406
184.852978 213.417306
185.957210 512.504454
171.274945 605.511390
181.620641 529.787327
183.996467 212.374018
196.063027 518.975490
179.581554 609.740301
182.764238 339.399232
185.620687 342.777462
186.530214 333.785170
186.716557 363.530077
180.894493 362.267886
180.919451 528.059923
193.993835 204.911226
193.109893 346.204417
194.180752 366.890073
189.650822 521.658355
186.105261 184.454530
193.467246 609.905690
187.728707 332.135806
191.382010 354.034184
189.547773 316.600329
181.478644 317.073364
198.116368 312.692521
203.022450 348.283567
202.271289 370.642457
197.914079 202.261492
200.151963 609.995972
184.625584 89.450924
205.570472 100.647429
203.229593 107.214641
198.870810 100.646374
194.266555 115.521836
196.625033 119.054678
200.710961 114.126621
196.969861 121.204141
192.351815 135.486868
192.008630 303.309857
196.730675 373.865655
204.334529 194.489031
193.221195 594.334651
190.460234 84.689117
194.369138 125.832637
204.118437 370.825782
205.386852 178.659538
205.417025 307.544828
206.792262 135.017534
204.666375 292.022244
194.835302 302.179526
205.988056 380.429347
205.744709 595.374225
198.837731 93.487788
205.176783 385.997019
201.242359 176.007737
205.082819 136.096332
204.219747 173.792529
207.848468 83.410137
200.058525 294.441491
207.312425 609.529709
203.030738 288.891695
212.880541 380.439602
205.176356 285.559536
207.387200 147.449549
210.036550 164.388758
209.406327 397.362114
212.159705 593.056835
216.063520 86.570153
219.696208 139.416946
216.108993 147.354290
214.475111 147.157824
216.003562 152.160820
205.250145 155.063704
210.564545 279.428524
208.449545 384.770405
213.501064 590.949942
217.862631 76.433096
212.050379 272.487111
221.411860 265.966670
206.458902 262.064011
216.497510 384.271133
215.982684 391.100883
216.800424 593.012307
209.494180 72.604902
221.738000 397.655309
221.672564 70.551661
222.912741 253.431927
216.480538 597.050260
220.917358 262.024522
221.071142 402.340478
227.233976 63.150649
222.567618 256.132394
236.955628 599.215941
217.547599 403.202698
224.530226 57.756839
230.273967 252.411792
228.319931 600.037678
237.042769 395.143719
238.252193 59.805888
236.956979 243.066957
226.743620 246.788720
236.873961 593.930206
234.346841 403.693429
237.041846 68.631491
239.928922 236.911845
241.296279 224.082929
235.880517 232.317882
230.312179 592.838173
231.815800 397.474296
246.658722 54.281786
247.994029 229.167234
246.864053 595.956469
236.821399 406.371882
246.922419 52.032146
233.260555 218.575947
247.381990 599.191303
243.147356 406.560079
241.176115 66.704829
257.650809 226.665706
251.067558 78.238797
253.170789 588.042177
254.306907 216.944497
256.486954 404.026265
251.254957 75.185266
252.422111 73.705160
253.012287 81.275952
247.772136 86.878269
253.066816 89.525943
258.032152 204.308259
253.520740 598.278507
250.100283 391.182045
254.857696 204.773458
259.633491 381.094658
261.583950 598.243858
254.814848 93.986207
259.212109 197.974307
268.069935 397.544069
256.095448 588.570121
258.722199 89.035622
252.014068 197.387528
262.648569 96.832341
265.101928 101.600919
254.540654 174.327836
264.697246 178.250412
262.410196 187.655156
253.770527 98.446871
263.525599 387.129620
265.154374 597.783023
271.837555 372.365375
265.244450 372.216822
264.152579 381.630739
269.123433 170.375098
264.427804 110.605299
276.028695 108.137669
265.539784 108.769781
263.340246 110.159651
273.142349 123.609904
263.424611 124.607956
280.604307 127.607307
269.402441 133.041753
269.942316 147.756659
268.384854 162.426865
276.749560 153.703048
272.341210 155.766311
272.310487 601.034506
271.570889 132.212407
277.448076 164.755988
273.016266 161.947313
269.498510 368.599636
268.192477 149.310027
274.365355 589.964401
279.682728 367.667435
274.691936 371.633456
278.749181 593.642224
284.174512 365.631633
285.249351 598.465612
278.515768 346.966147
273.599059 353.996190
287.917157 598.190878
279.475972 342.327122
291.415879 597.706316
288.170463 342.464002
292.887040 332.144302
291.328334 599.730466
299.986764 335.829959
293.301062 594.398948
299.734222 326.596437
302.678456 601.433159
294.689655 324.515709
302.488429 602.186118
314.313525 324.224568
319.880689 601.729088
311.122471 316.555990
315.819676 314.396239
307.685481 602.584254
309.534215 319.607388
313.868827 607.126006
322.607542 308.562495
319.246327 597.775113
324.575980 314.108484
326.975233 604.608240
328.261751 301.205350
323.013448 593.491856
329.447906 304.377420
328.042676 594.978529
330.308123 301.720997
339.829283 605.779863
338.316557 303.916211
334.995139 601.780955
355.073544 293.678626
346.573127 599.207986
337.772331 293.151129
340.165851 290.865957
351.154573 600.771107
345.292904 602.092890
353.947172 277.184104
358.719610 607.311036
344.689897 270.378932
345.143353 619.124866
361.757649 273.219817
347.873300 269.176681
353.561860 616.064364
355.690716 260.407647
368.420731 253.893821
364.107587 615.191048
363.503987 252.256256
359.018476 612.171858
366.659016 257.653265
375.512525 613.985942
365.096346 249.924293
374.948619 617.932838
374.809506 242.529527
373.068806 247.060572
372.697071 616.889460
376.239295 247.254484
380.694900 611.715141
389.274363 245.097581
386.082405 613.457023
382.360567 240.896518
387.565147 607.133954
397.508681 236.962936
388.551515 611.587430
398.207237 235.926689
392.019688 608.357179
398.903248 608.681969
400.320404 242.687510
402.005091 602.824501
408.104232 238.527247
401.495194 598.361883
408.036023 239.625429
404.625859 602.683883
412.539404 234.618525
401.740549 589.783814
425.854892 228.382049
413.104936 898.172461
413.040169 896.145366
411.917518 927.455502
421.478875 921.126037
409.782288 907.852291
409.256609 923.783455
423.319038 591.596200
421.933271 234.856737
419.102461 902.153508
417.328864 918.655558
423.279044 748.750596
416.713541 745.082862
422.716510 754.113583
420.260359 758.625912
423.861261 763.847394
427.792626 778.033321
422.053768 781.416347
419.428805 776.280593
423.560572 781.222574
417.536924 778.710474
418.273333 786.731932
422.376050 791.838238
424.090667 803.305498
425.012379 799.143289
417.736152 881.517777
411.212975 883.529425
420.482185 915.954426
423.129108 926.878907
423.122829 582.368494
426.444709 229.733858
424.289763 581.469713
424.014848 749.072385
419.136156 809.031017
422.688539 885.138580
431.727187 922.250595
425.356575 744.014346
430.874029 743.460329
420.700569 810.394381
439.068247 818.484172
429.475163 820.210230
418.900817 817.036973
425.655285 873.234567
425.537153 239.764196
428.650013 578.890141
425.290653 829.590368
425.444578 925.534012
428.298001 740.613808
421.982908 873.401110
424.458920 235.483161
433.070861 710.559912
434.786526 712.489711
435.945229 718.792832
434.655930 832.066752
414.850940 829.844685
429.793611 835.766973
427.324157 836.876084
431.734427 843.147861
423.013604 853.696532
426.321939 848.358037
424.152570 852.858937
426.462121 856.047154
432.691708 575.897573
430.299595 926.205797
437.611310 227.204460
433.170174 706.433432
430.881888 704.613355
441.468212 692.544168
431.982842 693.592524
439.434399 698.667946
433.497102 700.853103
426.925973 567.941794
430.698990 930.124368
430.199863 228.286518
438.054910 563.401953
440.609582 678.736468
441.533335 936.957692
443.763052 218.601917
446.781781 566.956621
435.814393 683.363638
444.463481 933.334153
449.127132 572.030234
445.574455 658.327687
444.582017 657.316739
455.059583 668.041856
452.216267 676.838623
451.808682 675.180803
445.964224 675.042621
454.960934 228.702639
440.879157 927.515769
445.111437 580.275302
456.984989 649.166733
448.297179 222.444292
461.066548 583.283315
456.020325 575.124173
453.374138 585.530098
449.529574 591.837744
452.711663 591.131369
454.541200 606.919190
461.201176 596.154106
459.911576 605.757936
446.541638 602.682045
456.720473 609.413005
447.100743 620.853413
450.913491 623.083214
453.479539 625.016906
447.771312 624.640233
464.202826 631.392321
457.427991 632.070171
443.792132 645.586203
459.453128 644.286046
450.991785 924.935286
463.970343 224.279595
460.136003 922.453524
456.796535 222.411961
449.450705 933.644316
453.711067 219.947258
456.869837 929.381339
463.238840 227.625034
467.881942 933.546159
471.613212 215.092935
472.527521 915.612920
475.114624 218.162008
479.720357 927.199754
482.457863 218.250827
481.096251 927.334537
481.742324 222.982336
479.793641 927.050336
493.536741 224.525928
486.821946 932.531740
488.732957 227.298896
488.888213 924.690655
488.240847 224.877582
486.060497 927.084640
495.608321 220.429180
496.242673 928.867249
504.755802 226.871853
500.011929 929.961745
509.984272 231.361558
508.409519 926.571708
507.117012 229.515289
510.223948 925.792080
513.090269 229.774516
513.983230 928.460868
517.088026 236.599300
516.156117 927.489004
519.191018 236.044183
525.239526 916.518586
521.785174 227.059333
520.455320 813.396521
519.795882 814.872339
529.102266 809.781725
520.345489 824.165277
519.549561 818.827819
517.917051 827.714061
519.522711 834.818117
522.778176 835.778566
520.670877 840.146491
526.546005 850.808861
519.285202 854.355393
525.864421 859.396959
517.910110 865.930228
532.113801 867.880762
516.503528 865.852808
527.252144 233.948306
531.595098 808.560129
528.904850 919.605091
531.225601 797.757758
532.397866 874.465916
532.735045 878.860359
531.389426 236.124223
525.879134 881.289577
531.239307 917.885936
530.826114 793.431538
530.949372 241.494745
540.197339 787.408456
542.146582 877.429144
522.144594 879.740951
527.564129 884.623058
525.183920 888.375073
532.786741 923.402343
540.733150 244.113802
535.103514 775.950785
539.594842 769.043759
541.502830 774.170645
539.885293 779.730789
539.016448 892.504274
536.002300 909.478608
531.776073 899.782218
537.198425 922.211356
543.048479 911.438695
545.534157 238.736459
545.003994 769.489705
544.004718 917.767868
540.840966 235.927946
549.029162 758.223242
564.542720 746.181182
546.381851 748.408488
544.576439 748.378203
552.293460 754.476624
546.733285 231.627425
550.094663 743.042674
557.379638 231.371224
547.877852 721.903244
559.083213 735.090515
559.909785 231.425924
555.885790 721.720698
557.216136 717.381606
562.796254 237.491461
562.395526 708.854019
559.904593 709.597252
567.621578 242.826999
568.496928 699.127706
567.734714 677.437938
582.296183 692.349811
569.532983 695.510257
566.424352 229.813114
577.776355 681.610558
570.936108 246.245040
578.352645 672.499739
587.630878 669.869709
569.779091 235.854284
572.533522 669.036549
587.709481 660.634626
573.887138 236.536608
580.331884 663.569962
580.717807 233.937314
588.010138 657.552908
586.119042 877.856758
582.215471 894.113678
590.184452 892.239744
577.800409 899.092073
583.583206 897.786256
588.192531 905.191600
607.553134 242.440909
588.862380 908.627960
586.703690 665.907815
591.113226 887.361434
591.448924 242.928357
598.322130 913.526419
592.341796 663.202105
596.988580 880.167510
596.293379 235.431452
595.028855 665.618232
588.265556 664.827205
584.552970 666.197663
595.250368 864.556957
594.070941 865.626155
587.162761 876.644109
590.543279 916.139958
590.737168 237.905945
601.841806 681.695228
608.819189 860.061602
595.999190 917.145786
607.443877 678.935550
594.242091 684.281136
600.192013 685.354734
600.128367 241.089835
610.528445 863.333794
603.075908 927.803480
613.398893 694.335756
607.284138 690.327968
604.886369 699.656419
605.429376 701.283991
607.531127 243.088276
608.397126 852.187865
607.760950 925.533945
613.839641 704.391144
613.406050 241.013297
614.651533 702.642672
612.200849 712.417784
603.088175 717.451486
610.115589 850.118836
610.703763 854.388929
613.335713 926.843282
612.724207 234.416815
620.582395 714.275968
606.549933 836.540158
611.911897 926.020278
617.330327 731.299268
626.884378 730.011984
617.151285 730.929803
616.460357 743.243115
615.397804 745.540584
620.083597 749.013953
620.413278 751.744468
618.011487 747.821845
611.492854 762.122322
612.873111 818.884852
621.944368 827.778658
614.045324 830.441857
617.023712 831.273573
618.307021 836.661577
620.073333 238.955032
616.274445 755.763753
620.471511 932.397672
610.429232 814.547725
621.027279 766.255968
627.944386 769.121812
626.139819 773.533766
618.879460 777.947725
619.292324 782.171377
625.002275 784.025726
617.937261 783.007358
619.092683 803.425890
620.937963 799.429449
621.260547 806.422846
615.648032 239.260705
620.930403 925.121457
628.835895 785.911245
625.504264 787.391295
622.973097 245.443104
633.591805 924.743770
620.104507 232.510312
630.738722 925.791823
646.712207 237.523382
634.979808 925.476444
632.063805 232.880212
644.046735 926.487597
643.326974 234.297080
651.572033 927.548347
636.517588 230.435958
647.151149 919.291762
656.401424 237.563724
644.247352 926.016992
656.217223 228.747248
653.640845 923.818100
657.483133 233.824631
661.464405 931.279609
661.649268 227.923083
662.469928 928.431335
664.548952 225.228390
669.688725 931.702594
671.139965 226.247700
667.739701 930.298337
671.702133 232.205021
668.032378 931.511816
678.023828 235.414346
681.194985 922.043469
687.080086 237.213413
688.157397 926.815400
685.334657 230.770080
687.749034 928.800992
693.764613 228.212002
698.080240 922.617701
698.005097 231.480345
692.832521 926.072120
693.730435 229.807373
702.039943 926.303404
704.956763 229.036430
703.327598 925.302634
706.408101 229.248000
696.380547 932.108979
715.187566 221.281107
714.034517 932.744203
722.675009 780.153303
714.203603 783.473915
711.079438 798.669616
715.119916 809.043492
713.598770 810.769202
708.221372 822.696004
712.113482 819.941075
710.261161 819.380750
712.922278 828.825538
712.155228 835.523977
711.416706 828.998902
713.785212 838.853589
716.413766 839.374407
710.011270 850.402167
706.441789 848.310228
714.453811 847.850635
722.496712 852.008560
718.531368 862.177410
711.069703 863.412125
717.469011 870.943207
714.506491 863.464356
705.388260 882.169544
725.968893 879.494892
718.014613 884.911403
712.019206 893.415458
715.671912 889.585234
711.432497 902.992615
719.919394 909.075163
704.509844 906.811016
711.418560 913.252520
720.400339 228.293899
700.720614 929.316094
723.919031 802.515981
716.161454 921.288810
709.459133 776.362097
725.045492 799.197080
719.896352 219.184506
726.627848 760.712453
715.517851 770.752839
724.345844 772.682916
720.387232 907.917150
721.534086 922.229419
725.431254 214.611567
720.544328 760.139549
722.535978 912.089542
725.621615 687.386299
727.466595 693.343986
730.567858 701.126066
726.986668 697.726789
717.862732 704.809232
721.976381 706.542509
718.467986 711.594426
719.406100 707.025347
724.565355 741.744371
723.406066 737.787748
727.204552 743.125125
717.619006 745.455034
711.717742 920.864842
717.132970 713.964529
726.683625 758.709264
730.316461 219.774856
723.271431 687.788971
728.321710 742.115585
724.358951 721.219303
727.071462 719.312562
730.549175 215.186664
737.705942 679.725629
733.349349 226.317318
732.198153 674.962491
736.934898 234.571668
739.253679 679.211634
735.477185 232.232525
730.504638 675.044496
749.129988 224.938181
753.629048 691.196443
746.996120 224.503370
747.579023 682.860835
752.101596 225.188381
758.044559 689.092936
757.503145 229.514172
751.307815 685.556762
764.995611 229.800746
765.874804 679.800120
756.394695 217.149144
766.925090 688.721359
776.647273 226.447802
771.953036 678.489826
770.608133 228.653733
783.473268 683.116847
779.217619 231.663727
777.194523 682.591717
776.873629 236.432980
776.716828 846.717443
788.004564 847.832111
787.077172 848.062514
783.868167 863.311763
782.013805 863.318294
784.627729 871.943173
775.884335 869.103818
782.578928 871.566850
774.517179 871.332526
780.547193 684.146124
789.360342 233.683864
785.581200 677.198993
780.078775 840.949535
784.257950 879.047397
785.842140 832.576661
785.876025 228.732755
783.574693 885.887429
784.199787 673.029029
784.289575 234.233732
789.260927 824.168486
794.639850 890.717287
796.605770 678.599977
792.840104 239.143729
790.901091 829.709348
797.960758 888.058854
799.355735 680.823083
799.960062 690.319178
802.126451 700.857501
803.106258 699.090452
798.687804 700.411557
797.064360 703.220139
801.164117 708.491237
787.035812 716.208899
789.705599 714.632952
800.155801 724.943882
799.891163 731.773199
805.753314 732.024598
789.257603 738.062852
788.637823 740.362475
796.048761 744.539907
796.052404 738.309350
806.288986 752.825016
799.584822 756.215547
795.444983 751.181733
790.678375 762.976426
800.809805 767.362758
799.402278 778.259621
805.438400 779.771260
799.893881 772.557561
803.959585 787.125652
795.253354 787.866687
788.970396 793.007500
796.835369 802.475347
792.014674 809.691063
801.082421 797.106408
795.974736 807.170837
801.595673 815.654491
795.607865 817.235510
793.908609 813.609835
789.154132 821.790229
804.493443 229.988123
807.024423 885.613978
796.972200 701.271342
804.453335 707.386264
792.706669 236.561761
794.412059 886.944285
806.327143 239.235192
815.182256 890.401241
814.080549 242.211441
812.901288 891.392573
812.975382 236.468688
807.625959 894.566254
807.912490 235.308903
819.335976 891.114003
819.788614 244.658382
829.018531 890.160433
821.920133 246.968679
834.910412 878.744618
835.272986 237.606689
832.369615 251.136327
833.506381 880.637052
839.635606 243.941786
846.450546 890.530990
838.008127 249.692010
839.857467 887.868681
851.468243 250.329880
843.455652 890.568953
845.321872 250.642081
856.895327 890.685808
848.917562 258.161985
851.645163 879.839237
859.917458 261.545425
860.626720 888.585618
859.224546 255.641324
858.218240 886.769176
867.048440 270.953622
868.665417 270.322578
856.770552 883.566662
857.436316 267.687083
863.673594 876.759263
866.961796 270.091081
879.264619 892.773120
865.599933 264.447735
874.076440 886.232509
872.856746 266.476642
876.199767 806.669738
886.697321 805.235597
884.477556 822.102468
881.550401 818.925166
879.280353 823.096950
872.324744 828.244151
873.867955 832.533641
877.959628 826.926515
872.335199 847.335324
874.443021 851.296503
880.545590 856.683748
881.873779 882.179840
883.238081 275.038134
876.505442 801.188707
885.184504 759.968485
884.332066 763.133211
892.509185 761.109774
881.416788 772.581457
882.153988 773.984900
878.675813 777.514823
878.898452 783.306435
886.774908 784.933629
879.227469 790.734456
885.734880 798.499497
884.303759 791.098645
885.625935 856.646385
881.070102 877.789980
882.636464 278.975064
884.975901 283.110475
886.308747 748.064878
890.526199 847.595163
888.052462 886.938388
891.259758 742.992355
893.663819 871.892796
895.054080 877.825197
889.858852 275.681039
885.430579 849.971415
899.997172 740.737184
889.999705 860.551780
891.411014 716.127740
888.003971 720.018569
896.827661 720.536359
883.206649 736.862731
879.184819 734.579268
895.040664 731.667770
890.958336 855.971568
887.859741 859.860811
890.921031 875.593415
897.933363 281.332326
896.790112 715.061559
900.828305 693.122581
902.425939 707.388662
895.835437 705.363260
902.945892 292.873192
908.768524 693.879046
901.557985 291.007328
900.956837 280.989086
904.675794 685.211028
910.691851 670.887682
905.315403 677.416865
917.146983 299.556147
911.042460 669.376510
915.708319 298.852730
906.333941 673.520138
912.726095 290.071459
916.795304 672.079244
916.886820 660.893940
921.497497 291.414067
928.475561 649.185071
912.145533 649.508532
930.831481 666.543937
920.411274 294.361447
930.792972 638.105552
931.086830 295.732452
933.948652 297.317008
928.453630 638.927036
929.284711 293.335649
923.253352 649.843811
944.117048 301.896703
937.557164 641.699855
942.689477 303.033705
939.921081 305.264494
950.897853 650.994556
949.938387 305.311537
946.028645 646.564195
953.654338 654.228232
951.654295 656.402283
955.071449 312.007105
951.620017 655.940689
951.778201 664.372943
954.857748 672.238311
954.265915 314.476251
952.274820 311.701125
949.739506 666.935862
957.250688 680.655393
963.313031 683.838279
958.113368 316.111903
966.312765 325.695251
955.337308 670.916219
954.591918 673.552190
963.293889 688.208612
961.476733 689.827955
958.361072 695.458711
960.282255 701.193575
957.826422 705.659840
964.517692 706.898976
954.245588 715.664489
958.796162 712.160075
955.075311 848.511049
957.715350 859.942661
957.283570 856.833478
961.660624 861.698219
959.593739 870.432024
971.301637 864.849745
959.752904 877.823286
956.437053 875.765361
958.439732 874.171864
972.512249 321.979515
959.759086 719.568579
967.045272 855.313081
962.884653 886.582434
966.735421 731.026638
969.976611 732.653193
964.603867 733.375047
968.458556 332.293564
975.934949 890.126023
963.890009 838.509584
963.949711 730.966647
969.197299 323.555889
971.604142 736.565109
976.210679 748.511980
975.827592 749.473776
975.638202 749.162601
962.048747 751.283787
982.807794 755.680430
969.786113 757.560439
970.521864 756.261944
971.726946 772.716254
976.006085 838.493917
972.559545 887.915588
982.473572 332.178246
977.191090 334.800409
977.848532 780.146639
987.955549 824.587372
975.987821 892.101750
974.043831 780.428351
979.862159 786.107987
982.720599 788.444192
971.135850 791.911733
983.498797 800.470733
979.630863 792.968144
970.429007 807.161778
969.807038 805.198492
979.215087 812.461294
971.424573 810.356695
977.986574 820.036248
966.181463 823.119071
973.921199 823.343385
978.322784 330.139107
984.045352 893.062853
989.730762 330.713315
984.557095 893.030999
994.590829 335.548930
989.227587 891.812044
990.361949 340.873805
999.001546 890.746546
989.112672 348.521545
997.742467 896.825784
992.481432 347.026312
991.171365 358.144018
996.008954 350.727952
995.635850 893.232247
1001.455714 355.945043
1005.211038 895.158932
1009.141869 358.448377
1014.379002 889.078864
1010.372043 363.242986
1014.931754 891.927762
1016.309215 367.663259
1021.460471 891.628756
1017.140390 367.550455
1015.308069 371.642782
1021.178929 378.005495
1019.282000 892.186498
1030.848434 377.951339
1027.445239 893.691719
1020.522945 382.318719
1029.955538 884.110918
1021.405122 377.511349
1033.201292 889.619493
1040.626228 386.900071
1028.844584 390.182798
1027.775581 894.234056
1031.254116 384.454675
1043.180378 889.977660
1053.763671 391.695264
1038.763029 397.354438
1047.519035 398.409245
1045.083138 889.324229
1045.717134 398.169868
1048.976189 889.036157
1044.279655 412.415603
1044.834937 414.493158
1042.839293 406.370779
1051.233764 891.423306
1050.822556 418.113213
1042.686286 420.355964
1055.745573 425.496498
1055.985546 891.800043
1057.813194 425.754892
1064.378236 417.250264
1050.275867 429.601050
1067.369138 889.535419
1060.771090 440.529329
1068.003490 436.928435
1060.819333 450.083516
1069.183066 443.963298
1076.487666 446.091904
1062.696333 461.062707
1059.778805 895.168756
1065.453021 455.554206
1058.806173 904.526710
1063.650593 464.353259
1072.839687 476.880028
1070.029942 471.420091
1065.933508 812.103289
1076.890154 809.257865
1068.440184 817.292276
1073.683207 796.081178
1068.926848 787.793243
1064.768389 818.412518
1072.421172 900.624802
1068.999464 470.394185
1073.503065 808.288357
1075.948623 474.718920
1073.700177 481.507251
1072.002729 481.605984
1073.375572 480.255927
1073.520240 499.631919
1069.082048 498.960705
1080.366047 673.363976
1065.557884 680.892548
1084.428034 688.288143
1065.338661 684.729651
1076.697724 685.454058
1076.485334 695.705290
1066.360911 696.952585
1077.708481 708.567534
1065.297685 709.635167
1071.352558 710.638950
1073.267658 726.234790
1075.886088 724.164166
1076.790650 727.574763
1068.644813 727.865665
1069.279223 725.902005
1064.973493 730.421129
1072.805527 744.285285
1079.251488 746.206572
1065.530224 744.859287
1068.338686 749.328568
1076.551423 763.143808
1072.203258 754.289926
1083.086933 766.903280
1067.953816 769.461889
1069.773211 784.246336
1085.167876 768.378991
1079.337032 785.379408
1076.696785 791.687361
1073.443021 792.274274
1069.913294 817.159510
1067.685067 814.759773
1076.793349 827.182558
1071.876823 838.763864
1076.929391 834.886885
1071.755715 887.003738
1076.212333 500.126631
1078.139709 674.159720
1072.267581 841.313740
1069.136603 884.856280
1076.928893 498.175328
1084.822456 505.183349
1077.221629 514.749872
1077.393648 515.037105
1073.449257 523.541703
1085.923027 522.361809
1074.306192 532.177041
1074.559802 619.257245
1081.802755 621.115318
1085.566698 649.851223
1074.858464 653.268363
1083.895655 647.820841
1076.698594 660.597436
1071.916899 651.320695
1081.593072 660.871601
1080.034572 668.718098
1075.123572 841.505517
1069.757014 853.625199
1080.338569 856.452662
1081.417529 857.127717
1079.886376 859.991879
1075.301894 869.267281
1078.808859 868.912571
1075.456362 872.457246
1089.812168 870.477573
1072.945957 535.568352
1081.743778 620.167061
1087.198373 628.256610
1083.056927 635.590915
1082.512323 540.567951
1075.149648 540.476369
1082.851096 554.740790
1091.112169 625.243198
1082.677523 630.026860
1078.083834 548.675102
1084.426052 605.326310
1079.864664 608.180270
1101.281944 547.404945
1087.040839 558.957879
1092.860586 561.509413
1085.918903 562.737853
1088.519182 570.093998
1080.977742 568.434995
1089.260286 574.349191
1087.124636 578.590545
1090.076171 574.732100
1082.379047 585.784932
1088.818106 591.557475
1093.529491 596.833038
1081.587775 599.430516
1093.185013 598.788663
