61 101
61 105
62 109
65 97
66 91
66 112
66 116
70 91
70 118
74 91
74 118
78 91
78 118
82 91
82 118
86 91
86 118
90 91
90 118
94 91
94 118
98 91
98 118
102 91
102 118
106 91
106 118
110 91
110 118
114 91
114 118
118 91
118 118
122 91
122 118
126 91
126 118
130 87
130 118
134 86
134 119
136 123
138 86
140 123
142 86
144 123
146 86
148 123
150 86
152 123
154 86
156 123
158 86
160 123
162 86
164 123
166 86
168 123
170 86
172 123
174 86
176 123
178 86
180 123
182 86
184 123
186 86
188 123
190 86
192 124
194 84
196 123
196 156
196 160
196 164
196 168
196 172
196 176
196 180
196 184
196 188
196 192
196 196
196 200
196 204
196 208
196 212
196 216
196 220
196 224
196 228
196 232
196 236
196 240
196 244
196 248
196 252
196 256
198 81
199 260
200 125
200 152
201 129
201 133
201 137
201 141
201 145
201 264
201 268
201 272
201 276
202 81
204 280
206 81
206 284
206 288
210 81
210 290
212 294
214 81
216 297
218 81
220 300
222 81
224 303
226 81
228 304
230 81
231 308
234 81
235 308
238 80
239 308
241 76
243 308
245 76
247 308
249 76
251 308
253 76
255 308
257 76
259 308
261 76
263 308
265 76
267 308
269 76
271 308
273 76
275 308
277 76
279 309
281 76
281 313
285 76
285 313
289 76
289 313
293 76
293 314
297 76
297 313
301 76
301 313
305 76
305 313
309 77
309 310
312 81
313 308
315 77
317 308
319 76
321 308
323 76
325 310
327 76
329 310
331 76
333 308
335 79
337 308
339 81
341 308
343 81
345 308
347 81
349 308
351 81
353 308
355 81
357 308
359 81
360 312
363 81
364 313
367 81
368 313
371 81
372 313
375 81
376 313
379 81
380 313
383 81
384 313
387 81
388 313
391 81
392 313
395 81
396 313
399 81
400 313
403 81
404 310
407 81
408 309
411 81
412 308
415 81
415 312
419 81
419 313
423 81
423 313
427 81
427 313
430 317
431 81
434 318
435 81
438 318
439 81
442 318
443 81
446 318
447 81
450 314
451 81
454 313
455 81
458 313
459 81
461 309
463 81
465 308
467 81
469 308
471 81
473 308
475 81
477 308
479 81
481 308
483 81
485 308
487 81
489 308
491 81
493 308
495 81
497 308
499 81
501 308
503 81
505 308
507 81
509 308
511 81
513 308
515 81
517 308
519 81
521 308
523 81
525 308
527 81
529 309
531 81
531 313
535 77
535 313
539 76
539 313
543 76
543 313
547 76
547 314
551 76
551 313
555 76
555 313
559 76
559 313
563 76
563 313
567 76
567 313
571 76
571 313
575 76
575 313
579 76
579 313
583 76
583 313
587 76
587 313
591 76
591 313
595 76
595 313
599 76
599 313
603 76
603 313
607 76
607 313
611 76
611 313
615 76
615 313
619 76
619 313
623 76
623 313
627 76
627 313
631 76
631 313
635 76
635 313
639 76
639 313
643 76
643 313
647 76
647 313
651 76
651 313
655 76
655 313
659 76
659 313
663 76
663 313
667 76
667 313
671 76
671 313
675 76
675 313
679 76
679 313
683 76
683 313
687 76
687 313
691 76
691 313
695 76
695 313
699 76
699 313
703 76
703 313
707 76
707 313
711 76
711 313
715 76
715 313
719 76
719 313
723 76
723 313
727 76
727 313
730 80
731 313
734 81
735 313
738 81
739 313
742 81
743 313
746 81
747 313
750 81
751 313
754 81
755 313
758 81
759 313
762 81
763 313
766 81
767 313
770 84
771 313
774 86
775 313
778 86
779 313
782 86
783 313
786 86
787 313
790 86
791 313
794 86
795 313
798 86
799 313
802 86
803 313
806 86
807 314
810 86
811 313
814 86
815 313
818 86
819 313
822 86
823 90
823 312
824 94
827 308
828 96
828 100
828 104
828 108
828 112
828 116
828 120
828 124
828 128
828 132
828 136
828 140
828 144
828 148
828 152
828 156
828 303
830 160
831 299
833 164
833 168
833 172
833 176
833 180
833 184
833 188
833 192
833 196
833 200
833 204
833 208
833 212
833 216
833 220
833 224
833 228
833 232
833 236
833 240
833 244
833 248
833 252
833 256
833 260
833 264
833 268
833 272
833 276
833 280
833 284
833 288
833 292
