31 146
31 150
31 154
31 158
31 162
31 166
31 170
31 174
31 178
31 182
31 186
31 190
35 146
35 193
39 144
39 194
41 198
41 202
42 140
45 203
46 131
46 135
49 203
50 127
51 116
51 120
53 203
55 112
57 203
59 109
61 203
63 106
65 203
67 105
69 203
71 101
73 203
75 97
76 26
76 30
76 34
76 38
76 42
76 46
77 203
79 50
79 96
80 22
81 54
81 58
81 62
81 66
81 70
81 74
81 78
81 82
81 203
83 95
84 21
85 85
85 203
86 89
88 21
89 203
92 21
93 203
96 21
97 203
100 21
101 203
104 21
105 203
108 21
109 203
112 21
113 203
116 21
116 199
120 21
120 198
124 21
124 199
128 21
128 199
132 21
132 198
136 21
136 198
140 21
140 198
144 21
144 198
148 21
148 199
151 203
151 207
151 211
152 21
155 213
156 21
159 213
160 24
163 214
164 27
166 218
166 222
167 31
170 35
170 225
174 36
174 228
178 36
178 229
181 233
182 36
185 233
186 36
189 233
190 36
193 234
194 37
196 238
197 41
200 238
201 41
204 238
205 41
208 45
208 239
209 49
211 243
213 51
215 243
217 51
219 243
221 51
223 244
225 51
226 248
229 51
230 244
233 51
234 243
237 51
238 243
241 51
242 243
245 51
246 243
249 51
250 239
253 51
254 238
257 51
258 238
261 51
262 238
265 51
265 234
269 51
269 230
273 51
273 228
277 51
277 228
281 51
281 228
285 51
285 228
289 51
289 229
293 51
293 228
297 50
297 228
301 46
301 228
305 46
305 228
309 46
309 228
313 46
313 227
317 46
317 224
321 46
321 223
325 46
325 223
329 46
329 220
333 46
333 218
337 46
337 219
340 214
341 46
344 213
345 42
348 213
349 41
352 213
353 41
356 213
357 40
360 213
361 36
364 213
365 36
368 213
369 36
372 213
373 36
376 213
377 36
380 213
381 36
384 213
385 36
388 214
389 34
391 218
393 31
395 218
397 31
399 219
401 31
401 223
401 227
405 31
405 228
409 31
409 228
413 31
413 228
415 35
417 228
419 36
421 228
423 36
425 228
427 36
429 228
431 36
433 229
435 39
436 233
439 42
440 235
442 46
442 239
445 50
446 238
449 52
450 240
452 56
454 243
455 60
458 243
459 62
462 66
462 243
465 247
466 66
469 248
470 69
473 248
474 71
477 248
478 71
480 75
481 248
484 76
485 248
488 76
489 248
492 76
493 248
496 76
497 248
500 76
501 248
504 76
505 248
508 75
509 248
511 71
513 248
515 71
517 248
519 71
521 248
523 71
525 248
527 71
529 248
531 71
533 248
535 67
537 248
538 182
538 186
538 190
538 194
538 198
538 202
539 66
540 244
542 178
542 205
543 66
544 243
546 178
546 206
547 66
548 243
550 174
550 209
551 66
552 243
553 167
553 213
553 217
553 221
553 225
553 229
553 233
553 237
555 66
557 163
559 66
560 159
563 66
564 155
567 66
568 70
568 74
568 147
568 151
569 78
572 144
573 81
573 85
573 89
574 93
576 143
578 96
578 100
578 104
578 108
578 112
578 116
578 120
578 124
578 128
578 132
578 136
