17.060242 245.766344
38.723704 243.435881
5.450387 250.534573
29.412094 243.641654
13.336800 241.537249
1.328092 250.435385
22.898811 276.672702
44.679666 272.217814
6.901513 272.432895
-28.337366 276.624122
32.034644 282.043700
4.099257 284.576932
27.489443 277.319541
-3.860982 230.185464
29.635629 186.401368
10.756066 206.683330
30.200790 201.644011
-11.606951 207.203104
10.351916 197.149570
41.935091 225.528655
28.295193 223.396784
12.395698 218.316545
9.073074 260.474022
30.805006 288.368877
30.624464 296.687222
12.856951 195.169209
20.363789 304.180209
15.969217 167.920215
51.366107 291.075136
43.224878 170.355339
21.255251 307.175849
14.866601 187.783895
29.701203 309.425121
66.510124 310.217767
3.634199 161.565516
55.594634 301.655394
24.641887 313.723221
70.437359 170.355710
57.072320 326.193714
47.871808 176.486646
51.760241 334.562997
46.372710 175.377417
81.265737 322.745666
61.763620 168.861517
36.040741 334.086628
41.904602 177.546032
60.847461 336.071778
50.127296 177.205940
64.814299 340.434194
53.288442 194.548309
78.222650 317.665607
75.434101 176.400166
111.664530 304.225326
84.237471 185.160435
64.971125 302.720197
77.761034 182.368138
92.043627 312.343444
64.185123 184.409374
82.871510 310.005112
96.231601 181.949372
81.663048 314.419585
134.315454 195.320389
96.474144 324.505788
113.955893 191.088708
101.994522 306.139940
88.705307 186.044417
112.518178 328.073893
115.041005 179.473311
120.693292 337.150006
103.759448 173.045812
127.924823 304.826160
127.947082 180.397337
96.535668 309.245491
126.349412 189.542857
118.877777 311.538082
146.193523 178.176891
99.957578 290.091177
120.889172 199.917012
113.138662 296.197238
147.048381 194.505351
126.792778 299.550529
133.751520 189.141552
149.034078 287.220704
156.180178 193.961678
130.862167 289.331608
146.047869 216.335247
135.164000 289.560610
132.087592 183.065401
141.331288 283.132808
138.570870 210.604456
151.159163 282.541776
162.111567 217.989339
161.741132 281.082987
155.228953 185.562894
183.968830 285.637456
133.812129 206.911542
151.257597 278.416360
165.076766 192.133839
178.021261 290.411729
135.985108 195.748809
171.876072 289.524068
156.514230 206.546924
176.018258 272.033630
164.011778 193.280722
194.847982 276.259089
154.182026 200.425685
172.711885 277.999160
204.303221 186.223438
181.954459 174.434521
192.189056 184.630976
186.647714 177.521595
146.233218 201.929174
179.934158 196.751269
181.486493 183.890271
192.282655 296.117236
168.650217 308.450490
166.834625 307.117160
168.689296 300.113709
187.144777 302.217626
192.511913 314.731285
202.453596 295.432912
188.397851 182.261122
192.058761 323.780077
178.251794 160.562848
174.353442 152.161401
191.488131 159.537277
200.836119 321.027492
184.188618 329.964286
183.596824 143.061773
184.454529 311.809641
183.751801 127.887218
163.589802 132.751335
159.119072 340.124033
189.822686 135.947562
222.709730 335.133851
218.943985 129.572212
213.757502 350.805589
209.202266 124.811690
213.272620 352.582078
208.563944 116.756720
214.343370 106.348319
196.378549 125.991963
176.904679 340.570423
202.716106 361.622327
220.580914 349.775080
224.859015 114.680509
206.295755 362.153088
211.789390 89.830637
216.952566 363.804454
236.744573 354.526703
199.207723 358.363331
193.486448 100.751360
241.321635 386.590535
222.485535 84.445744
214.650270 377.601110
210.507188 84.722742
222.613103 377.431313
235.745346 86.212398
210.670647 374.352254
257.634351 379.949271
234.893798 85.325192
225.045719 377.434207
249.334138 67.431344
229.179319 379.088258
242.349265 370.440568
223.960865 80.013120
226.636018 376.306546
233.351339 406.802104
228.393232 54.623784
251.344361 390.541723
244.349075 59.559486
257.732689 407.616818
227.513070 61.031539
238.987929 404.327662
268.382106 58.579368
263.619286 405.508655
235.220468 52.733868
287.458668 409.375678
264.863945 425.437044
265.315751 43.687659
268.712972 413.420086
265.183871 56.518812
288.437114 422.130710
250.624276 34.629702
292.654160 420.015238
256.134041 45.725759
282.480025 416.148766
282.589942 42.845999
267.870363 433.974655
282.919448 40.764881
288.659815 430.826381
283.634104 27.351714
301.036517 411.167779
305.480154 35.038224
272.496315 440.853537
324.052410 42.565743
295.901201 433.495554
273.961005 28.317776
316.957457 427.184836
303.340276 24.479010
293.146174 419.330861
293.983654 12.485125
307.875497 434.427667
308.803406 19.522494
306.626845 417.966940
299.799724 13.893136
302.683291 421.414222
320.651021 3.281054
307.407553 439.268094
312.223369 14.138909
314.091705 422.735227
324.212503 18.031976
318.034525 434.055216
342.501843 1.921114
325.792507 429.423279
360.173114 18.407780
346.757492 429.426690
350.936156 10.199698
358.995010 421.010902
336.142327 20.651411
363.372885 422.445682
326.854224 17.240304
334.075955 421.957285
344.470149 7.770244
365.923370 426.675766
376.924545 16.561601
319.732786 420.012199
373.078524 26.650829
338.939983 413.705833
366.497080 39.662168
361.878034 424.762453
371.974747 21.467693
384.150260 434.970714
365.437783 10.315989
344.855827 419.802424
350.085448 5.227419
351.547362 442.064314
360.948080 25.171855
393.083153 419.482036
363.757275 6.154446
386.855576 420.946684
365.104684 3.608474
386.054127 5.675776
382.880362 430.014091
393.895769 3.333304
371.736879 410.393792
390.917517 12.608302
402.783257 420.316696
394.338144 21.197334
404.835268 420.311995
408.970724 5.704091
426.433170 436.398824
400.836336 13.366251
419.891018 435.928035
398.096506 21.984505
431.482290 429.763371
416.719429 5.317161
417.209059 421.617540
412.334743 9.291708
418.208701 428.810017
418.283616 5.176392
422.864005 437.183719
416.244256 9.271053
453.487708 429.849124
437.890180 27.607881
435.925665 411.865621
404.797475 13.243134
398.670247 430.268185
439.986819 25.564013
431.624717 438.479726
456.906206 21.917498
454.200948 428.864098
455.001171 19.294523
465.851540 413.525188
443.501472 22.701804
472.910218 429.034505
464.557735 10.027936
451.617078 421.282147
461.702734 29.874995
453.533835 410.551081
470.407696 12.945928
453.842421 421.556357
447.927394 15.002497
473.586260 415.044788
440.799867 27.059046
472.405380 410.237607
485.443047 25.947413
483.280100 411.480093
465.461366 30.043966
468.093378 413.306364
500.048666 12.473742
514.878777 412.790295
487.445715 29.548599
481.425274 420.515268
448.300203 24.514836
484.239598 424.175521
467.995368 32.020718
514.981309 411.218842
477.403809 41.965499
506.633512 403.801912
489.752675 44.635350
500.980446 422.024974
514.829873 42.868117
515.957583 420.214881
516.773573 27.150291
506.761186 412.969982
501.212191 39.937712
513.179346 409.945930
510.527180 31.784067
518.248212 411.403679
511.470762 27.811010
555.212299 406.217075
528.554148 21.360307
529.751839 412.222559
544.416349 41.704867
531.722759 402.216695
548.669409 32.924780
495.184614 416.826569
532.938781 50.699385
536.705325 403.152546
549.655199 27.208214
534.047002 41.077143
534.686507 409.173586
516.284640 35.752105
542.325543 391.762084
533.898748 58.441734
543.180255 391.263387
553.435973 40.842094
513.057081 387.454545
543.707640 41.197612
550.240054 391.401333
558.782423 46.829003
569.834182 393.486998
580.623222 57.719690
561.949730 386.689887
575.395487 64.782056
581.819552 392.382762
551.045467 54.630249
559.883152 388.093582
556.169417 66.187446
582.611457 55.164309
590.435064 403.002964
558.960768 65.718264
584.934331 391.764451
581.098183 61.647679
600.490697 60.357246
571.950932 65.566197
569.492367 385.813959
594.499391 69.034452
600.858239 411.832205
584.207114 389.489763
596.760799 75.396210
554.717144 394.341691
595.219426 72.843104
605.556140 370.893882
609.469080 69.289109
596.703974 79.059354
608.170013 370.922171
587.055941 396.755967
593.547932 89.449333
612.650466 357.811321
603.447578 75.753135
594.734554 375.447072
634.435479 58.529892
615.054945 355.674804
637.873556 78.021636
630.531506 350.262389
628.313934 83.753722
617.245622 363.840325
642.524894 95.796681
622.827338 104.736118
633.109622 356.553365
632.643755 341.747315
664.208723 92.637794
639.124370 366.228119
626.771925 104.351867
645.073015 336.880795
651.389607 99.259066
623.911241 111.502496
646.189161 355.173156
655.711873 108.367965
661.702540 350.199165
677.501398 99.792566
640.164239 340.098855
641.163144 107.790446
649.681754 347.419348
654.979549 109.071046
619.863665 338.927628
674.961140 120.216448
656.894215 334.951466
675.780443 120.032494
647.251761 331.199489
663.114764 122.807572
677.913800 326.173989
666.674949 127.379962
662.937902 322.701342
680.993123 127.896319
669.059466 323.478525
680.005941 133.935526
671.525629 127.555454
646.167869 325.813278
679.578234 130.367432
682.819650 321.796146
660.115500 136.874994
683.112786 334.256553
665.706026 161.258740
673.700758 352.276145
676.833545 129.298431
688.105155 332.329948
664.864234 153.914535
684.836268 325.350095
734.496135 143.966698
714.638006 326.052434
701.847130 150.881414
718.334430 324.032146
722.854285 149.391779
716.098537 173.406578
749.174106 165.588467
720.837147 334.843666
713.313375 162.571484
711.332990 313.919969
704.124076 167.388201
709.945955 172.216888
723.769592 319.093030
721.122909 169.589029
716.274106 328.504171
713.227262 168.674865
725.921081 195.505853
729.422675 184.558504
708.141272 308.596270
722.140150 177.440495
723.118720 299.525890
745.704561 194.006031
729.029999 310.056356
715.790625 193.660887
747.404685 312.800972
744.070514 182.362971
733.217053 193.705003
760.513983 194.190022
751.885069 316.386783
747.228725 209.543720
744.457801 303.729594
751.743997 199.068679
775.803473 293.217519
748.543248 206.068278
756.018017 312.864021
801.196436 214.633222
748.192857 219.806433
754.195872 292.772623
781.502134 224.701611
775.818031 300.585283
757.174137 214.716122
790.670556 296.911297
746.124015 229.070567
773.297642 278.964647
770.834869 219.196183
793.593402 285.998958
766.582741 227.584990
773.686828 288.543524
765.669492 221.332434
756.678176 291.452122
808.332834 212.636926
763.664603 240.014429
743.398246 275.614509
785.879357 226.178320
774.362633 250.146083
813.241073 258.846916
797.090665 248.165624
786.937394 292.865057
773.302408 239.503590
787.629815 258.287803
797.679787 258.076758
767.538198 243.095512
790.915815 262.909770
802.668229 267.857728
