124.975452 607.407334
145.000254 647.249724
125.203399 641.711426
137.589661 623.323067
113.766389 634.208562
130.846400 638.417623
150.450533 653.679681
129.161534 645.146530
113.744607 647.138532
130.010856 669.056581
133.798854 653.901578
113.100293 654.108860
129.022221 675.228798
146.382529 606.114108
118.066697 629.742261
121.530436 633.976369
141.091697 603.934452
127.542825 651.568663
125.582164 683.576808
162.814241 704.595687
127.252223 685.231196
108.697721 585.945089
144.833998 602.363427
153.786251 562.975810
155.834143 677.838019
137.300797 590.690303
148.920005 700.776786
142.213763 602.523497
137.089487 658.293220
120.345761 565.965988
143.853805 568.964519
152.422340 671.036463
156.976298 577.533232
156.410277 538.936400
151.222599 690.987132
171.109558 547.610588
167.767588 670.510068
150.760109 531.873492
157.730133 676.699241
169.273817 549.920638
155.589570 540.813470
203.140784 548.071654
161.453471 676.320944
188.093957 528.211905
173.407577 708.860977
192.216988 545.109633
169.421030 492.779305
194.080136 656.665717
186.882182 531.941718
153.925485 647.521684
169.218206 506.050764
196.236723 685.118955
217.253481 511.456171
167.142136 505.969506
152.564263 671.282521
195.492907 490.659800
191.938134 494.830482
194.421749 642.266187
190.522890 465.398208
217.051870 684.015216
217.430512 479.097799
213.630111 622.720703
202.973577 498.943032
176.921045 667.293221
234.259932 477.692317
208.795632 455.190294
232.225438 652.309385
194.584880 495.764893
218.436276 451.636999
211.110202 643.462080
211.729834 497.527000
197.823106 649.588906
221.162394 456.749027
211.727283 645.115769
210.092292 436.595716
188.520869 628.316923
237.074303 622.505011
238.240972 438.181465
233.616975 423.698528
244.589948 618.524406
258.479670 626.743047
246.837710 435.217294
260.405164 626.218264
231.403333 446.101836
238.183836 591.084206
248.572174 422.461469
237.914741 606.716851
238.453253 408.462891
242.658071 430.791006
255.847875 601.826838
252.973874 414.940354
240.676907 410.632677
230.581755 443.638714
259.002125 583.005411
269.190724 567.303013
254.275390 395.818665
269.578531 588.274190
251.763521 427.719611
254.750061 597.601698
244.084278 408.074490
264.032406 572.483137
249.412691 388.317967
281.594484 574.556836
263.683469 409.916314
268.293346 386.261078
257.016583 588.790482
268.621030 385.761281
257.579608 583.696466
288.185611 384.856241
276.717438 574.980850
286.802713 375.505641
272.966601 583.909409
286.681266 358.895034
278.805308 541.297326
289.446424 573.287453
273.936974 372.361741
296.087692 339.497472
293.241712 547.834971
271.675253 372.552120
298.160966 552.703852
314.155542 554.834557
297.524169 390.006049
288.967505 543.339357
304.394448 561.058517
301.934913 379.654269
300.287238 346.079437
312.156936 535.010132
288.168596 348.452680
318.677734 507.891085
282.713476 627.638684
289.466078 656.834852
290.070879 656.058030
317.025564 684.171275
282.787072 697.707600
318.653985 690.533240
330.218121 649.578242
323.816450 654.768727
311.054989 667.001045
312.731615 682.860636
276.249037 667.891456
275.619865 688.241820
312.114385 709.142417
300.693069 701.377508
322.099727 696.492718
320.959846 715.825942
306.396989 736.129274
293.305498 744.575409
320.699315 692.858240
320.480489 726.640141
290.908205 743.822508
324.809522 756.725299
300.942555 741.204755
328.280543 759.247085
315.468618 350.630134
298.915844 507.050087
331.925089 656.475489
300.385206 730.553222
304.105789 652.711436
322.297514 625.324395
313.598890 648.308176
326.299549 761.006061
317.519054 761.446261
295.319114 742.911993
310.107876 759.651481
328.081597 769.668748
305.700975 349.475391
320.032612 746.139150
320.522924 513.839429
304.369656 641.701996
333.050553 319.655003
308.450874 594.945392
325.808753 619.961728
326.433458 592.986861
324.329056 618.061836
321.319424 610.333000
328.812687 601.831777
308.750080 604.925520
314.709760 651.433456
318.990169 745.789020
301.470708 783.329233
293.743282 510.058560
330.910505 798.309360
321.144590 346.475021
323.225180 534.211065
305.079034 567.483400
327.833624 590.614828
334.778331 552.784443
326.789575 790.456196
306.420320 766.739460
316.859345 794.558175
326.755446 772.072434
318.655312 812.965418
325.566555 801.421155
305.715724 786.825224
329.457189 325.104250
322.919834 515.731350
318.518252 554.238044
301.689614 809.042184
341.581433 577.591622
368.429428 802.227487
309.053461 798.638111
319.284792 814.565069
319.374875 817.499128
341.373562 337.015439
307.348845 524.063038
294.766837 819.072876
326.727171 520.943598
333.943557 331.119345
347.801493 548.213510
301.101900 555.910320
337.953172 819.759381
321.433844 857.723053
336.182137 855.727562
365.772705 854.982330
321.056058 509.551900
335.874179 858.054825
341.101210 331.311153
323.246427 516.521489
347.229822 546.001315
341.357403 859.184159
310.673621 879.175367
316.521411 349.148631
340.693568 515.537191
362.802646 543.054827
331.662172 877.804113
362.202327 530.221117
333.371605 509.460988
334.901103 522.294189
328.805812 559.070459
347.658382 848.911475
351.101341 847.819847
350.145344 329.904869
334.458735 512.694428
358.434050 522.544332
340.353740 859.598873
349.866507 489.725420
321.819963 354.395759
336.374792 506.953300
339.988317 872.642019
350.744573 513.456612
340.058568 325.365757
350.454277 856.878852
335.892084 884.649896
342.893145 841.705054
345.614440 926.142780
350.820182 319.752282
373.636841 855.647067
334.661962 901.033917
365.761938 312.312004
359.101288 887.498415
345.286874 883.036818
355.111460 882.522511
352.554124 311.743195
413.152213 911.143038
373.546194 309.000387
376.392513 903.140852
366.778408 912.401452
384.867173 317.870997
364.206156 903.180387
362.523119 930.125432
370.246201 924.413152
381.469197 302.352394
377.704959 933.363931
383.479473 965.855064
361.595883 931.644190
338.030103 322.740307
399.667987 961.424050
370.364671 916.375697
387.719811 954.137860
400.001497 306.329425
366.703024 980.156325
402.685323 327.722435
368.739544 934.816404
381.814687 940.420727
399.660178 953.127416
388.933383 343.130562
380.213413 960.711029
389.288284 954.769895
398.255381 334.671705
363.420600 951.305044
406.660304 320.531461
384.539686 949.186901
396.736605 964.202259
391.920961 976.768694
420.493591 988.206042
409.040263 344.072063
404.505847 999.204156
402.562024 311.155774
408.691971 996.401606
416.368803 328.990635
380.050310 990.958235
441.819329 320.577823
421.557195 975.303893
428.655092 1001.379159
421.780625 333.938351
413.463897 296.045974
432.500630 1002.656831
399.863250 1016.835615
446.031602 326.566054
437.892542 1019.882723
421.324154 315.631180
434.059029 1054.186109
413.864860 335.361521
425.932978 1121.071024
404.751853 1120.646387
436.966546 1129.446524
429.374237 1163.890285
430.232513 1149.239030
442.240534 1144.640424
401.771942 1001.506198
429.413828 328.113229
421.919685 1122.480723
451.058276 1108.390549
416.158667 980.697613
412.868640 1084.877830
429.678743 1134.151793
494.502010 1174.388374
436.042789 1148.427425
411.694721 1135.517589
446.876281 358.021116
453.905269 337.555023
430.683234 1025.499072
449.474648 1149.717160
448.497201 1172.591571
435.127413 1104.984726
446.311983 1170.365624
425.522324 1154.565710
440.465110 1195.717346
435.022816 1158.418698
427.305145 1201.934505
460.053033 1019.333658
435.910015 1190.122202
442.492626 338.706509
446.813794 1087.970423
442.123663 1011.582602
439.221861 1100.742048
422.724944 1135.970817
445.675951 1203.763621
482.768581 328.533722
453.323830 1201.084759
446.204690 323.574305
434.273964 1017.262313
446.388721 1084.114052
442.030118 1063.962541
459.489908 1069.639364
471.619946 1014.187347
474.020576 1205.848335
455.802942 350.616469
450.163882 1095.101810
466.172191 1028.953368
466.070356 1053.668282
442.428370 1028.999305
448.681905 1082.326493
484.479177 1072.757317
436.709923 1077.310462
438.062832 1193.491922
451.149618 1230.466738
452.524992 378.711941
462.352288 377.202831
478.489932 1041.652168
467.532562 1065.962717
454.880359 1190.503884
452.829649 1031.054714
486.732133 331.893092
442.612124 1190.636975
467.831413 361.190604
478.343856 1210.151128
456.391845 374.561640
490.719952 1236.703336
469.432436 344.240117
465.092858 1216.440799
472.984523 356.367325
471.980551 1221.122476
480.664741 352.807702
482.840228 1220.658015
501.478862 319.300731
500.259949 1225.826138
500.933976 319.515939
512.252915 1217.501798
495.519947 1190.339947
511.710015 323.857329
476.108006 1189.699237
491.278398 286.112308
496.514953 1219.294098
510.095880 366.887670
530.904995 1179.648911
497.477018 327.189382
500.086934 1205.829880
488.400666 354.357917
503.135698 1166.116653
532.819710 306.109571
499.679115 1190.056781
500.179518 324.579322
537.091442 1182.599929
528.857475 304.323115
530.338270 1182.613312
554.303053 1183.130921
497.144952 313.282479
532.351169 1175.722383
519.542665 319.358289
518.680002 1169.062865
535.516700 329.979207
524.586158 1165.308176
525.489153 312.242683
560.035960 1147.099037
537.655085 1199.594002
545.503542 343.958775
529.708363 1170.304082
552.344978 287.858474
542.473431 1142.008104
559.765791 329.315211
558.940167 1163.599387
566.248569 1132.809956
535.686971 1161.344505
551.964405 1150.983456
559.636987 1140.928761
555.244702 1140.722783
556.333953 1152.187881
564.378550 305.829088
558.899682 1097.934949
545.958533 1128.339751
526.139373 1120.922199
560.740171 1123.470475
553.985396 1116.575003
555.717186 1104.032480
538.380752 304.681668
562.191765 261.967745
562.514278 262.976156
559.126209 307.873908
541.680941 273.413264
561.943852 279.015549
554.912990 292.534460
543.276721 296.669490
579.659525 327.393178
534.511085 1149.906242
546.413049 1104.065288
541.675140 290.222860
568.696905 1090.841518
585.232120 239.850769
558.503340 263.513812
554.430286 270.269159
535.020283 256.136492
551.582146 260.032926
561.239948 266.327462
597.729649 233.517401
518.372554 1102.559323
563.957087 213.287567
583.472741 246.580617
596.993236 225.852120
576.238834 231.161716
568.113325 235.625975
561.715759 1118.430437
561.328908 192.970231
570.680588 1115.303221
548.650501 190.233287
547.206391 1133.820418
575.181348 191.302711
577.423579 173.847607
560.116482 148.147141
562.384292 173.509643
590.917255 208.117142
579.278307 167.546932
570.966926 194.760350
573.649056 1101.787948
571.908109 161.360644
612.720742 1115.810587
584.176415 159.065206
558.262071 1136.315453
568.021988 1118.203013
581.308257 1120.399213
583.777286 195.064830
560.683862 1106.090684
569.128444 167.450391
584.885460 1151.163010
547.526598 1158.774317
589.859611 166.207036
582.165575 1142.331754
594.041633 150.626686
597.755301 1169.738029
620.685575 120.795006
578.439138 128.366230
604.040153 169.460047
586.285256 1111.089096
576.829065 152.017078
594.667178 1143.425842
598.765482 105.113689
620.202781 1129.352685
552.932108 165.312099
616.602327 1145.084351
612.524519 152.807642
619.065754 133.182259
613.553299 1145.136673
612.888384 126.998249
607.765492 1157.342867
617.557735 118.087312
628.473608 1151.160001
638.696323 109.004762
627.368714 1157.302070
617.693576 101.217423
616.248047 1187.319076
660.628158 100.102030
657.296783 1153.286419
646.637219 80.854883
627.209769 1143.879717
633.490689 83.121461
664.752909 1151.739144
635.740216 90.247067
639.550482 1147.915431
635.331182 61.541179
665.134712 1172.079415
640.804416 89.565123
650.229360 1162.640569
647.622237 94.208087
675.625255 1153.892556
663.925487 90.751375
675.666887 1135.431269
687.195068 82.954973
668.716562 1159.568868
675.736901 67.373481
668.661058 96.134366
657.546095 122.667443
669.749952 1158.060444
690.370006 118.671399
685.804895 1145.393425
660.672856 139.081914
661.239700 1135.045248
669.192726 113.523243
682.721020 133.315884
671.768977 1119.543974
665.614955 136.677160
652.615633 136.337727
682.669524 151.678282
670.192932 1137.498518
677.720927 165.558445
689.998926 1138.122233
692.238645 107.940896
658.970769 142.996077
695.180000 1136.042841
713.274628 169.823209
680.456798 1112.707256
678.574866 153.011447
696.674956 1105.073969
685.253506 190.620842
685.816005 155.209750
698.285279 147.279781
668.020592 1135.723719
685.844366 175.209812
669.774501 160.574444
695.766730 182.050271
713.283324 168.030755
683.690325 1109.195181
676.852652 186.452175
711.753202 1105.772487
707.086897 180.543629
700.950305 1097.625339
701.049034 167.345176
729.649973 195.388849
722.528111 1111.124670
735.424400 198.170329
714.173155 159.303907
719.675698 175.179144
719.644806 217.012199
714.704907 203.578661
707.415054 242.080620
727.888030 258.245866
692.709969 232.820107
726.998864 191.746388
700.168918 1096.119911
742.462691 243.901498
734.888446 216.998137
733.467691 259.366602
737.354484 233.600363
697.657056 244.088501
707.832948 272.313721
725.718397 337.729306
726.710316 322.801326
714.556143 308.417390
723.312620 317.582677
702.386795 1079.915622
702.426794 347.530361
702.095547 282.649009
689.408283 1092.549531
734.275996 321.387502
713.653173 254.183000
726.996607 245.184962
710.553982 287.127998
730.593764 277.454860
733.363807 286.632190
729.033152 280.949124
717.236293 311.069653
752.380507 300.448893
722.625437 275.538014
695.970472 320.707825
721.104899 358.263190
746.659911 287.947539
724.821120 1103.570537
724.030210 339.628044
736.489319 1103.705192
751.414560 340.610905
718.886076 1116.212176
768.060543 336.262877
748.378687 1114.215803
728.445693 329.868509
752.891929 1111.728160
798.844548 332.755997
749.120870 356.040945
753.947894 1112.926919
745.690932 333.547078
767.267195 1088.304519
750.592973 1093.174986
775.717994 314.777976
770.042255 387.218630
765.317856 1104.449023
738.726004 1118.749147
754.049474 350.719027
781.383509 1147.556250
779.265533 321.659444
748.511465 1133.933972
763.950869 342.357041
728.529237 1131.390247
756.661622 379.743469
772.630280 1105.837415
767.295824 331.091222
788.018867 1126.795091
785.546435 359.986825
785.889808 375.454800
782.468818 1110.467705
798.715840 342.573544
798.624626 1122.641606
776.810600 1150.778145
779.998558 1137.411733
809.564276 1118.529486
758.785837 344.066343
780.579807 1154.330180
795.512718 348.853664
792.612632 1148.344769
787.551721 388.742656
794.148189 1150.953745
802.014618 371.170200
791.111546 1143.070056
812.961765 392.810302
822.301211 1156.870028
809.211231 380.621332
821.124895 1122.048004
829.807399 408.854813
809.313422 1161.064527
804.408471 397.320810
812.729669 1141.190346
811.028580 382.518787
817.799301 1140.072702
823.210634 369.498772
815.467710 367.502571
799.716148 1145.012319
859.172353 365.261354
814.024729 1150.680161
808.215110 351.799168
804.997055 1154.580248
837.809300 343.545569
850.010692 1029.583839
834.453894 1160.523034
833.105915 371.526211
863.076945 1038.465401
806.598842 1013.567597
856.749347 986.881980
833.516735 1153.007210
843.158290 999.273997
849.019854 348.327079
838.192519 999.379164
821.911380 1143.935806
859.415654 1027.443585
846.201959 1024.021588
849.727622 361.592436
852.497148 995.329071
848.342739 985.593246
820.326912 1158.998510
850.026039 318.976094
839.296885 1007.236634
845.696965 1027.321510
844.486067 1041.234706
848.513186 1139.366112
840.829217 375.932934
869.273861 984.484652
857.105831 1040.853113
837.431429 1067.202641
876.203352 1133.379957
873.476419 977.518548
860.572619 334.590497
875.763233 1046.550297
840.281995 1172.946833
846.398985 936.190090
867.167747 350.255387
873.309318 1062.115755
855.645286 1154.818058
849.159732 982.403299
875.963096 377.963311
866.875474 1045.408197
857.267292 1171.257313
855.029870 978.910952
874.887221 1045.609131
873.862025 331.676570
850.545608 1037.057458
861.791412 1037.330708
882.229445 1086.527236
875.227407 1141.380428
870.852532 946.622689
852.753836 323.786991
884.003734 1056.453514
862.631022 1073.057780
901.221748 1121.728712
888.551455 1138.109178
877.040673 1160.889415
859.276172 961.131113
864.834578 1092.911097
872.950369 356.270935
865.720965 1129.265781
885.848053 956.442760
902.418869 947.081765
856.454129 1097.100134
866.244977 1102.898701
879.201007 1118.888587
873.200271 1117.461932
900.459020 362.515799
900.793927 1080.711464
872.822754 966.152353
881.514823 1148.087223
862.376347 325.360288
875.840639 1077.433374
872.809942 1071.242302
882.615935 1089.578702
846.336522 928.454784
887.755058 1096.733104
904.198883 327.225714
886.340144 1108.287441
877.228480 463.276154
884.225435 472.864942
895.483146 1125.210340
913.207775 1118.261634
877.085003 931.236384
866.020734 465.259714
857.058575 340.232442
882.328865 468.178316
899.744574 932.748770
900.578928 475.865984
888.292114 315.781836
893.811179 495.876217
900.605752 933.544545
897.324496 491.255589
882.737814 498.094749
902.717126 475.382413
887.320610 342.800253
912.146406 458.703857
901.941063 466.776436
881.420563 927.393172
889.287090 451.901658
918.151620 341.001862
914.162621 483.529531
900.161836 956.332407
894.735595 348.850110
896.861237 481.206457
910.296715 493.014252
894.652092 917.725365
924.764742 474.583471
883.178817 515.146966
890.002393 491.306745
907.496485 907.060015
903.924103 908.452103
915.188925 339.289089
902.243381 460.985842
910.661665 494.346845
908.727718 474.414659
926.336446 463.956665
900.037143 489.325584
926.365736 331.667583
907.969427 917.015177
919.904837 509.636364
930.421694 874.361104
913.397095 901.977394
896.343026 491.137351
914.537796 528.880903
922.564362 334.316203
913.843339 505.829265
906.906710 891.472145
911.628604 519.820506
949.034124 874.765666
908.632939 521.853464
907.677944 324.495094
922.087757 517.397912
935.597671 898.562655
926.008971 522.217323
933.887782 550.479239
939.761219 543.383698
932.925961 560.651542
925.140951 568.892554
919.355523 862.404071
930.147781 898.427752
945.923968 852.535760
912.396350 871.405531
925.746269 880.745707
894.190171 329.281227
944.856928 488.258204
895.075332 510.467223
944.923008 524.568276
936.539314 362.932245
926.132518 535.964655
914.569500 865.281402
926.913430 585.428640
924.354066 555.701914
909.964662 604.501635
894.068266 866.751686
932.725726 861.794125
941.862995 498.341537
916.136752 373.137284
937.492312 481.552088
955.441000 515.225447
908.391291 558.382754
929.463836 843.405424
919.918034 574.788612
938.222066 593.076437
920.698093 577.482614
930.598363 835.236960
958.727483 841.980098
956.836796 351.191979
947.195808 521.068712
946.245217 510.549259
913.867140 508.271531
923.571568 603.158654
927.019960 843.907629
950.410303 586.101224
927.258306 582.034084
912.535507 607.316250
947.617249 796.402103
919.896643 819.613599
944.050029 819.310835
920.129604 340.152032
926.376203 505.939012
954.783443 361.914893
948.007226 575.068533
945.651338 584.337843
969.032858 815.036812
946.864090 582.965630
969.658500 598.797966
962.583320 589.268707
947.895598 804.292907
931.875473 813.206576
959.768450 352.072793
942.675838 514.800364
944.159479 521.957552
955.660158 601.792985
938.305236 781.645891
945.138489 619.762362
956.276973 624.389483
969.162244 585.107839
927.245804 640.123086
953.745465 662.291486
921.827148 645.638840
942.064603 792.902636
945.850197 793.390010
953.230897 765.777006
934.213041 558.281392
922.620549 607.142409
928.409857 364.504207
933.438600 501.194686
941.351685 549.873108
968.120591 757.294560
955.584255 662.953958
953.520356 607.494022
957.844470 680.593509
943.098260 673.298969
968.607180 620.249953
969.062136 686.923983
949.661226 660.919134
938.406973 668.181438
957.742501 772.870367
954.670897 771.492897
943.834581 806.830668
958.795162 400.710996
939.933177 668.052312
960.799627 541.514083
967.758611 386.092018
950.383954 576.828081
962.078750 714.900003
949.327769 667.304866
987.341061 670.338251
967.338234 695.310168
964.979314 709.709421
932.893106 710.553279
978.796799 719.923015
972.991199 688.259172
962.738085 692.926868
932.964322 720.419885
976.091857 712.024068
958.116714 691.923760
947.971996 727.346773
989.793463 719.412776
943.799917 693.506439
963.714888 706.355525
969.795009 733.270685
949.423490 734.496447
951.240767 718.067451
964.754293 755.011052
945.966424 375.023304
946.099066 548.075724
944.694441 584.211612
977.422983 344.327802
969.716882 559.748953
976.892917 560.356692
952.012010 549.658254
970.198574 376.869824
949.051113 387.719088
983.851979 546.914528
987.423363 590.063368
951.471611 397.132261
986.000442 539.068569
982.715120 379.691283
970.750729 376.250221
986.053490 557.848231
1002.908725 562.029222
980.751075 409.507057
977.986376 606.472659
998.410516 393.949486
974.541631 590.944204
989.013687 409.272535
967.656002 578.215827
1005.977758 612.186113
988.573446 390.250949
1003.627042 400.784021
991.380153 590.984041
973.881866 591.645034
991.967493 625.279255
1004.098817 422.425222
1009.076413 401.456446
994.405516 619.623868
1024.391609 607.312205
1031.470058 393.222918
999.187395 612.288237
995.582464 602.888718
1001.337686 638.263265
1019.628445 413.985325
1036.064085 653.293553
989.263057 372.362640
1005.106366 629.635315
988.182967 428.215195
1013.369064 616.897292
1039.390542 649.314084
1000.211718 647.957592
1002.560047 427.703847
985.924054 420.749697
1027.143762 634.156535
1008.733410 663.156432
1005.204196 662.735623
1029.725687 665.151105
1036.465699 668.625300
1022.322237 392.886654
1040.315469 420.138582
1019.122550 687.384241
1036.708248 695.506777
1038.131739 667.561593
1022.606167 413.256059
1016.374711 414.253520
1025.225433 444.834620
1031.607637 685.363691
1001.934061 691.014815
1000.194294 686.669061
1044.641509 413.193621
1039.120579 477.585705
1037.939592 700.665852
1030.690527 707.995640
1055.459384 434.385749
1029.046088 713.378073
1040.151575 671.564660
1053.632321 447.547929
1049.749774 449.792619
1058.301447 735.837048
1038.173182 472.138165
1050.694096 456.979570
1070.546011 475.312744
1065.798895 709.756797
1018.650832 704.900075
1058.294145 488.154425
1070.177804 478.686199
1072.886125 695.222775
1044.727975 486.166994
1059.626333 482.887946
1074.658717 703.914563
1049.065088 497.349058
1069.715095 492.611518
1055.349658 515.534050
1054.869424 738.141317
1078.596267 503.161720
1088.016045 688.956846
1092.588069 505.375898
1079.071742 485.108081
1096.363107 733.819693
1087.403835 512.274839
1083.471277 498.433238
1081.131490 739.547487
1087.292371 538.127507
1095.470613 522.162333
1052.076175 546.610254
1090.004046 688.844585
1085.982886 706.199379
1082.627561 521.453911
1078.954381 523.616062
1098.612867 518.079592
1105.611496 544.516933
1079.570407 541.139679
1078.189624 561.630949
1084.883932 565.088774
1078.985704 552.247043
1077.352521 690.141346
1068.146783 568.164958
1085.876134 699.255077
1060.860814 553.871679
1104.363889 578.859033
1130.892480 712.851444
1118.426879 579.374249
1115.858178 690.556970
1129.375398 570.694835
1140.223744 564.486348
1088.067985 565.289022
1090.551153 577.204267
1101.521458 689.702230
1118.197701 582.239838
1088.087269 608.227726
1114.955745 581.708476
1102.081816 562.638693
1119.337985 670.271856
1129.066588 590.071486
1124.023569 587.724927
1102.078899 606.136555
1094.971713 632.534862
1126.515276 620.889637
1105.366257 644.657205
1098.351904 637.781031
1107.148405 662.430914
1099.858971 657.349161
1126.620484 652.638848
1112.178694 676.469791
1108.022969 695.132600
1127.807193 645.159407
1117.732404 684.952092
1124.772526 675.199082
1121.627422 663.202604
1122.163473 626.768766
1111.597971 623.623444
1120.775803 650.214238
1110.006739 635.106099
1117.348156 651.574092
1099.251391 641.052394
1106.958503 648.615691
1118.426397 660.697046
