26 621
26 625
26 629
26 633
26 637
26 641
26 645
26 649
26 653
26 657
26 661
26 665
26 669
26 673
30 617
30 675
31 611
31 679
31 683
35 607
35 685
36 601
37 689
40 597
41 692
44 594
45 695
46 581
46 585
46 589
47 699
50 577
51 702
54 574
55 705
57 570
57 709
61 566
61 712
65 562
65 713
69 559
69 713
71 551
73 714
75 547
76 718
79 544
80 718
83 541
84 719
86 723
87 540
90 723
91 536
94 724
95 532
96 728
99 531
100 728
103 530
104 728
106 526
108 728
110 526
112 728
114 526
115 732
118 526
119 733
122 526
123 734
126 526
126 738
130 526
130 738
134 526
134 738
138 525
138 738
141 521
142 738
145 521
146 738
149 521
150 738
153 521
154 739
156 743
157 521
160 743
161 521
164 743
165 521
166 901
166 905
166 909
166 913
166 917
166 921
166 925
166 929
166 933
166 937
166 941
166 945
167 949
168 743
169 522
170 897
171 952
172 526
172 743
174 894
175 955
176 526
176 743
176 886
177 959
180 526
180 745
180 882
181 876
181 962
184 526
184 748
185 872
185 963
188 526
188 748
189 869
189 964
191 861
191 968
192 526
192 748
195 857
195 968
196 526
196 748
199 854
199 969
200 526
200 748
201 973
202 850
204 526
204 748
205 973
206 846
208 526
208 748
209 974
210 842
211 836
211 978
212 526
212 748
215 832
215 978
216 526
216 748
219 829
219 978
220 526
220 748
222 825
223 979
224 526
224 748
226 816
226 820
226 983
228 526
228 748
230 812
230 983
232 526
232 748
234 809
234 983
235 530
236 748
237 805
238 984
239 531
240 748
241 801
241 988
243 531
244 748
245 797
245 988
247 531
248 749
249 794
249 988
251 531
251 786
252 748
253 988
255 531
255 782
256 748
257 988
259 532
259 779
260 748
261 988
262 536
262 775
264 748
265 988
266 536
266 766
266 770
268 748
269 988
270 536
270 762
272 748
273 988
274 536
274 759
276 748
277 755
277 988
278 536
280 750
281 988
282 536
285 988
286 536
289 988
290 536
293 988
294 536
297 988
298 536
301 988
302 536
305 540
305 988
309 541
309 988
313 541
313 988
317 541
317 988
321 541
321 988
325 541
325 984
329 541
329 983
333 541
333 983
335 545
336 979
339 546
340 978
343 546
344 978
347 546
348 977
351 546
352 973
355 546
356 973
359 546
360 969
363 546
364 965
367 546
368 963
371 546
372 963
375 546
375 959
379 546
379 958
383 546
383 957
387 546
387 954
390 949
391 546
394 945
395 546
398 942
399 546
402 939
403 546
406 938
407 546
410 934
411 546
414 930
415 546
418 927
419 546
422 923
423 546
425 919
427 546
429 915
431 546
433 912
435 546
437 908
439 546
440 904
443 546
444 900
447 546
448 897
451 546
452 893
455 546
455 889
459 546
459 885
463 546
463 883
466 879
467 546
469 875
471 546
473 872
475 546
477 868
479 546
480 864
483 546
483 857
487 546
487 853
491 546
491 853
493 848
495 546
496 844
499 544
500 843
503 541
503 837
507 541
507 834
510 829
511 541
514 825
515 537
518 822
519 536
522 818
523 536
525 814
527 536
529 810
531 536
533 807
535 536
537 804
539 536
540 799
543 535
543 792
546 531
547 788
550 531
550 784
554 529
554 780
558 526
558 778
561 774
562 526
564 770
566 526
568 767
570 522
572 763
574 521
575 759
578 521
579 755
582 520
583 752
586 516
587 748
590 516
590 744
594 514
594 740
598 511
598 738
601 734
602 510
604 730
606 506
608 727
610 506
612 723
614 504
615 719
617 500
619 718
621 496
623 717
625 496
627 714
629 494
630 709
632 490
634 705
636 486
638 703
640 482
642 703
644 479
645 699
648 476
649 695
652 475
653 692
656 471
657 688
660 467
660 684
664 464
664 683
667 460
668 682
671 456
672 678
675 452
675 674
679 449
679 673
681 441
683 672
685 437
687 668
689 434
690 664
692 430
694 663
696 426
698 662
700 422
702 658
704 419
705 654
706 411
709 653
710 407
713 652
714 404
716 396
717 648
720 392
721 386
721 648
725 382
725 644
729 379
729 643
731 366
731 370
731 374
733 643
735 362
736 356
737 643
740 352
740 639
741 346
744 635
745 342
746 331
746 335
748 633
750 327
751 321
752 633
755 317
755 629
756 306
756 310
759 628
760 302
761 291
761 295
763 627
765 287
766 271
766 275
766 279
767 623
770 267
771 251
771 255
771 259
771 623
775 247
775 623
776 236
776 240
780 232
780 619
781 206
781 210
781 214
781 218
781 222
781 226
784 618
785 202
786 191
786 195
788 618
790 187
791 161
791 165
791 169
791 173
791 177
791 181
792 618
795 157
795 614
796 136
796 140
796 144
796 148
796 152
799 613
800 132
801 106
801 110
801 114
801 118
801 122
801 126
803 613
805 102
806 86
806 90
806 94
807 614
810 82
810 609
811 71
811 75
814 608
815 67
816 51
816 55
816 59
818 608
820 47
822 608
824 44
826 36
826 608
830 32
830 608
834 29
834 608
838 26
838 607
842 26
842 603
846 26
846 603
850 26
850 603
854 26
854 603
858 26
858 603
862 26
862 603
865 30
866 603
869 32
870 603
872 36
874 603
875 40
878 603
879 42
882 46
882 603
885 50
886 603
889 52
890 603
892 56
893 60
894 64
894 603
898 66
898 603
900 70
902 603
904 72
906 603
907 76
908 80
909 84
910 605
913 86
913 90
914 94
914 608
918 96
918 608
920 100
922 608
923 104
924 108
926 608
928 111
930 115
930 608
933 119
934 123
934 608
938 126
938 130
938 134
938 609
939 138
941 613
943 141
943 145
944 149
945 613
948 151
948 155
948 159
949 163
949 613
953 166
953 170
953 614
954 174
956 618
958 176
958 180
958 184
959 188
960 618
963 191
963 195
963 199
964 203
964 619
966 623
968 206
968 210
968 214
969 218
970 623
973 221
973 225
973 229
973 233
973 237
974 623
977 240
978 244
978 248
978 252
978 624
981 628
982 255
983 259
983 263
983 267
984 271
985 275
985 628
988 279
988 283
988 287
989 628
992 290
993 294
993 298
993 302
993 306
993 629
995 310
996 633
998 314
999 318
1000 633
1003 321
1003 329
1003 333
1003 337
1003 341
1004 634
1005 345
1006 638
1008 349
1008 353
1008 359
1009 363
1010 640
1013 366
1013 370
1014 374
1014 643
1018 376
1018 380
1018 384
1018 388
1018 392
1018 644
1021 648
1022 395
1024 399
1025 648
1028 401
1029 649
1030 405
1031 653
1034 407
1035 655
1037 411
1039 658
1040 415
1043 659
1044 417
1046 663
1047 421
1050 425
1050 663
1054 426
1054 664
1056 668
1058 426
1060 430
1060 670
1064 432
1064 673
1067 436
1068 674
1070 440
1071 678
1074 442
1075 678
1077 446
1079 679
1081 446
1081 683
1085 449
1085 683
1089 452
1089 684
1091 688
1092 456
1095 460
1095 688
1099 461
1099 689
1101 693
1103 461
1105 465
1105 693
1109 467
1109 693
1112 471
1113 694
1115 475
1116 698
1119 477
1120 698
1122 481
1124 699
1125 485
1126 703
1129 486
1130 703
1133 486
1134 703
1135 490
1138 703
1139 492
1142 496
1142 703
1145 500
1146 703
1149 502
1150 705
1152 506
1154 708
1156 506
1158 708
1160 509
1162 708
1164 512
1165 712
1167 516
1169 713
1170 520
1173 713
1174 522
1177 526
1177 713
1180 530
1181 713
1184 532
1185 713
1187 536
1189 713
1190 540
1193 713
1194 542
1197 546
1197 713
1200 550
1201 713
1204 552
1205 713
1207 556
1209 713
1210 560
1213 713
1214 562
1217 566
1217 713
1218 570
1219 574
1221 713
1223 576
1225 580
1225 713
1229 582
1229 713
1232 586
1233 590
1233 713
1234 594
1237 713
1238 596
1240 600
1240 709
1244 602
1244 708
1247 606
1248 610
1248 707
1249 614
1252 703
1253 616
1255 620
1256 703
1258 624
1259 628
1260 699
1263 631
1263 635
1264 639
1264 695
1268 641
1268 692
1270 645
1272 688
1273 649
1273 655
1273 659
1273 663
1273 667
1273 671
1273 675
1273 679
1273 683
