70.291054 249.764417
39.619090 257.434130
64.045030 238.972591
43.652213 218.816088
52.126018 254.830758
45.280287 254.644097
80.405282 230.740028
48.747964 224.313788
54.300725 270.814235
55.890531 227.932391
51.949773 248.118941
46.763417 274.619883
68.384740 270.637357
72.741546 329.694643
61.988046 331.423285
64.550308 336.463249
66.511118 342.103036
55.040492 350.661292
83.811482 341.089324
95.823958 346.908499
63.275870 358.893711
60.299622 366.557202
73.555002 221.867031
63.560558 272.833411
82.567445 330.418914
76.343712 378.165783
72.910940 284.683415
61.332937 286.695372
71.079958 295.617985
71.528251 291.443314
83.966146 286.834347
56.307399 300.599896
68.749202 308.777498
77.801172 294.131433
80.297274 302.750839
54.918897 314.461586
77.809403 316.977698
64.602847 361.258226
68.056736 383.714286
49.221919 216.011815
72.943307 379.435572
61.695781 213.140283
74.624900 383.974613
74.739258 215.182599
78.243155 378.045773
82.903251 217.465946
93.098574 380.161676
78.229216 206.449121
64.250217 373.183890
94.804838 206.024816
72.150796 385.353453
94.292639 194.941514
99.316025 379.065121
98.008210 192.505992
119.312088 392.191524
103.710091 391.777101
86.902844 206.552838
106.547020 400.271622
86.368132 402.936995
99.154962 408.313754
92.058448 413.343644
74.266295 204.346442
120.462425 412.573885
109.182231 202.450694
83.941458 399.489890
123.056029 193.781259
96.928230 419.131734
126.882868 179.877640
123.742900 411.481309
114.979100 197.552009
114.050497 416.201667
120.124365 413.539055
123.735486 185.366486
121.508423 414.126794
118.587032 185.035453
118.887111 414.207968
118.866814 178.827390
138.232334 424.049754
128.545680 182.843660
109.368174 409.936771
135.511900 179.753354
141.076351 413.508465
152.116920 186.367724
132.974606 413.823761
148.442387 186.462528
141.974682 425.863702
141.999328 182.169633
190.458039 423.646489
128.174384 181.389059
137.200841 434.980705
170.568890 434.173193
162.588026 169.607106
142.638597 426.042936
172.017908 189.170927
186.408977 431.949038
155.308966 177.582699
169.904665 431.623395
179.676030 186.398030
159.442424 438.144211
175.352330 193.053845
157.162566 438.489777
170.223441 175.283045
172.119009 431.435914
163.771937 178.525905
179.669984 425.761739
195.771289 175.686509
203.749203 436.534945
195.686228 170.318691
214.205875 433.280865
198.708043 177.036329
199.615483 440.865245
217.041362 176.241845
207.492328 406.637156
202.120092 425.023737
214.021573 181.217066
195.122039 406.389562
199.596180 406.379609
200.201424 416.961499
217.520998 420.628643
201.240240 422.029553
205.415486 183.126491
205.636190 399.156456
207.265578 162.286188
214.311144 392.560157
208.290218 170.901019
212.815717 398.143985
212.442687 178.832552
216.571815 403.951721
226.788321 404.955940
214.815332 168.238848
215.160103 400.428579
228.421206 173.553908
224.350403 403.044304
200.227838 181.857283
233.660144 402.968759
225.019886 177.928344
228.922501 400.217995
239.390004 187.446102
248.321788 412.509700
237.010344 172.765948
252.639532 397.756093
231.182585 175.228216
249.169409 398.257452
264.043209 180.858460
280.350465 404.684659
248.890075 175.419945
285.302312 176.715624
244.218852 410.665584
243.787500 174.478946
266.720521 404.645498
294.190802 160.586408
274.464134 394.329970
271.564352 153.855859
232.895595 410.496462
258.582475 154.216691
270.071862 409.412912
272.671518 151.722548
293.490189 410.810525
298.906862 149.991951
274.859471 404.690807
284.665229 139.038498
306.787349 393.110812
284.753562 142.372027
281.332361 403.165972
279.241568 147.944917
307.666556 396.137475
286.658582 146.592391
303.419887 406.750866
292.968216 136.852123
311.498852 151.212458
301.362050 412.655559
321.526260 147.389070
300.161887 396.391159
329.172204 151.794195
316.560995 405.356091
286.815110 154.623468
311.978957 393.991071
293.228343 148.626963
336.510520 406.253828
308.344256 137.288155
317.834482 392.707872
327.398130 129.463818
330.226298 405.981477
331.931889 135.213765
338.624593 399.150702
307.408785 120.374611
323.654160 415.459738
361.949477 121.908162
326.249006 396.896046
325.897117 130.318821
348.690960 402.391768
328.609548 128.947050
344.034487 407.082082
354.557641 129.547922
355.619579 403.382880
355.832558 130.770020
348.824413 401.960213
368.931615 115.471342
368.381615 408.721954
371.732951 132.585432
370.646566 398.111835
368.316453 132.034027
335.949819 134.200970
375.244367 398.335082
357.976930 133.774073
375.233416 396.166898
374.321824 132.656826
357.259944 405.199902
359.624519 144.770661
365.129541 400.484228
367.801027 145.602153
380.297422 393.434673
392.412050 143.821153
377.834760 405.591683
390.331137 142.375550
380.817896 393.961638
385.495618 147.168001
380.051772 397.597950
387.379503 394.584597
404.237160 145.247101
398.830485 396.388708
392.216287 389.808626
404.092454 142.512774
392.949020 381.116151
407.685910 149.010918
419.464728 388.259786
415.405477 147.253763
419.073041 369.786751
411.969391 134.134004
420.596143 383.685275
398.889658 396.379947
420.678111 400.965498
420.164892 394.354893
395.851931 138.311077
431.403279 97.406732
418.159477 105.599082
423.014252 102.204094
406.215857 108.723665
423.929324 109.647579
414.001971 105.855084
417.893632 111.733094
412.262807 117.407571
405.640713 126.692022
393.442931 134.099116
405.001019 131.287779
417.038935 409.518475
424.092965 400.450130
422.994898 418.749757
413.903170 415.891720
412.867247 415.238569
411.209958 430.376560
410.682814 422.752898
422.982764 102.087001
423.011388 429.280446
417.143951 423.840957
434.513787 435.425904
436.466534 86.538421
430.852452 432.016977
427.736679 55.281004
445.254548 68.478406
428.983309 61.727947
409.224191 68.449642
426.990751 82.470479
415.310046 437.380425
431.924357 438.896603
431.689999 67.248667
421.575784 440.021876
451.299050 48.028833
433.627408 452.168738
431.213657 443.754884
449.177845 62.741971
446.721520 450.436271
417.326782 45.980727
453.330282 446.697139
448.428497 50.494690
445.624705 443.585985
458.849077 40.282107
448.172391 448.244934
462.427215 48.382062
445.417122 445.989676
438.028630 38.384852
482.232216 448.723041
465.665312 38.730905
467.303772 432.255566
484.987317 50.132524
455.613751 436.675086
454.480033 39.754504
471.321056 442.267510
467.207928 41.440166
482.587764 440.531277
474.910739 45.626234
482.692312 430.437369
483.875322 46.187839
489.764377 425.978607
515.530346 424.709681
494.668516 44.790609
499.546139 411.873137
474.980315 416.033374
490.395791 48.548878
489.766041 414.926212
490.777401 38.740935
479.429774 414.754492
488.217572 48.095827
495.298986 402.727739
492.419275 48.160165
516.579487 385.775729
506.639509 391.848224
500.821077 386.459159
492.344251 44.197363
500.667213 374.862745
499.937204 48.779359
509.788436 376.599244
516.967726 55.903292
507.403857 387.071123
510.215757 54.280368
487.729157 367.955532
494.465014 64.370418
535.483751 390.080980
516.339611 62.720429
534.593402 373.474309
523.531419 52.324462
515.555171 365.916609
527.028357 49.349691
542.733124 369.994814
542.647671 56.814196
529.892439 379.327888
533.127410 48.424470
539.278979 373.991816
534.466660 49.988986
569.472572 375.910237
586.516374 53.256908
572.062810 368.660810
532.294235 55.104372
526.356626 378.996815
541.489963 58.883085
576.460586 376.655639
579.453233 50.489074
558.061694 377.872326
564.514240 45.256913
549.245728 381.861126
569.935267 49.611022
581.815977 368.651101
586.901963 52.889464
556.377465 377.942369
573.710029 49.156281
590.962467 371.568482
583.026513 55.527207
595.207107 367.553126
579.474106 42.539752
587.273234 382.953607
592.246581 48.864521
592.768263 377.436167
612.685005 49.642019
598.948575 377.870184
601.282706 48.046936
607.824528 368.004723
583.284201 46.806553
604.545671 377.109134
604.864125 60.489717
598.098225 384.907016
603.377555 60.633322
601.630444 377.978488
606.138790 42.513313
634.565401 374.996594
612.547495 59.895207
632.090544 391.124972
624.074885 51.039510
635.104318 373.520253
621.442131 61.649623
600.164612 375.230484
634.936779 59.343288
614.323005 382.102025
643.164158 54.390010
633.558111 377.176695
649.471124 49.024657
649.640892 377.956219
639.852314 55.447126
627.443396 372.678238
632.892246 55.228846
630.883529 381.602056
626.501296 59.612553
651.534213 379.140161
647.895131 61.048917
659.195978 360.961396
664.979639 71.901176
663.237851 79.377581
657.366336 371.601875
666.524102 79.162592
660.597914 371.325305
660.380265 72.098103
667.752411 76.039296
667.892968 363.712067
675.786822 86.724699
674.400766 100.447256
662.639221 368.367201
671.046557 94.989750
679.584733 85.011967
651.903282 109.648088
683.278167 114.075576
681.770173 100.142380
687.713677 114.307193
672.487031 129.430175
684.971888 128.011327
684.797069 120.759697
679.088875 139.406818
680.580660 143.246302
655.969580 368.669910
679.221123 128.799949
679.292836 364.553759
667.084867 143.319379
668.913765 147.161576
701.894606 358.995536
698.226152 147.343995
680.502952 370.791296
687.039654 149.704494
680.767503 369.204181
711.846593 372.141058
684.354960 374.285984
692.954158 376.014462
693.872216 158.272335
672.143946 384.594165
707.654130 152.412281
702.448048 390.144180
691.695802 389.836027
693.570563 390.921850
716.847459 159.662957
714.622385 406.896070
707.150131 414.438583
697.068142 401.344796
687.339220 167.388157
694.358671 402.899398
697.315630 158.648437
693.620404 401.025083
714.797993 416.495636
722.371988 169.547253
702.759911 161.559845
702.880444 408.517961
711.236494 165.030231
722.402170 408.972525
716.227210 164.034656
722.922155 408.204209
703.950601 158.860994
707.080581 414.823800
706.430399 169.489171
724.603911 413.330400
721.683293 165.488180
732.669862 391.882455
756.262638 160.849544
737.186591 409.869716
744.652833 166.631212
742.886635 409.257902
737.313873 169.736057
778.438896 412.798242
733.297669 408.131901
758.254066 171.087267
755.593633 389.728523
739.306663 164.160478
741.282706 402.606814
723.034826 170.199979
774.591364 384.627243
784.766914 164.419313
760.158274 389.398256
740.701980 164.165717
758.001782 386.536058
764.781760 366.267795
739.161234 155.420298
787.294825 365.614905
800.963344 354.384808
763.410403 353.601552
773.992262 365.524456
774.878218 352.814263
767.798166 365.233540
801.085853 156.012836
771.287658 338.636825
784.027119 166.403876
799.584105 347.452845
801.773474 163.352324
781.491651 343.721665
765.912966 153.181421
781.680579 339.757569
786.431726 157.313290
778.441059 334.577797
804.386573 166.643020
806.965730 326.943385
805.966571 170.635670
801.829565 332.623833
772.857830 161.595305
796.337389 338.407642
782.807313 168.512139
827.671794 331.827178
820.516141 159.741697
806.916164 329.558517
813.417910 168.680590
818.283678 329.402451
809.083457 317.677402
812.836802 173.750210
818.241582 311.467170
827.154364 167.176046
818.025781 311.291173
833.554143 172.006826
823.388537 309.247056
840.816255 163.265279
840.065794 297.356138
834.134600 274.656615
837.428149 282.322493
826.234600 285.090945
815.956435 283.091658
815.746223 289.034527
829.910041 168.012783
827.455316 266.180504
822.447908 168.400979
833.915728 255.130032
839.279224 248.352244
822.293660 266.676423
822.304125 270.630726
835.509595 264.016187
836.610229 176.920458
847.583577 185.943981
854.199125 248.886885
848.329555 179.265950
845.593138 181.091141
833.667897 188.443936
832.891298 239.297524
845.141965 200.817460
861.905998 235.362623
856.041025 196.274378
868.371053 205.353408
857.751094 201.937438
857.533079 203.134998
841.588511 211.778693
849.759890 215.877539
850.159836 214.850856
855.962928 239.696573
847.617017 227.445766
848.533430 238.006989
862.639128 214.088881
851.161120 226.652491
