39.176875 569.838363
43.101203 580.640904
30.242961 593.296514
40.429893 593.618563
38.031252 595.802742
47.356616 578.706606
36.842367 600.725182
46.321783 637.693793
42.952977 568.276557
54.400607 596.053669
45.276354 574.967165
44.024699 604.705303
63.605179 562.325015
40.829951 578.544536
47.035156 616.191555
58.794621 554.850275
68.456196 559.139026
61.617976 626.760290
51.587931 547.475086
58.987115 615.857520
62.127666 536.062205
67.007489 601.962370
55.281232 533.098548
68.080905 624.012071
68.679991 524.422071
74.008626 452.157145
78.718451 451.311032
66.836786 452.162976
69.033180 460.710143
60.234369 460.194545
69.120652 467.754469
91.196663 482.693854
79.624687 481.198524
84.773230 487.466657
61.566155 493.299266
74.120558 477.745996
58.842603 502.069511
71.785404 495.388887
68.384722 509.926268
56.224935 507.586889
76.530223 506.729464
86.113102 506.005453
69.455295 501.308941
74.123634 515.893319
51.855923 529.516950
69.947441 610.268193
77.608397 440.802542
76.762206 623.824046
75.755973 401.965841
70.292413 401.534628
65.115263 421.873374
66.528275 422.054309
78.235467 429.982334
73.538937 423.944206
71.021374 428.652526
87.557090 433.012397
80.958525 622.133761
85.393146 405.420481
94.872735 371.227414
89.307892 355.891774
86.029566 374.304073
81.786289 368.388718
65.647502 374.132555
77.476492 379.099062
88.068324 390.006408
75.905527 390.435613
91.822627 387.225649
86.242544 410.546384
85.890042 404.120834
91.406041 611.242460
90.993174 352.593251
95.854423 340.442362
75.565238 342.388809
80.950442 349.037940
84.018398 642.075948
100.770187 611.792323
88.094215 347.018640
88.145189 315.217464
81.453910 315.778789
77.349882 329.696881
83.136745 605.951442
101.943416 326.547965
90.949863 597.703979
99.252368 326.025696
87.626628 458.084182
99.476712 473.833490
98.204696 462.919724
92.020451 483.446838
96.557579 470.783069
99.199830 459.003495
110.845117 487.230498
93.506189 483.035109
101.088948 480.324803
108.497278 493.986854
103.769620 485.443838
85.360848 502.490788
74.788110 510.576834
97.763570 490.932491
100.915570 517.765598
93.691152 517.966916
108.280427 536.279953
94.507208 520.523502
97.316034 515.233122
99.349197 546.824260
106.977875 529.914464
93.721181 538.153190
88.240214 547.824088
98.024506 542.343917
93.355550 565.772339
110.275539 560.970076
106.962329 562.909436
90.079960 561.126640
110.177569 564.281081
82.967054 568.561519
101.229648 570.087167
104.232462 595.512903
94.710105 583.971301
98.890086 587.062816
88.490931 587.716524
92.791357 589.412969
90.127684 588.613378
95.711803 607.469297
107.010181 317.907933
100.334858 321.880171
102.087807 300.905187
99.379321 448.279632
106.240465 437.546485
104.366739 431.129397
109.330132 462.461213
119.389447 447.012873
116.495570 293.213330
98.334164 281.849720
111.160456 413.179653
87.675879 418.955733
95.504676 426.083602
125.234081 290.379390
100.411972 264.730682
121.415481 414.520894
111.781070 258.779765
121.096210 411.251261
121.177244 262.362198
113.842558 405.968380
116.357878 249.373732
118.476998 243.442096
97.177808 258.347649
116.997217 418.790796
105.910373 439.101579
134.929954 420.543697
128.561436 431.163331
137.793652 592.623861
110.422404 596.003678
111.176986 611.789764
125.564675 603.511837
117.755662 604.446276
112.642344 608.168763
128.566309 612.559658
116.471722 619.824754
123.306508 633.578788
141.201903 639.360162
114.864599 619.902554
125.730833 636.202704
123.309819 650.673756
131.267926 638.749885
126.592979 640.315456
135.109419 840.038195
116.069786 829.815331
119.252879 839.776265
111.049473 844.202837
125.324401 443.233024
122.330972 265.343896
123.405241 583.933942
121.865806 654.711144
125.024583 823.595075
129.004554 857.749338
125.672282 250.290310
141.514076 444.821099
117.770468 452.658606
134.388157 653.478734
122.938980 662.363097
134.149420 812.571962
134.906773 820.205772
131.342970 818.606369
120.240900 810.916468
127.153431 822.324243
129.849217 447.724777
134.083318 576.670254
129.196449 839.004930
148.161955 238.671605
141.940337 664.792464
138.167367 816.005055
111.295117 235.455227
126.233450 451.670268
145.539836 469.613773
133.636899 664.472923
139.223469 667.914957
131.652048 784.766223
119.488398 781.869099
133.632790 801.005561
130.888035 797.771271
119.296415 799.778706
138.204349 580.035616
144.749098 848.648833
142.133112 241.603666
149.381869 463.894239
144.058279 662.624057
131.609327 796.839969
129.438108 232.532219
139.358173 226.592491
143.347201 454.152705
120.991982 468.060569
147.651886 462.527119
125.998846 473.576827
143.656127 483.686016
131.435558 564.678697
148.084890 564.635655
131.191248 568.978937
148.199818 678.118059
137.118734 677.434701
151.495448 676.695603
133.806749 684.633146
130.889298 684.716790
139.645549 701.123796
135.329161 702.710255
134.889000 689.375574
132.395863 696.039718
145.440166 710.641017
123.579407 699.192571
153.144359 721.699201
147.301497 708.840912
146.881511 730.275218
126.734972 732.860319
132.768828 733.935650
132.033188 745.988438
140.657416 748.445307
125.060711 731.111341
140.221504 757.881835
133.739345 754.456607
137.274252 762.845149
133.951334 778.345053
132.124792 770.541654
147.349208 773.755548
140.650298 784.367265
131.023837 483.165008
135.225615 870.730030
148.371345 199.785069
135.542403 553.454440
139.785138 498.137861
141.206328 502.309466
137.795014 550.530886
151.549061 559.392675
139.662286 855.456011
144.097157 220.203080
163.499576 492.019257
134.726855 553.140328
146.595786 851.507032
152.276441 200.266683
156.118454 198.215135
145.104755 209.829761
144.248043 501.615386
141.348137 495.825789
136.053485 510.695158
137.512733 517.957702
144.141647 500.262589
147.925880 520.782439
148.231047 535.628553
158.836814 524.485812
155.636277 533.634569
142.108587 526.130427
147.145979 536.955776
149.516035 857.404827
152.717879 186.352311
153.872577 864.395595
151.515410 194.712162
154.125375 184.267422
147.468323 851.900088
148.560372 164.541733
156.998721 161.822949
167.652285 865.125869
165.204540 165.945535
168.420504 855.742820
167.093120 180.802525
170.228559 851.779720
171.952477 159.909652
161.450729 152.738787
176.995046 855.561721
169.428179 161.578534
166.445285 150.835688
175.130570 853.681687
190.187961 142.714172
167.851212 859.429039
189.792280 144.315063
193.945901 839.763009
178.122364 134.293782
175.892324 848.486451
206.139723 116.210209
197.922517 857.581725
191.115646 126.217181
191.651850 837.765474
199.757485 119.850858
202.824318 744.423340
190.750167 757.486240
201.733483 752.519405
190.936076 775.592161
195.591154 772.065971
180.582739 107.005750
201.118113 121.345065
198.551599 854.707944
193.054695 742.788533
185.866460 719.656342
208.667069 720.844485
188.546024 748.280883
202.574784 731.583055
187.454251 720.157064
206.619376 743.007749
197.833263 752.660924
209.213599 778.628026
200.953781 768.900577
201.191072 773.188458
187.199977 772.588020
205.942162 104.383905
211.920849 862.760504
206.201025 705.277493
210.750938 782.352673
191.380424 658.102570
210.965199 660.192923
213.581898 654.352137
201.606128 660.552159
200.172763 671.118588
214.724950 671.733248
207.791120 692.799285
216.538809 684.660702
204.419214 688.672231
191.461190 683.787516
215.816008 699.759615
213.712911 702.563187
208.499642 720.428329
203.121683 719.019649
229.746122 781.686072
204.616420 784.719630
207.107722 798.949413
209.860877 816.458132
202.172734 93.387484
203.785526 838.054751
206.523752 646.870653
202.065504 805.639579
208.788605 107.017551
217.925986 652.509062
204.839281 820.282301
211.103664 859.636448
208.378635 825.836860
214.755883 112.669772
227.637997 643.494623
233.623237 865.484083
221.575316 633.570253
217.217823 629.284234
203.757684 622.235583
224.058689 830.103154
217.985097 821.200781
198.801704 824.571889
201.825154 817.623167
214.702618 830.887583
225.925073 101.530822
224.112496 852.803119
206.454850 612.686458
239.180490 846.632337
215.047062 818.392815
221.550383 844.048549
232.034482 94.695380
222.727820 841.469674
225.996003 620.086995
229.104379 108.591842
253.338375 603.673712
219.013458 604.690927
230.207615 618.727800
232.407087 113.866867
227.365902 597.433191
216.431821 602.803404
240.037643 84.888495
219.775265 596.041649
238.675819 99.776612
225.263912 592.110841
238.515142 99.481750
251.478455 650.678439
249.868748 644.369691
240.097957 661.411913
237.746386 665.412042
256.138159 671.417432
241.981191 651.721142
253.320039 658.843987
243.988368 673.705500
232.670734 676.868196
249.761726 583.177938
252.212728 91.022784
250.564015 596.758681
252.158559 644.402659
247.545062 669.542511
250.271994 74.673019
262.113689 602.529528
252.041424 620.715768
236.148974 611.609131
253.509367 612.304664
249.782160 618.430129
252.663749 627.505688
258.443045 679.569630
236.407565 702.359647
248.215325 609.380264
261.946455 93.244662
263.231485 621.074746
243.127364 676.829487
263.157047 626.291594
269.502479 693.009977
244.547261 102.173720
256.669396 678.861107
279.071565 107.686313
254.920189 695.683875
274.662931 703.121294
251.626729 703.171902
272.986799 712.238597
269.801405 80.355150
276.642456 718.121281
272.149818 98.711317
277.862043 717.274255
276.211088 710.787023
271.332000 708.293730
279.211225 80.382105
274.054601 741.471329
286.252193 737.030247
271.644288 732.067283
269.548627 738.664498
278.955926 728.053370
279.106846 755.486210
274.825846 742.323664
273.253970 768.560200
275.826815 749.415981
269.409675 762.590733
279.950160 769.015805
275.477712 765.909727
257.218694 780.341551
284.412494 766.490952
260.483084 776.004166
268.748879 797.878929
264.562408 790.886370
282.172525 805.263251
267.226535 789.548157
283.630188 796.939884
257.275252 809.682321
260.625737 814.630463
273.996606 813.670777
294.180746 833.144522
263.882453 817.904331
283.294169 829.310177
273.306124 842.948277
267.683101 825.856190
284.606115 852.493722
272.367990 844.094249
282.610839 831.255808
278.048426 850.064692
289.980743 95.691308
294.688932 866.946875
289.357379 96.765491
290.492804 91.916898
282.309496 856.433048
273.789252 106.274292
291.583613 863.462267
292.447811 94.945784
308.901847 847.049418
295.685557 107.663023
301.065797 873.108530
304.290515 117.597625
312.621025 844.249367
287.956445 107.549852
297.451404 870.726052
320.748485 111.863448
305.238146 858.008475
304.216287 95.085887
307.918840 130.604095
319.737659 123.375513
315.934441 859.682600
312.737367 134.495154
334.257485 135.007240
316.946954 129.748780
307.448051 148.300087
320.895873 857.064701
316.032955 157.811716
318.690655 155.174401
319.147903 156.785810
317.063760 857.217914
323.806318 161.405852
326.242397 146.807286
331.621660 160.115471
335.660017 852.646969
325.530316 171.329141
331.756231 173.365014
320.691565 158.659291
326.558105 851.313458
327.556294 173.302122
339.510986 864.921332
326.940047 173.854240
327.448166 203.740705
332.601262 186.675689
314.668642 858.281205
340.522568 191.655294
335.214394 204.414822
337.339545 200.759453
342.677203 866.600881
336.238126 182.622804
339.940238 206.310173
320.467343 862.080649
339.582331 211.245705
345.777980 846.043148
350.642678 214.329917
351.930745 865.395268
360.321699 213.904571
356.057971 639.572398
340.840759 640.099643
347.427987 651.570929
341.509338 661.236314
357.512417 649.073990
346.198783 643.625102
361.023922 664.163915
348.108734 660.493095
353.014008 668.046380
360.157214 683.483884
344.579642 679.271641
352.096449 718.549678
353.281610 709.654704
358.442893 725.411112
355.375344 741.847952
350.175972 722.806609
360.511497 737.734085
341.415255 725.797262
357.619300 743.506838
354.527526 756.529347
349.773324 754.992357
355.436456 749.382297
355.445837 766.436295
334.570453 771.605884
340.711674 769.629630
346.322828 847.878764
352.343589 214.269816
357.565963 207.871711
352.888315 640.231299
361.205696 680.470994
367.365901 707.643835
361.196038 601.436333
341.065089 611.571477
342.718188 603.736882
353.733110 609.369171
346.786729 610.957541
358.862141 619.858531
365.922702 612.311070
374.674339 628.708899
366.104421 684.541101
367.993756 682.114381
362.627697 694.860898
346.619910 697.091581
354.016156 708.918411
355.066629 707.231267
366.689044 715.236689
361.761952 765.898341
373.307026 772.277505
367.380034 766.329668
369.908705 773.489966
371.588316 792.310065
381.245291 850.655259
349.841044 221.136610
344.668460 168.121256
362.301886 182.916478
353.426287 184.041435
361.380420 192.620983
354.203951 192.990313
359.675958 587.936284
359.021575 797.648118
371.032855 792.103428
366.306396 844.324160
361.503068 775.293925
361.375370 178.412210
366.023947 598.960276
371.658271 154.568040
346.419198 159.915959
368.744846 152.108774
359.484931 854.310883
364.558794 788.267328
365.131817 816.094709
375.933180 808.146897
366.363182 810.192736
358.343665 826.579329
368.095410 593.060850
366.034942 160.143093
370.710784 869.396716
369.354485 128.955595
382.717508 142.499523
373.923284 820.202569
380.686330 586.550647
389.847397 833.736906
371.981959 878.032591
386.488789 130.318431
389.979534 575.790273
370.431131 827.374580
379.441029 824.502238
368.294710 826.530847
390.075026 841.354117
385.162416 843.019638
380.810532 840.707174
368.414964 861.379961
383.934803 843.822804
369.068376 851.759836
378.887145 869.661039
374.867589 873.714436
386.439790 142.813233
385.115116 110.005984
385.186971 141.912085
376.349767 129.140945
386.614009 585.905527
394.362136 119.867266
388.554003 589.423274
385.850271 109.650463
389.700870 574.558853
401.270026 116.803934
389.701729 611.740414
405.512798 119.182545
388.034474 585.677672
395.112851 93.276293
412.049565 590.049960
395.037208 108.238095
415.337238 576.433008
396.504742 92.110020
408.858497 598.244933
408.661527 99.666107
418.930056 588.363804
419.536172 76.874537
420.917101 595.454272
411.588979 94.879036
399.269562 577.376843
428.797486 89.120122
427.237247 575.287537
419.258548 80.788353
430.650144 597.024572
419.496619 83.597422
429.335741 595.864594
435.567644 77.812891
425.279896 593.574279
434.881962 78.338835
438.150128 596.394450
445.613768 106.967382
439.308490 618.657241
434.483176 89.182631
436.272849 595.133475
451.262847 91.722107
452.689263 590.531491
454.315586 94.374800
453.356890 600.387856
458.763951 595.244686
454.983292 68.301476
477.987044 93.009372
472.549873 607.004539
463.375133 100.982675
476.573913 598.524669
461.284351 82.170647
471.405404 599.313315
462.999610 86.647798
466.454943 596.231579
473.799484 113.427227
481.917017 608.791811
484.562313 83.898806
471.993505 84.723399
487.226384 605.205192
481.232364 103.440925
488.986948 599.922471
482.594576 104.548176
491.778485 117.762305
495.100902 600.944263
465.034218 119.239323
480.684115 607.130133
484.261077 121.626730
489.168581 621.190070
502.318367 114.911939
478.726760 111.245559
499.437070 120.127506
502.219649 606.011223
493.267353 616.204040
491.533167 111.753578
509.924177 139.090163
508.245982 609.001266
513.614265 129.256741
510.500011 113.989872
507.941633 132.072372
504.258170 607.111477
507.177487 124.768801
513.216656 601.726643
511.162674 138.760180
516.010909 614.733412
513.829325 148.235319
531.047344 153.802465
535.067745 149.025746
522.174589 607.402266
526.125335 163.733860
518.241231 156.833647
500.475865 162.063167
517.013072 163.132823
530.179948 618.827238
518.755149 179.648283
524.271085 174.022151
547.029836 175.767901
528.395400 617.725223
533.621474 178.052062
542.978820 178.551188
534.071841 203.138044
529.490996 193.045607
540.062099 210.418386
530.796394 600.501716
526.236308 625.806806
545.739682 185.993649
543.166436 218.322254
533.722444 212.107211
542.937761 615.146202
542.487184 91.117045
547.310223 88.691176
552.259245 84.954556
542.559982 86.507009
542.048782 97.119123
552.309210 207.555097
557.857937 204.339654
542.568791 221.841049
543.172190 223.777676
553.355565 223.150182
549.425299 633.828856
530.486020 75.934060
541.095048 86.436091
565.647745 60.637303
552.832454 49.481658
549.318456 72.293937
556.225813 67.013246
557.345206 74.804730
543.644608 113.654245
536.926604 94.137952
549.211607 619.848640
538.730725 253.313616
548.478643 235.982820
553.705482 253.482672
539.793825 52.901953
559.223627 101.667512
553.373001 623.616378
539.851472 124.228909
546.958932 119.659388
555.551867 249.193451
547.518880 239.232828
577.875347 251.740239
566.468094 55.198503
542.732523 249.753367
555.652566 621.265469
571.040539 130.069427
570.762513 67.387318
547.488116 261.903213
571.839749 256.193329
564.465791 620.376903
559.490612 117.840986
554.562381 257.174890
567.521023 40.696360
563.992645 636.474227
545.965050 140.666657
570.196062 286.825413
559.711572 55.872272
557.568497 276.006129
567.326715 640.954791
553.806344 134.994501
563.718774 643.597748
559.959702 634.551857
580.873474 626.276752
565.263996 705.166494
579.593683 708.663702
565.904311 695.860583
569.906574 714.208397
564.547912 704.843167
573.876866 722.915999
555.481942 716.297370
565.037282 734.972415
559.528992 731.900446
571.563625 736.090188
553.973764 736.327184
550.651051 737.059736
554.215349 751.152978
571.931185 59.519655
584.097301 275.380938
567.490994 128.375276
571.703724 637.035203
581.579651 692.924252
570.426624 644.697393
574.639775 656.998224
578.027781 654.660823
551.729539 659.120575
582.538075 663.323690
560.700935 676.009074
565.043963 652.848883
565.311302 667.755937
569.954477 681.028893
578.018612 695.043938
580.959982 738.115975
556.648524 746.215894
573.691995 135.458105
561.189610 38.989692
568.165459 271.793063
593.928568 759.955524
566.660026 143.394015
564.785132 143.221257
584.659758 140.846284
570.468691 151.052421
576.139351 143.724613
579.108553 170.452911
578.536306 155.051092
568.099914 172.788115
588.691152 265.069585
584.231399 757.822667
575.900084 758.197393
582.228999 882.211363
579.693064 872.642162
560.451792 884.575427
564.861808 881.733432
570.818740 887.937887
575.701214 892.871225
575.075349 904.075162
566.979770 46.521776
577.817229 170.921437
565.717399 897.095063
577.405340 254.875801
572.175901 750.192247
573.286410 877.738690
579.901160 30.275970
571.276743 173.466660
579.975207 167.322841
587.608974 184.299751
567.898535 183.008348
580.266752 190.822050
580.964193 192.921514
572.100720 175.794666
570.819069 253.515969
574.632909 244.343973
575.239551 776.979766
578.429294 770.870744
574.613195 815.791362
591.789473 829.345365
583.383902 842.832270
582.125691 833.536506
590.318299 862.975072
571.788798 858.665612
585.037864 847.769315
585.488320 863.202618
586.471638 862.979981
590.374043 864.147984
598.389316 892.405499
586.661056 196.862141
581.732131 44.087303
593.021118 244.953984
571.834145 775.869823
586.577395 817.263441
562.545732 908.473218
600.165331 185.200546
572.214189 203.359840
577.857519 223.064066
575.913693 229.844544
580.349766 213.239824
595.374357 227.471270
596.550704 234.618980
573.388886 230.976835
583.085774 230.336869
582.072820 237.151628
570.788561 787.687904
588.175370 761.271614
577.110352 794.325126
578.014320 786.616490
593.964674 791.818087
593.308530 798.705451
574.434748 816.018940
573.549668 805.928320
580.871215 818.066703
585.088201 811.025488
582.659371 818.037777
588.849872 47.639538
589.019731 899.706872
601.423895 26.487388
585.901292 914.191530
589.271842 25.698351
598.742175 905.935019
603.933084 34.619309
598.193863 901.995413
617.203139 20.957109
606.758791 914.951211
602.677117 40.614544
613.173274 889.529917
605.228851 44.383637
623.706553 900.422315
620.824629 42.959984
617.956539 909.382967
631.507894 47.153840
612.569816 894.970942
632.133548 53.684370
641.442042 915.414565
632.790893 54.371972
622.076587 46.975437
646.457248 40.916491
628.845848 905.792349
640.001105 61.982996
642.055117 903.937402
635.818848 49.851780
644.466194 891.221568
645.921230 61.128111
630.750311 894.841461
639.563739 56.959813
635.317466 899.413276
646.205964 74.006609
658.399209 913.911775
654.718682 36.940669
637.848746 899.809218
663.253569 60.840513
668.536680 894.181222
667.899220 67.293171
659.366450 887.118624
660.122849 73.883492
682.913929 892.378194
678.348350 51.789568
667.609393 883.539412
676.172033 59.449532
660.878361 906.941868
675.676593 62.082715
673.479482 906.284284
682.591311 57.254920
676.924791 906.685911
677.725554 71.356708
693.369697 892.220258
674.687196 47.624613
688.113141 896.600865
702.397836 69.526431
705.765537 899.540528
686.635534 60.954573
696.558719 904.755745
727.146014 58.710343
695.288756 895.728522
705.203289 61.293197
702.238005 898.867622
713.270999 59.059334
699.297541 891.201870
706.015758 46.070916
716.052868 618.759021
723.023094 611.221429
704.285110 624.891024
728.555367 903.008706
722.700444 614.643126
720.752488 53.253678
719.386931 603.523791
709.967428 898.247354
714.653181 588.152087
725.523889 603.764450
718.677171 609.737460
708.797760 606.231110
717.011087 597.332126
709.402672 620.021375
720.419743 620.757862
731.806254 635.070770
720.498154 618.715269
705.745276 641.891174
716.842011 641.175068
721.701726 647.617889
743.632713 649.303116
713.623827 655.958147
714.074714 734.886120
720.125075 737.628540
715.109314 742.879777
708.599873 736.875593
721.926564 751.200964
730.675178 763.699688
712.285971 755.194865
726.821898 773.918953
710.576867 750.560958
722.831404 763.706309
721.987596 772.234424
737.568311 763.117280
717.227925 770.943779
724.093549 795.224691
711.111114 773.930542
716.000379 793.761227
705.747282 791.043673
716.730277 804.153445
709.085322 671.967142
739.232993 796.671236
715.773312 64.858987
735.006203 897.874038
738.794539 579.619224
716.872297 673.981573
715.324271 716.644015
734.942376 230.471493
732.773916 707.780158
730.423124 736.109626
725.103168 802.609345
733.872952 817.950970
724.816987 823.730219
719.679957 808.683032
732.856562 52.195084
722.763626 573.844872
721.819932 697.524551
735.272356 913.280882
720.320170 715.458694
735.353007 246.218656
721.605293 267.419266
712.195641 267.740072
741.989494 683.086050
722.312858 675.903624
738.525353 695.213226
734.646019 697.057096
737.904538 685.408468
731.490409 693.583497
731.104179 689.506714
734.949024 704.248842
731.861703 700.207188
724.737741 820.308892
728.242728 811.953353
719.417270 828.532877
731.640275 835.544610
729.197678 832.973457
719.425806 838.748648
719.846845 50.546087
727.222332 267.526532
711.557848 577.696480
717.517084 895.757199
737.738443 252.536567
729.677170 832.158853
741.165083 56.236979
728.434276 259.798518
738.752555 568.874297
739.757931 896.284398
754.378437 239.355959
735.320944 855.971971
727.180611 274.407465
750.745170 72.063511
741.868054 571.311953
742.610066 857.485652
739.840100 900.093168
734.011978 247.767879
744.676749 273.150332
734.550701 286.993899
743.644389 853.499020
749.666840 869.250006
754.595768 862.871476
746.801825 67.795017
734.312921 292.711007
738.461600 570.429679
731.183733 897.533168
750.931640 249.229623
730.009568 852.768369
740.299812 874.090371
747.429880 62.475729
747.024196 293.417431
737.068795 562.955199
749.658405 867.816936
744.989222 882.550876
753.635707 242.215505
748.683560 57.005170
752.448997 287.537167
741.062838 290.350914
753.034552 295.402542
746.852127 295.966481
752.144217 311.308207
757.465391 288.036740
751.073286 559.390865
745.378185 552.082599
742.682797 871.572668
739.898359 878.650779
755.905317 900.843123
753.954465 880.453760
751.823454 234.797811
754.769658 332.752820
751.542309 58.200976
764.433471 543.355877
751.341230 228.531365
754.746374 337.510055
765.457640 547.763853
755.582679 57.222885
773.438928 220.784341
755.186720 316.462794
760.992759 319.575006
758.861380 325.320387
747.337510 543.202804
756.762975 319.868506
762.824338 55.948830
756.863058 247.059294
761.955556 535.196785
748.906178 332.912611
755.441659 333.132184
770.779078 529.922995
755.081385 535.344139
766.042844 527.527864
753.460800 82.137862
759.089173 211.799179
758.369487 349.730671
769.211999 525.363594
779.958551 65.799823
774.063913 208.776096
771.063905 337.392606
761.244090 340.563124
775.853577 356.666922
782.943763 357.065710
763.803566 355.698414
780.073526 364.338282
761.874355 505.597894
759.971664 501.593926
765.514542 361.880915
762.159188 68.729184
765.324157 223.482342
790.569925 506.354347
773.707884 370.342345
767.129218 376.434177
758.592540 384.586178
766.801660 378.453788
780.746866 495.632431
777.914796 511.178489
766.341308 68.715980
782.149640 201.535542
779.961452 377.061984
760.090074 488.952595
780.201294 392.160508
767.883494 388.002314
776.495902 403.138453
781.429828 405.153711
773.483355 451.474666
763.106646 476.609124
796.501879 457.914208
761.829573 489.691930
778.573093 75.088418
789.756886 197.990746
782.812870 408.060434
787.311645 407.912793
771.069184 462.443041
774.471784 77.791269
781.603512 207.455190
779.731384 427.520054
782.268208 427.212315
783.692153 416.695401
782.438658 417.885369
791.778053 422.749732
788.450225 431.552219
768.071467 432.587044
778.268433 426.745365
794.956876 444.443260
787.974596 442.525399
795.242159 452.460464
775.055939 449.903439
781.688972 458.201002
773.504779 457.076540
808.780829 476.621540
792.347382 49.529934
782.533525 203.638044
794.255453 217.810594
782.797752 45.743675
811.857960 205.502545
780.659404 80.607712
793.330449 223.898891
791.603573 87.362616
793.721127 206.461496
820.388353 64.887949
796.757099 225.579440
805.794728 86.751426
802.509269 210.770424
816.030741 74.108115
835.938512 231.344300
813.953799 86.593982
820.261759 214.293669
825.633241 87.299083
827.870237 97.354647
822.440299 215.754310
820.862308 108.047251
826.738720 223.551352
834.249264 84.818908
830.969126 216.843719
827.274447 99.186953
820.652142 206.933505
839.038821 104.076138
825.362837 208.389693
832.353927 100.815465
850.876439 206.582578
840.971761 105.543246
848.527550 213.208267
849.882124 108.218736
849.097102 118.538987
851.908314 215.372492
853.011380 188.883931
857.208776 107.540840
838.782706 193.969643
848.239233 121.555330
853.657264 201.112136
850.231468 122.635457
846.540287 109.283998
853.008722 187.622017
856.116155 135.647285
866.328066 196.606493
867.868448 135.920651
855.382880 185.161761
877.111842 133.670807
879.977449 175.531820
870.054697 146.815568
870.169009 142.838960
862.279887 141.196598
863.503133 173.578985
864.729585 158.011569
858.249078 181.735584
877.777140 180.552835
869.928194 135.671398
