29.667585 730.124730
43.204265 736.524440
13.542678 759.394854
36.420525 778.287395
34.860716 749.094189
28.131164 755.665615
27.177857 770.574284
22.019349 776.163118
41.853162 787.425973
35.278484 788.135296
19.592822 796.080003
26.490209 785.480837
22.824896 777.405353
21.188075 739.998271
37.433739 45.942659
22.258849 52.830832
29.425102 58.756999
43.680330 59.125706
31.143907 49.946230
13.631026 728.117063
26.363601 738.529337
25.839771 728.754521
23.108907 791.846605
30.820273 801.245643
33.200840 820.432935
39.187165 45.952906
25.186182 74.073605
29.205714 714.438681
21.585669 30.703669
45.233930 66.096000
33.469003 80.398961
45.757553 72.388019
47.279262 85.374152
44.777507 704.430630
39.742229 724.624171
41.910070 806.050805
47.811318 815.742012
48.777025 89.073413
39.580501 27.529301
54.293121 702.408451
56.820995 814.716531
41.483826 104.557356
36.380667 91.301522
44.181815 102.986538
38.874659 92.522787
40.747810 105.880102
44.674727 696.306836
42.403492 704.278162
50.694047 118.990661
48.403430 821.004494
59.077624 18.278619
35.300363 697.597958
45.559694 118.192100
44.928754 117.159159
49.171285 113.210880
58.830571 127.780141
51.834295 134.754405
57.215970 684.946323
53.421415 823.324523
47.901374 37.227262
39.651968 124.702991
52.827614 691.693104
39.375047 827.825813
40.582639 29.087611
56.382117 143.118981
32.401343 143.031732
68.512292 144.816984
33.184248 674.981374
35.603775 845.611462
43.330641 33.774033
48.700528 147.518944
47.984452 678.835836
62.503484 141.301743
49.724752 157.160408
62.050559 162.225609
65.709042 677.371936
64.822657 831.497527
52.831836 23.478224
67.022285 153.598541
56.590582 666.765320
61.011732 845.625997
54.502504 165.994474
51.898796 180.973799
39.801062 168.136535
66.759380 28.072502
55.330326 662.846259
69.326796 824.010868
62.395120 178.608725
74.305316 176.387693
57.047104 171.388842
59.168727 666.968699
67.738654 25.945012
79.549349 835.135230
66.785791 181.818710
84.010816 638.602210
60.509370 18.658795
79.551222 192.835640
73.052224 184.675238
75.940380 645.673927
73.312391 838.386162
81.835476 27.334280
82.091460 198.761555
56.383183 633.524818
84.313625 191.387091
81.391728 202.220345
80.429776 641.263655
79.871765 829.302560
68.399339 27.051093
90.242496 203.545769
86.422853 624.322293
67.682611 835.543671
90.718173 200.797322
86.251674 25.839339
98.099633 615.790619
96.007900 830.601972
82.918902 207.436205
89.013615 213.510856
94.816804 627.397599
90.630410 10.149880
91.659082 815.682117
86.633384 214.796499
92.663244 38.412780
91.682071 591.550119
102.411384 221.412199
93.463152 828.320975
88.038938 31.437270
88.908337 604.651009
103.781251 221.632745
81.055178 225.813674
83.519462 822.955550
89.142476 595.107594
85.546953 37.420943
108.496311 226.973544
107.303873 828.783112
107.102399 231.062126
102.580322 253.806157
100.533087 595.018625
93.669380 580.021241
106.457479 39.072368
112.562599 835.167161
113.149267 250.586273
101.187410 586.899993
83.416593 29.515527
111.306475 250.599828
100.382574 819.825155
115.205460 596.524095
112.890442 35.679633
109.046815 271.645506
99.487754 584.392355
115.031758 832.032452
123.306352 20.662825
113.126768 258.641101
107.536938 575.034492
108.513076 270.412557
133.662787 271.670444
111.784470 821.121998
125.160235 40.053272
132.382801 578.163174
119.367271 251.487094
115.492915 829.435128
113.742049 37.450897
127.631395 564.294086
124.435844 271.358056
122.683710 826.987305
129.048785 33.156331
131.151474 558.563334
139.317704 267.804368
137.471685 828.486553
128.609413 44.206331
121.856396 573.632407
129.995769 265.337924
119.270173 538.381516
124.715227 40.705367
125.364546 283.440945
136.817243 827.947174
132.254211 533.873233
130.602450 38.421496
134.944110 294.479751
130.271543 288.393247
136.532746 809.364751
137.892634 298.148215
123.975797 559.937387
140.757400 53.778940
141.681025 826.131631
135.362550 294.356755
137.252557 522.182613
147.238654 43.152964
123.235453 825.637682
133.184127 307.493915
146.633591 542.351204
147.349841 531.120804
146.583942 47.516009
150.239751 801.611048
154.578040 53.448683
139.742435 297.632003
149.474613 521.606198
138.155399 520.955597
140.050685 306.693727
146.277486 820.795500
156.592756 37.347852
138.384751 515.838405
131.593530 805.221112
159.065391 293.750940
168.023183 47.297851
168.510713 512.238210
167.600080 812.050066
174.828307 303.896091
182.432808 324.115683
165.074265 324.899531
148.137591 500.034722
172.354838 52.580664
157.132086 803.236639
156.608574 51.886376
159.792360 317.679528
173.816061 494.891538
157.674238 332.072268
169.650976 799.816737
176.480926 56.263731
162.890230 493.556890
165.258552 796.726788
165.257038 319.600539
171.228092 486.875022
178.965950 41.041100
183.337427 809.299064
167.548271 323.902775
171.668025 484.803792
162.986741 331.166607
184.494839 334.738392
178.012197 477.340184
187.329821 52.061369
184.253230 813.320518
188.350793 350.771320
193.709505 463.748850
189.872222 59.564777
181.158021 478.308260
181.912622 797.551044
185.078137 369.617581
171.741833 55.398449
170.307532 482.847244
171.187242 790.837383
189.311369 339.848471
178.499523 49.285615
197.401623 469.863809
186.855753 792.295103
180.378511 347.354949
193.558997 348.030094
173.993481 361.131313
190.427152 452.933035
194.519467 457.977237
195.603524 462.800392
198.954576 54.011811
193.023530 802.231434
200.607685 365.451739
214.330679 445.127787
204.842576 359.053294
185.517409 369.839973
192.551718 430.276476
189.039061 434.535364
188.831256 39.282307
206.152383 787.838375
182.080780 53.635954
197.951458 364.518481
196.157264 437.743219
192.696317 375.332305
204.693558 398.202188
203.796324 379.210377
202.134337 422.557419
191.622880 430.530061
195.332388 798.372771
207.633892 58.785162
212.685554 380.092655
212.383272 431.350759
208.347020 782.651961
199.475873 397.460831
203.131092 390.444031
221.321279 410.326992
196.675231 408.562343
198.529574 413.456383
208.360248 402.495872
203.121215 57.112658
206.247415 788.244605
213.878681 54.976289
219.341320 792.982287
212.787505 57.416607
223.175320 772.981859
216.135781 62.241900
215.924128 767.040406
214.684960 63.469795
228.669638 791.190331
219.722714 63.287358
223.784125 773.736082
215.046878 77.200796
244.002688 780.165738
230.219965 72.941855
246.086141 774.456722
243.369226 65.452680
236.762313 749.620559
239.505747 66.140551
234.776766 773.079291
233.224047 91.336941
233.051464 747.088651
248.632555 83.417042
248.127929 754.086119
247.756783 73.765530
255.009615 773.889094
253.092644 81.316503
248.455169 765.620839
256.655319 79.431001
264.046590 769.748550
258.594933 81.610873
288.452759 769.037055
265.834993 91.043938
274.934036 762.575526
278.171809 97.350798
275.790602 750.549850
291.517500 79.177410
272.809800 751.870676
282.460475 82.036489
304.716101 757.470262
286.814350 83.715665
287.874364 739.771145
280.936111 106.172646
309.072651 94.739109
281.115539 742.747808
303.649776 84.123117
296.163188 742.184976
298.759936 100.841281
298.834205 739.180659
301.990780 80.288216
308.311471 738.339509
307.783308 99.484372
301.761278 732.884129
299.583314 112.963556
290.254463 734.559650
307.526040 88.919807
303.306316 722.574565
308.051344 726.711761
335.561123 85.985120
316.422576 110.168570
308.516889 724.913306
317.318822 94.077465
328.212110 721.220491
318.556725 97.319622
321.697364 734.008914
325.921157 101.848010
338.938120 700.720162
328.389559 109.294628
337.250400 710.068070
340.919243 113.362127
341.644140 720.914690
330.970619 99.044638
328.733317 727.010757
340.869820 95.078455
354.846907 710.764547
338.198696 111.160907
341.978169 712.752183
350.885471 95.298372
346.597322 715.459031
367.000731 123.915594
368.704565 711.331409
358.952267 100.063908
354.661411 706.530006
371.931182 110.503083
371.855281 712.564513
369.853706 104.698199
367.626683 700.166278
364.429892 110.192472
369.166908 689.424570
377.898950 127.157358
354.888713 703.312942
391.966758 115.796426
387.952755 697.207835
379.864790 105.420772
384.250993 677.704386
384.790414 112.278166
386.431628 693.642653
393.551961 112.989560
397.121614 695.444841
403.699544 132.409415
395.698578 693.420802
396.061715 130.474306
388.818872 686.788821
411.927952 115.901733
405.220694 679.647550
399.004537 124.273849
408.359730 693.266798
401.518079 136.168591
423.759694 683.537373
412.569222 139.044879
431.764596 680.387957
412.832206 122.326694
432.272360 671.599476
415.998704 132.072229
421.305004 666.934679
414.262685 129.682944
423.345047 688.539743
415.174901 151.279001
426.289416 674.104312
424.901472 134.468250
434.633238 685.778634
447.831103 139.945534
440.109221 692.152077
442.945151 139.936156
442.761796 673.913988
443.233326 138.293904
440.157328 686.195121
463.481783 134.944659
439.497666 688.298755
455.826341 131.628597
453.285906 675.006705
463.068835 681.964538
459.305404 122.964081
471.597142 701.989227
464.857504 136.819420
451.754687 680.282110
454.547971 136.608469
451.483257 687.536022
461.808686 129.817161
475.954049 677.181124
471.454063 129.259692
482.732848 708.968941
473.471197 137.020739
484.233081 703.670178
474.227162 140.866592
480.769329 676.814940
469.247357 130.734123
485.440751 688.347155
483.118550 139.951173
481.239939 689.437585
501.583708 131.470024
508.407897 687.322500
493.149304 124.198919
522.149601 709.957881
495.195324 114.981122
502.782522 700.060814
494.549043 116.225379
498.326307 703.123457
515.140544 709.119730
520.215513 131.306024
517.070153 707.415642
515.589794 124.364029
516.863453 698.389186
509.071226 114.214071
510.563436 726.367195
512.672023 128.147770
533.196400 710.740219
530.017801 114.639909
525.581841 709.265829
526.451263 720.859152
537.230436 118.474966
512.943844 723.865431
513.192122 101.453538
526.977388 719.680596
546.853738 118.567579
537.960129 710.623682
527.618910 114.909491
554.655583 734.906250
557.887716 91.488806
566.099063 722.374625
545.426217 121.040884
550.915715 721.247209
556.359283 121.123628
549.948065 728.344600
556.950202 106.950577
545.630670 720.760933
581.585908 734.352184
563.414187 93.259481
561.541046 714.613724
559.826154 102.886985
561.291015 748.222684
544.943792 114.803526
567.930158 728.395233
570.037215 113.405332
567.209769 738.678283
580.194395 102.950216
577.607580 740.859246
589.559146 94.794297
576.019943 739.554403
587.975756 755.572392
578.054813 105.056281
596.933736 755.413445
583.642324 102.069151
588.649879 757.251966
580.829267 88.588338
589.162964 753.514299
598.544268 88.217422
582.716088 740.770644
593.220267 87.718407
599.777295 755.191980
611.827868 763.240966
606.892303 95.708479
597.460030 750.059938
604.836676 97.232023
607.571350 746.450103
602.596124 78.238767
617.923443 767.362901
619.088534 80.556155
613.113218 764.658128
614.976474 85.975524
618.859083 768.023103
607.448790 78.227529
620.296884 771.101273
624.754851 87.241815
619.406083 762.490313
613.396064 82.001985
606.755348 782.817239
634.885814 85.147598
626.426072 757.363542
631.869929 77.374121
645.393420 787.333063
647.129313 87.913698
654.384912 780.289052
628.014429 394.736265
647.559667 407.241293
642.353073 421.560992
644.962787 423.631565
636.843805 62.963229
645.701115 413.316644
655.121521 771.966208
627.466020 773.296388
658.262867 395.717499
664.493375 85.552071
657.350716 418.323243
651.271063 420.204124
649.765875 421.100397
667.598080 394.608362
659.011729 780.818177
649.565220 53.969007
652.887153 426.058017
665.109805 453.841084
664.762031 391.070910
650.739118 437.465501
646.678601 795.069982
659.082582 76.374448
656.103679 788.623820
667.276321 398.308245
652.932464 432.118534
662.680782 437.305571
661.967865 440.972708
666.512840 73.985701
667.718906 786.435271
670.150777 380.673999
653.823593 455.830684
656.280784 76.082893
665.551845 794.048849
669.246955 382.635565
676.779582 461.003582
682.715324 799.168994
675.274574 71.713278
674.860824 473.233933
677.513618 373.888556
667.396654 470.337872
675.132640 791.347148
665.147379 77.214394
663.857756 367.694746
681.129213 464.434985
680.137710 800.331656
680.691614 491.195256
673.973977 68.415903
670.932956 791.206993
688.881266 375.618452
677.639807 479.677850
681.358633 474.277204
668.559810 54.729692
678.384620 369.246456
696.771703 787.368534
664.935442 475.721341
689.340723 54.734876
687.858522 357.110384
701.075420 802.509494
674.651517 489.268131
665.974843 801.498155
682.658787 51.770877
690.944014 360.154747
701.916293 487.359445
690.285908 805.729049
701.387171 363.861101
707.550984 68.507208
697.071348 484.735809
679.708357 336.593991
695.167684 812.299092
693.511409 488.078004
680.464475 63.787944
679.349505 818.255813
698.020215 347.815841
707.897121 497.798720
683.898067 510.270419
703.603141 46.151247
710.565121 796.674881
694.801610 344.053762
702.294722 504.633468
703.094858 47.758110
710.618640 823.081091
706.537899 347.757275
703.579814 511.504437
705.855076 795.886002
695.579477 61.707399
709.328145 343.918229
720.507081 512.382306
714.482464 815.816106
713.438316 34.624087
712.588833 517.474232
702.899759 332.441272
714.118311 806.957501
705.887826 509.224845
712.438208 50.379456
719.609342 334.625418
726.747980 809.588055
708.953217 533.389666
726.300709 50.208626
733.450951 333.359959
721.491295 812.269627
727.271229 523.602974
731.758662 533.300954
739.485158 51.891220
727.758017 348.094245
729.868574 526.562729
724.440221 818.366495
741.130297 39.365935
731.542012 325.005761
730.180544 533.047701
730.204484 829.081593
735.645212 550.971396
726.962081 823.858995
752.807794 35.163275
726.264969 316.982833
740.604572 543.683753
737.747757 322.634158
740.614955 837.411019
733.442442 41.326132
726.188544 561.252667
738.681959 307.603324
733.157064 835.177595
729.234667 57.274846
741.342137 548.811548
745.925029 832.251641
747.421743 309.841617
730.272183 555.153529
739.345197 56.250265
739.629821 566.185649
741.511583 832.698164
757.103395 309.055921
749.876748 37.225322
756.492342 551.217047
732.513800 821.797132
731.210951 300.054459
742.597678 554.444320
741.805530 30.175302
747.218037 841.809530
760.011263 293.457814
733.110538 564.656160
748.455478 35.118137
777.050359 841.270201
758.131711 580.360223
767.318355 303.198488
772.183721 46.130680
755.426187 571.598186
759.395266 836.743616
758.829531 289.475080
749.393199 45.278035
764.966164 304.280048
763.693126 577.963806
754.344243 827.984046
760.453790 46.627079
775.640498 584.953555
774.228547 277.184728
755.085269 282.391664
748.515413 579.795188
769.039909 839.650317
760.143259 599.206398
758.678746 26.976174
783.735198 277.022054
768.641973 823.505194
770.153385 581.941746
772.771764 29.979370
773.138796 276.770961
774.854907 604.629110
770.892788 820.718155
781.801717 38.337375
800.688778 275.606357
772.047220 593.637750
794.290192 848.673635
780.245691 584.535981
783.139658 48.303174
774.339547 263.952382
782.357031 268.481510
781.489476 834.481864
773.372400 606.820045
798.199643 27.235656
791.775080 254.701351
794.226944 839.516828
783.656759 621.881090
790.803923 237.559109
790.314391 34.561319
798.108118 846.448886
800.318613 614.757199
803.108376 614.954512
804.106266 251.010487
814.217099 618.362547
803.984910 38.993897
786.020848 838.388719
791.265016 255.378715
789.801514 235.969779
794.308902 618.390708
798.644072 49.956972
772.619212 835.603466
792.536918 630.104856
806.326321 250.982465
799.089035 44.764690
808.982373 832.500871
800.723582 638.746619
812.036637 45.773730
797.984475 238.850968
804.574658 628.453543
795.180767 845.957461
806.983567 241.307844
814.183011 57.304132
801.644113 646.444045
830.294756 845.065869
820.012114 51.455472
808.509965 227.904449
805.634086 230.641736
800.291060 640.756234
811.485483 56.665120
812.225974 837.253150
817.844829 222.630706
798.409488 640.722751
823.273510 50.310759
812.381675 220.121423
816.255680 638.179256
824.365595 64.209323
800.029793 634.589375
815.907214 841.646362
812.543446 200.593956
810.567707 81.200726
815.460872 187.370581
820.926517 198.681352
812.669115 650.526720
805.903428 835.940726
835.584931 81.148333
815.400704 60.887864
823.340583 644.368498
836.539768 192.994445
820.513618 842.213040
830.211338 87.629960
824.515194 82.551546
821.179440 100.703796
826.479679 89.634440
827.846792 189.607371
836.687516 192.131636
837.144965 92.776987
825.704603 649.902329
831.403250 186.002708
823.736017 839.090730
822.443425 657.360895
832.185821 80.382141
834.709403 109.122885
834.451532 107.594006
823.528371 107.726899
838.302474 112.775855
835.222921 118.398671
826.866822 119.065584
830.537118 140.512025
829.120772 136.581493
842.005482 152.748018
823.683606 143.737987
835.867160 169.984551
829.294945 152.103702
823.125569 154.716573
826.037720 665.701821
834.945442 129.833567
836.567759 684.423061
848.614133 841.124720
826.919764 124.859136
831.070520 119.271690
826.206475 134.431204
831.323366 666.127937
838.478780 833.164353
821.736287 677.254731
843.842512 861.791835
850.820867 691.457954
848.115433 671.927773
850.314309 834.131984
837.872595 700.020003
850.657016 684.271608
853.356443 846.497735
864.386494 687.171473
853.125671 828.398329
856.230825 691.117455
847.203848 723.117215
847.396153 841.475215
853.354052 719.128582
862.904083 835.288411
874.759825 718.250044
869.516007 694.619083
850.754330 837.310753
873.772170 701.766522
867.703682 713.131242
872.215650 824.685327
866.505678 727.917965
877.299689 714.638652
872.407496 830.733479
890.497209 717.206742
884.771851 824.436627
880.819079 722.004961
880.794744 723.034719
880.970642 838.380086
888.992749 724.912229
880.085354 742.461359
877.285148 756.363661
889.040339 823.421381
889.956263 751.313776
895.542195 763.565898
890.799084 757.222207
901.594050 815.732230
887.985014 746.085269
909.793806 766.649731
904.544169 757.464894
891.735501 807.497548
890.678701 815.998979
896.212999 768.220683
902.434385 813.141047
903.340431 786.085834
883.258090 777.815815
910.119292 782.413565
892.106847 786.812533
909.317031 777.627858
881.680090 789.896772
895.603592 800.159923
904.488597 810.280558
