292.759085 332.136119
279.813847 332.101099
298.269085 337.986643
284.710509 336.058168
287.638036 343.573075
288.975594 339.642314
286.129437 342.274372
290.654722 371.210643
287.228511 376.455414
282.418744 376.594289
286.772797 372.891898
284.487832 374.706847
295.841363 329.511976
287.200693 346.254960
294.193952 372.740420
294.234383 371.254828
283.590876 382.914393
302.411025 331.972235
287.318548 341.413691
286.526701 373.937612
300.819654 381.506537
287.048546 382.575279
292.311731 333.083933
298.886935 343.003204
298.679709 379.201325
299.763115 384.903459
289.889025 329.292717
288.185252 340.060198
298.110397 370.778008
296.346714 386.971913
282.890677 387.005188
299.419907 322.874148
305.414241 325.051035
302.300105 324.108260
303.476765 330.926398
296.429474 346.984855
292.576226 373.122967
297.770894 391.903508
300.644987 320.571686
298.051147 342.852337
301.647388 372.817256
302.061643 388.012936
304.475074 315.385214
307.561576 321.037832
309.429100 339.852814
288.912188 368.423931
293.879397 390.971751
301.737549 394.790173
309.038943 317.928774
302.817192 340.635423
296.553034 371.411890
296.761401 395.595151
300.842997 316.638722
304.139005 343.369999
308.266278 369.532708
307.339385 348.926497
309.341374 395.058805
311.114367 399.673739
302.374285 317.128687
305.718654 345.508905
309.134141 366.791950
316.725469 367.709558
307.378880 366.484010
302.625324 368.542416
299.482607 403.877301
302.062246 314.196600
303.578434 349.293280
309.768477 361.629968
313.080659 401.277155
309.387461 316.738944
316.331261 349.092015
317.464116 349.883104
306.562465 354.341529
311.939179 357.958906
315.507183 353.876475
316.282232 396.650194
311.023321 311.048869
311.777863 399.581275
312.387849 312.244034
312.581953 392.943264
324.502198 315.213561
325.870540 395.787532
317.291578 318.070799
318.621683 317.479441
312.079453 389.887068
325.977022 319.584687
320.301310 395.762267
319.816044 320.445453
319.351269 391.353815
334.308847 318.826635
326.922852 391.803074
328.351755 319.560906
329.986325 391.438636
334.143514 322.574654
329.832632 389.004180
328.025484 392.411248
333.667775 321.550963
343.619274 391.081648
340.047447 319.537153
332.142741 385.575821
329.281838 319.236052
337.407247 324.936475
341.965822 383.078644
339.134601 325.222539
339.474127 381.049837
340.789342 323.318663
331.598171 378.510207
337.732331 379.507664
338.759662 321.972345
344.445686 379.406237
350.836740 329.164905
341.856191 376.083275
335.999684 329.422878
342.551759 373.309167
346.476296 324.307494
350.560411 372.473973
342.233999 327.596910
346.764676 375.853116
353.074029 324.198504
344.401202 328.997095
358.575454 371.050468
356.497398 323.344616
361.040104 373.748792
352.325906 319.727014
362.342521 371.647016
349.858409 323.088578
357.746753 365.417636
354.512839 321.751054
355.559371 369.538982
370.128879 367.572659
357.994828 322.955313
356.947405 362.232390
364.545759 324.531500
371.903256 363.934964
371.312217 317.878194
369.877418 361.317447
370.567576 319.464707
371.513376 367.430772
354.479786 317.943227
374.289767 364.961183
364.158428 315.247362
380.375451 318.661060
364.570170 363.083062
377.232403 318.509378
370.735628 359.291361
374.581417 317.543565
372.827105 355.871823
368.666733 317.014707
378.062698 357.189284
387.286054 311.994902
382.074623 354.233183
385.704401 315.853450
382.725588 359.350449
373.313298 316.442244
384.291175 357.559228
383.861066 312.581378
383.773676 357.570995
385.743294 316.759299
386.275080 355.601649
393.224029 317.738564
387.844530 354.892724
389.733381 355.141806
383.142416 318.108344
389.938756 358.967083
398.356674 315.129311
390.717637 352.132480
396.917937 314.825458
392.448903 351.830982
403.304408 314.712402
404.964537 350.806225
400.019920 310.125675
397.071636 352.853566
402.327609 308.682456
402.028659 351.090468
403.588862 309.701712
407.360724 351.978037
404.819226 312.716297
404.316576 350.654553
398.975679 312.458005
400.928179 350.482888
407.987431 312.365594
411.759354 352.034593
413.175542 355.352239
414.265751 312.694741
406.877055 348.236632
413.755229 314.283801
413.118458 349.703246
414.844172 309.379607
410.761712 348.793859
406.445152 312.295134
410.447848 351.211356
414.872446 305.306967
412.122630 347.919758
418.417364 307.822529
428.793741 311.259072
417.047429 344.166766
416.712008 305.929846
423.829323 348.876404
418.925756 308.317939
421.555286 343.885087
431.502643 306.029800
421.579259 342.826764
414.450997 307.065669
431.990997 346.943636
431.318847 309.529809
426.522433 347.297813
438.226380 304.707447
431.757685 341.478132
429.533344 304.344114
436.308533 344.528475
436.626441 306.694487
448.298665 338.412014
440.341389 308.057994
451.689391 339.358764
434.435680 340.240665
421.768042 308.063035
442.472936 339.961535
435.022564 306.752520
432.707860 343.708611
447.177460 304.309062
436.953132 339.170660
448.387717 306.785250
450.034056 341.037172
455.928088 307.094902
453.207291 334.815139
445.551570 306.561032
456.153446 339.785517
456.046869 311.117556
450.035539 338.513865
458.237667 306.582913
460.702273 342.874742
457.501562 301.742786
455.447106 338.862318
456.999688 306.964396
463.063741 332.438652
445.442352 337.283655
461.258238 305.548414
467.158254 331.993015
456.402980 304.333611
458.972517 332.800864
462.303769 300.772468
452.553698 332.402570
459.620744 301.243063
471.155744 331.154556
465.914019 302.424332
450.710980 330.093174
460.313951 302.122870
475.734673 330.947366
472.255306 302.179478
465.445084 333.663411
474.709168 303.413436
484.337976 329.989796
482.225685 299.179357
469.694385 328.640076
468.481669 298.560352
476.040148 331.910740
483.979176 301.706967
470.887189 330.010507
476.166521 298.640026
487.109203 331.799241
487.172611 297.300522
475.308604 326.772026
484.275226 299.356273
480.138288 328.873940
486.358269 298.148421
472.734256 328.441081
486.682762 296.194514
490.067520 299.229284
493.751688 324.476928
484.024874 294.641395
498.620618 326.660935
495.967857 295.674308
494.159268 325.246373
492.108380 292.107955
488.002526 322.181955
497.681397 297.203538
506.969673 325.199706
505.859986 295.055273
500.199813 322.027384
497.909172 293.456421
496.898077 320.528961
497.798667 297.976552
505.663300 322.571235
504.265646 291.333100
504.677918 322.165218
508.811314 295.166530
513.811399 321.249430
503.924919 295.330044
511.492513 323.300389
517.362730 290.968708
526.523504 321.418290
509.289579 294.817797
508.970378 320.251284
516.600036 295.887597
523.681244 317.878038
525.134247 292.622641
514.635918 316.451662
517.902202 294.373327
518.743196 317.386782
525.819676 290.301784
524.716316 318.919328
535.240221 291.773788
524.326659 321.250308
526.086330 292.714839
523.158467 315.141718
536.063181 290.067501
527.825414 314.018654
523.308218 292.495258
529.653912 316.078039
531.951786 288.764100
529.015407 317.357760
525.513671 287.858460
537.038747 315.075015
539.821193 286.654898
522.295410 307.584167
538.617745 284.141946
543.482444 314.205880
547.129658 287.341623
549.873225 319.165370
548.416179 286.300977
551.646315 315.015451
538.909155 291.078353
540.725191 310.973051
545.507172 286.291598
547.944053 312.696263
550.546686 285.213239
548.410275 283.492710
550.056174 310.766456
554.981682 311.777240
552.082957 288.092027
554.952030 307.034984
548.379791 287.984322
540.685763 294.163735
549.894223 309.612847
552.038322 295.066272
550.421278 304.451153
567.762026 292.933598
551.791318 303.709988
558.433545 298.001503
557.602196 297.259074
560.137903 300.693920
