74.600406 224.655766
106.572402 207.859944
87.172480 522.745647
101.832618 250.367791
113.559946 549.991351
98.369661 507.601694
112.815737 567.661467
123.276417 225.458718
113.182647 247.379460
131.160595 230.384589
129.604862 490.969371
133.645547 564.798821
144.230533 242.602031
151.908651 206.720558
139.491148 517.072759
166.764730 552.295447
171.680159 522.994242
154.501479 242.233944
166.163925 180.591642
187.596609 248.240636
207.292238 175.228542
223.302709 263.431218
236.216035 120.591796
254.106366 108.719332
234.572812 262.952734
286.846218 96.053819
312.273616 333.063966
306.178104 363.694281
316.343332 71.455805
353.338878 63.656193
373.734246 217.028596
364.012386 432.600257
386.586062 190.698970
387.941395 250.159507
400.381249 185.038574
420.670311 239.131606
423.499091 57.373053
437.912255 182.308169
443.060100 217.499451
432.615577 200.042992
470.297972 444.536445
492.623357 79.311737
548.028088 127.037661
567.450063 357.278103
587.638293 195.082871
574.872135 242.225959
70.021124 240.287344
82.707283 221.497380
73.877812 238.341797
91.922821 239.424363
86.500172 246.093329
