-72.196269 10.785895
-80.299165 4.845229
-94.287337 5.299963
-103.278433 10.995758
-108.682751 17.943276
-107.623756 30.957047
-103.440518 41.982030
-97.601942 48.094458
-91.132951 52.430633
-85.873443 63.861596
-71.886079 70.021860
-65.147278 74.113394
-62.666642 63.483855
-65.679348 50.321629
-67.121717 41.092949
-68.622261 30.030187
-71.527105 19.395664
-77.023552 -35.710756
-84.720879 -36.532788
-97.009985 -34.162008
-109.677055 -30.291255
-118.747388 -26.102969
-127.351114 -18.810811
-132.751677 -9.017097
-138.159237 -0.420026
-144.266198 11.334259
-144.237193 20.522457
-145.456932 34.461399
-139.565409 46.175378
-134.211372 55.388613
-131.192644 66.194056
-122.035605 80.049728
-116.328848 89.014915
-108.451270 98.185713
-97.369318 102.326431
-85.186644 106.808514
-74.745936 112.304846
-65.293348 116.113592
-51.644734 126.927368
-41.045919 132.850193
-34.521704 143.850037
-32.343958 156.317065
-23.743912 164.011493
-15.961048 173.866430
-7.332251 175.278795
4.174709 178.809712
21.491993 174.895218
33.670532 179.363796
48.218941 181.993283
59.800533 180.911037
72.701924 173.478106
-73.987433 -44.574037
-73.982771 -61.458630
-73.229110 -72.093136
-67.466985 -82.410408
-55.143270 -91.238931
-46.534394 -96.160201
-31.575086 -100.143235
-19.382674 -98.865976
-7.590787 -99.808041
5.448208 -99.977217
15.923158 -99.515406
29.329175 -99.448705
43.488314 -103.453294
52.271325 -100.083820
65.373130 -98.057736
77.562646 -97.516346
93.013206 -93.212629
111.352477 -90.950021
125.354609 -83.919417
136.164097 -80.661709
144.821911 -69.553769
147.440968 -55.594225
144.112334 -47.249517
142.103060 -33.123355
140.292605 -22.573031
139.833438 -11.637266
137.090488 4.321486
137.753980 20.727123
132.202102 34.962187
127.916280 49.233911
124.595676 62.399863
121.179612 75.322306
114.099896 89.875892
109.165117 101.918848
106.737355 112.001982
101.228087 121.816445
94.930547 133.455550
95.100466 141.719385
85.614218 150.951872
83.333861 165.619391
