51 301
51 305
51 309
51 313
51 317
55 297
55 320
56 291
56 324
56 328
56 332
56 336
56 340
56 344
56 348
56 352
60 287
60 355
61 281
61 359
61 363
61 367
65 277
65 370
66 111
66 115
66 119
66 123
66 127
66 131
66 135
66 139
66 143
66 271
66 374
66 378
66 382
66 386
66 390
66 394
66 398
66 402
66 406
66 410
67 414
70 107
70 145
70 267
71 417
71 421
71 425
72 100
72 158
72 260
72 429
75 162
76 96
76 166
76 256
76 432
76 436
76 440
76 444
76 448
79 170
80 92
80 256
80 450
81 174
81 178
81 454
81 458
81 476
81 480
81 484
81 488
81 492
81 496
81 500
81 504
81 508
81 512
84 89
84 254
85 180
85 460
85 472
85 515
86 464
86 519
86 523
86 527
86 531
86 535
87 85
87 184
87 250
87 539
91 81
91 187
91 246
91 542
91 546
94 550
95 77
95 190
95 242
96 71
96 194
96 198
96 236
96 554
96 558
96 562
96 566
96 570
96 574
96 578
96 582
100 67
100 200
100 232
100 585
101 589
101 593
102 204
104 66
104 229
105 593
106 207
106 211
106 215
106 219
106 223
108 65
109 594
111 61
111 598
111 686
111 690
111 694
111 698
111 702
111 706
111 710
111 714
111 718
115 61
115 600
115 682
115 720
116 671
116 675
116 724
116 728
116 732
117 604
119 59
120 667
120 735
121 607
121 661
121 739
121 743
121 796
121 800
121 804
121 808
121 812
121 816
123 56
124 820
125 610
125 657
125 745
125 792
126 651
126 749
126 753
126 757
126 761
126 781
126 785
127 55
127 614
127 824
129 765
130 647
130 777
131 51
131 617
131 621
131 625
131 629
131 633
131 637
131 641
131 769
131 827
135 51
135 828
139 51
139 829
141 833
143 51
145 833
147 51
149 833
151 51
153 833
155 51
157 833
159 51
160 837
163 51
164 838
165 55
168 838
169 56
172 838
173 56
176 838
177 56
180 840
181 56
184 843
185 56
188 844
189 57
192 61
192 843
196 61
196 843
200 61
200 843
204 61
204 843
208 61
208 843
210 65
212 843
214 66
216 843
218 66
220 70
220 843
224 72
224 843
227 76
228 843
231 76
232 843
235 79
236 843
238 744
238 748
238 754
238 758
238 762
239 82
240 739
240 843
242 86
242 765
243 727
243 731
243 735
243 769
244 773
244 843
245 90
247 723
248 228
248 232
248 236
248 240
248 707
248 711
248 715
248 776
248 843
249 92
249 244
251 224
252 96
252 703
252 776
252 843
253 207
253 211
253 215
253 219
253 246
253 250
253 672
253 676
253 680
253 684
253 688
253 692
253 696
254 254
255 100
255 780
255 839
257 203
257 669
258 163
258 167
258 171
258 175
258 197
258 256
258 658
258 662
259 102
259 179
259 781
259 838
260 260
261 159
261 654
262 106
262 193
263 110
263 114
263 118
263 122
263 126
263 130
263 134
263 138
263 142
263 146
263 150
263 154
263 181
263 185
263 647
263 781
263 838
264 262
265 785
267 266
267 643
267 838
268 270
268 597
268 601
268 605
268 632
268 636
269 274
269 609
269 787
270 834
272 593
272 628
272 791
273 276
273 280
273 284
273 288
273 292
273 296
273 611
273 615
273 619
273 623
274 833
275 300
275 589
276 791
278 304
278 308
278 312
278 347
278 351
278 355
278 359
278 363
278 367
278 833
279 585
280 794
281 829
282 315
282 343
282 370
283 319
283 323
283 327
283 331
283 335
283 374
283 378
283 384
283 582
284 388
284 796
285 828
287 578
288 391
288 395
288 796
289 399
289 828
290 574
292 796
293 401
293 405
293 409
293 547
293 551
293 828
294 413
294 570
295 555
296 796
297 543
297 828
298 416
298 420
298 424
298 537
298 559
298 563
298 567
299 428
300 796
300 824
302 533
303 431
303 435
303 800
304 439
304 804
304 820
306 533
308 441
308 445
308 449
308 806
308 810
308 814
308 818
309 453
310 529
313 456
313 460
313 464
314 468
314 528
318 471
318 475
318 479
318 528
319 483
321 524
323 486
323 490
324 494
324 520
328 496
328 500
328 504
328 508
328 512
328 516
