161.598995 299.243930
144.226740 317.327972
139.035428 317.604939
130.690604 321.747354
155.912701 318.355125
142.293778 318.530198
142.242714 322.497517
141.639694 339.910557
146.554509 328.114335
132.974249 342.413749
138.515502 310.788844
129.272294 352.472901
177.129641 356.150733
175.745076 307.674158
150.529544 371.726803
169.119205 304.694316
158.244103 342.307656
121.604514 303.753148
143.947605 354.760088
171.105598 289.301143
166.230629 364.275317
181.309132 312.707805
144.175250 373.313858
171.982945 356.583840
160.127031 290.605914
166.940431 370.441013
180.852141 294.423207
150.482880 398.694623
181.598165 302.360654
190.016148 371.164599
179.725507 295.320503
183.277836 489.884611
155.537437 508.510791
167.598726 511.986861
186.551364 524.236147
201.473339 398.284887
205.091031 294.332525
159.548036 495.453212
197.274646 523.575551
182.911648 391.445983
175.769604 280.825363
199.776388 479.301761
185.628496 514.110274
145.273122 390.242887
171.206723 279.957828
231.324051 503.407188
186.916530 513.847244
194.665082 376.305896
167.921899 290.821012
186.199748 473.936514
187.973115 498.039405
179.371629 512.804231
173.030887 396.370857
204.170769 288.054841
192.525698 489.169568
222.284375 523.599548
197.118513 375.381444
202.766010 289.165665
195.060482 458.587107
194.868911 515.093006
193.178054 372.504714
183.117815 470.583879
195.262258 293.074556
203.995562 525.600268
193.204127 370.213183
211.478951 451.951401
227.847646 286.292919
219.995433 524.268960
183.647313 367.838404
227.573322 459.187837
225.675735 278.737557
212.099169 519.138363
224.683197 463.218643
243.952941 400.187670
226.538480 290.596491
208.104731 511.064678
237.108751 448.050803
217.524649 377.922023
218.205017 285.722554
248.898916 513.390906
225.962529 451.371265
216.038551 387.253978
252.337211 272.543463
199.331572 525.906902
228.580425 440.885872
227.625804 389.735149
237.477690 282.114752
235.281323 518.303610
239.534547 425.899105
227.238448 383.919204
234.322781 301.848518
240.569017 527.217977
240.754015 385.170066
219.793679 424.966272
252.982260 287.596658
226.599055 512.824228
241.318341 378.149547
237.873100 433.408746
239.816565 291.834925
229.754554 520.127475
234.878780 371.180259
232.826770 443.863694
231.642521 267.271357
243.331578 295.466735
226.975319 522.752091
274.017755 382.476543
256.617083 442.960026
256.583703 289.309586
232.880004 255.364562
248.459035 504.032816
284.766234 385.124391
254.538179 428.928781
247.495537 265.602213
254.766688 507.023455
248.715899 394.525953
265.051838 427.607033
248.102981 433.629226
280.949937 267.257929
251.492186 505.643743
270.560145 383.120140
251.081268 423.734802
264.354576 245.977700
248.800489 526.663997
248.216552 379.334360
258.961124 422.420659
262.236677 264.038849
269.123244 517.429168
253.200678 386.498099
267.329056 416.401743
273.775485 237.955317
249.627524 241.498860
274.197825 405.733673
269.999372 507.128534
276.039595 397.049668
258.680589 240.409655
276.149044 409.763573
267.530031 524.816178
270.123830 384.666486
280.773069 238.034587
259.862636 397.374954
291.240450 486.139707
280.417492 394.574749
264.118004 390.118344
257.864540 391.673441
321.122949 217.054448
307.969507 403.773379
296.081457 489.561286
280.095787 387.666469
282.081458 225.785663
288.088987 409.092315
325.767013 515.494542
280.567761 400.503602
309.174937 216.752896
300.228042 386.767927
304.282593 393.793777
283.778061 505.921379
286.417499 216.648885
303.762611 506.717343
302.007316 204.757445
298.776278 491.804983
284.989414 218.932609
323.830632 504.308214
345.777322 205.056293
330.850880 503.095256
297.907107 210.286948
316.320057 486.857381
309.281215 190.992148
305.941461 493.860388
308.620301 189.739904
316.574048 496.954059
310.526484 207.950120
292.469778 480.927209
306.621382 190.698297
310.971816 475.521644
327.939979 193.833346
327.815054 485.803054
337.144832 170.362933
350.622152 487.938955
321.091358 180.786132
325.306264 468.542830
340.089604 174.391632
348.985697 480.049971
353.172411 167.475115
336.272412 468.807325
338.266862 162.262756
362.229872 464.937148
303.447025 172.028707
327.743049 461.252339
356.497764 162.536699
365.526373 458.206458
358.294781 161.414278
373.473746 480.341361
360.179412 154.010383
303.202759 465.563058
357.973502 155.952972
382.652345 455.839218
364.306222 150.833311
380.149757 451.232099
364.284105 142.728048
356.685751 443.157308
385.416510 138.578293
410.701045 450.198081
374.944399 141.031760
394.546166 454.405672
400.210870 128.086283
366.421913 425.324442
396.479001 143.863684
390.629806 448.270614
386.701525 130.604949
410.892251 429.353953
396.908645 129.297423
390.327771 436.951409
359.758953 124.511650
385.842004 421.795964
397.673833 430.267151
409.744806 130.801079
414.039358 415.133512
397.020484 108.670416
404.680773 422.765306
403.990380 115.958184
414.385120 437.049233
422.948115 109.920552
421.600684 105.919141
440.676160 417.949710
405.141550 107.415729
438.573747 430.355813
435.753072 109.334990
445.896005 444.413039
424.015493 107.961855
444.756406 414.392741
446.409657 118.014101
442.117756 420.479359
426.069090 108.164799
462.621077 437.177399
424.372786 113.251951
426.667258 413.810422
449.186706 101.253923
435.675511 425.221542
420.447202 447.099913
467.741566 89.595974
462.714441 437.842607
458.010687 93.520401
453.187281 431.865602
446.683424 102.680859
474.234400 445.925433
446.672085 116.910427
456.340952 426.151897
471.354275 109.315872
451.786932 434.527239
487.915583 96.696965
472.501635 421.191443
476.503848 85.960440
464.818274 444.862747
449.692645 90.663393
457.992694 419.484726
495.697609 88.352845
482.291737 436.342841
484.804941 80.067149
504.468184 427.588987
500.278775 87.518297
493.751724 438.871945
493.726168 85.798885
493.129354 435.196379
498.300211 83.284770
494.428073 427.708385
486.048886 83.261920
497.833945 435.673062
509.663554 76.845773
513.837246 424.412292
501.793785 86.752790
503.048004 430.166424
520.269868 86.172876
537.257144 437.187159
506.757348 81.680846
517.496958 444.521483
554.458880 91.458426
519.138226 437.923561
569.566458 91.357561
531.995733 439.934040
558.174541 67.485138
558.518963 433.188379
538.910804 86.240798
541.961352 430.839750
521.678404 76.570908
540.614504 429.836787
554.292200 82.805700
510.831006 439.479652
539.046952 71.683351
557.923146 98.898817
548.477570 421.819414
567.211677 84.965014
557.743331 431.042004
534.478140 94.764625
556.990719 415.342206
560.182013 86.607875
551.988529 434.184746
586.713899 97.134668
537.611104 425.683740
565.806601 78.507675
575.310203 440.220944
573.161167 100.761322
551.856580 433.047698
583.281266 83.057197
589.637527 444.399373
610.525608 87.560208
596.876527 425.077172
588.722149 93.386938
598.164745 437.213751
609.411121 76.917629
591.129839 415.326047
567.608265 82.976967
598.446860 421.992943
607.321789 96.924376
600.967525 439.770913
596.816995 98.803543
577.010507 431.230767
588.184114 89.332600
613.547110 426.349409
643.873648 89.655998
604.153325 427.222028
618.832607 90.404877
596.241219 435.240019
609.825003 97.327684
609.662067 445.393874
600.865985 98.294209
644.859530 441.386932
610.941386 84.993709
625.723536 101.248929
635.754586 423.721458
599.091640 119.891960
632.056817 440.141100
635.272546 95.962451
630.736894 429.127627
634.755479 96.483609
631.166455 440.238871
638.312746 114.405012
653.315927 422.173677
634.831881 87.896667
629.681945 453.203410
640.346494 438.637062
665.017315 100.429804
641.044155 424.842422
674.499150 79.495844
666.330970 422.816876
654.514817 93.098843
658.547803 101.276156
642.780315 424.739003
639.177634 96.538665
634.803607 402.524765
645.272171 129.856201
664.694538 421.080002
681.582128 100.615793
661.204925 436.603846
670.133870 103.258164
673.152779 407.096013
693.234969 106.145733
660.696838 415.452845
660.234464 118.147752
705.618431 426.883995
635.114320 119.143344
693.732926 411.669394
708.000496 127.324181
693.928771 410.543430
698.148555 117.466066
663.174591 419.819677
708.170063 100.859710
718.299407 418.859456
704.576572 119.266822
696.323534 417.675504
710.602940 118.539723
702.057664 402.017872
705.622705 134.265194
718.256826 422.677306
717.749136 121.406001
718.742022 414.634456
730.126889 126.495243
721.375331 130.353431
740.172720 413.351902
690.268467 121.717548
711.699371 410.652352
716.513180 134.932381
734.239143 390.082399
738.533660 146.405827
737.125431 147.863021
736.052976 405.936534
751.680771 146.235973
730.307820 402.443357
717.252188 140.553641
741.945013 136.459697
735.670548 422.370908
746.836463 160.350538
742.262442 409.021508
750.720615 414.273611
762.448574 429.436891
736.797960 451.867457
737.593983 426.528786
746.812879 162.627686
749.056557 422.219797
731.533816 156.200709
755.628088 441.555057
744.858629 444.362109
762.047410 445.777709
758.910492 448.889680
745.270364 177.876038
734.327049 452.682512
753.896797 164.292004
759.214357 459.091513
751.736929 453.053121
746.400658 457.348920
760.989263 151.931068
789.686155 162.094437
754.287908 470.758774
746.993567 466.328353
758.032785 476.009901
765.036664 461.710810
763.113902 184.502499
763.699765 455.140490
771.776632 179.872214
780.148198 487.677193
766.455796 171.978672
781.932169 496.028220
788.602049 490.139328
800.798531 175.945588
778.066919 490.438171
801.599034 204.093367
797.370727 505.687626
797.758065 180.128594
766.768859 488.068942
813.062399 188.296311
775.479229 491.967470
786.140339 193.683249
803.066973 509.553579
795.717302 191.420770
801.847926 506.337790
801.499217 196.456627
811.263276 207.207970
790.654630 512.482123
784.582825 203.760200
790.908788 486.907594
780.504169 209.877443
818.291680 513.301576
832.737062 222.964543
838.777329 523.032282
793.528283 219.594715
811.360456 229.205040
819.400035 226.018499
805.389037 511.608845
803.494771 239.632945
809.065750 242.505159
811.420689 233.396112
824.261361 519.504873
831.634671 241.253105
822.809298 419.190497
829.768788 423.595733
819.202640 428.205899
831.252528 432.301340
836.545951 430.740807
829.352739 438.187750
810.455531 443.897210
826.951397 442.534568
844.012441 451.721985
809.817526 445.811511
814.994937 447.750124
819.236922 458.364128
830.904998 451.190027
819.535502 465.410823
839.459032 505.815353
839.864635 515.164751
821.494630 503.302941
829.319722 246.134116
811.588298 485.466468
866.068867 414.931489
832.998952 485.824967
827.511518 377.256501
815.859001 396.124380
806.296785 411.544479
842.162301 375.619017
847.940955 393.812203
858.438219 393.455203
839.343772 408.578113
833.005820 482.751970
833.991581 483.895197
870.472425 260.195028
843.024283 499.528048
838.106591 257.130945
836.181963 399.170762
846.981810 241.266931
814.515667 361.506197
847.297096 257.959983
829.628339 273.678301
838.918387 357.139548
850.980956 254.694401
846.423203 370.431792
835.182020 265.890174
865.593759 368.928984
861.448037 282.085808
844.382140 276.788140
829.275573 292.193893
841.354096 363.519497
858.127264 280.363544
843.777555 284.368494
881.589665 374.138472
830.624706 289.855367
855.418472 364.846404
850.006187 300.388960
847.187091 363.973974
854.431858 299.851063
847.502603 314.559681
874.750129 345.993788
872.878073 305.523958
879.733720 356.242277
902.626092 315.325647
867.544116 346.931743
866.627167 350.909290
886.993790 315.331233
898.638871 308.356120
897.766737 345.218848
892.872300 314.858845
883.945268 356.046254
890.032641 317.230954
868.639449 338.253444
890.848548 335.361039
882.159032 335.365725
892.715064 332.009624
917.322666 340.707975
906.605271 342.373079
