51 296
51 300
51 304
51 308
51 312
51 316
51 320
51 324
51 328
51 332
51 336
51 340
51 344
51 348
51 352
55 292
55 355
56 286
56 359
56 363
56 396
56 400
56 404
56 408
56 412
56 416
56 420
57 424
60 282
60 365
60 392
61 369
61 373
61 377
61 381
61 385
61 427
61 431
61 435
61 439
61 443
61 447
61 451
64 279
64 455
66 271
66 459
66 463
66 467
66 471
69 475
70 267
71 106
71 110
71 114
71 118
71 122
71 126
71 130
71 134
71 138
71 142
71 146
71 150
71 479
71 483
71 487
72 154
74 264
75 102
75 490
76 96
76 157
76 161
76 494
76 498
76 502
76 506
76 531
76 535
76 539
76 543
77 260
79 165
79 510
80 92
80 527
80 545
81 86
81 169
81 173
81 256
81 514
81 518
81 522
81 549
81 553
85 82
85 175
85 252
85 555
86 179
86 183
87 559
89 79
89 251
90 183
91 562
92 75
93 250
94 184
95 565
96 71
96 188
96 246
96 569
96 573
96 577
96 581
99 585
100 67
100 190
100 242
101 589
101 593
102 194
104 66
104 239
105 595
106 197
107 235
107 599
108 65
110 200
111 61
111 204
111 208
111 231
111 602
115 61
115 210
115 227
115 605
116 214
116 218
116 222
117 609
119 59
121 612
123 56
125 613
126 691
126 695
126 699
126 703
126 707
126 711
126 715
126 719
126 723
126 727
127 55
129 614
130 687
130 730
131 51
131 618
131 681
131 734
131 738
131 742
135 51
135 620
135 677
135 745
136 666
136 670
136 749
136 753
136 757
136 811
136 815
136 819
136 823
136 827
136 831
137 624
139 51
139 835
140 662
140 760
140 807
141 627
141 631
141 635
141 639
141 643
141 647
141 651
141 655
141 764
141 768
141 772
141 791
141 795
141 799
142 839
143 51
145 775
145 787
146 779
146 842
147 51
150 843
151 51
154 844
155 51
156 848
159 51
160 848
163 51
164 848
167 51
168 848
171 51
172 848
175 51
175 852
179 51
179 853
183 51
183 853
187 51
187 853
190 55
190 857
194 56
194 858
198 56
198 858
202 56
202 858
206 56
206 858
210 59
210 858
214 61
214 858
218 61
218 858
222 61
222 858
225 65
226 858
229 67
230 858
233 71
234 858
237 71
238 858
240 75
242 858
244 77
246 858
247 81
248 762
248 766
250 85
250 770
250 858
252 758
253 232
253 236
253 240
253 747
253 753
253 774
254 87
254 244
254 778
254 858
257 91
257 229
257 743
258 217
258 221
258 246
258 738
258 781
258 859
260 95
260 250
261 734
262 213
262 781
262 858
263 99
263 203
263 207
263 254
263 727
264 103
264 258
265 785
266 199
266 859
267 723
268 106
268 110
268 114
268 118
268 122
268 126
268 130
268 134
268 138
268 142
268 146
268 150
268 154
268 158
268 162
268 166
268 170
268 174
268 178
268 182
268 186
268 190
268 194
268 261
268 707
268 713
268 717
269 786
269 855
270 265
272 703
273 672
273 676
273 680
273 684
273 688
273 692
273 696
273 786
273 853
274 267
275 790
277 271
277 668
277 853
278 275
278 279
278 283
278 287
278 291
278 662
279 791
280 295
280 849
282 658
283 299
283 303
283 307
283 311
283 358
283 362
283 597
283 601
283 605
283 609
283 613
283 652
283 791
284 617
284 845
285 315
285 795
286 354
287 365
287 593
287 621
287 648
288 319
288 323
288 327
288 331
288 335
288 339
288 343
288 347
288 369
288 625
288 629
288 633
288 637
288 641
288 843
289 373
289 796
290 589
292 843
293 376
293 380
293 796
294 384
294 585
295 839
297 796
298 386
298 390
298 394
298 398
298 402
298 583
299 838
301 796
302 405
302 583
303 410
303 414
303 418
303 422
303 837
305 579
305 799
307 425
307 833
308 429
308 436
308 547
308 551
308 555
308 559
308 572
309 563
309 801
310 440
311 833
312 544
312 568
313 444
313 448
313 452
313 801
315 805
315 829
316 543
317 455
318 459
318 463
318 467
318 471
318 475
318 809
318 822
319 479
319 813
320 539
322 818
323 481
323 485
323 489
323 532
324 493
327 528
328 496
328 500
328 504
328 508
328 512
328 516
328 520
