171.072950 293.196367
169.298696 294.079375
171.370455 297.968848
164.690066 292.208843
169.580375 303.498323
176.003750 294.722706
168.799933 300.572114
170.774830 301.722958
172.895016 313.320346
169.161335 307.001860
168.181868 313.405406
171.296451 301.176974
169.326838 307.349180
168.938080 307.644217
167.455973 300.736059
170.136677 310.139730
174.023611 286.904652
171.802436 287.178598
175.050929 286.333948
174.570675 286.558690
169.955229 284.183145
171.117009 284.255591
173.313493 289.629124
177.614006 292.059107
175.965857 314.957130
169.369511 310.795823
170.372830 311.215830
182.344019 315.622150
175.004019 314.990890
171.675203 311.481106
169.802509 310.531461
175.317005 316.358583
182.038350 279.089966
178.712855 279.744796
181.712188 282.226730
182.029285 278.622828
181.920562 279.050164
176.657072 277.720783
185.401322 278.212327
185.541923 279.605068
181.182825 316.179654
182.444147 320.882538
188.478888 325.462826
183.897455 319.857777
187.166499 314.267889
179.987613 324.395554
183.876344 316.688931
187.517156 317.803195
191.555624 273.079836
192.175050 276.478729
191.030611 271.124723
192.275548 267.007927
188.704486 276.649155
195.238019 273.752859
186.061037 268.869670
189.677705 278.056935
187.811591 317.803755
190.514544 320.568945
200.183809 320.740059
193.028530 320.862169
193.906487 319.902040
188.393914 320.785114
195.729840 321.341713
198.782378 325.182040
195.940626 262.000680
193.719094 264.038613
193.495684 261.582259
196.635414 265.194786
193.660431 263.969754
193.779950 271.995801
195.748863 264.210295
195.693424 267.038071
208.733392 258.500512
205.747368 258.499829
205.498101 259.434681
204.920870 257.039910
202.135008 254.768626
205.787844 252.467788
201.801174 255.311432
208.626894 256.002310
199.744344 319.261884
206.879853 325.323084
202.834178 320.244341
201.724421 320.171685
204.717947 319.912730
202.568191 322.260068
211.413444 321.110767
205.224650 317.258480
218.063138 254.423135
213.251039 253.954570
218.815813 255.831126
218.405505 250.055393
218.276310 255.571757
215.264888 252.689765
214.942746 250.742038
217.343176 252.815757
216.172292 319.435688
221.165877 321.182808
209.519167 321.474517
217.771319 322.463212
213.809790 320.393745
214.518190 318.496168
212.893618 319.858310
216.272105 321.480448
220.052754 245.833992
219.858432 238.171914
221.874541 245.342236
221.447485 243.692461
223.784405 244.335806
221.796671 241.699573
219.663675 241.038633
224.076162 239.704271
221.874170 231.161025
223.170694 232.784665
221.072222 231.789875
224.027798 231.985016
223.931909 224.602119
227.782595 235.346201
220.788948 238.022297
221.644169 226.906866
225.441671 317.682292
225.919987 323.557794
220.508519 316.875147
221.415509 325.322435
218.514141 318.134893
219.000268 319.307233
222.390053 322.021359
222.286933 321.879704
229.344616 221.069747
226.017537 227.127558
226.932348 223.764167
227.511382 225.542677
225.908715 221.030620
226.728368 216.073691
227.133579 222.908872
228.747399 217.483204
239.930946 315.973438
234.754089 319.638254
236.393346 319.300060
237.417512 319.234417
236.547304 320.565932
234.804194 320.326034
239.919662 320.301156
239.378499 322.280304
236.869015 214.943314
236.420541 211.176176
240.519220 216.735626
236.378611 219.934376
238.587009 215.241600
237.540737 213.460833
239.665288 216.805377
235.610267 218.660280
243.759362 329.566719
247.501066 325.097448
241.089062 326.485184
247.529904 330.416402
242.352983 331.775051
243.370356 324.851371
241.643278 330.737482
242.251446 320.266270
245.628875 207.382166
240.438483 205.291902
244.962014 205.731791
244.780033 204.489262
239.464893 201.073975
243.721826 203.460282
247.615968 203.201688
244.920794 206.118971
255.234438 318.034909
254.862823 331.396441
252.908240 324.854209
257.123271 324.878314
252.565823 323.907355
253.380483 327.154712
256.048124 321.728695
257.170593 330.192280
251.383651 197.385712
251.667807 195.576215
251.909194 201.316081
250.591311 203.684029
254.013447 195.452863
254.626570 203.437812
257.485385 205.272957
253.275303 196.801856
258.455540 326.568192
264.160748 326.938421
261.991898 320.279179
263.503636 318.140918
267.258301 322.564978
262.523582 317.326721
259.350888 317.835585
261.302719 320.516703
267.033886 194.888288
266.905377 196.712728
260.014499 200.756094
261.008403 191.412287
262.739118 196.677098
265.897912 194.897331
269.128948 196.636676
259.590184 197.204045
262.683208 626.224863
274.088006 627.836324
267.595249 632.460600
267.707780 631.428162
273.613767 623.595907
269.329261 626.746816
264.499143 624.454889
269.469209 628.696742
273.633759 632.543882
271.843845 633.148859
268.958019 634.810929
269.437875 636.544923
274.768460 640.124049
267.209482 643.951373
269.531708 636.653799
269.200741 637.125096
273.826119 642.343039
265.779925 651.345821
267.742699 644.835294
268.467463 644.437159
271.944559 641.573142
265.311229 647.138322
265.637077 645.603298
267.832350 645.389779
267.002805 659.708479
265.618144 653.933087
268.399057 656.359891
268.816052 657.086193
273.994236 660.696327
270.284322 660.153704
266.062541 663.347736
271.624129 651.705316
270.617161 660.045455
268.484838 666.536886
264.034239 670.963866
269.286751 665.779904
272.008583 666.094311
271.143757 666.610454
265.703472 668.326343
268.340013 666.935714
271.565697 673.169374
266.439124 679.765356
265.934544 679.714773
268.929099 683.106622
268.668377 677.075926
270.406273 678.030156
269.189759 675.689571
266.011001 674.504533
263.383703 691.277335
262.685742 687.410813
269.316880 685.463277
272.450999 687.527468
272.005145 691.776088
265.652333 686.736569
269.144595 683.678969
270.809884 692.017016
269.881014 693.997520
263.534815 699.001807
263.465481 700.957562
269.399958 696.917184
266.046526 703.536669
271.377502 696.970438
267.351463 697.317231
262.465726 695.154673
266.522724 320.462617
269.341442 325.225415
276.605006 320.480391
269.840276 322.690579
271.593334 328.134101
265.268865 321.164439
274.958793 322.336363
270.189151 319.960942
278.468060 186.715245
275.744583 184.280426
273.299814 186.717625
266.719637 185.141368
273.499775 190.632536
272.596423 190.612168
278.465371 185.899175
273.343143 187.849935
274.534101 578.871114
272.267453 574.950744
266.780823 578.304000
272.158906 572.617093
275.545155 578.593476
278.497478 576.807057
272.579264 573.885860
276.931178 576.582093
271.438974 588.915600
280.854284 585.076413
271.420035 586.641369
272.085780 584.405099
275.506660 591.016147
279.242516 587.167694
275.485423 585.910774
271.221463 585.549270
275.538613 593.602902
275.264301 600.420187
274.883956 598.306920
269.403991 601.716027
274.076310 596.671506
271.994384 596.212894
277.956280 597.462792
275.824452 596.293296
273.029163 602.682963
274.055004 606.998386
273.405218 607.040372
275.469968 607.465691
270.449260 603.668340
272.996932 608.841366
270.034377 607.215011
271.405047 610.157992
273.473263 616.594513
269.152873 613.776731
273.655696 615.985441
268.257914 616.536778
266.720515 618.170816
275.391887 617.519140
268.292624 621.823093
276.080291 616.781476
277.534935 707.703309
270.697006 700.311633
272.710912 704.829358
269.498391 709.692836
271.104486 706.798107
276.516353 705.865256
278.015299 707.641056
270.054366 703.755013
273.380588 714.507313
274.173009 719.285020
279.832232 713.095609
274.026119 716.922485
273.103688 716.277412
267.597037 712.844673
281.020589 716.253254
269.261044 711.266923
274.231226 727.017968
278.545198 725.314849
273.454538 731.079771
273.291959 720.494593
273.977989 725.413908
271.119720 725.199122
274.315426 721.187176
267.934824 724.181155
268.064293 733.942368
273.358941 733.232118
274.975742 742.961584
275.486655 738.200736
274.242669 737.790287
278.422185 731.111557
276.116583 735.687758
269.349013 738.498793
275.152573 540.570525
284.427977 540.034590
279.735826 540.388461
279.101104 539.512500
278.756960 542.146453
283.825786 540.052645
280.194885 542.665752
280.631205 536.392232
282.221697 549.876011
277.046480 554.618714
281.057894 557.435462
278.256235 550.588752
281.758273 553.841995
280.711589 557.792936
280.692708 553.834890
282.461601 554.897087
285.161293 561.468849
274.132668 562.520182
277.423545 556.114563
278.598675 561.935629
278.823467 555.745586
279.475099 561.139637
272.646237 560.028582
280.261303 566.183144
279.115370 748.323774
276.773152 746.031267
276.792647 748.982572
281.188717 750.575174
274.695955 746.135834
279.001307 745.184206
274.628155 748.026757
278.880068 744.799383
276.875924 760.837713
277.426155 752.622683
279.457875 762.304202
274.756627 757.428489
278.616417 750.167293
282.986438 759.005633
280.014884 754.652887
279.233928 757.837065
283.969037 186.992138
287.568070 185.154947
279.796095 183.582855
283.706206 180.816973
278.911770 185.148609
281.768279 188.607884
281.641567 183.770927
280.612169 184.653488
283.676178 327.872194
280.168652 318.392491
275.308463 322.789082
287.684359 324.263215
279.780989 325.227421
280.371154 326.345182
281.969594 325.623049
279.705132 322.024301
285.981049 762.673188
284.389446 767.144599
284.163533 761.470524
284.676745 770.750056
281.889722 765.258252
281.949836 762.274361
280.027658 764.158485
286.422147 764.072337
285.162202 522.544909
287.935721 526.164213
286.336021 519.532111
283.781508 521.899537
285.435584 528.218407
284.641911 523.098136
278.950315 521.032051
287.788664 518.658994
278.881232 536.963656
279.014120 529.805409
283.522499 535.337762
280.834918 535.037242
285.905632 525.083287
277.130651 534.227713
288.943401 529.948563
284.354796 532.753846
284.444545 506.031008
292.471765 507.583715
289.077346 501.921619
283.982872 497.083333
290.012090 501.051201
289.334942 501.649440
285.583168 500.132738
286.378116 499.957447
289.854884 512.710637
288.727852 511.887000
286.303336 514.009442
283.145957 509.480704
287.593993 513.179429
289.529334 510.879315
292.221586 513.883440
282.160928 509.412886
288.190437 775.670578
286.857228 773.537224
285.492579 774.051437
289.072952 771.778518
288.454729 774.264963
287.857836 771.782531
284.843017 774.164111
293.318010 777.398699
292.345002 327.154736
289.668123 324.844112
294.451026 326.575865
292.914738 329.530154
289.826232 334.449339
291.140401 335.672445
290.918997 332.355990
290.914195 331.442420
295.528721 787.800446
288.872523 783.220627
290.259215 783.480319
291.587962 780.929753
290.918444 786.645339
289.825077 783.002133
287.612823 777.784155
285.296315 781.647988
290.409675 184.681192
286.391994 175.493943
297.823765 177.635393
288.071102 178.774653
288.347269 178.426877
287.725463 175.203656
293.579844 180.140482
290.841025 178.092154
295.832029 476.179839
292.217008 475.726239
294.246702 477.128842
292.725384 473.700320
288.607137 477.979785
299.281945 479.328742
294.560790 475.722099
292.970739 476.857063
294.161920 483.305863
300.764940 486.080711
297.316278 492.428345
297.325767 484.313631
290.845321 485.417079
293.486369 485.530125
291.015664 480.955853
292.384720 490.275497
292.540073 787.733062
294.628489 791.985068
295.365164 791.960204
295.054667 792.510974
299.788840 791.781533
299.233799 796.395905
295.911152 790.571455
295.346782 791.129026
294.621563 342.252105
297.334536 344.925170
297.269647 337.427967
295.535042 340.334222
300.867294 343.360336
292.245868 338.252620
295.275963 342.766338
294.617380 335.063573
299.550300 458.918490
296.403913 461.441937
298.559443 457.315447
299.228614 450.171636
301.639624 455.068276
295.140355 459.412026
297.040992 457.189487
304.152829 452.288902
294.100909 471.457562
299.010813 468.274424
296.293329 472.862513
303.442491 469.377369
297.288055 467.125312
294.904425 465.955917
295.008573 462.279862
292.322228 469.322120
292.430175 803.459821
294.167068 799.604785
296.856827 794.980318
298.292553 795.742196
293.487096 800.593931
297.284498 801.837908
300.294257 804.598701
298.779200 800.329902
299.576485 178.592375
299.325998 179.537261
302.528890 179.686624
304.318852 181.475639
307.358819 176.375494
305.650295 178.463754
295.605713 171.751071
305.861448 175.251284
302.370374 346.312044
298.253873 342.885712
300.398390 351.893777
298.003042 347.428619
302.494867 348.570466
303.026415 353.023406
301.580346 350.836618
306.745744 346.946149
302.443285 438.574963
302.307122 431.575561
302.342633 435.429319
302.662645 429.378080
308.013603 432.860067
303.062553 431.074722
309.513896 432.685615
297.071030 433.696422
306.171048 437.194296
302.188648 444.156899
307.095015 435.659977
301.510326 440.585529
305.416604 447.264674
300.021122 437.374916
303.368860 436.922162
304.334990 435.822811
302.198976 806.609829
306.347329 809.314550
300.419002 813.619754
302.843850 804.922286
305.508301 817.295279
303.256302 812.658676
304.694240 810.722607
303.981472 814.993456
306.090719 358.204270
305.046246 357.862600
302.991206 356.970377
305.738098 358.982637
308.245558 363.163378
305.839299 362.942022
309.203989 353.226049
308.787184 352.761225
310.283771 368.501583
309.434579 368.172038
303.055008 367.914330
309.896130 368.428960
312.930869 366.474451
303.670842 368.660394
311.969847 371.901128
310.381865 368.669139
311.784631 382.710218
311.654730 385.655919
307.792559 379.764353
308.420378 374.537002
311.251598 377.105666
308.638557 379.401350
314.547605 383.884763
313.770322 376.239810
310.532739 383.223813
308.738854 389.240790
309.856453 389.029997
311.903602 394.666913
303.443288 386.849046
304.753636 388.860862
309.522126 386.089853
311.980843 388.818581
305.859284 396.535882
304.564931 396.659012
307.725481 400.172143
307.396436 393.960498
311.503719 405.863967
307.126787 399.412047
313.741500 403.106637
308.464980 395.365249
309.584071 408.720460
304.008996 408.829167
311.325576 405.088566
309.862296 410.175493
307.528606 408.622983
309.887392 413.086246
308.978785 409.376452
310.525402 411.692785
305.626525 418.416926
309.354594 412.747732
308.546397 419.006279
312.973384 424.163535
313.060966 422.187427
309.269190 418.700102
312.659880 415.707931
306.208894 418.004307
303.646517 822.224365
309.079644 819.522999
311.191201 817.521024
302.811853 817.502128
310.545109 821.531671
308.561100 818.015581
311.555904 815.334120
307.799106 818.893422
308.629137 176.703147
308.362823 173.470114
311.805797 177.257103
312.249228 177.131475
311.001209 174.006242
303.851341 172.009225
311.803789 178.441015
310.403294 173.950714
314.968590 827.439225
314.072864 828.663415
312.822149 829.713391
319.443840 827.255672
314.969247 828.158191
320.169502 829.434286
314.189395 828.943507
310.304534 831.328503
318.429789 836.604156
320.810097 837.101614
313.944969 834.535244
319.034165 842.621003
314.810668 838.358580
321.002079 842.118324
316.078473 838.912280
321.456528 841.843111
321.894520 169.816949
318.858614 167.989641
313.992865 171.190504
326.565631 174.339336
327.478446 169.197416
319.011889 171.878035
321.418693 167.391080
317.514213 174.147027
321.847651 845.499842
324.564504 846.741070
321.054626 846.723194
319.798123 843.733499
320.511040 847.214448
324.727392 845.370530
324.487037 845.074340
330.292214 849.082379
338.220568 167.868624
329.188310 172.689308
333.344760 162.207437
329.590735 168.359433
329.932172 170.372962
331.599929 167.768860
330.031915 173.061766
327.270690 171.136903
327.962658 853.934158
331.981215 854.119905
329.537041 854.176359
337.442539 848.857114
333.830796 859.897052
334.646981 849.939500
338.895567 851.917331
326.381935 855.984265
334.574652 866.653987
339.537189 865.997691
335.614493 866.239960
331.511816 862.209752
338.747243 862.160334
340.050000 861.802950
335.248213 859.876283
339.612769 864.032298
341.373105 168.078598
345.269664 163.851507
342.444838 169.437267
338.935980 169.742735
343.545159 167.433785
346.248418 168.819173
341.649266 168.874901
339.821157 167.949898
342.269523 871.708608
339.968156 873.477722
345.872710 865.448124
346.302909 873.323930
347.392118 866.038200
346.049216 870.521157
343.814766 872.888443
344.599602 870.473687
351.831402 167.825674
346.891412 169.378616
350.494912 171.343163
350.676134 169.085497
346.628312 169.748293
353.390824 173.809306
346.424037 164.893770
355.930424 166.638857
350.380626 875.240570
355.136748 876.119343
350.483433 879.073582
346.448145 882.568897
349.891142 878.889287
347.934142 876.298079
348.076838 885.683845
352.413475 882.061419
359.650118 884.843216
357.953197 889.896017
363.775088 884.995989
360.060443 891.324739
358.207580 888.371461
364.218322 881.892925
360.841734 892.020870
356.170302 885.155283
362.528375 171.308849
357.071338 171.570949
364.015682 170.372588
356.323848 170.100916
364.580777 164.145849
359.124588 168.591389
367.151031 172.022964
362.721243 170.568927
368.665103 891.579311
358.836761 888.868704
364.647342 888.845134
362.565114 891.764359
360.934288 895.249810
364.940311 893.416787
366.751162 892.924455
360.025153 895.969241
377.379107 169.350122
370.741726 167.829057
369.062863 170.413423
367.245565 168.408461
371.180467 165.455349
365.807960 172.137958
370.740331 169.598409
374.294381 171.052688
369.526981 906.276965
373.065403 900.003066
375.841427 902.548353
372.192116 894.803984
370.489196 904.474854
373.732971 901.546706
373.394829 898.096234
374.574665 901.437370
385.143441 908.204303
383.394841 908.559575
379.105484 906.613179
379.378058 906.325299
374.401768 911.742203
381.837875 910.175257
380.977973 905.988321
380.745443 906.770879
381.069761 168.731343
381.665850 170.909315
383.837180 172.729862
386.788494 171.423691
380.927571 165.551013
376.928094 175.267581
385.863838 164.941646
383.173071 168.376766
384.329805 909.602638
394.415506 913.973189
382.705422 911.344019
388.002308 914.997107
391.136629 921.641199
388.662943 917.643470
386.312607 921.529922
392.453390 914.110398
391.707307 168.932987
388.698861 171.118852
391.409535 168.899391
387.516616 167.884349
385.930742 176.834651
390.180186 171.896250
391.314265 173.273445
391.245392 175.444028
394.563743 922.463527
395.652178 918.137730
393.962129 922.067809
395.691160 925.866180
392.371901 922.448946
395.508121 926.922426
392.966081 922.368432
397.774143 919.915448
398.135689 937.408202
398.956660 936.808031
399.778078 929.616112
400.641985 933.867431
401.924500 937.869067
398.287112 932.679806
400.122682 931.707438
400.445323 931.622525
397.875396 175.950929
397.652850 172.309448
401.059137 174.554797
404.353127 172.662732
400.424885 175.752444
400.067679 170.609211
403.976207 175.249690
400.207480 174.841358
408.022840 937.569092
406.043317 941.163961
408.583331 938.617283
404.132948 939.371035
408.642242 938.687409
411.228549 938.099648
403.148220 940.610856
411.768587 943.231868
408.620561 178.770207
411.216435 177.522355
413.574120 177.467550
404.810723 181.279427
405.329801 177.178793
408.940552 184.091032
407.945777 181.526555
409.180977 179.363314
415.138704 946.077218
413.740282 946.497481
413.939588 945.023319
411.877805 942.297433
417.078943 942.407343
416.328328 947.924954
419.074315 948.726683
411.705854 948.403852
419.053042 188.363314
418.760341 181.877775
419.271732 182.287787
419.857066 175.360377
412.980260 177.246944
416.440163 180.304401
418.387562 183.368189
420.912196 180.090828
424.937987 943.083381
419.333710 952.474752
424.628996 942.997416
422.684258 954.296957
418.810438 945.615125
426.911860 945.491497
421.201910 946.009748
424.180779 949.873138
420.955465 195.139901
422.791107 188.776298
425.092821 188.881262
426.943360 187.749993
428.608446 195.364448
425.282426 190.312920
425.913659 192.648359
424.721391 188.908115
434.850247 948.159608
434.179723 957.727101
432.294021 956.228854
433.273192 954.149634
432.307201 958.775795
433.340699 955.472415
432.715557 954.950735
429.685406 952.814844
435.637199 189.770620
429.085735 192.625801
439.652291 184.592817
435.200714 189.340333
433.399411 190.454837
436.527797 189.735721
432.239163 189.402112
435.389122 187.421280
440.641095 961.760581
438.694123 961.175088
439.891196 962.570775
443.813327 963.432609
439.054885 960.433001
444.350688 962.025282
440.869050 956.306284
445.006800 959.400221
444.865027 192.407164
448.101511 190.616549
444.197329 193.861235
443.024426 191.880592
440.582253 194.048387
444.058888 193.502888
444.103938 194.284429
444.072022 197.164221
448.625671 972.769693
441.621107 967.015802
446.566461 969.403992
452.376836 968.472114
444.492924 971.820494
450.094574 972.860928
452.866132 967.017680
444.317491 974.309657
447.397992 199.387393
454.459543 194.326484
451.261301 206.708399
445.000372 202.498373
446.609909 199.440238
445.398877 198.362634
452.692538 200.426389
458.506722 199.903794
459.578953 981.004522
455.390161 973.193271
459.103073 977.020984
458.255323 973.653796
453.527291 970.594165
455.870956 967.610367
454.232237 974.596164
451.915298 973.765717
459.093863 208.154426
459.812317 209.392660
460.280382 206.109280
461.683946 202.760785
457.399761 210.418254
460.395053 207.168280
464.401096 208.860935
465.485951 207.167180
463.132891 979.253211
465.774308 974.115388
471.898157 979.453574
464.488740 983.841575
466.571094 975.441091
470.407335 981.725632
469.028953 979.020902
467.988549 979.254457
467.138536 214.846713
466.723455 215.989451
462.107702 214.409388
473.428160 212.727059
469.577490 220.651397
467.478097 214.278365
461.931172 219.147301
467.812693 215.941023
472.717852 220.293137
475.332835 218.627938
471.683606 230.641908
469.542161 226.648196
473.035115 222.103507
466.938331 229.406874
472.528627 222.753265
472.710212 229.775273
476.248058 988.735976
470.863449 989.136555
477.860792 981.883357
472.106642 983.578304
473.106777 987.220150
470.094085 989.490594
472.408117 987.389530
471.840143 983.380452
481.435470 235.899437
476.931271 233.703620
479.002712 231.950194
479.511686 229.097815
479.204374 232.065241
485.662918 233.009032
481.005989 235.012387
477.572376 228.912557
479.339434 998.826977
481.726702 992.248147
474.046025 991.999286
472.429475 996.185830
479.137385 995.157908
479.136976 996.806366
473.840516 997.846323
481.656531 1000.531587
486.370252 240.966642
484.508996 242.751090
485.549703 241.145426
487.474695 238.876289
484.369231 233.435256
486.463890 232.801466
484.523892 240.118491
487.843973 241.818163
482.509113 1009.965497
484.243704 1003.631965
485.091017 1003.126815
484.256329 998.656608
482.583450 1009.158591
479.984559 1000.300469
487.057688 1007.995618
483.259975 1002.631571
480.959999 248.495859
489.910496 251.155740
488.188912 248.660980
487.441026 244.676687
481.834882 250.949931
489.380809 249.317931
492.055232 246.514516
493.283449 253.924270
494.337773 1008.442589
493.467820 1007.102796
493.019927 1012.304609
486.899565 1010.086113
488.131651 1007.249238
494.155994 1009.661999
493.825961 1010.651341
496.915527 1006.454787
500.756120 255.307683
491.220597 259.317610
498.330516 258.043393
492.938618 261.949403
494.933711 256.729916
491.946692 259.351945
499.268557 252.252715
499.111630 258.862552
490.642740 269.355924
493.373889 266.580345
490.497481 267.975962
493.481348 265.151945
494.433677 269.119397
495.152523 266.542032
495.016410 267.054144
492.522091 261.079768
493.909603 273.619611
499.917759 274.919200
497.977691 273.035429
500.081579 276.075046
500.359325 276.845582
500.065468 275.897451
500.278496 273.315238
499.410786 276.143667
501.923200 1014.195223
505.003633 1011.934622
503.595136 1009.086944
499.610553 1016.406237
502.159180 1015.279895
502.314241 1018.190470
505.837495 1012.066976
499.846616 1017.060979
508.977412 289.189756
499.625399 286.475968
506.353495 286.172467
498.917090 286.291289
509.295623 288.219741
503.540312 286.375647
499.854551 286.680126
506.053535 290.046347
504.213188 297.926767
501.434967 302.347973
504.152441 294.868503
504.759567 289.333683
501.588673 292.392835
504.113018 296.115971
506.744537 300.270473
505.383694 298.552986
506.627840 305.004114
508.914110 304.860779
511.665563 304.050864
499.257125 308.504873
501.751667 309.986279
509.187413 305.662429
505.577985 304.809980
504.994754 305.963775
510.806908 309.947908
512.984163 320.358739
509.761131 314.751897
509.268750 314.232425
504.414634 313.352514
508.240864 311.563777
517.055509 314.859019
514.507376 315.951981
512.539351 325.911855
508.333002 329.828627
506.466295 326.649558
509.580058 323.634023
511.876698 321.920447
507.427854 325.343783
508.815824 324.971577
510.421171 327.125611
514.063763 335.765140
507.783381 335.377066
512.276104 329.515195
513.099076 338.211940
510.147445 338.919394
507.520081 333.285534
509.659957 333.174953
507.452455 337.063150
516.259823 347.374358
511.687321 346.950107
507.073676 344.861655
510.485544 342.722089
503.888825 347.066935
509.320978 343.051425
509.879766 344.628106
510.273972 347.761653
512.183474 1014.820240
509.268934 1013.085706
511.092224 1018.650688
511.808199 1019.470969
512.271723 1018.827710
506.989946 1023.767141
514.409491 1018.398583
517.826552 1022.029020
515.388309 352.925850
512.462953 357.886648
521.962361 353.623504
509.370297 356.184876
515.826847 357.125020
514.180462 354.246060
508.254230 352.732442
514.116319 355.362633
512.799359 362.492196
514.190556 365.010135
512.402759 365.628369
516.360743 367.961127
520.149430 362.981688
514.680290 364.514705
520.925291 361.526667
520.356460 359.708205
511.095866 370.562201
510.606139 378.497180
511.956770 373.593165
517.341081 373.465121
515.690610 372.802544
517.832518 371.266192
514.052401 375.442672
508.483056 372.399320
509.095485 387.745956
515.207884 383.948909
514.483064 384.953410
519.813814 389.564385
516.574370 384.960044
514.931168 385.097648
515.969253 383.074622
514.900698 383.687182
524.230711 388.798313
519.534890 388.840568
523.891473 389.662807
520.720659 387.351394
518.526686 392.428379
520.072096 392.236291
524.998198 395.680141
524.955013 388.703151
520.753263 401.423983
517.971359 401.222898
522.614361 405.704208
518.966982 402.090515
525.303870 399.031777
520.117029 406.351520
525.984389 401.475571
526.954227 401.059208
516.952082 1023.043378
518.109179 1024.915882
519.427458 1023.447785
522.582051 1024.783671
527.141440 1028.180123
522.231391 1024.744713
522.418644 1025.378997
519.219082 1025.171999
524.176475 1157.607820
519.118387 1159.967476
524.388854 1159.932551
524.077620 1154.183082
521.046819 1159.869233
521.452274 1152.787910
520.901116 1152.157566
524.119399 1159.301531
527.615966 417.506102
522.750676 413.213262
522.054827 406.105611
520.771457 407.846907
527.889149 414.379887
524.919417 411.468941
521.949012 408.682761
526.647819 408.714001
529.802137 422.803979
525.494373 423.133873
530.457789 424.394113
530.478689 422.214342
532.337277 427.432040
525.274202 423.818636
530.683843 427.699806
530.840319 423.855893
529.908702 1163.636976
531.022817 1166.584894
531.832127 1165.266872
534.438678 1162.276807
534.701006 1162.379764
527.540041 1166.163144
528.479944 1162.260233
534.470614 1168.323914
535.314827 1024.232751
525.745203 1026.808224
530.404560 1028.113829
530.152738 1026.136825
525.322781 1026.242820
529.354239 1022.308618
534.339528 1024.064136
531.425408 1024.213408
536.841919 1148.180535
531.752121 1156.228823
530.107605 1144.291297
529.374849 1149.078190
531.592379 1147.968838
533.826576 1147.621828
530.120812 1142.185011
525.879016 1149.673762
526.725819 431.820128
539.973762 435.348232
534.959716 432.149159
534.391623 429.226208
533.444129 432.451762
537.459671 437.451899
538.364290 425.217172
530.600522 432.867471
533.073300 443.315675
531.928257 437.126557
545.107498 440.580776
531.896148 441.003484
538.636295 434.520881
538.915859 440.250965
537.771162 440.208456
538.472100 440.370010
542.848049 446.968477
539.679214 447.773082
537.177372 455.907159
540.411078 450.412404
540.139882 449.952579
541.423551 453.007030
536.967126 453.678577
542.502416 451.515879
541.160559 1032.518990
538.609293 1029.803637
546.352599 1033.705975
544.355931 1037.798108
536.655988 1030.856542
536.637240 1033.372500
538.926647 1032.221537
541.981252 1033.172511
540.139375 1143.769292
542.306098 1136.822806
541.633261 1139.909314
533.962113 1144.400864
541.330776 1143.108975
539.707460 1141.477689
541.192187 1140.931776
538.704798 1138.601099
539.821716 1164.752799
534.447934 1166.200838
540.495440 1168.321042
536.340041 1171.524023
538.866842 1166.322493
534.485807 1161.811974
545.253460 1169.086588
539.385206 1166.927177
544.602178 460.374837
548.280954 462.349957
546.800019 458.601512
543.925064 458.750485
544.683772 457.322731
547.270251 452.921396
548.098109 454.530251
547.281250 462.284683
547.730396 1135.389749
553.247304 1129.901986
548.605411 1131.907350
553.516935 1134.252914
541.970703 1136.482869
552.145219 1134.627615
548.282399 1134.874361
551.106891 1128.848211
549.562993 1170.952173
548.067245 1169.859354
544.174345 1168.431921
548.982465 1170.021957
548.519565 1169.812696
542.151680 1170.583842
550.718665 1164.039419
550.636849 1171.017231
549.137573 466.685241
552.665306 472.585771
547.630530 472.407253
544.673750 474.192426
553.967822 471.684645
551.373678 475.743602
546.759090 469.038128
554.012594 473.444700
550.714668 1036.684334
546.087836 1032.073837
550.671137 1034.498299
553.274997 1034.672842
547.257369 1041.205927
555.588294 1039.085357
552.568327 1031.033675
552.179103 1036.116038
560.446018 476.609633
557.972076 473.402144
564.532699 473.809227
558.739031 476.621915
553.284009 474.872925
558.845157 470.886324
558.428228 480.485297
556.010464 482.112075
556.443227 1141.827326
559.026004 1140.238366
553.942121 1142.484090
559.341559 1134.719888
551.459879 1139.565697
554.743615 1142.630810
554.000286 1133.739752
554.854451 1133.986564
557.006009 1038.251170
564.171392 1039.116857
563.952426 1044.081622
564.146040 1044.590836
557.590559 1044.514241
564.497309 1042.122334
561.432300 1043.861116
559.606142 1043.271871
556.861461 1169.410438
563.816664 1168.271596
556.050023 1169.445787
561.307100 1177.125959
554.118850 1170.252803
556.120951 1173.611544
558.940519 1168.876959
555.687958 1172.477102
564.264971 483.830606
557.561327 482.481930
565.602680 483.686382
560.934558 479.640877
560.872052 480.017735
564.953832 482.863432
567.916457 487.071380
563.856103 486.797625
568.882508 1143.070444
568.000887 1139.180999
568.481548 1133.889877
563.265198 1139.407926
567.074683 1139.081572
562.528531 1139.712667
569.697279 1144.638262
568.554559 1143.647748
569.363591 1045.379646
568.131974 1042.797385
563.405922 1041.654649
568.490630 1044.064537
569.794363 1048.251552
567.627241 1050.849979
569.210660 1043.311646
563.610717 1043.639389
567.568708 1166.999473
567.851070 1172.754834
569.134388 1169.416015
570.632085 1171.129212
568.323770 1169.935886
570.590290 1176.577811
571.161362 1170.568423
572.856081 1170.598139
573.143882 493.281405
574.610763 488.312644
564.784616 491.289992
566.174689 486.280149
570.444887 492.962003
574.814989 487.725474
575.100111 491.479036
568.359882 490.387868
574.844027 505.757562
574.093852 502.059956
576.531266 498.186826
577.033544 500.269349
570.200924 502.811554
577.076446 499.593345
580.563825 493.886223
575.807773 506.115835
581.422794 1136.330913
574.178488 1133.242923
582.592898 1137.154525
581.626674 1141.627826
578.488058 1134.104263
579.486065 1133.526040
573.826513 1141.246809
577.989508 1139.006284
581.095316 1047.597960
581.467680 1046.258467
574.323004 1046.990058
576.361672 1047.526287
583.910989 1046.412974
585.574168 1043.847966
582.949454 1043.604623
576.957811 1050.519010
585.355669 1170.188225
577.588090 1174.571564
578.721387 1168.023370
572.737627 1171.410811
582.729095 1169.691475
583.319081 1169.680551
579.154535 1170.300287
580.745675 1171.047739
587.892778 504.442790
585.960782 503.010723
584.399122 503.931404
585.195240 506.707822
586.452972 503.517490
585.647714 502.390701
581.933866 507.319253
589.759437 510.923273
594.766904 1048.156705
589.942964 1052.043001
590.344112 1052.618485
586.711845 1050.136851
591.704685 1045.730065
594.024404 1046.470426
586.520257 1048.889920
586.153667 1052.667609
587.001050 1139.385248
583.895880 1139.483662
588.359707 1136.676908
588.585215 1139.983110
593.223308 1139.591133
588.363243 1138.622718
586.678263 1135.289645
590.654353 1145.275057
592.055649 1170.561386
586.066391 1172.894966
588.702011 1167.727588
592.954554 1175.349026
589.741456 1175.435035
584.521473 1166.771722
584.545214 1165.558602
588.700642 1169.920620
591.324981 518.492817
591.262154 515.570184
591.590908 514.110925
593.033909 514.345635
591.316893 511.023736
591.948668 514.982832
591.654541 512.571569
586.492738 518.301135
603.127501 1059.128239
591.217338 1051.534638
594.451636 1053.340568
593.877684 1054.919667
597.622886 1053.069320
602.250763 1055.169965
596.851836 1055.089761
592.599196 1058.132624
603.405683 1143.103172
594.800467 1133.145324
598.579835 1139.677090
597.951162 1139.179311
598.689025 1138.362886
596.746014 1137.942232
598.403015 1138.843780
597.998409 1140.839337
600.929399 1167.367195
597.640632 1173.944888
598.420243 1170.785895
605.417896 1171.441725
591.621365 1171.182606
599.976571 1174.134652
601.764255 1171.436397
603.452898 1172.450439
600.163330 518.074845
606.358122 521.734320
607.805786 517.474194
605.309705 519.291421
601.905808 518.645860
602.301775 516.686708
600.424636 520.973285
596.607494 518.740412
606.478067 1065.632359
606.280633 1059.517203
605.708154 1064.038786
599.785489 1056.396304
610.066271 1055.184336
605.607094 1060.632441
606.647773 1060.251384
607.712631 1065.696393
601.097097 1140.876312
602.395187 1139.145892
604.780801 1143.297441
607.815059 1138.287479
607.330384 1139.017216
610.786415 1136.019074
610.029709 1131.839956
612.027287 1134.621930
608.784535 527.588844
608.544966 527.691531
611.338125 525.313385
611.392779 532.557941
612.212109 525.564325
609.133933 525.049986
607.836476 528.762598
615.141298 527.768086
609.960842 1169.563550
608.752001 1169.565720
604.314898 1171.677224
613.263855 1165.565525
603.295946 1172.519523
616.031369 1167.862785
609.161847 1166.515432
612.980545 1168.465645
619.356766 1055.163748
615.779095 1059.176272
616.400723 1053.082736
617.776703 1064.775787
618.517318 1061.842246
609.798229 1056.123391
615.564875 1060.293033
614.072616 1064.054941
616.984583 532.763470
615.882472 534.118222
617.283444 538.967818
621.750966 532.308467
619.009402 533.160622
621.645678 529.317541
614.610300 533.603095
617.001203 534.066213
617.211162 1139.750592
616.576360 1134.365850
610.530495 1132.062037
620.974227 1129.819232
619.516089 1136.126206
620.670033 1132.361082
616.578383 1130.846223
617.469575 1137.159758
612.575953 1171.923871
619.767914 1168.924383
618.561424 1175.984954
618.478726 1180.606211
621.096856 1168.277104
616.229468 1175.788456
615.577729 1178.814237
620.480236 1170.653595
623.695161 538.703554
628.402346 539.343870
622.196846 541.051358
623.380097 541.915835
622.109587 538.375641
626.716798 537.029396
618.456101 537.254013
619.541296 536.816068
625.972771 1061.549636
632.012542 1063.466077
618.176250 1062.992824
622.114001 1058.651964
625.002449 1069.442831
629.623904 1065.715453
621.747542 1064.225784
631.137424 1061.767880
619.484747 1128.070554
625.823082 1118.842465
623.191622 1126.688996
624.503827 1128.352878
628.029838 1125.866919
625.023115 1126.053466
620.062841 1120.639688
628.427740 1123.715806
623.721434 1177.110054
629.889938 1171.114936
624.979588 1170.287068
627.783473 1174.688154
631.359847 1175.271419
626.389264 1181.012565
622.512596 1179.374695
627.743957 1170.828454
635.427239 553.243184
632.668766 548.845501
631.920140 548.979111
626.801921 547.759196
635.309830 542.562816
630.863179 549.343247
628.670801 553.622832
632.181776 545.457244
635.753591 1117.412876
632.558566 1117.848864
635.972102 1119.183335
631.116020 1122.669089
635.477234 1117.678748
627.562791 1121.090421
631.308484 1126.017975
631.646307 1120.218978
636.772112 1073.108442
629.579106 1073.167897
628.557389 1074.962910
632.264527 1066.132274
636.731254 1069.744346
637.734191 1065.642525
635.255675 1074.845777
631.859859 1064.036363
632.905955 1106.394080
635.975581 1103.161821
632.444710 1108.925663
636.788119 1109.768377
633.946559 1102.273872
633.464288 1114.805760
631.107068 1112.086022
636.644509 1105.677785
630.826424 1173.195528
637.524990 1180.601961
639.630985 1177.752504
635.438347 1176.346940
636.991526 1175.948504
638.059540 1174.776994
638.712486 1168.582470
637.382105 1182.196057
638.745951 1078.946043
637.500349 1071.937791
645.724477 1081.619167
641.124048 1082.142020
633.877370 1081.775941
637.142682 1077.905878
637.907762 1077.494023
636.925730 1077.172462
640.910511 1090.139322
633.447205 1092.238800
637.958951 1089.601812
642.170743 1088.032724
638.194883 1095.061677
642.981677 1094.208713
638.689029 1086.113117
640.910291 1082.182650
635.337091 1096.021413
637.512046 1098.980325
637.839401 1102.686151
638.553670 1098.627997
636.251714 1102.671346
641.674226 1101.602842
639.744382 1101.100014
643.294430 1100.193850
640.456888 552.116624
642.176880 553.581936
638.879186 551.333893
640.918513 547.517837
641.281448 552.832481
638.939039 558.523437
637.047349 557.597149
645.913111 553.084828
644.955997 1174.674069
650.160189 1171.405794
650.729733 1173.990829
652.638951 1172.626533
644.877167 1171.526231
646.147607 1173.131028
649.018592 1175.437415
647.327308 1176.161062
649.889233 554.746670
649.559628 565.997314
649.307382 561.802548
646.915415 559.406071
644.565498 555.101429
645.866836 565.041173
650.638968 565.325635
653.084012 560.270511
662.862495 563.607520
656.655488 564.201100
663.041923 560.233926
657.836285 565.895204
656.142890 566.111306
657.275652 564.042948
658.254439 558.899679
660.753682 567.140627
657.995793 1174.935179
658.357971 1181.785858
659.203027 1175.355184
657.051490 1168.468880
657.745394 1175.187301
655.297542 1168.092095
657.216754 1176.808158
658.009161 1174.239992
666.836091 575.031330
669.147984 569.141960
663.685439 570.957313
670.719091 572.279496
666.739836 571.728057
667.687477 570.499417
671.506482 575.880928
662.344383 573.808351
666.752407 1180.611093
666.030023 1185.796959
667.085796 1183.475158
673.275801 1180.933590
666.832438 1178.647695
662.508757 1178.193909
663.935837 1176.280162
660.480499 1180.357173
675.522469 1114.882611
671.842871 1110.810238
679.106934 1114.672880
678.332011 1109.086650
671.008670 1116.054550
677.224514 1116.009858
676.348125 1120.641454
674.257461 1111.385243
676.519354 1125.733924
673.134227 1119.706581
681.165230 1123.157619
672.712451 1122.067174
674.812194 1125.263537
672.212968 1130.977038
675.709289 1125.716008
677.996988 1123.442281
676.040264 1131.629554
672.952766 1132.858297
673.044281 1139.519383
668.334682 1135.681036
675.726541 1138.444557
672.683810 1134.921635
668.737407 1137.027546
681.295508 1135.985452
676.769565 1142.639670
679.802005 1144.672034
672.941626 1149.572690
674.190060 1148.134339
680.719589 1146.562193
680.778586 1146.353323
679.776391 1144.602292
675.756073 1142.531199
676.381245 1188.126048
680.107445 1191.520628
667.677612 1186.335369
675.481373 1186.723806
675.836798 1189.068296
676.500271 1192.556444
670.622323 1184.916352
672.051690 1187.436526
677.782521 576.260973
682.182676 574.101570
673.176718 575.548035
671.207228 573.280395
678.736234 574.758322
677.079793 573.857390
674.773649 574.662078
681.990379 571.169499
680.270585 1105.074534
679.584703 1102.894562
677.679706 1107.097943
678.216175 1105.407304
677.815689 1104.724790
682.813065 1105.814050
678.512804 1109.499826
675.388977 1105.038277
680.736755 1155.396677
684.304050 1149.736873
674.970545 1157.575852
676.717623 1152.507850
682.846811 1153.567754
676.785014 1151.687288
679.395672 1153.915091
679.251408 1157.835331
685.049433 1190.331240
683.686459 1189.066780
678.831634 1195.718103
687.938066 1189.622909
684.015255 1192.039104
684.421911 1188.101517
682.296039 1192.526873
684.580027 1187.141694
683.709872 1093.852692
681.393224 1094.013932
687.454535 1091.733225
686.951768 1088.704714
682.740306 1097.428415
686.220083 1095.450534
690.395531 1097.560789
688.124360 1097.338156
687.252240 1166.936735
683.786774 1167.271256
680.670265 1163.924724
682.469237 1165.026250
683.687088 1163.286486
684.282926 1164.413111
686.401933 1164.561239
683.472337 1159.511468
685.785014 578.886729
683.155751 578.738380
686.509171 585.686564
690.167281 581.300280
686.545832 579.391101
689.953540 575.682282
681.086995 578.746601
686.173472 578.299482
693.765381 1078.852463
688.982028 1079.387484
689.682049 1086.580248
690.261146 1081.285968
691.778322 1090.276868
685.760867 1079.829735
690.265027 1082.902453
691.720316 1084.665406
692.773262 1165.950723
691.684455 1170.711775
687.734626 1176.725221
688.956821 1177.012549
694.307736 1174.791269
690.443561 1173.726327
691.633990 1164.976424
690.234488 1171.415220
685.799614 1198.803128
686.070623 1194.986641
686.436902 1198.748274
695.069242 1196.443456
698.303120 1199.097189
696.083520 1200.542546
696.266928 1201.192214
697.975447 1202.816442
695.072784 583.332972
698.778484 587.338937
694.295386 584.608656
691.055451 581.933306
694.354454 580.927021
699.049678 580.461647
698.319804 578.699482
691.167100 583.173238
694.461856 1176.296036
694.869275 1175.173426
695.560496 1181.211335
697.567287 1186.038651
693.987502 1178.404899
692.278194 1185.266952
693.189180 1179.242036
696.715308 1181.646810
698.213341 1081.753045
701.890594 1083.149552
698.413721 1078.734672
704.513200 1075.950040
696.080142 1075.748695
698.819951 1077.985633
701.718513 1082.522357
701.184338 1071.592924
702.970901 1203.071294
698.512004 1204.734835
701.445247 1209.231700
695.163424 1212.212412
698.992465 1206.933342
698.495062 1204.915915
697.444120 1210.535920
696.559340 1212.785753
702.430294 1186.691004
698.065365 1194.553768
699.370214 1186.546201
698.003858 1193.894357
697.846983 1187.966697
699.161292 1191.547437
698.902909 1192.819164
700.319319 1191.248568
709.237101 587.655669
705.653161 587.729620
700.023151 593.795134
697.210214 591.415207
704.044454 588.416487
704.148083 583.875114
704.708112 586.583657
700.062395 591.335080
704.135924 1069.760527
705.153948 1070.443088
705.069272 1069.606889
700.297454 1064.478538
706.502210 1071.359512
703.690221 1068.972872
698.550493 1071.702679
705.396566 1077.253151
709.516851 596.029593
713.252362 586.889524
713.644722 591.273637
709.474332 595.426501
707.588959 590.726647
716.018229 598.032965
715.745020 594.887456
708.056380 589.484879
720.548687 1065.879471
718.999337 1063.086422
711.654913 1063.091137
713.597240 1060.797203
715.291228 1065.899902
720.257453 1061.383477
714.803216 1064.750460
714.686040 1061.587531
718.600109 593.383668
718.769110 589.847919
725.701078 597.641210
723.157233 595.653239
722.609345 601.434096
723.762279 593.615209
725.514615 597.907623
727.899482 598.640590
730.046393 1066.390634
726.817173 1065.340648
730.793453 1062.772457
723.075277 1064.301561
723.477625 1062.255065
728.579822 1065.540880
724.605203 1061.621458
726.476216 1065.380709
732.224874 599.556336
735.592602 597.460004
737.059438 600.341847
729.814087 595.158419
732.680296 593.964587
735.508934 604.006690
736.440015 594.487128
729.523712 594.620368
731.641998 1069.619037
735.931696 1064.655019
733.574809 1063.612307
728.194083 1061.940886
733.090567 1066.727094
732.805795 1064.320730
736.699998 1063.309615
734.163978 1061.488149
742.816793 606.676909
741.929800 604.847391
743.593545 604.926275
743.980993 602.413900
743.732636 606.469956
737.426267 604.856017
741.106593 604.599515
737.690510 599.140138
741.007133 1062.664047
749.748229 1061.293988
743.194765 1061.146566
744.916993 1065.107902
744.205996 1058.843434
742.378452 1062.080521
744.597907 1064.295794
740.315031 1068.451594
745.865735 605.826523
752.422645 607.338120
751.064572 610.135410
751.453332 609.104920
755.497464 608.766903
754.850983 606.221369
754.675163 608.334652
752.088899 607.697692
750.729140 1072.935106
750.992004 1075.605224
754.343991 1069.816129
759.503201 1070.574988
755.582222 1068.441966
753.887631 1074.840452
756.359777 1070.407503
754.376052 1071.608093
763.638334 612.285520
760.977014 613.788842
757.360330 611.994906
760.762478 616.929266
766.385226 609.009216
762.259229 616.187687
758.257746 608.907244
755.052734 613.817531
759.567545 1073.764944
765.123500 1069.733066
758.482284 1066.454410
760.496958 1071.014699
764.971342 1067.007187
764.873089 1068.298592
761.764577 1069.471293
765.509335 1073.244403
772.583428 621.784561
769.514522 615.697961
770.368606 623.230799
766.097782 619.141774
773.072681 621.007945
769.306779 616.332602
768.664187 618.492423
774.471470 623.509496
771.969783 1069.898128
774.034050 1070.169421
774.484849 1072.420383
771.551462 1072.514681
773.818386 1071.772251
771.015368 1076.375990
769.262241 1065.021201
774.429104 1069.371145
781.528709 628.537455
778.774474 622.674902
780.305790 624.670273
779.762704 622.034999
780.382849 622.419711
784.523021 619.518790
777.787640 619.720876
778.737220 627.002439
782.565549 1070.382455
784.300067 1074.935707
781.218657 1068.059029
777.890473 1067.812813
783.822138 1070.998418
781.701158 1066.481657
783.271547 1063.574385
780.860453 1069.563609
786.476610 630.427188
789.048690 623.871834
788.727176 620.853209
791.658756 624.990064
790.041637 621.507118
789.649461 618.943657
794.884186 623.959438
785.460739 628.018709
786.649884 1077.538340
797.837676 1074.556296
796.996449 1075.998704
793.194968 1073.803299
788.470533 1075.669974
791.672808 1070.195190
788.492018 1076.896639
790.073557 1075.323024
799.435297 624.316869
798.912055 629.093236
801.390128 628.229019
800.263528 630.484804
799.997171 630.376716
802.190176 632.376522
799.613335 632.123254
798.909187 628.625966
803.607822 1071.070132
801.576173 1075.726868
800.170194 1067.775225
805.775829 1071.211056
804.289429 1069.002758
801.953533 1069.998402
801.168898 1068.280534
800.131816 1069.602455
806.601042 634.816662
813.874013 631.249962
807.835277 634.435896
804.997255 630.401116
810.970936 632.248675
809.516770 631.912558
804.382188 630.620321
810.730060 635.153577
807.718372 1067.302101
811.550177 1069.496478
806.280411 1070.843066
809.966063 1068.873397
815.813246 1069.268443
810.849774 1066.837082
809.968459 1065.764919
808.738163 1074.606509
817.898339 634.680634
815.069160 635.688550
817.501038 633.865388
821.273128 633.319673
818.663132 635.228493
818.822517 638.049671
821.385506 639.872833
816.452076 636.053602
819.752975 1063.556708
816.193497 1068.075500
818.844492 1065.968986
815.927263 1062.702233
817.095889 1061.743804
825.307240 1059.227755
821.728504 1063.963867
822.158872 1062.947496
821.973057 636.486224
820.744932 638.462318
828.508635 644.543742
822.717346 636.182516
826.323344 641.768716
827.020891 641.012054
826.858887 640.950672
828.334779 642.009181
832.170403 1063.799836
837.506847 1061.083190
831.942195 1066.337932
830.443266 1063.831829
835.676810 1063.487813
832.251656 1064.163124
831.036757 1064.360228
831.530862 1065.651964
839.715791 643.898121
836.199456 646.965995
838.138306 644.120771
834.147266 650.659699
832.041136 646.857697
836.394001 641.097437
830.631552 640.451560
842.832602 647.352592
842.505838 1058.624563
843.702484 1066.347794
841.785709 1059.843468
838.611094 1064.065497
847.448893 1061.858957
841.168682 1062.618398
846.278395 1056.797075
841.867873 1060.209594
842.061951 644.806509
843.354916 652.240907
845.965869 642.618400
846.835031 651.034957
840.782233 644.876349
849.841743 654.930908
844.004037 645.859864
847.566033 646.123688
851.061521 1054.938411
847.779632 1058.338201
845.855416 1059.305625
851.004921 1054.995575
850.586556 1060.213690
850.524712 1058.589683
848.247064 1055.817913
854.532723 1058.552757
851.384760 653.924152
855.363415 654.991074
854.043435 653.236447
859.365252 655.717572
859.646832 653.710208
859.364262 648.420672
856.882821 656.539093
851.604237 654.605959
860.115083 1052.959452
858.482433 1048.183940
860.805615 1047.075436
859.712227 1051.556232
861.558876 1056.148580
856.831983 1050.983855
860.166163 1050.037161
859.283926 1048.346260
860.836195 660.240609
866.862625 660.842487
863.554515 659.637608
862.803449 661.797119
867.118458 659.828078
862.322688 662.635150
862.215696 658.439225
862.021602 661.012253
867.761585 1043.175201
872.746508 1042.996084
871.368348 1044.080132
869.949792 1045.134137
863.206376 1041.890260
870.564621 1044.615279
870.048932 1045.307039
876.188399 1048.071405
871.854988 662.156921
873.704349 661.487949
877.878423 657.131443
869.802820 664.870003
875.355859 658.308837
874.731857 662.674107
872.794780 660.503024
875.200381 661.622772
881.743775 1042.830189
879.204839 1040.109232
886.901877 1040.648409
874.342876 1036.596539
877.859881 1034.529337
880.006013 1040.370190
886.291014 1043.762415
877.469251 1036.923864
883.517650 665.669023
886.774441 663.733635
884.120575 666.383281
878.082190 662.121817
885.138066 665.840681
884.403403 671.180352
883.996305 666.136530
879.541994 670.782058
883.627370 1029.125251
890.305373 1034.759798
893.782155 1027.042080
891.969377 1030.295396
884.128525 1032.179415
891.657380 1032.518007
893.091215 1029.680327
889.844858 1029.605265
891.942497 662.778268
887.857469 664.862726
895.771504 666.589939
893.556728 670.201588
893.007307 669.905907
896.216233 665.273657
895.193084 673.827006
892.524917 670.954586
899.979838 1024.632601
897.079330 1020.216456
900.094979 1025.102339
900.341348 1024.455528
897.986542 1024.470273
898.979239 1020.086239
902.924193 1025.904557
899.972566 1025.035023
903.529122 681.099614
906.892344 676.221348
902.968152 674.015517
903.339095 677.788719
906.767630 668.785775
903.510841 667.632999
899.959002 675.309701
904.806648 673.169424
915.397197 1026.320064
911.586787 1025.219516
904.447229 1022.335320
915.355487 1020.791573
912.787291 1024.608953
909.595341 1029.666861
908.387420 1023.098251
908.885929 1024.854146
905.127033 680.842388
913.088544 677.993562
916.867412 680.529564
914.237817 681.145946
911.187576 672.006669
911.389374 678.966753
908.082388 680.024120
917.147547 679.240601
914.499343 1022.317381
922.350421 1013.371418
918.240555 1015.929760
918.323399 1021.362505
918.946557 1017.975110
922.047254 1016.316667
917.410776 1019.663445
918.162473 1023.861150
918.675322 689.501921
919.372628 679.211254
923.938736 683.885459
921.141705 681.376902
921.070792 683.827676
922.026496 679.443610
921.443038 683.327528
922.046427 681.415380
923.582852 1007.409013
925.527034 1011.921765
921.536324 1010.681613
929.773998 1013.967828
921.504926 1011.910056
926.383096 1007.236851
924.425116 1014.855650
929.821624 1009.359142
930.194439 689.122561
935.256876 689.031677
928.087989 682.210174
930.679094 688.029782
928.660952 689.032070
933.680856 693.737909
926.642812 691.936204
926.822732 694.877829
941.169658 1010.637248
929.786495 1007.453225
939.171117 1011.791648
937.844411 1012.920460
937.124431 1014.117971
935.003000 1010.004135
936.389561 1008.044044
934.747217 1010.634265
942.741283 691.964319
942.420873 696.064647
941.221561 692.621076
937.957292 696.832183
939.557135 698.265016
944.775598 697.763545
937.925737 693.189899
937.261281 696.368917
943.861304 1007.258045
945.768545 1003.407541
942.464804 999.535604
941.591784 1007.098188
942.999557 1002.970069
943.195779 1001.978656
937.813060 1001.248835
943.638586 1002.701210
951.741548 699.688265
951.283760 692.944570
943.655843 700.491911
951.024503 702.001833
949.372635 696.626725
943.863290 693.054174
955.393617 700.384516
948.116892 695.886972
954.984654 1003.816559
951.753483 1000.366343
949.781269 1002.861033
952.760545 999.846295
957.488284 994.577825
958.284685 998.127690
952.192115 996.794215
954.642450 999.387023
955.836728 692.873806
958.684545 697.669283
958.839742 696.981083
959.368727 698.788367
956.345449 699.488515
953.892684 703.399599
961.029412 705.080839
958.413360 702.632565
962.246752 992.898192
963.318941 993.091862
959.943029 991.065965
960.140395 993.617621
961.755999 994.112574
963.416923 993.333720
963.078181 992.916100
966.927172 995.635737
966.065882 703.526229
968.458346 702.458276
960.888630 703.300923
970.017600 702.718891
965.644096 698.474063
965.610616 704.781872
966.843128 708.511664
969.228863 706.214519
966.874511 987.061640
973.999632 987.221887
970.445762 991.321013
967.960866 991.323208
970.197191 992.753961
973.176868 987.289249
977.134161 988.526330
977.843616 984.264137
981.446325 704.893923
975.974371 703.785585
971.799110 706.692904
979.896634 702.520175
975.884762 699.978324
973.396626 699.807902
979.243259 701.875816
984.775393 708.061095
980.373419 976.689350
982.303925 982.102805
987.356664 988.671113
987.977383 986.831041
982.416941 990.316546
981.226864 982.933153
982.401547 984.312635
985.847306 983.190968
986.047167 708.914879
987.921958 709.543963
986.114457 710.613146
990.679647 709.983028
988.277244 708.711517
985.976265 707.991417
985.450261 716.668112
985.958538 709.888261
988.507255 974.932186
986.906486 968.659635
988.406567 972.809107
991.299494 975.807266
984.078277 976.296636
987.387940 976.327219
991.201306 976.247126
995.166907 974.058246
999.911828 718.720477
997.039487 712.161622
1000.962286 709.840144
997.239315 708.263381
996.433744 712.367918
997.736272 715.991624
997.691305 709.563400
996.927098 713.875608
995.779512 967.764613
998.411360 969.856409
998.350919 969.105401
1000.260523 974.017438
998.378583 969.986335
1005.869289 968.038191
1006.225719 970.284658
999.377148 970.403349
1004.396576 720.908493
1007.623343 717.528677
1004.219819 719.269118
1008.022551 722.766331
1006.810115 718.245646
1005.634162 718.685077
1004.417273 719.269413
1005.345918 718.609571
1012.908093 959.693931
1013.503455 963.973999
1006.518134 967.378234
1004.911216 960.867807
1007.999235 970.317283
1012.837017 959.508811
1010.352236 959.178767
1006.608880 963.503218
1021.834884 721.556138
1016.412839 725.410136
1015.052919 722.483574
1014.902221 723.862335
1011.738709 727.557030
1015.298228 723.933629
1012.656928 717.260378
1018.449461 718.317884
1018.432418 966.286441
1021.341818 959.319521
1019.524130 960.406901
1020.479213 962.712397
1019.609978 971.907114
1014.268275 961.645492
1017.994036 961.584642
1017.505609 966.392931
1032.358049 727.237132
1030.943159 729.577852
1027.266343 731.535731
1026.657094 731.736270
1031.703303 724.345623
1019.286445 726.479506
1019.673081 731.479884
1028.265650 724.810795
1033.768001 957.271790
1026.771907 959.060056
1026.665351 958.441643
1026.993484 959.997769
1027.564515 959.664740
1025.291350 959.050199
1031.842934 958.089551
1031.698726 964.691441
1036.218554 729.828323
1036.575974 732.863575
1035.830359 728.367587
1032.332053 731.387799
1033.988712 730.690177
1030.975893 731.800281
1032.361397 732.909361
1031.832638 727.701976
1033.300214 960.591094
1034.400208 962.101285
1034.509853 958.710940
1042.636080 961.324780
1036.764205 959.932968
1042.771952 960.628988
1033.929681 957.411229
1037.030280 955.730545
1037.568658 733.701958
1043.923313 739.376829
1043.270783 735.241902
1044.136372 736.049980
1043.710626 735.800049
1046.538249 739.455701
1039.548144 732.600448
1051.027956 733.425718
1047.652467 959.271366
1051.127523 953.894292
1049.799548 960.329086
1046.455210 960.073832
1048.891903 961.714679
1047.513813 960.461798
1052.547762 955.014425
1047.983183 957.882513
1055.342615 738.086181
1048.783397 735.920082
1053.945111 738.213034
1048.159688 739.355303
1053.063062 739.033474
1057.657216 740.955180
1052.705551 736.818869
1055.647262 741.767879
1052.221867 964.418140
1059.196356 959.990425
1054.893141 962.796930
1061.175169 958.303068
1055.825845 955.144006
1059.234801 965.452135
1056.613392 958.434237
1053.866238 961.535618
1066.485001 734.662748
1064.072393 738.775136
1058.274322 740.062745
1064.775082 739.471350
1066.474460 737.161115
1062.151274 733.703507
1068.748071 740.333044
1069.335681 736.589495
1064.487598 955.186124
1060.108139 957.293096
1064.792473 962.810125
1064.600816 961.846836
1069.828334 958.535644
1072.085422 960.400689
1066.459527 954.023942
1067.053538 960.259037
1073.559805 747.051249
1068.754206 737.092370
1070.221235 746.267110
1077.808937 736.697545
1074.742116 738.520530
1073.812416 745.125772
1069.998673 746.816377
1072.283715 742.157628
1077.241641 955.550647
1081.413021 959.462564
1071.935932 963.238486
1077.233022 959.503916
1080.077571 957.593600
1076.982595 957.568922
1074.140063 956.171405
1077.341837 959.704837
1083.910614 737.076300
1081.756950 739.961414
1083.195421 742.992906
1079.217637 739.178617
1088.087901 741.549472
1086.762296 743.430760
1083.373965 751.212428
1085.944644 745.913154
1090.031907 958.421759
1089.154959 949.018730
1089.532831 950.832800
1085.816201 957.835907
1087.932584 956.679016
1085.162777 949.992014
1088.893727 955.523893
1089.394227 952.564356
1091.314741 748.885649
1097.836009 746.503155
1092.931861 746.530052
1097.403278 747.408776
1089.840648 749.546975
1092.956976 748.841017
1090.908148 746.240319
1096.245171 744.298435
1097.957096 956.482921
1097.415694 952.888146
1101.596690 959.939254
1102.488775 955.318432
1099.429833 953.768167
1094.773082 954.644774
1094.263912 953.278610
1103.304082 958.031182
1106.562005 749.651962
1098.960336 746.856057
1106.239536 749.874295
1104.358877 747.147112
1105.950016 749.068254
1104.150460 744.419376
1097.105006 747.902642
1096.026487 749.273394
1104.547813 957.232684
1110.361975 955.100256
1111.871670 953.897424
1110.442765 951.793193
1104.446521 950.400560
1106.767027 954.608349
1110.437297 949.545485
1108.036845 953.272335
1117.415958 751.319301
1115.292792 757.431097
1117.405150 756.056224
1114.428883 747.501393
1109.951644 749.316936
1118.219963 752.058152
1112.470825 752.496964
1112.010616 754.382623
1115.616735 962.933323
1123.252864 960.217157
1116.521439 957.096769
1114.050551 964.762168
1112.888449 959.408555
1114.615048 959.585040
1122.884083 962.413127
1114.806814 965.043085
1119.528006 752.586098
1122.156657 747.993299
1121.630280 753.759001
1122.151232 749.001283
1123.419375 756.526633
1122.063398 750.247901
1124.633611 755.684142
1122.952168 755.219212
1123.965415 958.347173
1121.980087 955.709595
1128.783668 962.194231
1125.399824 962.388620
1125.581194 955.893208
1125.777111 965.761028
1128.036241 959.566413
1125.195612 961.885624
1137.402171 750.023613
1126.548587 755.208182
1132.269751 754.302686
1129.222699 755.940859
1132.008015 754.020996
1132.023675 753.946554
1131.635786 755.450046
1132.931067 757.144331
1131.575340 961.701097
1141.381819 968.133657
1139.400168 960.168468
1134.566240 970.266472
1140.161463 960.932670
1133.524066 965.901882
1140.124896 964.180568
1130.458226 960.179431
1145.000150 757.330872
1141.820836 753.120423
1144.029262 759.745536
1142.797027 753.391478
1145.341994 756.126226
1136.004134 755.801813
1141.563349 756.187534
1148.236231 751.279853
1142.743465 969.288659
1143.506433 966.124616
1144.486628 967.375004
1143.298356 964.416620
1145.574569 965.062942
1145.782385 970.840849
1144.169693 964.118955
1144.366106 963.677759
1147.826870 758.507420
1152.405803 747.105397
1154.642090 752.896478
1155.724988 753.627832
1152.219769 752.157116
1150.420270 759.604944
1158.718084 750.991265
1149.434965 755.775013
1152.456676 968.682311
1150.742356 968.952477
1159.323012 975.740143
1157.297579 974.309793
1154.032955 972.034773
1154.139341 971.053015
1153.194061 969.246147
1153.252152 978.761672
1162.567094 750.884771
1155.228061 751.834315
1163.112277 760.416769
1163.201181 753.748374
1165.812353 752.295694
1161.992876 754.020676
1166.461175 757.891422
1163.057779 753.521093
1164.152183 979.400074
1162.571350 967.839791
1168.680902 978.619481
1170.124790 978.442438
1168.787751 973.922013
1160.555772 980.289449
1167.124611 974.255139
1165.137062 980.698192
1170.684313 751.848304
1169.527766 752.423816
1170.550356 755.442099
1171.770321 750.477419
1172.163408 753.855463
1174.582610 751.398099
1167.499546 754.210079
1173.453660 751.396945
1171.183702 972.532225
1176.347899 974.902692
1174.396779 972.637812
1178.760382 971.083840
1174.722397 974.185548
1172.011461 979.415006
1174.777184 979.522994
1173.389994 976.112682
1182.087210 756.617269
1182.368163 758.828063
1185.225575 757.512090
1181.864478 753.731025
1178.114734 759.385995
1180.797872 759.852103
1180.265496 758.034973
1184.072272 757.988575
1179.844450 976.297763
1177.142283 984.491702
1188.968108 976.549360
1184.129956 979.728917
1180.329642 981.595650
1180.290489 980.187351
1182.643567 979.760709
1184.474267 981.817220
1189.727144 759.598671
1186.683132 760.351366
1191.328885 759.248021
1191.062245 759.157301
1192.440439 753.639815
1188.152803 757.080339
1191.128148 758.986993
1197.166762 760.428569
1187.548373 982.063587
1192.291659 984.982576
1184.953425 983.831415
1194.367978 986.379107
1187.651107 984.424830
1195.565067 984.274937
1193.070749 979.746806
1187.086850 984.965214
1202.094842 771.111649
1199.697283 765.940134
1195.521472 763.213195
1200.515779 758.337823
1199.893611 763.904523
1204.597842 768.415659
1198.196916 763.068466
1200.443832 764.473925
1202.009288 990.062614
1206.410255 994.969509
1199.617029 987.429918
1206.383959 985.558958
1204.234038 990.306062
1200.474447 986.973415
1200.626278 987.159959
1199.235598 989.429914
1210.242559 763.913638
1212.282485 756.864029
1209.332881 765.719069
1209.821631 761.135055
1211.143736 764.578408
1211.027493 765.028847
1204.505769 758.964421
1211.331110 765.490305
1209.367020 989.426682
1215.169477 990.481426
1209.214324 990.921122
1213.439249 986.826565
1215.745010 987.022086
1213.177126 986.574530
1211.236684 989.819507
1212.122738 986.008068
1223.285657 762.951853
1217.265362 767.893342
1225.769017 761.029536
1221.211810 766.937728
1218.407117 769.066675
1216.433571 757.732952
1227.137466 763.653957
1218.101522 760.846834
1216.871370 998.337757
1223.534578 993.468372
1226.390994 998.155136
1219.457773 992.072327
1221.000550 995.128114
1222.575399 994.848450
1225.308776 998.836027
1223.452575 992.491856
1224.314830 764.497534
1228.915012 764.734415
1228.289904 763.965025
1229.981354 772.146976
1232.220964 766.471857
1228.484316 764.160780
1235.708657 769.329554
1229.885542 767.074305
1229.017801 994.743399
1224.765222 998.066082
1237.318848 992.067219
1236.373120 995.336409
1231.419537 1001.389916
1233.355616 987.927968
1224.883378 997.213906
1223.637952 994.135947
1238.529673 761.406938
1241.047574 762.405797
1234.573014 762.910724
1236.867086 764.600612
1240.393712 764.293169
1243.205262 767.061691
1246.492134 761.095582
1244.469740 763.647498
1246.794190 999.746695
1244.380225 1005.949513
1239.185263 997.250363
1238.716355 998.378742
1238.446491 1003.878988
1238.210722 996.528849
1237.434566 1003.692598
1234.954943 998.586302
1248.732180 758.124714
1247.788714 759.213233
1248.765593 762.699596
1249.416232 767.920172
1248.302964 767.531252
1246.386717 761.545224
1249.589858 763.204698
1248.825161 764.488489
1245.709360 1003.558277
1248.186341 995.483592
1250.004999 1003.212449
1253.230881 1002.838198
1249.290013 1001.414631
1248.141159 1005.615746
1249.182296 999.988262
1247.912340 1001.203509
1266.578123 762.523410
1264.220333 763.391746
1262.940183 766.184138
1258.345047 763.283149
1258.155043 763.992639
1256.800279 768.088438
1258.862157 770.079989
1258.952066 764.739880
1259.346767 1011.364374
1252.790490 1006.968741
1259.820289 1004.838579
1263.225613 1004.638428
1256.472661 1007.431727
1260.387652 1008.010255
1259.670136 1000.883733
1260.972069 1011.902725
1271.873393 1013.979492
1266.831480 1004.693748
1267.968240 1007.786547
1270.175800 1010.735487
1271.333057 1002.876070
1268.976497 1010.344290
1269.972338 1008.884647
1268.553289 1009.664666
1275.682881 762.366530
1265.850688 768.480015
1268.732461 765.288517
1271.936330 766.709411
1269.860499 767.246116
1267.344692 762.003569
1270.450458 764.837595
1269.807561 756.823590
1278.598906 1009.527218
1278.834043 1007.860405
1278.334727 1009.119883
1278.228950 1003.370021
1279.326149 1006.606595
1280.179179 1015.751263
1285.562287 1013.006442
1272.948209 1008.158997
1279.379838 763.344229
1277.908161 769.107363
1279.339369 762.386344
1287.167647 762.848441
1281.591700 759.146752
1281.571044 761.357895
1276.759273 759.333435
1280.397878 762.602512
1290.828287 1014.996710
1288.070231 1014.312382
1292.847578 1018.432060
1288.504505 1022.481943
1281.753009 1012.686948
1291.864616 1019.017620
1293.992528 1013.132450
1283.895874 1015.568779
1290.696757 765.046148
1286.291419 760.711160
1296.793618 767.115757
1288.239425 764.074320
1294.266692 764.621631
1292.537926 766.080922
1293.052518 763.020154
1293.439346 762.977350
1299.065374 1014.354652
1295.475797 1019.070554
1294.858669 1015.925979
1296.757366 1019.941618
1301.171455 1016.464849
1292.590472 1024.862867
1297.086330 1019.947661
1293.096277 1023.713850
1300.819025 766.952658
1296.351673 768.000390
1297.271702 762.784831
1300.598582 763.854821
1302.026300 757.845038
1302.169131 763.837193
1301.096943 762.359825
1296.896203 768.041414
1301.104290 1024.203686
1306.963650 1020.534063
1305.086253 1021.829337
1304.668746 1019.759797
1308.053179 1020.940305
1309.326879 1023.817774
1305.994518 1019.888559
1299.571557 1019.592475
1311.969809 766.067314
1317.180893 762.577834
1306.390930 764.181217
1313.115836 761.022182
1309.745067 771.024491
1310.298220 763.874346
1313.361467 766.004851
1304.075881 765.409652
1317.025534 1020.032151
1316.520360 1019.692455
1323.167189 1017.626298
1312.881713 1022.944479
1310.018084 1020.691350
1315.275445 1021.904851
1317.099154 1018.986676
1311.841789 1015.521787
1313.224203 760.937282
1316.773979 766.828169
1320.226309 763.543614
1316.508033 767.130401
1315.945129 766.972548
1319.834819 764.037445
1324.056356 767.123047
1318.525579 763.908538
1328.054153 1031.604881
1324.933434 1023.665156
1322.312700 1028.584485
1325.131235 1027.654943
1326.436562 1026.179200
1321.762995 1023.997453
1333.247728 1026.869616
1322.470719 1027.683077
1330.506803 767.988068
1335.585142 765.096147
1334.073684 768.846388
1329.620157 766.365223
1331.753977 765.939409
1332.285054 773.840082
1335.364699 767.792283
1330.242842 768.027441
1339.373984 1020.241000
1333.945986 1023.148160
1341.295669 1025.446395
1341.263418 1021.287274
1334.734941 1022.541271
1334.594474 1021.860552
1336.614554 1020.852045
1340.515170 1026.156107
1342.633496 765.866700
1340.607121 771.703992
1336.066683 763.357853
1344.497069 767.355044
1340.503658 765.074555
1341.866939 768.587781
1339.234426 771.086434
1342.709685 763.650051
1345.120070 1022.601038
1342.881907 1020.248315
1344.358910 1023.373497
1348.793313 1018.042218
1341.595778 1021.208664
1348.603903 1024.836498
1350.123409 1021.124311
1341.967147 1029.542810
1348.972430 765.835119
1350.293280 764.121476
1350.433045 773.283977
1352.172604 771.050616
1350.909444 774.776964
1349.827708 767.648139
1351.070387 766.864716
1356.888776 768.438707
1358.261212 1026.673795
1354.005000 1020.623557
1356.495949 1024.634874
1350.975872 1025.841244
1355.700420 1024.502051
1355.588625 1024.854406
1352.169746 1027.845741
1354.958511 1024.614982
1358.603085 774.721413
1360.113617 768.222124
1360.579548 768.214857
1355.429459 767.836718
1359.275867 768.939470
1364.132249 763.952020
1360.326271 765.512587
1361.461823 772.849710
1372.876470 1025.601686
1363.858927 1025.484571
1361.773480 1023.558731
1363.852647 1027.886305
1363.441785 1020.787706
1370.490609 1027.624996
1362.921709 1023.043052
1362.425834 1028.193517
1367.029500 775.107940
1365.244726 769.717787
1365.562881 772.498077
1376.113027 767.373024
1368.607754 767.507091
1376.682753 768.005325
1371.610289 771.698832
1365.738931 770.681109
1377.237220 1027.162036
1376.357970 1025.698953
1374.864534 1027.985712
1374.347511 1022.295544
1374.962763 1025.856860
1376.676028 1024.147639
1382.435514 1022.689153
1374.587386 1032.178636
1376.898096 767.787988
1379.600943 773.435039
1380.220613 774.627745
1378.596603 774.037255
1375.972821 774.542270
1379.945373 774.279279
1378.867738 775.231950
1382.718971 774.862408
1383.919688 805.785891
1384.845720 801.244098
1382.605638 801.772182
1385.233048 804.671897
1388.709147 809.819536
1388.822867 807.511356
1384.574456 804.908376
1389.618140 803.338756
1385.188352 1023.231995
1385.278501 1014.314948
1386.015617 1025.596319
1378.105295 1018.579375
1382.250779 1013.755227
1383.904460 1022.198087
1385.578984 1019.513811
1380.840229 1025.044876
1380.875879 780.256225
1385.586737 782.549371
1387.681677 780.306081
1390.208750 783.343139
1386.522775 776.020273
1390.526127 776.378134
1383.322066 777.608473
1388.950153 779.388282
1394.698241 793.637663
1388.447854 785.195742
1394.102727 790.122353
1387.555703 788.131181
1396.606693 789.175349
1389.294812 792.084349
1389.311850 795.972103
1387.996876 791.568404
1391.218471 807.789850
1394.775583 808.830191
1395.028188 809.976346
1394.984812 808.980134
1390.318044 814.258468
1397.033324 814.072784
1393.066173 810.010504
1394.670901 812.321585
1396.635548 860.936693
1397.586238 862.101172
1393.466434 867.533309
1390.987768 864.433539
1392.961411 865.233978
1395.136015 864.653139
1400.255363 866.628584
1394.358663 864.131939
1398.103788 1010.389858
1397.484573 1013.663330
1395.172448 1016.519898
1393.915758 1021.993700
1390.630897 1012.713169
1395.480432 1013.908900
1396.041469 1015.910776
1397.618427 1014.633749
1410.920720 811.579834
1401.493050 813.648606
1400.317258 817.478519
1406.936979 813.090416
1406.531684 810.015941
1404.193995 814.178626
1407.073229 820.670429
1403.354192 812.732322
1403.139496 860.260010
1408.227808 854.972310
1408.189216 856.357344
1398.270539 862.096568
1403.803481 862.167909
1410.333120 860.265643
1400.118662 857.680545
1408.909006 857.872252
1404.508326 1014.235801
1404.874300 1017.515198
1402.078932 1012.139671
1405.686468 1015.595905
1404.630833 1015.599081
1405.719704 1013.303921
1409.303352 1012.070281
1404.893707 1015.170300
1403.969785 868.985611
1408.423198 869.625536
1408.896050 864.086180
1407.816182 869.800220
1405.176758 873.416538
1405.633125 870.396649
1408.029981 870.010346
1404.793728 870.844182
1412.282840 816.774552
1410.322856 815.010471
1412.691365 819.474247
1414.000859 825.457096
1416.205321 819.858087
1413.669206 819.471241
1411.015670 820.018701
1407.130703 820.662979
1414.695271 1010.583183
1415.083334 1012.448889
1418.345869 1008.027754
1410.315005 1011.946504
1413.672028 1009.938211
1413.796767 1010.484099
1413.829148 1010.025303
1418.669360 1008.086670
1415.749154 858.389306
1418.092454 860.050418
1410.661056 853.835717
1414.902086 856.574687
1414.167734 855.168467
1418.763161 854.804164
1418.892467 860.924779
1419.684184 851.310576
1417.815552 874.807946
1415.757034 873.754499
1414.276924 877.388112
1418.075869 877.979701
1411.512771 874.651883
1418.403387 878.726805
1415.376514 879.742187
1418.513999 879.810300
1422.901021 823.748916
1421.810612 828.679396
1423.657559 824.577415
1420.025687 826.989521
1423.393571 822.817239
1417.403425 827.935459
1419.371996 824.423359
1415.410728 830.725469
1426.425786 1008.531313
1424.226098 1000.570473
1420.656365 1008.803286
1421.158390 1005.081175
1422.428443 998.879398
1422.267378 999.249335
1422.456137 1005.815492
1423.056634 1005.947409
1426.489111 833.399764
1425.687831 833.179003
1425.094039 836.763806
1418.539197 835.311960
1425.736650 841.705764
1426.482134 832.912592
1426.846017 838.756590
1418.939876 838.920121
1429.728668 845.748714
1424.854394 851.883534
1425.540941 848.326809
1422.686600 841.734404
1422.300679 843.559618
1425.155910 851.996439
1421.182385 849.528593
1423.289014 850.117854
1427.969937 874.712316
1426.761148 881.414597
1431.222067 870.693194
1427.071845 869.395421
1424.663582 875.764467
1428.597621 872.911411
1424.118061 874.558775
1428.216624 870.489691
1427.041562 997.330640
1431.768443 999.299207
1429.585014 997.430599
1434.955748 999.841380
1434.581909 998.268076
1437.882967 1001.326867
1433.536803 999.259672
1427.570774 998.730633
1427.533899 883.168971
1435.799761 886.876883
1427.430643 885.008909
1438.422146 884.162000
1434.414802 879.480590
1437.600168 887.902353
1430.270711 885.471263
1436.716075 881.966590
1435.813793 991.237691
1436.052250 985.089015
1435.707900 978.500168
1435.410560 985.496634
1438.746401 988.559516
1437.488008 990.233186
1433.943149 991.916198
1438.691780 989.432957
1445.715832 984.596694
1448.163531 973.582127
1437.845959 979.482435
1449.760746 976.940453
1441.005271 975.442307
1443.553295 981.087507
1443.322906 973.320804
1437.601347 979.221838
1445.119678 886.094038
1446.388855 889.291984
1442.133227 882.325655
1447.995789 880.935242
1445.801351 883.658752
1446.275901 887.293057
1438.571832 886.029081
1444.327838 885.377212
1443.804824 951.632774
1441.810331 945.822417
1445.366407 951.998565
1446.805769 952.309665
1451.075095 953.343957
1444.862137 948.576020
1443.262067 949.635573
1446.556462 954.001674
1447.632070 963.491622
1450.741371 960.209027
1440.603003 956.306744
1441.581656 966.149795
1446.827207 957.884073
1439.200401 964.138680
1442.020172 958.778668
1447.772228 965.120576
1451.094015 888.588213
1446.878088 889.178374
1452.601874 892.551287
1451.605260 884.122505
1453.028846 889.950851
1453.659871 888.379409
1451.879121 889.065188
1452.382455 884.315416
1456.516927 943.483898
1449.354334 944.201195
1458.007255 948.361148
1449.904524 940.358687
1458.909715 948.195725
1456.114954 946.945569
1454.424427 947.266391
1454.861484 940.577207
1460.513629 895.637433
1460.248897 895.221285
1459.942652 894.703915
1463.755130 895.120724
1460.777552 896.858138
1458.472164 903.444866
1466.307357 893.278911
1459.208727 903.235744
1462.682230 938.586067
1464.103431 937.780331
1456.502852 937.084037
1468.733525 939.389865
1465.359366 938.411441
1457.598816 942.577252
1462.357517 942.095017
1468.825928 936.640072
1467.444071 908.810780
1469.384606 909.591711
1466.925094 904.537365
1464.917719 906.361420
1461.160797 907.286234
1463.547713 905.588148
1466.918335 903.463476
1465.311040 906.242625
1466.882113 918.947949
1462.485191 917.812443
1461.675911 912.606858
1464.110303 914.395546
1463.813227 913.767663
1466.609441 921.026448
1466.897423 917.173027
1465.516482 916.317727
1467.867821 932.784935
1468.966224 926.695366
1466.592661 929.384378
1458.389774 928.081149
1468.110616 932.515029
1464.156900 929.242934
1465.860438 924.121375
1459.020642 927.135179
