116.116093 870.707530
88.011624 827.665181
59.974510 829.058715
90.278038 900.387156
91.826217 818.296703
121.421779 866.854193
109.924145 847.680664
81.451064 818.328040
131.474876 843.055104
108.405641 851.593206
117.907222 864.619623
113.812122 824.748981
91.670796 860.072030
129.004974 827.784248
155.041550 878.960491
114.019751 832.109320
93.538631 837.588049
106.764068 881.938052
138.089557 832.992972
117.217147 881.217908
135.208697 792.835249
91.771635 838.646829
127.554823 853.417228
134.375587 836.609585
126.875282 800.909399
81.547070 893.838897
146.377051 808.857047
120.924213 843.500223
169.676587 842.620783
144.354639 832.913765
174.398663 794.694961
121.640240 840.347729
143.962532 769.634210
141.759040 849.240590
168.367528 851.998753
162.395713 795.776822
130.004671 816.727329
158.090519 775.234592
144.508388 864.433610
189.883984 786.795484
156.284169 857.828567
199.024824 814.576704
135.285378 827.105120
123.683356 786.183478
164.963260 861.182490
153.414434 777.731070
178.094036 849.944742
202.721585 782.086810
163.598180 824.925338
161.037000 835.362952
217.943668 810.344274
168.124014 809.531933
209.737960 792.064025
187.659302 825.579402
191.729229 777.072232
196.433972 788.178130
172.096813 789.551002
194.942146 817.754308
174.184731 72.938660
177.137173 50.420114
195.690060 103.357853
199.747771 82.131786
192.101925 101.962012
186.801883 123.582800
189.797398 96.445985
181.101313 93.383930
192.266956 110.937999
194.993369 796.987366
199.747578 793.859109
179.457287 95.564589
173.925073 134.098778
180.360135 777.970234
217.006565 74.664992
186.741863 108.407518
169.164869 115.857386
190.632562 137.208950
193.684013 798.373886
231.866907 775.952259
192.045595 57.815368
183.575527 101.505491
193.004256 826.746650
193.632440 130.660351
210.468121 133.090296
222.099839 125.990159
219.097154 767.526016
232.216580 84.675283
177.926436 799.212165
229.878073 147.446894
176.833364 136.314648
202.781207 154.512922
193.264742 757.851577
197.496401 73.140296
231.261275 795.067205
184.754981 137.942654
208.252232 793.365508
225.620005 67.930492
204.139609 160.653661
180.607498 786.883481
191.837045 727.882859
222.395987 127.381527
196.966326 777.072616
223.681278 65.063351
181.678477 164.076767
213.695233 178.305386
202.185430 173.580764
211.286311 185.274064
221.032839 178.229319
207.421617 772.877052
240.195957 770.717409
181.762802 54.458891
215.021677 194.874084
226.314596 193.451539
212.702214 184.766163
204.360485 204.522693
251.914195 772.179223
225.057691 801.884017
227.636905 61.259849
227.079245 213.078053
234.863894 759.467657
214.078508 217.918506
223.309734 216.491668
198.859761 221.006157
197.683961 213.568763
235.691388 233.504674
223.808441 213.767653
253.933352 810.317953
225.456660 78.896611
220.536588 762.507486
190.203229 776.272097
237.702412 196.834305
217.906024 242.687021
247.429198 211.527544
216.845028 252.611928
166.498534 287.036604
201.845216 299.900442
239.742342 251.745949
212.596943 543.953018
239.709300 528.736429
208.299679 631.239363
198.961041 609.885506
257.394773 110.570040
228.679276 563.119903
246.638519 618.144869
201.978130 737.265114
235.035024 240.074249
247.643810 759.118076
204.021961 580.058591
202.034038 576.152848
228.740188 80.735690
292.348985 295.336416
248.481728 237.208582
254.637242 302.031608
273.129108 276.911066
222.336481 262.110098
219.931197 571.724767
234.246230 609.974809
230.877201 643.954520
208.713999 666.210437
218.316843 669.706422
253.474505 737.913401
252.707431 697.257444
261.164750 745.715951
229.288451 278.586733
256.017354 755.522983
217.730124 531.678644
207.209744 83.191380
261.027522 575.733309
244.410469 558.207125
266.391692 633.185507
237.761238 672.638714
199.430648 699.370679
267.722728 757.420506
231.445433 301.622506
265.120299 313.151789
261.157293 273.925665
272.483325 304.380437
258.320619 286.063336
278.087560 310.665685
236.905691 314.136911
197.177663 337.201648
245.201096 329.981549
222.837949 323.372385
241.468031 571.604702
226.327451 568.782121
205.191956 568.404641
276.933696 519.273622
240.318341 762.953924
212.322403 84.482984
223.594766 599.501573
269.475894 715.485458
284.994102 692.704695
223.861823 741.379587
196.947280 309.214754
240.929413 581.712844
210.429208 607.549576
265.268520 375.604579
254.559860 317.810816
224.693846 344.845934
222.912058 316.586995
279.866636 353.221560
240.267146 369.871866
254.802522 360.165980
221.113898 343.457277
175.468246 370.036808
243.447509 356.144094
254.628970 380.092658
261.056694 393.623018
246.617443 539.633868
241.178156 633.878455
294.676128 609.700734
259.869612 680.163040
255.544958 679.427206
181.212648 665.492370
221.609308 777.914379
238.556142 715.103956
251.973151 70.844530
243.692407 673.140388
243.658797 388.040205
251.347221 518.762189
284.488267 656.192322
258.605261 657.804529
243.075748 787.398118
247.154098 369.924240
233.104114 375.617668
258.157850 382.456767
242.252107 657.784009
274.818054 665.884149
249.449549 628.230705
245.249959 702.454961
210.672696 698.577592
223.493812 723.445439
295.938767 81.581987
255.108741 553.836282
292.857025 773.674943
292.364296 353.804585
219.640248 693.934457
253.725592 728.682160
302.410566 87.607199
291.877326 374.588972
246.326941 399.187361
252.201351 430.545110
222.015649 426.691475
263.153522 426.767381
272.789899 406.565105
277.261549 440.291057
255.537516 440.115880
268.532654 712.298396
210.531069 734.387570
276.050615 695.674653
273.885754 679.695120
288.534265 502.041382
244.335682 810.711324
249.793617 37.777157
241.983542 422.155504
295.579879 387.548665
232.317555 465.928945
278.469410 475.084286
300.945567 467.021346
266.356568 518.290544
295.488394 800.475304
236.976491 56.366972
272.543102 458.871611
283.896145 520.190475
240.787490 779.434462
259.963573 458.578709
257.591723 457.250778
305.151833 424.626370
232.263046 767.472863
269.356162 800.106657
250.081450 754.090523
247.527889 813.726435
275.387085 777.670568
257.972105 785.792721
291.730572 81.386151
308.245382 541.101319
248.075541 841.046715
291.221558 473.580458
306.024241 68.243070
298.018711 545.224307
278.953110 836.281127
289.080095 429.603388
263.740530 33.245112
274.217925 447.981743
295.009530 493.520343
277.992449 792.147237
295.419434 76.445776
267.932313 467.217650
231.435599 525.780927
274.300332 843.949892
259.362564 490.922015
303.986739 58.974964
290.004267 498.757037
295.431699 72.018978
282.594474 803.106447
291.965361 497.729101
270.326050 460.936271
314.155376 489.399908
260.403477 490.307935
265.238246 491.684634
246.720136 84.688243
288.983386 821.458987
307.086259 497.800377
303.294770 521.366063
267.678914 499.037327
262.993725 98.084592
205.052769 818.980481
308.106372 131.370429
327.408716 807.619302
309.618375 76.403560
294.772336 807.295215
299.174241 111.513807
310.130326 115.472466
303.471305 833.464113
264.496388 122.328782
283.124733 841.683085
325.038943 822.863675
324.168804 808.308403
316.429565 855.684655
262.892920 107.930945
351.011524 838.540370
310.491369 61.345111
312.670268 841.913508
295.160411 136.150619
279.706511 853.818477
309.542452 119.919612
310.014024 114.900608
327.901952 852.107974
331.586614 99.498142
330.182438 800.321539
340.623400 69.689895
358.974399 836.750356
332.533557 144.473252
330.300288 837.939134
326.895471 111.366306
346.762143 820.883274
336.286480 164.767965
369.173927 807.061864
357.249592 150.710144
340.017103 811.791463
350.117099 810.469447
356.267596 141.039909
344.410066 772.380817
359.202625 112.676073
334.836281 106.929963
344.450597 792.895916
354.439324 111.955529
406.073531 801.600199
388.050568 101.322241
391.542140 771.409157
388.469391 153.934486
381.107418 750.440665
348.823844 796.263340
377.905485 158.080121
368.141582 740.754427
355.647475 127.673247
389.131880 752.722037
380.280934 154.773440
359.979940 119.776650
387.270958 761.502358
393.288372 141.292222
377.682813 785.492149
369.849353 153.442287
436.224548 747.965476
367.556479 164.515151
363.061326 793.581369
389.309879 144.330389
396.750507 752.912751
386.431455 155.703875
372.403215 822.733123
387.136012 165.517197
404.419345 753.276402
371.115236 167.546463
433.763587 135.797706
416.985503 780.005545
425.292286 177.804838
412.892273 171.845794
404.836885 762.891985
377.544283 172.489258
386.272515 761.058762
409.824395 184.022149
416.743883 739.006118
416.955285 153.982849
462.435198 209.954053
447.293897 764.061619
368.032402 206.172099
448.661016 177.917511
398.454086 737.942764
420.212886 186.012809
384.229084 745.435125
433.497251 198.786639
416.661486 730.677134
381.452569 232.378237
457.680673 759.173974
448.983391 185.168387
486.468872 721.365137
435.682998 747.177586
468.387111 204.137811
437.300846 695.810821
450.271604 221.012260
442.510156 716.135690
451.556073 202.841731
402.312985 225.048714
430.944315 730.053505
450.058772 708.121601
440.396815 245.511664
444.308918 724.336899
460.640757 191.669929
449.324796 198.851124
424.295841 718.586570
438.985976 219.459317
463.646330 732.821841
472.813194 236.059867
458.408897 703.200512
462.937056 237.440373
448.461352 265.340190
492.608032 683.286496
450.004862 266.419048
488.398734 206.080016
476.610596 694.906741
454.062023 283.224798
529.025993 685.311604
430.172592 292.940458
485.652738 708.609907
471.887740 221.691937
482.430866 287.785394
460.528026 691.076870
502.211296 281.913539
482.858311 264.415715
439.993894 287.360076
498.745918 686.781124
474.250994 251.779192
542.843963 702.617368
483.955587 264.699163
492.381109 275.938228
482.896918 658.876229
511.179932 309.425076
524.297927 288.513387
491.748551 310.099366
484.404481 685.018322
486.927100 255.991173
493.893993 309.445460
503.122371 625.448541
477.146305 629.227091
461.039363 271.834382
499.737173 624.696365
533.724478 261.687266
474.773566 610.768655
517.184542 306.925050
503.693617 319.430798
521.136412 338.177059
521.019524 633.851507
519.677135 319.527175
521.211606 621.411777
504.805367 324.690640
525.596218 362.035818
510.309396 634.216417
517.823341 307.714680
474.605472 654.395903
527.259362 318.520575
464.311995 350.934175
492.394363 316.069032
510.434318 341.208639
515.464395 660.485871
501.754465 373.304666
524.809027 350.390457
526.637294 376.430371
500.413936 649.732532
531.376256 359.180420
511.111454 382.277668
555.875329 380.770257
512.759961 604.707960
468.396703 593.939774
534.620881 378.652390
530.612295 646.817691
521.208405 648.569360
506.748493 657.363907
534.030369 645.232127
511.387243 727.658850
498.160521 646.882986
506.944137 691.781173
533.754089 680.718330
530.989780 706.216372
521.077452 684.472503
554.185152 684.800480
548.928129 722.691361
506.420741 694.535936
549.974632 694.579974
524.206238 609.763381
542.630671 391.276905
549.776009 388.667091
520.292847 403.921587
516.051944 615.892810
501.971458 643.290889
546.829683 704.801865
542.201628 572.632317
554.885030 653.490267
540.590391 651.413783
535.775354 734.109132
551.020576 671.163839
552.535312 388.557904
529.727650 397.993563
599.867323 408.281868
565.883903 387.633264
546.848816 631.921879
513.764543 626.517028
586.758345 685.325217
563.846223 627.615390
510.623177 415.973381
564.249469 429.178793
563.736709 460.272699
492.983246 614.401314
571.079525 667.026347
582.985944 403.755258
560.590886 753.562037
530.948743 627.001135
541.293354 599.625927
576.659657 425.132660
543.747461 395.519030
519.703411 728.039110
571.964413 423.753701
556.637160 652.343369
531.830684 590.407379
578.201074 618.659679
562.058484 689.023846
564.227558 465.361845
582.806420 459.841463
542.226790 459.298303
553.300260 464.630195
551.152564 484.509158
527.421185 714.134608
585.753395 603.155430
581.376409 614.510447
553.117647 463.649678
581.383433 692.332701
567.398859 452.086769
547.230710 417.569037
556.963452 674.140623
561.677619 687.130238
560.031740 649.904623
562.908033 682.380219
575.509978 650.500033
533.485518 698.958558
585.970485 663.973555
565.603465 485.975163
559.921756 454.104504
551.790601 683.003884
585.500490 442.368772
561.104411 482.164020
527.929459 675.336853
548.145167 498.603760
585.710799 675.892488
572.217270 459.634860
580.450315 511.479856
550.108496 644.323218
595.827030 650.860109
578.481875 482.002276
597.406076 657.821957
581.158384 491.058362
598.462135 664.817965
550.268122 746.613847
650.910392 795.516859
589.315147 772.428549
578.348703 759.156650
538.495697 815.196221
584.595610 815.417715
586.801327 819.517710
613.068109 822.469532
576.284206 828.909976
527.982190 805.775299
565.453625 499.192406
593.226950 577.616505
567.106415 667.773498
568.725291 671.491937
568.388918 764.813778
597.784927 812.419793
561.087694 479.806705
587.470897 501.938702
583.059084 472.688616
597.466621 755.813926
605.276763 727.723530
563.629667 752.351041
596.155813 721.327064
576.203865 732.932029
586.220956 723.781726
577.682033 808.315944
570.727001 799.521230
603.707310 781.491130
613.054354 787.912516
612.062796 832.274963
569.968001 810.907192
583.935888 820.980952
556.937644 864.371510
582.732272 839.720152
579.305896 854.060843
566.534083 841.912147
579.032445 578.295584
572.245812 481.883326
578.340225 629.894086
562.618175 719.621301
581.070951 891.149112
618.072252 611.041355
585.856857 627.915829
606.786590 614.572240
611.154156 676.074102
610.309978 635.322738
589.781324 647.870863
575.458996 616.003256
575.271554 668.803128
581.272047 659.970598
625.560760 637.084008
612.648597 644.778301
552.804429 673.911435
571.484067 702.680981
596.254883 652.964547
589.456688 688.806882
599.803430 713.120505
555.476975 660.056769
573.209677 700.002110
589.425203 690.648564
534.473384 728.796602
621.037127 679.429127
566.867383 703.484028
583.300946 670.401108
619.586835 725.705617
555.574494 749.949981
578.242285 740.841785
541.260134 730.520212
557.321994 479.194382
564.371139 591.343185
588.604984 864.972056
587.582191 626.700580
583.039511 647.898899
616.024287 625.994614
593.889286 854.446076
593.590194 879.005614
598.896649 832.075452
572.827541 451.566045
625.957100 885.096601
615.590505 452.266900
583.141935 881.079823
582.047445 843.834815
591.187424 906.780737
600.610374 867.180369
607.184809 855.737175
583.089565 870.709590
584.228850 886.456926
586.651715 886.709193
573.442864 894.778231
597.965788 880.857206
632.183583 916.142960
591.746892 914.475576
606.902174 463.463750
573.571303 913.647469
577.017492 431.083713
604.456300 423.466074
591.511674 934.257119
585.646293 941.066825
590.072360 453.554545
564.476600 440.243681
589.989087 462.640823
616.005455 925.906233
587.580189 469.472871
621.683302 471.275101
609.533194 453.150174
681.215274 932.627000
647.219025 467.740170
601.597140 481.271838
585.866265 443.189505
619.233271 931.224280
611.376026 498.938847
579.764974 444.614397
603.225071 419.848648
588.273666 959.805608
639.107099 487.824690
622.080876 468.071012
638.954716 500.052215
630.190432 492.258049
624.135505 522.298733
610.115750 545.537296
609.618863 493.219525
612.509615 545.139689
605.939932 927.673484
619.451481 423.475628
646.268598 404.718217
635.056346 515.040552
598.693507 459.623464
603.439008 470.771419
613.554107 495.850667
629.387523 917.819877
629.082332 409.122713
602.364524 494.441990
627.677443 511.595201
652.059622 914.597215
650.287566 404.364550
633.589906 420.376595
682.431702 476.476054
619.846382 535.770661
625.101378 938.069763
654.714907 536.268268
626.568062 415.885252
639.254702 427.064821
642.733407 435.966218
639.932529 453.819078
645.697502 942.020859
659.592791 526.328715
656.805699 921.278354
654.323173 365.696334
640.894095 390.415684
618.782559 443.972137
645.008317 944.392588
576.623917 515.478579
642.706880 346.366905
654.316788 384.649302
659.176823 439.873708
662.266652 490.646947
648.968340 946.418729
693.641630 946.984123
641.216982 975.173412
634.894894 486.385809
630.823073 365.101099
662.257224 383.972051
682.908085 435.455046
682.967025 440.067560
644.361802 944.210778
649.791481 520.030387
657.717433 363.082828
652.485136 382.437034
640.182283 366.896680
603.412333 354.248623
652.264833 428.212261
674.403679 932.077358
673.532655 514.406169
639.087237 969.115131
667.098095 393.815696
668.767585 478.172891
662.734139 966.067011
641.042045 934.481071
661.357229 475.684765
682.278498 419.007517
650.771817 425.029296
631.893368 941.507428
662.891234 950.732246
700.046403 514.705567
669.999086 346.798157
667.236596 923.603858
701.334471 463.372249
691.747653 943.427506
677.532390 399.588538
666.181715 504.511710
706.423869 956.163260
649.658149 479.455369
647.038317 389.054802
692.421218 937.759274
678.005878 490.344934
665.389147 405.034151
651.300773 885.324928
694.759824 507.733927
703.971184 405.962765
690.982013 915.806488
719.330743 511.022176
691.363780 969.187435
659.320754 373.657471
696.679881 477.924482
715.081197 911.043308
675.405926 483.830836
681.227730 392.085186
745.600188 922.803044
697.288516 504.958539
696.330520 938.727968
731.498140 960.074445
700.222753 459.136233
714.716403 471.519095
708.731927 957.343233
724.896717 982.912063
725.802762 930.844539
714.266432 456.146637
711.230070 943.799261
693.605653 452.794109
700.873804 939.419479
697.451567 967.121945
684.733213 976.940712
694.903548 954.519264
737.621527 951.773295
742.713701 478.788810
754.411940 1010.783503
704.501091 1009.431017
709.350879 991.397518
698.840772 1039.722786
692.701500 995.215849
727.582347 1003.992252
737.360413 994.104126
688.968884 991.795277
732.562248 421.246217
744.974409 901.102009
707.501679 905.252097
737.995719 892.255000
756.398843 950.988986
719.167962 881.498988
738.310848 923.414615
707.843197 886.712358
732.478116 881.961989
772.082548 882.399395
737.809221 941.965598
753.821963 1012.810633
727.235685 450.743001
709.071554 1039.550553
716.624587 980.277437
727.937298 1041.444189
738.986539 1035.034686
762.529859 1016.327640
675.123409 1034.103130
711.779861 915.383603
740.845264 909.523390
707.170326 923.895208
722.176794 889.406778
764.131743 911.047783
771.054257 970.749590
724.791299 431.238644
752.742008 842.779941
700.156469 1065.284999
749.508336 1028.995328
731.671550 1022.643574
758.648665 1020.715349
742.625875 1030.711107
735.662992 1060.971626
739.934742 974.988630
732.677905 994.894370
757.744324 446.506404
727.871693 882.787774
732.007937 928.454833
751.377191 1090.227092
746.710936 1111.892124
754.698176 1071.031892
735.257306 1039.391591
736.674933 429.178230
709.948753 873.185655
767.960754 942.178080
709.420223 983.762083
740.714287 979.345725
705.065620 1085.690114
776.688304 1086.743090
757.950597 1095.046776
710.167181 454.738510
743.858713 871.876334
700.756662 958.661628
735.043858 970.218291
757.685431 993.521477
713.961294 966.578006
742.168485 1006.177832
716.022960 1117.804355
769.341860 457.096228
755.984510 873.891952
749.624902 987.151717
753.912257 991.814716
750.904365 986.867886
752.937920 1125.611696
760.384859 445.383000
764.870124 839.767581
806.951347 1137.367230
774.686142 1085.364293
748.109931 998.577016
753.276256 1028.975617
787.526702 408.926825
746.425058 857.574066
751.222891 1013.243215
760.295447 1065.481993
752.166711 446.364761
766.015522 837.163876
749.289873 1013.586339
791.944855 1023.880335
767.710549 1010.556790
722.253689 1010.313874
746.608448 1076.833787
711.393853 419.428921
761.585385 888.412831
769.422755 1026.972770
767.107550 1020.814450
772.579596 1057.403882
747.377528 1055.690848
784.473403 438.936264
743.246671 889.061033
778.483080 1107.919560
792.029948 860.124656
764.257081 864.918094
753.907341 853.493662
771.494579 1033.595223
772.046680 1033.428007
803.286914 1033.598664
788.118188 1022.124699
777.946417 1071.113087
766.691616 442.758908
785.602226 1094.350880
773.018156 862.022901
768.817730 1041.925069
769.507759 430.377028
804.333167 860.240836
752.799591 830.835450
780.297601 873.257876
800.460757 1051.910899
786.968114 1065.777422
780.485653 1112.624555
750.032811 468.175359
780.739105 844.936077
832.326344 1025.726175
761.085424 1063.552015
814.656237 1096.770166
763.774117 1110.005843
768.972314 1079.092980
791.851771 1082.845897
785.626523 1058.769171
780.195953 1109.428380
801.157405 1094.380242
777.217547 1131.151574
817.168822 438.824954
791.047710 834.053879
760.838532 404.180317
788.923899 798.072529
806.926016 423.596975
765.057336 858.091747
816.243135 857.884518
792.640402 418.720701
823.590466 839.908695
789.779003 442.109829
779.488832 841.754885
824.352836 408.934571
840.450173 672.174401
815.166119 853.630753
807.613407 420.655660
823.252948 655.397813
844.398117 655.256841
784.860960 819.626708
827.553425 409.130432
829.982490 630.485454
816.105647 798.875558
840.663276 649.888026
797.522448 408.469249
833.877703 649.420700
797.255235 630.259529
813.607531 776.885428
789.361237 799.002343
816.544011 836.441956
853.627194 666.387286
855.933980 640.942214
828.537362 389.570178
820.039241 807.973206
813.838079 667.821468
825.753081 686.128479
830.965880 762.693504
828.377072 419.243565
761.555385 635.210574
841.516449 666.646215
825.754515 815.407676
861.554056 394.909141
862.849696 660.589270
825.244371 634.292323
804.638994 685.198799
848.825541 768.916058
816.461043 381.567504
813.050927 696.189441
857.952063 722.982570
845.452977 667.925775
761.908550 811.661591
810.913595 363.694663
847.302105 692.386992
836.003441 649.151145
828.016479 778.962124
833.944417 390.629014
830.002405 671.132412
782.154921 660.464534
848.074976 733.820624
828.940500 720.692276
831.953108 723.459898
830.175096 771.625899
819.688656 390.935164
838.814399 631.915628
830.506604 685.051329
874.766356 766.689268
823.605139 386.337608
872.378621 661.462470
847.147829 743.616118
835.708934 716.801744
788.354935 718.802249
858.042969 734.217797
859.310755 718.670324
841.973324 714.148161
869.030530 740.870652
822.417617 762.732567
830.452995 765.715109
829.513398 637.931041
888.189492 766.307586
828.148169 785.347134
880.405440 661.331990
842.131352 364.860526
853.979174 780.811278
880.191353 733.903553
842.067138 771.054401
851.748699 741.925683
856.898480 751.720358
871.154212 698.903030
861.684300 431.913497
856.347924 639.753663
870.548285 364.104441
859.846838 671.787658
860.372132 413.383774
842.128838 698.189162
859.543639 394.817176
872.537141 704.569058
858.348436 387.672175
890.398644 656.616314
859.635862 386.218016
848.564074 671.275581
860.136639 392.544879
897.554035 681.338439
847.552041 378.227961
862.281821 675.247617
845.410377 407.025796
908.183024 694.591852
852.171184 376.970755
876.540453 672.855733
875.935664 349.852544
912.400296 669.065659
915.395634 361.014596
921.429891 668.791191
916.319301 399.451357
944.785851 641.556223
911.267284 386.113088
900.661239 632.349957
922.086194 374.774574
884.726543 664.147406
898.525758 391.321654
913.426640 670.884812
958.710319 404.835375
914.362062 656.867148
945.471480 391.510133
925.911503 615.894288
913.663272 342.044032
924.611836 619.961687
931.531374 388.017699
918.551675 646.226655
923.570637 375.763113
934.773538 645.760440
933.151973 410.173692
945.583232 642.466115
928.620508 395.064395
963.557816 635.383164
941.798183 381.754854
969.003627 639.987085
947.205538 647.541933
944.869326 369.989491
963.474797 609.473369
956.558230 366.333915
995.939740 624.453937
969.858746 359.682776
942.721183 593.954235
957.206826 317.994856
961.853793 580.149420
966.605976 340.676805
959.285990 637.656098
973.244710 347.649366
982.053196 610.537624
989.556419 360.166770
980.056352 639.877425
961.203411 356.208342
942.471150 585.477831
969.017967 362.495712
992.233069 563.924879
959.720047 366.849845
961.416253 613.021926
982.263205 342.476551
991.676854 546.301808
965.029365 326.430859
992.273276 556.220149
1025.183668 400.158065
968.573482 575.028856
976.223177 560.240381
975.185698 383.062779
1000.945997 543.704312
985.079965 378.530068
1018.985763 574.962421
1008.634413 327.909745
985.932613 555.063985
1023.014258 359.444756
1021.695392 535.105582
1023.941498 356.498560
999.724416 562.312220
1035.497662 385.679178
1012.554108 583.407068
1016.862304 385.849580
995.223713 536.049229
1058.998556 396.737788
1023.695319 521.114271
1043.454297 404.066466
1063.598585 553.974498
1027.742726 347.868695
1047.303303 541.126230
1022.257673 378.238533
1038.951232 533.114820
1048.381148 529.301056
1066.411275 372.545521
1041.962025 520.171004
1072.128619 372.789993
1061.253007 524.046050
1069.651781 398.342927
1050.190051 543.670707
1093.861196 362.665561
1077.880824 331.475341
1038.956964 503.617801
1044.886511 391.018894
1089.516682 521.409666
1060.416309 361.993507
1058.238241 509.446491
1091.908588 336.091556
1062.799426 500.631794
1095.643704 368.548827
1090.611475 523.798097
1099.473117 369.350395
1079.424665 482.307349
1128.236522 369.042715
1051.185243 516.816167
1066.055800 352.556072
1089.592490 482.047674
1071.884573 358.081452
1089.572947 483.342096
1093.740505 390.723810
1122.549850 469.957378
1093.817697 405.062276
1084.907652 468.534569
1109.804953 373.776098
1103.400672 494.521699
1083.882393 379.380120
1101.940145 488.449327
1114.083011 400.293412
1137.956270 500.619293
1122.143802 378.278213
1124.867828 452.615641
1121.761056 373.556790
1133.465334 465.027957
1090.998934 394.230916
1119.070064 483.510114
1174.425337 384.382781
1143.831629 489.108599
1107.243312 356.220680
1135.281913 494.478555
1130.730526 329.943881
1089.507443 462.068587
1155.196451 350.093274
1121.500042 500.048168
1149.051854 405.116827
1158.082752 457.785313
1142.165898 371.836721
1139.832508 423.386011
1148.230722 451.982885
1172.262468 377.153996
1123.369821 481.107629
1123.365030 396.701913
1182.853719 473.661657
1139.587435 396.842342
1134.909914 472.998275
1155.718665 397.999114
1124.912627 444.147248
1153.352901 356.839053
1167.946897 461.249496
1133.513831 415.646625
1168.806672 457.570005
1188.663426 399.793308
1146.713439 420.845985
1185.347069 434.776018
1185.751390 405.324148
1167.350582 416.840139
1212.549911 422.288765
1159.049310 435.866742
1207.894443 374.370744
1181.795578 429.542421
1213.579263 434.674888
1185.857638 414.316217
1212.286224 444.681345
