44.158866 893.821476
52.295965 893.097587
32.783171 908.874071
50.572799 906.787079
63.639540 908.436775
105.941780 924.890873
69.901182 912.674602
71.890829 882.259898
57.036741 903.442148
77.092658 880.183317
67.893008 928.432571
53.385507 904.354664
54.090845 887.215162
38.581810 918.189771
77.833101 887.714599
55.964882 878.025169
67.551599 956.373765
75.598134 867.850109
74.633125 879.952633
75.290306 939.733664
70.903223 853.075302
70.092160 925.589983
83.005982 127.962462
90.966652 123.012746
92.572085 135.496580
78.570402 151.488317
85.344019 142.456922
93.957387 126.559816
67.106466 151.861563
89.198507 158.741231
71.440557 182.096521
69.629097 147.723200
80.259045 830.154223
79.715723 840.911465
78.233684 969.204305
81.221078 125.780827
99.905064 150.053904
72.292458 865.751327
86.788337 109.072244
90.641478 178.248271
57.551568 158.799291
82.995059 190.168508
82.045815 199.755842
90.067130 828.045799
84.981625 813.551453
85.670963 930.236785
102.032438 164.159278
84.136050 112.301207
74.407785 845.455704
68.819390 196.026749
102.664343 196.104883
85.616244 206.826140
69.799156 205.569823
120.606442 806.896256
75.614668 825.165366
77.581664 934.172810
110.401692 131.065433
99.311679 210.308013
105.814862 811.805352
92.307990 227.175020
101.271579 217.802468
99.835279 208.602618
109.702958 217.822228
78.528636 801.190792
103.969781 768.761640
114.418338 942.979665
100.790112 111.110015
129.759523 215.822873
119.788062 789.310059
108.041835 918.800034
108.770691 225.557116
102.883142 224.849771
132.295983 252.975534
111.246448 795.783937
129.259714 815.916802
92.572525 98.615677
101.493198 921.060603
79.755927 241.021892
137.013681 767.126912
108.320638 108.740312
98.947891 240.239180
98.889444 290.637444
69.081074 233.517581
110.568120 242.249501
82.986094 775.225347
89.480792 943.099292
98.545350 265.240140
103.771940 125.266073
114.014405 764.416999
105.014438 273.597222
100.957593 258.006270
118.362793 261.089466
86.916805 282.863545
102.518710 773.897789
123.891253 744.831578
87.968106 921.577531
128.489024 99.978843
129.711569 254.835657
125.674953 776.934018
117.998339 285.987370
120.566819 293.742397
120.289417 267.427518
115.367291 293.887028
122.157081 742.080799
91.341588 757.531816
122.792778 919.420288
104.875280 110.093168
125.005336 285.002897
132.766329 733.550825
122.725416 915.715095
143.236682 101.857690
126.342645 309.348159
124.225916 302.811073
148.459544 333.336036
127.339276 302.405704
109.297252 721.157041
122.898522 718.281519
128.790640 320.298603
134.966693 934.151288
112.753442 110.243342
149.403739 732.383367
125.495128 321.137099
141.202897 330.357439
139.318785 354.358659
122.361439 336.387476
135.596168 696.961682
115.133599 720.269256
134.933490 918.737753
115.886510 120.932833
135.421658 324.272075
124.695665 681.795566
148.006909 346.029478
113.833789 362.778861
140.291007 358.046956
168.711547 383.875227
160.776689 689.044177
141.436845 695.523215
127.602580 915.650632
128.813428 102.514142
136.103093 375.108646
106.495415 142.079482
147.126112 703.062237
155.010678 889.933255
126.834729 363.432334
113.100446 355.051441
150.681343 370.019105
160.963789 384.216903
128.582026 696.018845
129.220361 132.027791
150.539587 369.229455
132.585085 912.810071
160.152579 704.009872
127.548607 393.302707
131.015378 401.253905
124.896724 393.453675
149.559558 398.507686
147.338088 662.472486
156.200870 672.696527
121.056884 155.677646
162.538162 896.351757
144.129931 418.302537
159.887032 663.553618
128.570663 155.513492
149.161547 436.795397
138.843507 420.382670
153.837347 415.814775
151.679055 413.548986
165.557512 659.851337
145.978677 669.554607
160.856288 923.876592
149.856256 429.939987
156.417074 138.240120
144.255574 654.068884
134.408546 430.555864
150.845970 422.162317
156.242938 444.936781
146.660310 449.350990
143.214870 647.965932
173.313021 637.339488
154.260732 937.405497
143.018434 154.365245
140.125792 446.512977
144.473099 639.173413
161.972699 919.544787
138.855973 437.577867
158.233694 450.037911
155.698711 442.180157
139.944331 480.684540
166.644384 618.741909
163.216130 639.166854
181.996176 145.114940
173.698975 454.972856
164.260935 898.091022
164.946379 136.371611
150.559820 628.975588
163.197444 490.783566
161.541415 470.286937
176.693646 482.976649
157.486262 486.939640
163.534764 608.999915
168.456962 620.944227
151.795137 906.636425
165.974110 148.696834
145.006729 479.691109
157.680858 601.049482
174.507658 477.398423
166.604758 469.927952
160.772355 510.163840
165.088407 479.115974
165.618681 604.310374
154.909698 591.354857
173.551676 184.904681
162.137922 913.152845
154.551291 503.397860
182.625411 573.494603
175.493898 904.599292
169.468850 146.346157
177.978831 517.431891
155.679880 505.176191
173.376606 530.852799
169.660014 538.713255
186.200857 519.357810
184.894100 565.048399
178.917671 502.902121
162.965626 551.732385
176.344003 555.723323
180.018716 881.459149
184.216573 117.979403
173.997875 547.105594
185.337547 590.161911
182.766197 529.940085
144.704559 546.686572
160.429278 550.030558
157.753368 559.732468
159.353693 906.935587
186.176176 152.347626
168.548844 567.665126
165.591289 525.815494
182.468885 544.621693
187.413288 562.881420
172.209150 535.527123
194.293127 149.634564
171.633468 888.552159
195.329419 158.422968
179.847819 867.870076
188.392507 169.667805
204.655852 877.393525
185.864170 159.068305
213.316889 885.036771
212.674274 136.517975
192.382531 879.631949
222.499234 182.660877
179.181841 898.790473
206.648520 194.534161
184.378625 895.648640
218.496272 182.949893
245.838094 883.150431
221.604703 168.023329
195.640008 887.568471
212.716540 168.966384
255.434098 873.619680
223.205876 184.331369
209.024090 871.179186
240.761932 191.867653
231.607755 855.349430
220.508976 176.950084
212.443880 882.494667
213.864164 208.419433
228.073343 880.010080
255.445190 173.710983
231.568377 860.388674
220.741485 215.945265
259.436856 171.901539
250.663436 876.566485
255.511684 213.779735
235.501187 862.307120
234.442687 198.861900
225.507083 868.931287
262.116706 185.230202
247.775254 875.820598
251.267176 177.303176
249.748137 860.088395
255.386434 203.843610
265.807418 859.046672
264.168462 221.302428
269.264986 857.847473
279.959679 213.755874
271.616233 859.543257
280.539665 211.998124
263.849311 856.072828
277.885859 201.670289
295.031044 863.102856
298.543978 219.963722
294.144349 865.533606
273.214849 226.162731
310.470427 853.491113
308.146871 203.857988
264.493418 221.966212
283.698469 857.614329
283.151272 222.663564
294.823773 845.264641
277.522234 203.468626
310.861018 819.311382
319.999112 222.048622
304.152837 855.935023
309.884507 238.039484
308.683233 838.352798
290.015537 213.788975
312.615127 848.119391
321.846123 224.472855
329.311950 825.718141
323.583230 231.964499
297.007858 849.983858
305.143223 236.568150
304.560469 825.577602
332.282797 280.778530
301.963987 845.374870
304.316689 240.247522
338.013277 828.647065
338.433395 221.840055
321.534987 852.715484
322.648753 234.297181
318.029417 814.448983
325.839710 235.838000
332.284467 815.264222
333.762419 253.012340
346.676866 254.819283
324.585527 818.195871
343.043210 852.631688
360.175586 250.221483
366.398913 816.851641
338.748097 257.853079
362.895642 805.727592
334.208065 276.558386
348.548467 256.052658
336.854946 806.220824
361.038783 823.769265
354.846201 258.060278
357.771774 805.882823
350.732270 283.643477
349.071567 816.022277
381.382893 269.522400
365.813094 812.558965
370.325181 281.243853
369.677887 296.359063
374.775126 820.214212
386.307813 274.433029
377.087017 807.607543
404.335245 277.942137
352.800208 829.799391
410.440418 278.701539
379.070442 807.271246
383.776384 281.345424
403.388324 800.536752
406.163126 276.423935
377.396918 808.252173
377.062460 283.056877
390.901371 785.787408
404.722779 294.415085
412.421863 802.697503
406.026373 289.565199
428.958965 801.908003
397.429575 287.627350
409.211577 801.948855
401.100067 313.348751
413.274024 290.787884
431.991727 792.243607
419.647618 299.965342
428.019542 787.359216
410.678738 320.091130
409.842022 796.358371
423.865527 303.024891
425.880155 806.987543
417.686312 284.783304
431.312449 764.891902
437.275017 283.343103
459.346402 792.928990
443.164626 299.959568
450.408502 790.147476
444.116087 278.421936
439.087560 801.768398
454.778985 304.804585
424.007621 783.543791
453.347203 782.860001
463.060407 291.178026
445.972944 785.195570
449.801046 262.712831
472.849552 764.156211
454.945806 288.122417
459.500453 263.299328
478.956103 799.089288
462.550089 268.236150
464.083356 746.827110
484.538140 267.634432
466.367296 758.546084
477.347245 253.538964
466.258592 775.723338
470.404795 271.757546
465.985534 750.123264
469.532050 233.072388
465.487235 252.089655
463.975606 788.910084
477.776026 758.714372
474.800342 236.660005
500.095395 751.749504
485.324643 234.648818
481.410561 777.423428
507.705584 253.576589
485.513966 250.849503
517.890545 764.369121
495.816638 209.306079
504.807780 759.294226
514.793382 207.012878
470.199256 754.294150
507.916925 205.221620
522.635553 761.706734
506.240695 215.576728
520.611263 762.479754
516.099017 192.677149
524.082780 726.840780
505.952656 213.288579
516.260905 192.791066
538.542188 753.439679
498.077927 198.991258
527.364387 769.400242
524.475806 191.211118
549.179212 763.940657
536.289243 175.216141
521.771552 752.375679
523.089839 187.910213
535.403240 176.742924
524.569990 785.873382
533.871166 197.704249
546.966034 777.492603
530.751019 166.313709
551.607821 763.778886
538.591447 174.048719
558.850934 764.598376
538.446030 160.377897
580.733691 755.911167
542.480479 171.096597
580.754779 117.684737
552.433229 776.859823
566.173288 176.144989
540.849340 763.712276
564.578610 153.969310
548.814274 775.172566
583.044775 135.783316
568.362808 747.000583
580.251454 147.723709
549.099159 763.801750
594.797997 151.750302
568.131688 112.800725
578.561958 757.384875
587.517195 105.289316
588.445242 786.008568
559.034559 119.076860
572.316617 763.257018
618.357692 777.935324
576.922194 97.883308
598.689608 773.862993
577.728465 88.875981
606.880474 756.424383
576.408546 80.080126
601.199196 780.026349
599.747041 116.527887
583.372228 95.359773
608.481773 761.253234
625.707591 84.967400
607.592904 768.496338
589.203777 99.776468
596.394322 749.183846
601.537504 72.121914
620.784264 763.926289
626.686906 104.486658
615.442404 778.998957
604.869766 47.722674
619.545845 768.988130
619.218304 91.034833
640.518698 770.081407
639.463387 70.373890
616.851073 767.926785
626.327187 49.027639
644.553435 766.715962
626.925267 83.245715
637.050209 782.218792
638.561829 71.647256
650.385006 778.942349
646.218519 68.805033
624.625336 778.011974
655.911207 26.473206
663.310528 748.067138
648.205770 39.673401
647.612293 749.607897
666.818113 15.305402
658.288226 759.202570
664.560581 37.029826
676.256646 773.861323
671.903541 55.798994
680.194269 762.662797
652.727757 27.982262
653.594458 778.899470
641.251146 28.702795
677.732366 778.294686
652.840460 23.432605
681.433840 766.299838
663.940717 25.831962
697.185518 788.880997
669.805831 30.243787
711.615884 767.099885
674.353467 32.552834
673.616515 773.155989
671.482287 475.009926
702.146290 500.187619
693.159407 475.371339
679.956229 484.989417
707.153857 514.766081
703.660236 528.722966
690.681517 519.342734
689.876896 524.896544
666.346141 509.499381
688.522524 511.731902
678.297388 501.927508
684.157768 512.953288
691.352161 550.156625
708.445094 528.774169
690.251677 542.745278
678.290160 29.328754
677.911493 793.101891
714.753358 469.036474
679.896868 437.989134
680.197486 465.957887
694.157251 440.454196
702.540317 478.719590
695.256930 476.616112
701.375664 534.531234
673.782763 543.493611
705.318848 28.176799
685.143840 448.446397
687.726980 482.382250
687.192036 538.612944
693.903279 783.034923
682.018167 438.300498
738.236045 18.921019
698.040750 435.499310
700.106412 413.445431
722.055303 419.991949
684.452631 423.946840
702.569221 394.243905
699.263905 545.437059
684.699481 750.179606
716.140634 449.453503
698.143828 540.470414
709.111285 27.512913
681.807620 773.525387
708.445372 382.973328
700.475110 391.293863
697.483942 402.558143
705.270836 399.514835
691.100575 411.594536
703.312978 407.637394
701.513332 537.521282
710.650155 564.833212
715.036994 -18.847494
720.926063 373.729809
708.820833 773.532559
731.302215 341.467210
702.398331 342.016951
706.998976 387.058556
717.783484 384.598355
697.789348 364.791482
709.833879 383.129911
694.240348 567.992533
712.880680 44.790594
711.664907 553.947956
716.551602 797.479045
688.920244 348.367324
696.344078 305.286895
702.389034 323.665054
701.172667 319.119526
734.317743 377.401976
710.466832 334.482526
702.137091 350.261647
731.637847 3.966662
714.391275 542.177507
705.149021 746.428140
727.598313 319.120709
715.902279 575.001893
722.262488 9.627066
739.999752 285.088504
712.689038 317.939915
722.670372 342.679237
745.751587 292.998922
713.874877 285.248922
686.173332 334.588165
724.822813 782.573876
728.997215 41.099742
745.040634 578.109750
712.066686 280.857879
734.825609 784.883063
731.649002 48.115597
725.840833 258.698030
726.629818 256.627920
701.657911 285.025799
680.634117 244.599176
712.978695 292.738288
757.922773 273.131396
730.849329 40.560430
727.641812 568.539355
724.767902 267.614405
706.545401 780.847923
731.281664 579.417891
734.831220 30.040663
735.120740 64.395217
731.402304 213.004991
755.330832 234.937296
733.191467 242.300464
731.030347 237.486868
749.003312 240.525088
743.332367 241.520132
734.679351 252.832903
723.918860 56.081752
747.772130 793.583307
736.042034 584.916890
728.642759 218.653546
726.113310 47.869880
727.044977 48.533539
739.332610 61.267658
730.036809 48.341000
713.079480 100.288531
733.557680 217.828225
733.280861 177.914924
745.777891 198.603750
758.989290 229.526156
740.923767 183.907504
743.301390 196.906281
724.581019 195.382836
747.394064 230.152053
739.663276 791.424487
730.617288 575.352430
745.135599 69.980376
728.613879 177.747483
730.924894 69.426566
736.696283 57.729599
728.335529 70.516978
738.800213 82.992165
747.512465 95.452784
734.531421 79.816609
739.131263 129.710371
731.963913 104.177354
748.653774 105.261130
747.442513 113.855155
723.648578 112.265283
723.409734 142.188643
737.503241 124.479277
738.531267 119.519901
730.941326 138.604194
767.017377 146.412343
746.846549 146.682818
724.525114 126.566251
735.810438 128.664695
737.414540 146.005284
750.579395 155.383093
714.117749 174.778784
744.935936 166.192413
713.001276 192.771522
727.085882 172.586607
720.058693 185.456170
754.108292 188.292241
736.387459 787.368057
712.226782 614.349173
749.279499 807.760928
748.651876 598.427709
732.218644 590.273381
741.951578 759.783435
753.293697 606.147244
723.509968 764.403053
759.747916 587.903614
766.405325 776.740037
752.943816 618.611160
776.199976 755.617281
784.960388 607.665877
762.481074 788.968507
774.507882 581.966660
748.306881 607.507703
783.335571 771.603159
769.793982 604.907072
749.795946 753.383431
765.544950 624.600214
773.113611 796.238217
772.305280 607.545303
766.419315 800.698266
778.312366 623.395135
754.574287 788.764957
798.364865 606.900875
790.609058 796.204414
797.175046 641.500667
805.989351 814.771681
790.266126 637.315886
783.912752 798.441737
785.000284 609.806983
753.699508 637.231575
810.712428 783.821243
789.592867 649.907078
766.365358 756.806207
786.299901 636.508473
776.991286 771.280558
801.925217 639.863426
810.137041 767.271612
803.491510 675.280280
801.428345 799.264206
837.389639 657.980912
818.298615 776.026052
790.887228 649.234745
810.262702 664.808366
824.347282 781.280595
843.671809 651.987463
853.982791 813.701166
818.335505 673.716516
799.973072 777.201783
846.754515 653.370694
830.899118 780.711931
824.583953 663.838981
821.982816 801.546144
862.638562 690.251491
860.517313 800.436502
844.478311 665.263436
817.191298 801.033252
836.501238 690.085644
849.680208 793.089770
844.322384 672.569812
853.748159 795.175295
859.443589 667.909394
857.414380 670.504908
861.441418 775.766079
857.585616 679.457251
860.520431 778.430105
869.793452 680.213592
853.390874 803.996098
893.927195 673.759443
892.836203 776.100578
851.783854 670.338466
856.367092 722.548046
892.250933 791.570163
860.081221 692.470897
870.756644 771.281791
888.689154 690.458776
881.376296 761.802960
887.979128 710.902234
887.955267 799.918273
893.787301 696.760203
878.672984 800.223363
887.866456 684.018484
895.584797 722.268176
914.122706 809.627434
894.127472 731.406534
908.231479 780.943272
885.249659 710.193873
897.198020 773.024438
906.509999 732.124704
901.117254 794.992954
900.619559 740.567988
901.296469 797.430672
907.679840 725.234844
922.192450 729.921066
896.783478 786.450549
892.386533 741.710119
911.448982 785.770090
894.082050 755.347453
942.499036 787.076974
933.923738 723.519323
948.050760 787.637205
915.424565 761.516636
920.665918 751.128865
945.963839 771.814307
900.429082 779.271594
921.644056 766.449419
941.057143 764.617350
914.447294 773.590466
945.655315 765.026535
941.892788 771.068588
937.935635 774.521019
938.950311 771.003391
