11.239159 381.044910
20.376977 355.468665
26.799706 388.480999
26.132718 370.911074
13.839822 369.059738
19.812180 331.359665
30.154499 383.494377
35.212250 353.020832
26.729102 391.434775
43.880228 379.908782
44.061722 404.933780
44.019820 360.757264
39.895413 389.531587
36.846480 394.143089
55.352632 398.162309
36.904715 339.248632
38.952082 415.497850
46.885761 362.584706
41.053628 365.178031
45.881559 364.353449
57.810872 378.159378
56.532234 335.995150
54.557609 357.216836
53.994697 330.990093
49.573363 358.280867
57.859004 369.771557
67.079251 359.224350
50.899955 600.351519
70.300958 623.074906
55.208353 593.743705
69.394993 335.113041
51.870699 370.241212
65.716451 595.198349
68.744889 566.583201
76.018267 603.065036
58.358837 623.267722
68.584673 345.944187
76.139615 568.033743
72.485490 553.275510
60.693155 579.610224
76.635334 599.608912
64.186594 682.977886
71.659050 571.916764
49.165589 591.438379
66.597208 589.973213
63.300048 419.975921
86.851229 569.217898
73.482557 582.012849
57.658662 641.911956
59.796394 327.750819
75.380877 540.327360
67.519298 612.946581
68.536672 666.142047
80.862826 667.063679
86.256938 293.750889
70.832260 554.871112
74.820490 533.769747
63.604261 556.977633
68.120045 585.992593
75.098784 647.814582
83.238851 630.772203
64.895508 641.067087
63.615323 390.807904
77.522112 562.773934
73.672456 545.450726
83.231686 676.772231
85.644249 696.854580
79.279720 330.267001
92.774186 515.119351
84.309414 646.065681
87.545320 650.698932
76.929791 642.725626
63.752697 328.761753
91.786248 400.587724
96.569123 510.394520
85.402054 513.164762
82.083101 659.775192
79.671988 657.000149
85.614885 659.502773
75.216098 303.065472
83.717808 368.979104
72.933098 527.728778
72.510847 318.018153
92.556476 497.029260
94.139146 650.387917
87.072428 668.565412
82.942480 662.469794
95.485467 384.406368
86.679943 303.335802
94.080234 496.751908
106.782372 681.462788
84.448184 690.488766
91.963551 699.719483
99.667732 252.318762
89.597607 277.166869
95.044112 292.311931
93.222795 505.306558
84.103330 369.017402
110.242056 678.083198
99.155775 677.053601
94.362437 691.027528
92.689852 222.049017
101.078956 241.992800
91.444076 274.848602
98.399621 536.353635
85.506690 147.938877
78.235342 175.851831
89.876719 151.992977
88.341203 171.107789
97.603319 309.587850
87.975072 515.707870
98.629290 689.568150
79.877707 718.489750
85.268938 738.231482
99.025135 756.983883
97.304733 348.879321
96.509126 698.637940
85.605583 575.402342
96.151824 548.827750
97.649517 551.714179
101.261706 559.921987
113.100309 576.429444
89.948411 557.438653
95.765976 247.963503
94.773324 237.880565
90.852018 750.242198
102.502156 163.699176
84.799044 181.676485
103.555205 271.996543
97.917268 341.457158
98.126102 503.727512
104.150685 704.855170
105.077084 675.382026
102.601108 262.963698
97.180712 707.490343
98.394373 174.567221
85.375830 200.787982
98.276349 539.199800
93.661373 595.891134
126.007448 755.533582
99.161518 239.557232
98.312344 335.465872
99.759856 521.113443
90.795860 543.997810
109.071434 580.096384
106.403178 569.968909
105.120663 612.648284
96.599970 606.557076
109.362794 590.015015
105.741743 614.953802
104.729513 751.788770
85.240756 174.573085
100.618824 483.126938
107.633334 278.195980
104.493901 583.536412
91.742021 731.344966
127.528284 111.367702
112.570200 82.197746
103.631582 208.119456
106.193653 216.207303
99.982347 246.299084
105.311226 263.840540
106.958729 495.612509
123.886253 755.747907
107.862031 251.386925
106.744915 358.308348
102.169543 522.879162
102.184340 743.253031
113.595290 150.028904
109.940869 356.577562
117.489002 494.719630
102.419572 500.229925
85.250974 637.648371
92.981097 647.615660
99.058415 590.402282
112.158413 730.883229
119.728529 85.825861
95.033765 160.470786
94.478674 184.460287
114.565743 192.156527
100.338171 204.489662
101.741522 265.247162
100.624656 494.010966
109.340483 759.476003
113.201251 202.984268
124.923157 187.806091
118.532785 182.366626
117.959971 213.451120
107.664654 225.061489
109.325655 269.718199
109.264215 757.633881
111.576569 371.517931
125.110081 529.555674
127.046353 611.780024
93.432818 317.727876
104.944146 516.078933
124.346994 625.686608
120.608217 608.322582
109.822493 633.515409
109.361914 92.790669
110.719241 150.712222
103.884943 177.552426
133.095472 478.361092
125.495975 188.604674
115.553422 176.919948
121.412870 772.819961
117.298131 123.767488
117.249468 321.264083
109.403577 465.151728
137.840518 495.156604
117.801466 613.975051
125.224653 89.031110
117.888943 159.093693
107.210226 333.350438
114.121890 490.784138
107.854957 529.972817
124.248946 637.541178
115.829669 656.700247
106.030257 621.104508
117.105708 724.697906
124.504092 162.467160
116.281026 450.545971
116.706867 108.182615
123.123163 154.021201
116.554473 340.004678
131.269635 476.112762
113.851204 661.384791
118.791328 308.068365
110.276300 488.937837
126.262404 640.329674
121.090702 751.400893
132.202950 101.830497
126.238714 661.823908
110.541145 458.969816
110.316883 100.654699
120.680196 112.789256
135.909163 163.941663
143.416571 177.035192
127.773775 476.206714
131.550431 751.725898
128.762814 315.283648
132.903618 316.044565
132.537743 528.475830
120.074290 665.846339
134.564363 662.733200
117.102209 479.145349
114.809661 676.358191
125.177136 81.774986
139.279974 111.939975
131.661886 176.480152
129.641467 759.905744
124.680135 128.236421
158.218465 149.248418
137.336600 794.641574
127.987506 806.101580
131.082663 285.065980
132.918213 471.184606
129.979313 478.893935
128.898879 283.655317
137.377694 453.069322
152.639509 668.945897
141.357137 675.992784
133.851705 68.039569
134.914120 94.871378
141.221155 686.612222
131.404047 746.446290
139.646149 152.885034
134.704471 771.508534
126.996990 802.922212
139.923080 15.349751
137.003058 50.702761
139.450524 68.131776
134.599587 132.513368
144.728817 133.737622
130.994489 139.498777
147.608502 464.788440
123.158075 755.646107
152.498734 769.521623
143.112582 6.071398
131.566222 262.269238
137.323964 464.180119
144.515845 284.136153
124.015904 459.569932
150.270478 659.258984
141.648728 681.366421
143.872313 674.050750
146.095961 819.348490
152.052333 56.691530
156.333017 81.251498
140.427645 430.314830
135.058763 780.856904
122.942467 759.616805
154.304636 14.445269
131.889134 44.440053
154.890427 58.337629
126.742705 288.996861
126.034183 261.512827
142.383645 669.181992
138.101722 801.282981
148.963727 53.386553
141.810577 47.039689
132.936792 61.167335
144.018392 694.086034
163.579140 30.822651
158.175255 67.005121
133.746023 87.076737
146.938224 265.815261
144.777903 774.698961
127.026643 23.825174
149.610279 264.053341
148.883279 699.205449
134.254861 716.004389
157.328613 40.593643
139.186727 764.778828
153.679491 245.686388
162.002113 238.936053
158.384331 667.197376
157.254010 48.826078
161.102380 687.699287
169.949159 784.056102
144.071727 261.653365
150.090240 735.869565
164.759280 7.763717
149.202489 728.033774
171.458695 814.562100
173.314347 261.095914
165.157634 806.819222
189.806697 47.543620
168.722045 244.815200
163.230506 709.405182
175.305751 721.846855
149.531381 792.144756
160.225539 801.888898
176.641402 781.001947
164.166696 818.015047
171.483089 11.647198
160.246911 258.333556
152.355146 39.780210
179.565743 53.141480
171.060743 737.207439
165.075244 238.415105
181.034253 787.810542
163.802799 -7.007575
165.568252 729.033210
167.330811 36.961847
182.566775 77.342056
170.661613 32.387766
181.271708 229.546466
175.164965 781.889769
164.482776 25.911099
159.988660 707.392902
177.673016 28.862543
182.874095 17.155251
176.300373 21.696859
166.879607 37.943429
196.870398 222.137955
175.440705 811.869095
177.169032 735.489386
177.896716 39.251095
172.113274 237.090772
178.990424 804.045938
174.441198 758.265551
180.203332 34.263943
179.074985 189.319418
187.216216 743.936209
190.389354 761.090990
191.342457 842.745461
180.145590 840.815493
178.475683 48.619359
179.984272 229.099350
195.719186 731.482759
185.981106 795.257701
184.499886 798.663843
185.028992 828.573968
175.470100 769.186623
201.640537 818.142504
191.648351 831.945551
200.184337 39.873473
198.323126 747.465157
197.592848 178.845048
199.100622 822.359924
207.904649 29.052901
210.108886 741.761208
191.213395 205.505646
203.755361 811.778574
196.015408 822.980386
194.857602 34.708462
192.344166 722.054742
201.424535 205.276095
209.274483 850.861509
213.339247 67.133747
189.826136 752.645786
196.990992 212.194720
189.967077 809.837859
209.240609 67.682122
213.657989 792.157518
212.068443 220.198726
208.073979 800.139509
200.435424 45.188338
214.876763 756.803135
210.197376 156.981352
211.284307 809.803789
213.585274 20.653631
201.476699 742.582788
208.301326 420.680156
218.475181 409.510798
196.806584 411.143122
223.506782 394.981693
217.405196 407.366556
213.423484 415.339844
224.898538 806.717010
216.105318 207.820520
207.589578 18.227888
233.042999 394.080723
225.084354 742.092480
215.287254 352.683480
224.697791 825.962348
204.111577 208.692612
212.799290 366.358328
244.921466 396.930524
215.836372 349.662408
212.629081 366.431456
230.988969 375.687247
221.972161 360.424607
236.398328 371.603566
236.983979 414.350659
221.131854 406.798016
225.521762 425.282367
214.517718 426.775509
232.938416 796.593111
226.628051 836.235181
212.632539 853.589220
218.797725 39.119867
219.560498 755.845919
227.413504 427.525891
230.376121 217.811190
235.551619 350.511870
226.322218 813.925993
237.527779 40.074656
235.714389 295.386850
214.684317 321.216278
234.523151 360.820458
232.305191 424.329784
223.405411 773.097062
236.736230 797.018256
225.120644 813.729235
227.614403 809.320190
235.144618 818.210774
223.046222 209.762254
237.417438 30.537932
226.193097 350.595490
224.530517 297.848343
238.780798 315.483673
230.418554 460.426043
245.162730 462.213610
228.248039 773.065379
222.858479 811.924423
236.870070 188.734980
243.241423 8.474577
226.112841 460.391280
234.272668 341.396886
222.194467 759.916857
235.664890 813.225849
230.039097 193.067633
213.777611 310.629174
229.838858 309.627765
242.073608 450.740635
238.722047 31.924108
241.851486 768.191837
234.375019 795.037185
235.187156 192.030124
253.451380 306.045532
237.000527 208.264487
230.895972 219.817653
242.583014 301.951127
224.356343 447.911351
234.600160 446.892545
236.732494 45.923499
236.808136 749.641083
249.686984 799.994434
236.858405 460.962047
229.120585 213.100888
236.644817 285.084610
250.171204 20.540138
244.670046 257.266758
244.104779 279.537171
253.892181 443.082833
254.465199 766.247722
230.866903 813.623032
257.698959 177.136672
258.692909 11.140287
255.877295 290.425250
268.474901 813.302672
260.198248 289.879123
275.042721 474.553470
240.077730 736.157398
247.796634 191.693284
251.166542 42.095403
265.191138 816.423425
268.008377 264.122010
256.438258 498.368566
258.485591 736.892072
268.003999 1.269240
252.813784 212.348908
261.788118 250.449095
248.322556 249.572631
258.873278 797.460374
261.186010 850.039246
272.064515 822.419969
247.594236 507.147929
244.926149 191.221409
269.686046 155.371145
261.143605 178.626589
250.353172 207.130562
249.071960 756.417975
258.398493 805.475911
250.144194 -9.725782
252.477966 201.334218
240.516670 231.428529
254.550952 224.742710
258.911606 469.746438
267.240751 148.183696
266.824112 180.437890
257.094278 188.192627
261.209186 750.273831
272.733586 818.306201
251.501234 -11.541225
257.480239 204.934306
267.317920 212.921925
266.508725 247.988284
261.193067 510.950419
283.961908 212.274531
277.923672 233.354428
262.156593 163.029135
265.735451 494.586236
279.786818 734.310421
262.372298 811.898487
271.956453 4.822326
277.439161 198.408090
242.918578 188.860907
269.339424 824.805037
263.794003 833.358506
277.687122 820.504920
267.501653 222.904442
268.134977 194.203758
253.984255 204.917165
272.311410 202.559595
273.894596 494.779233
286.173280 715.074081
275.868379 11.945264
257.649998 800.478484
263.582757 14.969328
268.161445 9.288411
267.147300 4.876285
280.482665 158.769786
276.506129 202.165954
267.122364 499.219452
273.834927 725.025199
279.816161 195.083439
289.765065 216.085303
284.235106 498.795142
280.294688 513.341955
278.555021 799.954416
281.325904 16.036119
270.213831 118.763832
273.057943 699.363911
275.497400 46.395823
278.793964 236.417053
272.966135 520.560758
280.845603 788.066648
270.194375 126.987187
277.047652 186.415554
287.013891 170.423274
277.985005 145.710212
285.287814 170.861642
273.712916 187.113146
289.660266 181.487322
279.219187 191.393474
275.742963 194.828383
267.221988 494.866064
276.071980 704.725870
296.646661 6.783079
285.134631 796.951271
289.300417 518.958403
287.546443 706.630860
279.182252 678.442989
303.264468 31.159518
303.719877 796.133267
275.316307 810.515349
292.232044 819.764832
286.722670 526.624100
274.387408 709.222093
278.578273 37.228771
281.353761 771.717682
288.117560 767.318593
277.460153 513.583548
278.064222 788.400654
305.990060 766.401982
296.184108 800.805706
312.666519 704.202577
302.183578 41.232604
299.017712 772.582430
296.203280 527.246841
283.216094 566.164442
296.969255 666.805096
295.306290 762.918727
285.438592 39.799819
295.830915 58.615534
288.119598 45.014827
323.333970 -2.806526
305.892025 59.736467
301.168638 541.824460
298.512677 519.791935
300.981491 542.252560
298.260204 712.608264
318.870277 710.466680
295.913372 809.249484
298.623322 49.308134
302.562954 29.556425
306.770341 -4.645050
310.213170 44.669248
296.187309 526.455036
306.981072 679.765780
308.218140 804.076165
294.111106 38.115053
307.117865 517.764782
295.825240 547.026885
308.894659 693.614005
310.722949 719.580088
308.322881 792.400426
320.438242 796.735063
311.478093 803.449542
304.145083 811.194762
307.329386 50.858936
301.077970 527.267433
312.253244 672.370996
320.716872 543.182245
311.243475 563.125928
329.548463 566.040480
303.552461 670.494800
301.016222 665.679406
324.058462 783.360991
318.759242 35.929508
305.246954 571.058917
302.089040 680.645989
319.145836 552.216369
307.437774 535.272104
317.824081 566.960378
307.065219 577.427119
303.033176 592.940563
322.989353 596.908150
327.774959 587.423841
319.361885 635.464949
326.692451 682.275716
306.561675 660.344869
298.569994 757.596693
294.656293 54.628720
292.731503 607.426146
328.443612 644.060142
327.823850 775.928498
316.353293 32.205085
330.629533 565.622127
303.188771 613.277817
311.258862 634.993634
322.686887 635.111800
319.262909 621.149764
334.511954 637.781040
331.424951 624.115090
311.721605 602.673271
319.621125 618.775683
331.488426 628.741674
302.117401 644.819443
308.643507 789.462988
324.600680 26.687795
340.733891 772.024355
322.977556 21.191808
321.789028 782.708961
331.756637 54.548429
324.016167 789.970192
336.432662 50.112023
332.627841 787.822155
333.828649 29.987060
351.479491 66.623532
336.974310 57.139663
344.877080 66.169515
344.561858 62.905710
346.371008 79.725242
351.289028 38.052580
351.510131 748.048327
337.098913 37.807883
323.727826 60.331965
348.335826 735.482439
332.269606 742.874225
328.508929 742.785875
348.727247 740.964310
344.126178 726.241961
352.259455 743.180628
348.350119 55.314985
354.426237 717.931630
353.728488 750.610990
355.283516 783.407378
338.505695 87.769857
360.218101 747.966792
340.598119 769.394431
371.069152 775.267487
347.066446 63.213378
365.121849 728.199020
345.628818 734.083192
364.296502 775.729542
346.191453 774.407830
356.393310 47.431221
342.520964 756.065657
356.894334 714.602784
365.338282 54.222372
345.525742 760.034555
367.689662 68.386324
370.492557 104.451833
369.927988 119.259859
364.931641 721.979733
367.927882 728.774499
360.155253 711.817227
369.509410 713.980934
362.938569 734.652845
376.532807 720.831958
351.248644 708.332122
369.957426 51.580146
365.989426 97.366159
359.225847 109.084751
376.081578 686.264854
376.095399 62.605321
380.937968 99.076161
384.573111 74.246236
375.861984 709.143125
356.694679 80.481282
380.927573 98.683948
367.641647 71.539871
384.783183 685.072082
392.848213 42.289283
366.524021 72.568825
377.929281 59.206328
408.655789 699.569608
383.283143 682.660524
396.545194 696.079649
403.672646 647.680130
385.806207 116.671864
377.623092 672.485787
383.478569 633.101977
387.426885 694.624626
394.264156 671.732006
379.699702 690.720108
391.136356 74.969524
399.928409 711.243629
385.366473 678.836833
376.938307 127.183632
405.280868 131.765205
397.977776 657.668634
390.006542 638.741948
401.710570 638.045984
397.221900 623.368583
404.281233 83.453282
374.276305 646.308399
390.631365 114.392342
394.975622 672.307819
398.566992 723.574486
416.331386 92.523673
407.637407 630.548277
403.431264 670.207867
377.394704 75.944198
394.226783 146.702480
384.369624 620.273443
392.049863 682.149940
376.971739 131.736924
392.050031 121.871314
405.852969 639.471897
408.269183 122.064794
395.515701 140.515659
401.683774 465.835292
404.187898 488.594634
395.060235 501.115092
396.206742 510.750141
387.077629 526.137917
397.392576 599.119316
400.298415 97.668958
390.997689 484.135907
405.648754 606.490460
403.792164 620.937851
405.529088 130.028093
414.675007 151.431782
406.538080 602.139022
400.726514 470.683319
404.582877 516.432730
417.744625 624.798847
417.102540 61.175409
399.510688 499.829063
412.141313 553.482397
413.271657 544.777239
406.997139 644.685481
415.859193 128.798012
390.865803 170.676365
411.732815 600.977127
388.034223 124.521886
415.175063 478.033359
416.361359 510.328998
396.162807 621.052553
412.549348 527.755381
400.307030 530.528178
425.718064 544.534977
410.571316 557.073387
417.087953 564.962970
412.500822 553.983686
404.180400 582.182303
423.997076 614.712477
404.804954 129.290136
412.053096 162.152197
418.575947 180.336713
426.052076 181.662132
416.318134 169.698260
415.340388 89.589955
402.157247 152.417198
414.345417 592.884696
402.279454 154.017272
433.060845 456.229710
418.270516 520.840091
421.964167 523.530490
403.704492 510.852241
418.319294 603.175517
405.182846 503.962213
419.803680 538.304984
443.999600 545.589197
418.510928 562.525949
405.050133 646.785542
421.173995 110.518788
408.219628 157.005965
419.194166 95.850791
414.731908 177.693943
418.185299 559.780909
404.184631 586.863099
398.623559 465.947914
414.089926 507.574196
421.451412 507.500424
429.106350 517.368113
419.204200 573.093193
419.019077 596.423419
424.136462 612.123503
438.041450 102.969354
427.455596 515.253593
424.406982 545.984579
416.833671 616.044466
409.085545 140.558854
399.876427 193.373291
424.236902 599.462319
432.419109 86.415821
416.016546 197.436041
421.111606 242.380042
423.960110 209.297444
422.055463 266.156867
427.883483 232.173521
432.938676 255.828990
454.271833 266.947310
426.745396 484.966383
421.896157 503.520123
430.570394 509.384292
427.437703 527.896072
429.734291 540.705035
416.716714 575.309499
404.742992 611.046096
412.711824 136.370664
420.190074 206.320679
425.087598 517.727908
438.170709 129.701756
423.882221 216.221338
432.188891 256.892478
432.299342 193.260184
417.246687 574.909802
429.625728 241.617149
417.894054 485.003802
410.318054 487.016571
421.947592 523.146997
422.816567 585.794630
424.958699 186.218966
440.255157 255.737110
435.903599 304.706505
427.309393 303.278228
437.779436 327.499862
422.755736 513.299794
434.605771 236.450319
420.547427 293.380250
427.559912 316.513017
431.377884 167.542974
429.165841 457.927474
443.164668 555.529603
438.841347 624.229646
423.942240 276.926267
426.371636 247.243573
433.791854 268.208942
436.999742 324.576870
438.447043 539.617465
427.994963 241.164948
432.313140 220.836483
432.488857 326.589307
414.464796 343.523510
414.628131 591.883812
411.683811 181.363376
424.828544 337.110895
420.338811 494.581612
428.575506 210.175223
430.163450 289.949403
436.004172 317.653628
448.594350 482.924720
439.371973 487.294315
434.734291 487.713682
442.785718 211.446914
414.233739 339.804542
428.823622 221.764531
423.289599 306.752910
453.189508 505.251502
451.906544 339.759435
446.576688 193.129209
458.323142 271.285971
456.378682 323.762090
453.097155 490.218143
430.967020 173.213312
434.823190 283.422959
457.933570 281.315405
443.014575 306.758922
433.172956 206.846187
440.633406 327.997086
457.457755 538.135340
431.163041 531.311497
453.905101 217.502116
446.022557 305.182392
450.798660 308.248668
456.084224 198.473216
452.689914 363.046330
446.574704 514.108786
450.479379 324.124846
448.649016 318.934508
459.111097 494.841419
448.584796 258.393658
452.046045 374.980250
460.580868 365.266976
465.086725 501.023534
458.183221 352.184205
469.488639 516.449650
447.561677 323.097951
463.251953 480.659211
482.936261 484.382247
459.055197 497.900240
457.944841 510.923561
457.031363 471.744562
466.983261 538.702648
457.315874 360.997255
466.090789 456.293647
468.055756 381.926862
469.537251 345.839030
466.354803 362.906732
471.276616 358.464580
467.751427 496.681042
463.704286 474.203588
474.884895 545.827814
481.669688 399.315517
466.011241 515.051696
481.371304 515.019762
480.925965 429.858284
457.739667 385.570796
475.258821 400.875991
472.391110 402.647367
469.092099 383.380151
475.318679 379.037316
478.936973 372.299597
475.600315 417.062046
488.847831 438.067321
491.474372 427.222019
471.883974 427.623359
487.852015 444.954341
470.218898 442.719760
478.127680 451.839280
478.544474 430.258399
458.558626 430.454761
477.401376 431.960448
463.732807 455.214653
475.310785 470.675014
461.110763 529.879157
461.684827 535.025741
488.791142 510.024293
481.187118 518.541327
475.708600 510.069153
481.636172 501.034611
479.380505 514.871082
469.985860 522.773765
498.458212 532.422140
