58.851296 493.367460
74.877888 502.629711
44.945449 521.596109
57.235307 504.224732
71.929971 515.130040
56.258019 488.328905
77.473662 497.822546
46.209245 478.098355
56.308380 475.937637
53.914654 479.416940
84.645881 486.474091
60.079005 503.914203
59.069947 489.237729
60.792869 509.271209
63.759006 537.729285
58.054895 520.231180
70.416613 467.765899
66.719917 525.551177
55.302628 532.208701
67.041588 430.142088
70.202619 537.667571
102.925251 462.425248
93.142031 542.736949
81.531848 444.461443
84.386602 546.431354
82.788061 563.789775
85.016567 451.882283
69.805539 530.916070
104.989913 425.862129
78.544823 548.482714
90.949207 460.301876
97.313356 560.700249
107.195121 420.675832
87.520085 531.325202
105.854683 430.181031
111.357103 546.933599
88.039075 460.470088
114.802074 548.566329
90.863276 416.484827
131.362135 548.984667
105.058295 407.912668
114.773500 538.702874
89.181610 436.525081
121.640452 542.362514
112.284936 441.085782
125.730655 531.337448
119.243275 412.894266
121.029825 544.615098
140.873224 424.415722
121.388916 546.909416
117.293811 417.845858
129.500802 535.525902
144.286328 428.994130
140.233242 534.492374
135.188777 432.659166
135.196381 527.003581
119.024499 419.756568
144.310742 527.201251
146.113871 424.626014
163.212201 531.866807
158.990725 434.074037
153.592293 555.694954
147.919086 409.060410
174.124336 529.504124
174.085476 564.259094
159.925508 414.843245
152.547696 513.466642
150.970068 584.442203
184.395775 559.808234
149.426620 527.061070
150.692120 559.850077
147.143797 563.475388
180.934733 586.191062
162.992679 593.977795
160.112283 416.882133
181.214665 551.673690
173.411443 555.377877
160.622181 584.176908
164.372334 592.491921
176.732398 606.770945
166.417044 604.918006
172.665357 606.680326
161.579133 609.472700
147.870263 598.079839
169.274646 616.117183
156.185216 625.231570
180.461420 620.830744
171.572123 648.566971
163.682069 407.574580
167.195806 590.251071
152.955192 591.343410
164.766414 647.166786
172.510035 198.143300
179.072076 212.589355
155.798510 204.658902
168.727845 203.001452
151.704423 224.605188
201.015077 207.546810
169.138149 225.343648
170.804286 234.971945
183.518944 224.463606
159.724404 426.764178
162.821036 639.992989
179.688506 184.865796
169.112727 222.944534
178.084356 411.083948
172.546764 188.956559
176.759826 655.653579
160.021049 212.962186
174.847886 434.898901
176.702753 172.631711
181.661327 649.981497
185.338781 409.679610
194.058872 230.908417
181.331633 198.238494
181.370806 629.424032
180.414815 412.945151
196.994587 647.127307
188.257110 649.469226
185.561516 658.106018
191.583260 642.600412
177.357177 674.627215
171.759074 681.693864
166.650685 175.559025
179.967155 229.976935
196.651579 414.697263
197.106085 667.861044
194.220456 164.088332
163.692947 222.474176
203.754131 439.206551
187.561205 673.309318
173.965475 152.851539
178.762942 200.809912
194.161597 431.787749
197.692883 661.845695
212.250938 183.320242
188.473814 227.161590
192.831824 412.602754
212.899716 695.786925
198.726320 151.476069
204.544640 216.133597
199.874124 412.621364
208.237022 389.722450
224.918598 381.893886
199.121599 672.140198
210.571917 167.499587
209.520933 229.601294
224.770481 392.421604
215.725830 400.829430
223.639161 377.412974
233.776607 655.595797
217.256927 145.966044
209.008534 145.429744
185.436633 151.836599
221.331972 174.721359
201.695501 157.467587
212.323983 176.397889
210.798965 236.028606
195.644891 357.110412
222.483965 380.235216
199.032653 667.043547
219.577681 137.329193
228.038723 242.176799
218.010791 374.286219
215.081381 354.841387
212.969314 683.104348
209.280504 137.220259
229.360745 221.491098
215.887937 353.744203
234.328958 659.548035
216.534243 138.526543
247.533614 230.458409
234.336362 358.628516
231.812647 679.743563
218.699761 148.163609
221.783802 337.768337
227.586733 341.731842
250.448802 358.216838
238.845129 344.614327
222.002068 212.870418
242.823966 673.605472
229.420335 121.400214
208.631341 326.925397
249.983106 221.823567
212.239980 328.179180
239.496836 678.824548
248.699900 140.714556
224.858040 221.058188
217.518392 339.241043
240.919482 674.762590
237.719240 126.663346
254.536545 260.023090
247.397783 315.690493
255.029423 668.377569
254.653601 127.858786
228.741309 323.998998
237.518140 222.926551
248.838798 698.690855
241.501192 127.061531
263.047747 305.544316
261.028718 689.118626
236.728456 714.343712
260.939143 747.054586
236.762031 218.024788
265.837765 134.409314
247.375591 308.646996
245.503530 739.039600
254.439595 671.763529
259.879247 766.907767
261.499106 220.981496
237.436692 287.309598
261.159233 717.771525
240.084915 697.019356
244.141229 726.475821
255.440361 728.695835
222.298824 769.124402
261.429323 753.965602
285.613537 762.112018
232.976275 782.097828
262.290921 778.657869
240.324780 803.703896
255.283359 136.937721
257.385763 707.847251
259.033428 230.297031
274.771748 329.693581
235.403550 711.782821
260.111449 762.708924
275.592356 766.248300
257.224117 789.261146
242.458058 696.865599
270.277655 131.947082
255.281388 233.560490
265.317057 289.651035
266.510462 725.338839
265.447034 783.415061
274.683715 697.217877
257.072536 127.947884
239.406290 292.184830
273.734990 713.792250
247.565681 214.520735
250.762199 808.636226
257.789308 695.109683
256.720982 129.633814
254.520709 301.378168
238.556652 697.583123
252.594555 690.768708
279.199813 801.481032
245.483340 212.905619
263.669227 683.744109
277.318622 132.930814
258.125835 282.794314
265.976627 193.839007
308.481195 683.101673
265.217245 794.815278
262.900665 262.450990
271.452231 284.425760
278.972431 264.835359
270.552358 116.749189
254.954876 186.464099
284.387108 777.482321
259.341803 266.906999
282.008779 105.747439
289.479373 814.778904
269.303116 215.605041
272.273212 268.216788
276.149229 103.159706
284.290346 797.766516
262.511291 202.491906
277.274455 246.146742
294.314135 128.371706
272.988537 790.984647
276.551798 197.748933
274.161969 265.231658
301.213071 802.704025
283.960716 806.423349
277.854730 107.372072
284.230645 194.634888
302.859280 254.972538
296.059498 803.819911
293.749417 104.447903
299.557221 253.624319
296.221166 819.445691
288.411514 819.682685
297.118316 224.481388
266.841275 93.716932
299.523089 247.109275
303.910492 832.531941
286.064798 186.817083
316.923342 112.199466
278.991440 217.016732
303.022949 812.050244
317.492296 196.377986
319.219568 88.365169
286.454369 247.353948
303.280104 818.959616
319.357224 207.043121
319.050144 98.249888
315.438480 254.326336
304.401716 816.993194
316.925520 200.036779
319.062744 110.077729
317.485973 225.385302
301.690102 828.020045
297.519392 192.423866
318.284781 102.859637
318.960399 248.014611
320.239023 832.699124
322.358571 206.579712
326.413986 121.855411
308.343278 227.129241
309.723091 816.112359
307.756811 194.931783
329.773531 90.109738
293.873375 252.896999
324.999372 819.015112
327.590425 206.426069
318.406299 126.450485
337.350321 250.157634
345.250362 806.852224
327.675591 794.640761
335.672102 186.684555
331.067555 100.730714
315.920969 211.749247
341.790962 237.325698
331.511476 789.355299
334.723855 194.877318
326.505862 93.292662
328.989713 222.367438
342.004255 773.580777
315.198657 202.217008
328.638051 77.538778
336.532675 214.480333
343.520100 787.218686
333.698383 179.240127
322.210863 113.411866
346.241462 230.488329
354.150552 809.134827
334.684444 201.806089
343.798224 97.805516
344.482376 214.033920
345.832898 789.017806
334.358533 197.938748
356.230610 784.550484
362.613572 116.220967
355.591065 227.182708
346.028352 197.252966
344.093172 794.721867
358.228224 93.273830
388.599861 213.334129
375.639204 199.962089
345.302869 765.179147
358.838174 95.918632
366.842019 240.121271
346.887042 202.286975
356.742013 757.214387
353.315219 60.730756
353.606999 209.621943
358.525176 194.285043
369.507555 768.421019
364.230384 81.752625
361.331205 227.678269
362.408502 192.528749
358.280428 737.447710
359.018714 764.021901
370.295888 739.345197
370.071380 744.460130
361.552630 754.585664
376.617335 78.223817
362.267569 210.819221
373.210094 182.062665
380.272198 762.469924
367.891198 729.064052
391.591168 725.402973
377.125494 728.584125
369.898539 746.103395
359.812213 752.729432
382.131899 740.100633
363.217413 84.416025
369.873724 209.490542
355.729250 188.912364
377.897045 717.438662
391.941886 702.198084
363.174838 62.079432
358.502344 194.946405
395.178668 176.540302
379.354949 709.967044
368.152576 84.136381
401.814390 221.021660
358.521400 189.422087
377.090778 694.658984
379.299223 104.624366
383.181805 205.618390
401.650792 173.212854
394.555926 704.284043
389.006814 98.282144
381.319676 211.074437
407.425495 207.736734
391.719106 700.913732
392.509082 66.275848
386.045251 181.591686
399.629079 186.326844
405.245745 700.801509
405.380031 77.822419
409.427818 202.794374
403.689849 199.341001
423.359131 715.441251
394.971756 86.802613
388.199539 211.047245
393.726528 170.790650
400.862805 90.776128
405.437012 703.007868
404.025598 208.809790
406.428230 192.062065
394.068246 90.569388
407.431559 702.405836
424.207353 181.576600
404.251474 172.947275
404.161034 92.257379
412.292748 698.974642
426.833638 173.447994
413.283047 183.388964
411.929003 83.947069
427.594652 702.738779
427.273558 171.403324
412.475503 206.360778
437.083629 51.952097
416.132202 716.150920
427.012964 76.532562
413.029870 701.238219
430.377239 77.166190
439.874517 702.519996
425.969929 91.438828
425.801054 694.685876
449.061104 85.576724
441.500835 719.261022
442.499597 83.174748
434.997163 689.332868
438.424909 78.320514
457.832408 702.242284
439.564362 80.173682
456.941604 693.119418
451.977707 70.994750
451.883664 682.779654
450.385459 79.380101
456.482530 690.165509
465.483498 94.880062
449.541273 696.219316
450.510829 98.261503
457.214124 722.531087
458.484390 81.088630
466.974518 706.682910
488.643615 75.029613
466.088721 683.095226
460.088650 82.816878
482.997135 683.499312
468.229026 75.454768
485.067776 693.036011
504.972560 68.070695
480.138575 673.956274
493.902735 90.413086
480.277628 689.691280
489.626186 90.689688
475.365091 686.553898
490.678305 80.063516
468.573240 110.118997
487.482258 685.295100
480.290954 92.494191
511.306637 684.920888
502.249078 121.553163
499.812288 697.448069
508.204984 95.144430
498.390062 689.910050
515.895390 111.372729
495.116618 678.053907
520.607292 89.912276
526.257171 662.529895
520.446545 103.780999
534.914543 689.365799
532.092249 111.730619
524.328867 118.025913
531.635341 675.535991
519.387530 98.180074
537.072503 121.436146
527.637055 670.792198
540.846952 125.753803
534.576110 660.856327
558.990862 116.896242
537.307492 670.070053
551.237842 117.898863
527.382402 661.776256
555.917845 103.297908
533.540611 634.516705
538.172148 122.684903
535.326504 679.851247
573.740115 116.660850
575.279628 668.805751
558.046121 116.281909
553.990388 652.326899
539.582764 129.434284
565.034668 125.837375
546.813698 121.299898
541.515986 657.133344
564.362762 145.211449
548.807246 130.837950
548.216927 644.533535
568.462478 137.039207
570.863390 664.571967
551.627688 131.274184
577.683354 147.797262
568.921764 158.576541
562.069832 164.102079
578.883072 170.787720
565.517857 640.733881
574.397573 169.069422
585.021630 667.554599
576.633523 150.533593
591.672387 170.653069
571.132022 163.831490
582.002518 168.576357
573.886750 192.623740
557.118234 182.148781
575.879210 188.739901
582.839023 185.497248
579.173932 211.051964
561.799512 209.008466
564.027580 209.126571
578.805021 193.737336
575.372075 227.098599
557.568961 643.652579
565.484868 231.516475
595.666091 653.645750
589.217593 193.098589
587.668640 627.605014
582.710640 222.055162
603.119763 249.479590
580.601527 633.560883
586.536143 658.754083
607.077387 685.249135
570.661991 705.269535
592.248344 690.975439
583.522231 691.452688
599.897957 716.580692
588.626168 716.395152
603.344374 712.163149
595.393099 730.363196
584.917428 721.746841
589.623599 712.071982
601.895170 219.728804
590.544284 629.841078
579.072753 749.900044
602.912318 694.930778
608.267756 675.814595
601.828270 730.564871
602.174951 746.814073
602.850642 230.452656
611.319257 661.100230
607.774976 239.470353
591.768295 675.538779
600.977651 718.961772
607.779993 623.613505
612.208106 247.410274
612.119633 697.537723
609.593741 736.209860
594.732768 631.496499
620.384620 668.803958
632.497887 230.977285
608.566257 754.546907
606.262549 610.351350
603.861880 677.934603
617.219938 746.554561
632.926403 231.947765
616.479825 617.606328
618.089337 608.483154
627.081980 664.227836
612.125528 737.313289
622.144316 239.473634
608.227771 645.008259
628.714703 641.653184
620.436978 650.564447
609.383048 599.018098
610.633887 618.061946
612.522867 708.518930
607.222265 224.155561
651.044671 644.803690
625.657408 605.116126
629.696764 739.724487
598.374256 235.202006
624.514794 643.243251
616.403987 593.062655
608.075784 601.724051
639.857380 722.479287
632.491984 213.103354
640.532984 595.198760
631.946950 613.195676
627.940068 600.325174
657.776037 604.998277
618.810040 722.866933
620.064518 199.422282
630.427520 580.022622
632.641159 576.995519
644.531847 594.550513
638.838385 741.981044
639.647728 220.673533
625.797084 599.239199
642.948875 565.438530
634.079063 585.453050
628.623466 718.608591
648.192131 223.320999
652.220151 599.306637
645.910236 580.155737
645.605481 568.313376
622.221875 558.947745
651.093837 725.240938
653.579075 192.988497
643.690796 584.832187
623.230853 575.261377
654.647859 572.853506
662.268292 742.814005
645.332293 228.397024
641.612121 549.352488
655.729146 574.866261
658.125189 195.754743
645.091272 195.798728
650.988748 740.745953
656.299820 544.608904
653.523520 559.078669
633.942852 211.950051
690.413045 736.853200
653.303598 565.060401
665.874030 547.201929
669.417217 556.401292
658.230914 213.399712
657.165341 728.358278
645.039810 543.837010
662.204230 572.111868
659.473358 206.032412
658.852068 513.030388
656.390732 726.012772
659.694621 562.696878
675.606631 212.089555
676.282570 553.424555
640.153509 540.315788
634.541970 725.615503
685.102699 181.575186
668.527937 551.417707
666.483962 549.881282
673.826435 525.270949
668.899836 539.024404
669.266301 543.720869
675.385351 703.591995
671.065594 185.443284
675.811972 704.575634
676.543238 205.035825
692.951976 727.874560
678.969403 210.637027
667.211230 707.255444
699.023285 187.705810
698.277546 714.426656
690.828318 183.751488
678.821188 694.890037
696.067893 191.593049
687.531955 685.074998
700.787580 166.692865
707.088388 683.979279
700.531900 188.052360
712.006024 707.564091
689.231970 182.367121
711.224281 692.295991
710.143065 185.813046
699.922152 681.327849
697.217358 185.478041
689.339515 338.209970
719.129723 365.197282
720.713340 370.970273
702.736943 365.919392
712.246008 356.271806
695.844812 369.568889
697.096958 361.343636
707.802069 384.966070
710.675102 382.439371
714.213377 401.201865
715.491993 382.273796
723.678735 390.310712
701.801608 692.050840
716.407828 401.958992
687.324668 208.404041
736.665811 341.222830
736.654642 696.595423
710.430841 334.945377
711.816899 428.252789
719.796478 175.572346
712.437947 685.619508
726.734636 329.711509
711.725911 414.223821
733.156464 203.196166
731.077502 349.490060
730.616709 671.910195
734.410698 389.197168
708.065113 162.704029
708.625743 338.768250
735.935816 336.406717
719.696449 662.961071
740.989062 411.725609
720.795661 187.088864
717.503870 300.854453
749.874890 679.479941
738.907231 320.919057
722.413144 394.736508
730.903410 666.970990
724.038909 171.432552
738.690245 301.876080
722.323165 392.782269
752.731275 674.656140
721.672509 169.312455
756.697071 320.462221
718.538293 397.505762
756.847211 665.487229
747.830110 665.851281
734.656183 171.630326
741.504813 405.011532
722.275809 310.927183
742.902376 666.042544
745.747715 200.650218
734.667876 309.176131
743.456759 384.474730
764.255426 651.288072
763.867533 188.949351
744.465350 303.684781
744.163364 382.318429
766.909631 648.240459
753.277559 171.768954
778.596063 324.105600
757.906549 378.617348
775.282946 665.068162
764.563528 181.738654
755.484197 305.762226
755.516280 372.058521
756.848003 646.807968
769.883850 160.266858
769.508339 616.891077
750.992289 306.323012
771.033829 385.041955
759.128907 172.362745
798.181546 637.197375
769.340113 293.651404
762.196611 321.063815
794.979827 302.608188
782.100706 626.365536
773.671611 385.087571
759.830237 168.493786
758.810494 283.894491
792.726002 626.979247
767.961807 260.462059
758.973491 622.993762
768.032096 402.228773
774.860034 181.192928
796.746741 296.642000
762.666799 601.623823
785.540646 403.355192
780.473952 166.332749
784.270001 269.698096
788.171530 604.611570
778.298507 390.559234
784.441319 169.742553
785.667926 290.470444
775.321890 255.237199
785.610826 567.511214
798.689899 594.225737
788.809124 609.744803
776.967864 161.529241
781.292609 388.366338
803.411891 286.958855
764.633117 584.542091
791.142301 568.541816
775.543349 161.292801
791.322079 376.862863
782.073035 274.903786
794.731736 578.892362
787.001771 186.419875
809.567790 237.020275
782.936610 257.366112
784.316920 250.058908
818.316936 232.961283
805.437893 263.162423
804.071066 390.002458
797.555981 405.818953
817.149485 558.263352
802.065375 169.255537
809.140891 217.780955
786.495356 415.725319
803.305041 579.849631
817.899097 165.275780
781.175370 236.274056
807.381483 409.798382
797.650066 585.822794
807.865164 589.566406
806.604503 187.739548
799.502388 234.744982
821.063095 403.751817
813.106853 201.453598
806.463394 555.541312
786.386185 190.996467
803.084745 202.304038
821.281705 197.663591
799.979683 225.573058
779.743412 202.891389
804.310488 215.775877
816.127412 218.408748
789.817785 227.287919
813.921324 235.564448
809.725723 544.179148
809.987786 546.324088
799.077734 410.472569
821.242704 413.279760
822.554139 559.249253
832.978222 421.368836
807.770449 527.555837
820.904584 533.241322
844.608496 514.268584
834.757850 550.127659
809.575779 515.162559
826.384009 418.113166
809.543275 506.902409
814.114242 419.966077
802.610101 483.290354
838.361200 503.563534
821.524571 508.038265
830.479049 494.436288
794.851160 513.062302
827.899836 514.807254
822.464242 431.989760
843.761225 483.188043
839.396955 406.833875
843.249233 429.221756
820.950758 427.948400
843.091414 445.121762
831.833113 454.818981
834.922849 489.099337
822.398535 425.655467
830.647280 480.250831
829.232117 434.662240
803.457756 440.004205
827.737756 458.704070
807.164282 459.215909
818.620472 458.059059
842.788260 440.174126
815.626068 475.756866
