72.895165 776.833740
51.787022 781.235012
61.897061 779.924925
76.834325 795.739712
68.864114 791.473120
53.893085 786.937651
88.828808 802.338915
83.213951 807.883421
74.535258 815.699113
79.859879 830.427328
64.053520 821.007782
75.244812 819.249925
52.218575 837.298497
74.368418 839.217596
67.071923 832.801029
68.787520 839.717491
93.367294 846.184531
83.737115 850.686631
53.203018 861.604272
86.375683 854.303511
79.676698 791.301846
94.145624 865.758565
81.410112 781.868494
64.093036 868.955660
94.546591 765.181245
81.657585 878.955407
62.873967 861.866429
63.561318 754.289769
104.466185 850.301850
86.913676 871.293128
70.929703 871.335272
92.301029 879.270394
100.436322 764.963741
81.602997 883.226470
74.048805 779.982696
91.197465 863.327719
100.101446 765.410376
97.614885 874.841747
110.786190 742.577661
90.980756 754.621852
107.652820 744.882541
105.307225 895.731974
104.590945 877.988759
97.829348 910.344021
86.375595 895.423539
91.726647 900.178297
78.450783 758.694945
118.969380 735.610579
111.181499 727.972765
102.647401 922.053678
121.131756 742.074618
111.667481 888.347839
116.750099 724.020519
105.376250 922.163521
101.605203 724.055023
108.878988 719.323799
125.484731 731.377602
125.351733 914.082882
97.383581 926.063350
99.491090 726.345739
121.793950 911.029634
137.867820 714.030043
122.441316 910.336169
130.696413 726.091498
135.961582 924.884084
141.937721 708.910948
113.346269 700.188887
137.808265 927.351347
140.903023 713.144513
145.545461 909.561316
140.798789 688.343011
140.349713 907.317850
127.180100 706.716495
157.978390 676.543570
121.755113 684.110452
173.494720 924.668383
131.434783 683.006106
150.577028 921.975463
167.096465 678.761851
157.867296 933.965863
160.438554 664.804271
134.886054 931.755996
180.773876 666.844105
152.617764 946.038549
151.196657 683.466111
179.632996 943.319831
184.220722 668.018550
164.211104 902.702450
145.315713 662.918332
166.648109 914.935372
174.109461 667.229605
186.056619 924.640021
176.636733 941.440913
183.915827 657.944260
175.697311 928.094046
176.674459 658.498528
187.465380 927.808811
193.923543 672.977515
186.296333 937.202802
177.620321 655.929340
180.435048 937.206556
204.009863 648.655430
201.116754 668.781337
180.507430 926.931736
207.508605 646.597362
185.010433 934.319310
180.653833 651.102185
207.863533 937.015637
211.689210 653.994036
182.944807 931.325748
203.870041 635.959710
196.717923 952.145080
220.835497 641.257346
197.395532 929.558225
192.187367 661.104841
207.372661 944.647490
229.018564 662.784307
215.037695 933.922560
202.576025 645.642761
213.474808 949.705012
233.305662 655.591332
210.234046 939.365303
228.437969 658.453040
216.716271 947.565547
238.011729 649.536356
244.745762 939.835183
224.142724 650.873788
231.270938 929.809093
244.253797 644.035154
230.906242 940.933878
246.863389 929.629303
259.485721 625.152708
254.329675 953.419215
260.370807 627.309664
237.190290 933.449646
241.730606 638.460740
262.868651 945.600405
247.309906 626.797887
258.108459 954.974706
255.167056 640.577688
254.580483 939.571043
245.303719 625.766819
253.586755 954.536241
272.882583 619.298423
251.920604 951.246223
264.031372 613.989760
296.246003 618.886489
254.248611 610.237916
268.381268 957.081200
268.794458 616.882315
276.710950 952.056521
288.519356 614.658202
270.099255 948.744672
285.844925 610.913802
282.529227 944.111776
274.531678 631.694911
279.245659 955.262444
286.198125 614.729464
316.636352 961.399049
291.521544 609.027185
285.990721 954.028094
298.234029 620.267437
331.509303 947.337110
310.602931 611.568406
280.653698 959.565246
309.780930 592.783078
270.672260 588.728958
294.029868 590.908424
316.000811 603.586154
331.970675 974.755686
289.349118 600.904484
288.338420 949.468623
305.444720 589.656311
302.065705 970.739612
315.019521 594.846194
325.242892 975.458395
345.604572 580.434592
302.357069 965.741805
318.494724 580.642095
307.020837 952.936075
332.033046 586.271318
314.620532 963.297890
318.954925 590.872631
349.212645 966.789773
327.374168 563.029795
340.401203 974.345622
378.115678 576.293487
332.959327 972.018344
346.303138 580.286986
315.468713 949.741500
330.971812 979.353802
336.038782 585.434549
345.444747 976.562755
344.296629 557.754928
326.911461 960.123079
339.884175 566.080358
357.426885 568.929232
367.157206 962.940788
354.664110 567.676521
366.953429 962.551580
349.361505 544.484750
369.165715 977.100923
363.639707 548.985324
387.748111 973.960266
357.401347 544.986641
352.305101 966.918319
385.854652 552.122088
383.975334 977.018008
388.265063 967.342513
368.057107 989.252997
386.311508 566.112226
368.977027 1005.079932
384.668075 572.490440
399.881685 988.886448
377.263967 565.063375
385.769712 977.885134
418.525936 548.477476
381.338226 554.768694
400.158388 993.719757
395.413927 547.305853
383.730161 997.660461
398.893102 566.450942
410.417623 989.889851
423.913079 554.520582
387.887588 978.644315
410.783958 548.444358
416.476785 990.077126
418.716110 534.001220
408.744824 981.738523
403.699861 536.674804
428.019502 1000.464480
399.395567 556.546012
444.927570 996.848153
415.074879 546.714118
437.038363 1007.946492
442.827879 540.819575
411.531584 965.153565
429.120004 559.166516
421.277345 1016.264811
425.565864 527.887813
422.032481 537.044786
437.291576 985.919626
418.645372 536.046947
434.654046 973.470895
427.840062 543.391395
467.531497 1010.604089
439.584046 553.756752
477.245677 1006.470626
445.531153 523.570413
462.745688 986.142185
446.954447 537.732054
470.604389 995.296599
446.995430 548.337554
454.694089 1007.902329
438.307374 981.748698
478.008159 545.332988
453.091299 1002.200696
454.179142 529.291411
463.271336 1016.633308
479.200161 531.157956
454.182214 1003.357465
477.370034 517.122119
445.054576 995.608887
468.467184 524.832236
484.944630 994.322006
466.416861 534.388630
473.428909 1004.443780
486.473115 528.202559
484.679212 518.860825
488.075412 1018.517365
482.038290 517.314617
480.728524 990.938863
493.321159 503.544099
494.989658 992.832530
472.776919 518.744378
493.890928 1006.210701
484.068026 531.658182
466.092267 988.458271
497.829290 505.569701
509.393979 1025.313452
516.559863 512.749289
502.056498 1009.530694
513.910785 506.682468
520.848019 226.796032
525.745671 241.134323
537.183099 234.061012
497.137984 246.139212
515.941635 245.778184
494.540719 224.902564
515.746112 1002.669296
497.644296 520.739889
516.082615 228.281746
516.609512 208.262986
529.013958 235.560406
519.210406 1011.355570
534.107745 531.850754
519.107280 263.383695
532.862857 217.751925
492.228727 1013.762226
524.095800 497.284843
521.172491 250.082279
528.084810 211.645547
525.719670 988.171214
513.560026 500.037740
528.883762 249.728975
537.514834 215.929510
551.893615 1020.898886
505.411909 500.399407
516.833131 268.416656
520.532400 497.525235
534.646205 1011.497505
527.448097 217.077486
525.996035 234.836727
534.901731 488.413798
509.245341 1021.191104
541.130366 216.722218
550.329108 258.416325
548.205709 495.462557
521.975558 1005.687791
540.727239 202.811008
549.901039 261.427266
535.061612 496.595951
543.462845 1023.270989
570.225576 204.924248
532.227494 232.393714
557.242584 493.948869
558.158185 1008.779341
556.046154 222.645993
552.944962 248.321686
546.691240 504.949882
530.631357 1013.881444
562.338565 213.893283
550.224222 256.372903
550.453623 506.598938
559.955515 1017.177519
533.998411 214.662186
557.143083 255.700013
548.525564 503.334127
571.184371 1009.839802
570.203721 227.678047
589.486122 276.249061
556.714618 484.469141
564.140859 1010.975514
562.398449 211.562555
554.452816 271.124328
563.515192 492.176250
551.640075 1006.789872
603.613108 213.231488
560.062060 233.094232
588.604403 495.248812
558.185800 1006.954735
565.880760 218.927148
578.755676 263.260182
590.156598 504.436375
557.322061 1021.750694
562.320052 215.975724
588.614200 259.631118
569.943753 482.890161
562.824159 1002.200561
579.083190 200.447665
599.453782 257.519426
594.167618 270.927928
578.244559 1018.248548
585.039951 1001.381389
581.307679 501.847004
588.284622 227.565682
601.919542 271.936309
580.968707 1024.311071
596.568465 480.038983
606.440938 214.260848
602.795933 267.063033
571.477176 1023.052335
593.113419 507.638728
596.035504 220.737484
581.197519 247.343926
598.258837 1012.588820
605.159528 485.798073
589.827266 221.854946
599.687129 269.006773
612.185481 1031.843563
603.550900 515.074946
599.844021 213.396767
620.296209 267.927248
591.285822 271.042012
595.691730 1018.537153
595.182773 484.726230
606.903048 226.325761
594.552566 271.516873
603.018010 1023.745273
613.101416 492.051686
606.970307 208.409699
594.904478 263.707068
606.002874 1019.209644
598.169773 497.449974
605.430409 222.101286
602.550042 274.777354
596.784235 1023.723882
593.816191 478.026361
641.132331 219.448040
620.446407 1022.721168
621.580538 286.596852
631.878775 498.997660
635.297862 217.150189
617.734276 271.305638
617.045096 1014.509825
627.397241 285.415446
613.638046 487.693083
630.050505 223.989626
623.620345 1026.582871
616.987683 301.394040
639.989318 507.552582
644.077967 231.482010
633.536166 1021.438739
627.999897 302.967034
636.278308 282.357889
615.834468 284.430142
632.564968 471.042870
639.836530 476.463868
613.570903 470.455505
628.027064 471.173821
629.418409 485.422625
640.498345 495.454284
659.535176 493.874459
620.783998 199.827535
636.278200 1025.679351
637.170394 291.755073
624.028045 480.363106
617.283518 222.573409
629.748002 288.649918
649.318483 304.510549
643.259028 465.598188
635.333078 430.713034
623.800697 449.640304
652.839910 438.866586
643.579887 455.006633
649.445902 1041.053273
638.759084 211.358865
661.623591 302.633650
670.892831 433.609394
641.015743 1033.243126
622.888661 95.622212
644.860825 116.119241
638.507031 222.817099
647.047287 303.236887
645.218889 432.236223
641.257677 1021.880526
652.951985 98.839969
689.138644 106.701535
627.397536 217.491605
629.174141 318.926389
661.144963 439.507333
639.308006 1028.319599
641.430771 101.921388
653.430066 102.167755
678.761533 88.582076
641.575365 84.205576
681.241158 91.232189
664.514123 93.747048
651.172024 124.366394
645.911648 107.159476
646.998432 122.694577
660.588345 418.367736
651.186522 404.484239
664.495254 420.569246
680.080465 424.510713
669.510521 422.349030
630.943511 431.740611
648.782674 443.512899
650.068385 199.115895
632.578599 289.996469
667.747200 1037.775512
650.372641 119.300662
633.455660 79.286582
642.198368 302.651511
670.928762 406.702692
652.666615 131.154127
668.242058 146.842350
657.440146 153.094622
659.755886 209.024293
655.036048 305.423700
668.488649 320.682185
657.920595 327.037219
652.559656 320.598233
648.605215 320.053596
679.372240 342.402841
636.385245 334.465009
673.295505 342.647413
669.597169 356.649469
662.873305 339.135222
661.934525 346.958078
643.714182 360.578024
632.662112 363.572278
658.426513 371.082968
667.224522 371.184213
630.468252 381.895434
660.541596 365.082374
652.175861 379.464942
672.309281 384.329263
648.624527 375.268264
661.244469 385.114999
688.991348 397.691388
666.427697 400.277652
658.185300 1040.845350
640.227854 76.933176
660.338228 138.437232
674.898596 226.974482
664.116199 1040.001399
666.054509 133.312071
652.511140 141.886972
688.781782 148.820849
653.637398 169.628513
683.625720 156.087452
663.959215 176.139730
661.037258 177.333165
665.288500 187.181115
656.020125 180.199700
659.487593 173.647746
662.032813 186.197572
676.863835 174.543217
674.581212 196.701278
664.597437 157.955493
652.135994 190.526602
662.322288 87.327047
660.286094 1035.504732
651.222364 65.699779
656.616872 1020.830466
647.296926 1025.671096
691.094415 76.743908
665.581479 1043.806933
667.581660 64.519441
680.472854 1041.938858
658.313347 53.413089
662.185663 1034.240740
688.632723 58.610949
694.314268 1035.533873
694.604787 79.498604
684.122234 1016.146579
666.900906 59.753442
686.618027 1040.251016
701.572077 84.063319
701.280748 1035.901238
706.898295 79.354067
693.403651 1036.763483
707.969578 64.389133
687.306216 1037.915407
708.146199 63.141710
700.794309 1041.459091
706.951589 79.127748
706.018228 1031.114656
714.390512 92.027331
719.763579 87.545724
711.328208 1025.143602
717.033576 1041.363565
725.766447 77.383794
729.062077 89.369432
710.166154 100.553609
740.501731 93.243887
719.554257 106.498095
726.811245 121.772278
714.140819 112.432616
730.008809 123.252446
717.101511 120.434049
723.307977 1043.648935
729.766613 122.433631
739.085849 1060.905733
731.254913 110.011780
725.664302 131.885079
741.626344 140.931258
742.387555 132.104369
715.490133 129.049911
724.670756 142.903171
719.445411 149.160764
751.822042 149.984723
731.835931 143.834848
705.305421 164.198573
705.304860 149.598411
741.102719 1064.460057
746.244773 170.166869
746.581985 1029.232887
738.345927 168.012083
720.716976 1036.035185
721.869514 156.260853
742.008765 178.204472
736.110367 180.605278
719.008414 175.951537
761.854405 171.372960
738.678845 178.480870
729.809672 300.456356
743.397845 302.077935
751.347017 289.018456
740.202859 309.989566
732.141186 297.804296
707.387543 297.624166
742.330261 328.522868
710.369181 335.307986
728.081363 331.136439
729.616099 335.382459
753.546541 317.650682
736.817082 332.432322
747.075334 181.347168
746.275709 340.789925
720.133558 1040.686360
740.619325 273.055315
769.187425 189.417939
762.582743 342.506893
732.246580 1038.640661
732.895677 270.745087
755.587752 187.828533
754.335844 343.353116
759.003033 362.093539
736.205610 365.438663
766.145151 353.754889
744.866691 353.936119
781.609789 350.996694
741.922104 1049.730564
746.033746 291.403454
793.408571 338.967593
724.585132 190.187085
776.013428 1049.128745
752.505068 379.422761
746.536257 270.119053
772.128416 366.378855
774.567919 205.919311
757.678616 1042.268570
758.635543 289.131210
744.636462 279.448041
727.163198 376.904194
758.040548 388.542747
753.368403 375.156917
752.556805 407.032582
754.844655 386.895308
744.281854 404.662572
762.346042 405.240739
771.767108 399.283322
748.937176 414.398661
770.186670 198.390359
729.198491 1059.933894
757.025020 282.928987
770.624617 415.309589
768.878858 193.466673
791.895939 1031.594338
755.202028 267.626519
764.137132 414.052153
744.992778 204.904871
748.184348 426.729239
781.393514 426.704132
775.294569 415.338010
767.678268 403.944530
770.558447 415.452055
761.914029 428.037371
752.695091 431.418376
772.156704 444.513703
754.299996 467.826038
768.438295 464.178293
752.218294 444.005006
753.719617 457.410229
742.919744 460.911371
758.657894 462.264844
735.737197 1064.537780
789.908678 477.040297
762.779313 261.488075
757.521550 186.215722
777.423918 1044.930212
767.960582 468.687767
765.858924 280.646126
778.898530 196.882165
791.457724 1048.126187
782.650356 480.559582
781.015052 264.049308
786.458820 193.905394
781.284573 1039.518536
778.003888 476.453124
806.069855 297.287681
788.493609 188.268448
803.855529 1045.524083
787.138086 479.375398
774.182344 284.075612
768.748587 202.898234
793.899251 1036.982964
800.252643 475.036673
776.396458 272.447219
799.703856 198.184039
787.478354 1055.920281
794.008204 473.204739
818.894349 262.043888
783.348675 177.316781
774.960572 1048.327266
804.440162 482.109136
815.636570 275.560269
777.516336 189.816944
804.206612 1042.861028
802.263452 471.786827
832.502488 268.500872
810.036649 191.698870
803.796880 1056.462725
801.582680 479.851619
807.876766 269.222667
804.295244 178.167407
810.044529 1042.355455
811.403680 476.911745
809.867351 287.437788
801.140351 184.782725
802.832551 1033.985479
822.027622 476.232665
806.533689 259.942586
802.886723 193.168963
798.150267 1047.195250
790.426273 465.433881
806.703948 278.534955
809.482125 209.882827
811.888614 1032.071372
834.498731 482.678731
817.515521 270.035200
835.314672 196.053734
823.190281 208.307010
835.848156 1056.425351
847.328682 476.802661
800.887385 282.186948
823.403060 197.538722
827.140093 1031.890249
847.705656 468.108803
809.836062 261.648521
829.733644 193.607171
850.494788 1040.614308
839.061048 489.350505
811.455686 269.575097
831.086850 200.611501
838.062993 1034.842644
832.243981 486.600301
819.366214 264.866932
826.015889 207.280460
858.874929 1038.752531
828.281546 483.584688
833.334933 288.578799
834.892220 189.913433
854.417431 1031.672106
864.756857 475.726073
831.022629 273.422376
855.794451 232.327421
862.480851 1048.842899
838.170999 486.670309
850.042409 274.962858
854.558074 207.153960
842.430369 1035.097648
849.807941 473.200888
830.255252 262.198183
855.389594 204.486429
849.658418 1065.141330
859.703625 488.233444
845.690215 217.487871
867.038257 267.389927
835.703175 257.879676
850.877850 1046.406049
847.137135 220.408004
859.826550 471.407259
851.013674 264.042263
864.151479 1017.446949
837.603803 206.407970
852.831320 475.861995
850.999652 280.184671
861.786309 1024.980817
873.946138 235.675785
865.379495 261.278422
857.894884 477.434113
860.598574 1043.033405
880.243122 212.414542
859.648392 247.170804
869.052806 214.421638
866.355741 248.760273
870.540909 249.700454
880.205261 485.180428
874.465333 233.311344
873.658652 1018.413168
883.612619 220.716786
877.069164 475.428576
875.889045 232.140283
856.935581 1019.772297
880.043808 231.735374
887.625158 477.190284
901.920557 231.798441
902.288019 1018.371003
859.444359 228.364777
895.309382 486.846486
897.817551 1019.966584
901.627025 478.002577
874.878238 1012.118301
899.179578 496.616255
904.148730 1025.160078
891.429932 493.482299
892.390435 986.815448
916.823908 484.560496
885.110244 1004.405404
883.369227 469.693250
908.340979 1024.120776
918.295612 494.879533
904.958432 1024.185962
913.789484 487.674627
926.106595 1010.173403
913.412710 487.000131
917.910114 996.648679
905.176840 505.805138
906.804781 1018.829635
925.999494 490.842134
908.987625 995.494784
904.922035 981.641012
923.408159 497.384979
911.557115 1000.267379
925.925556 489.883643
932.848919 984.330674
933.949403 501.086128
902.962155 982.015792
943.550028 491.954492
941.139107 982.723628
929.142354 505.534062
935.864261 1006.818595
943.241748 527.608505
962.715730 1007.080408
944.632439 517.228878
955.516187 992.910836
964.483202 515.673730
977.195415 993.196704
968.049321 504.168406
952.981943 967.088416
955.185111 521.816864
960.353738 987.777608
960.664510 503.573432
978.085500 975.965349
977.216433 504.527189
992.362019 995.157235
962.345939 493.526241
970.590108 500.255806
976.726896 509.996515
993.568108 990.157442
962.333135 521.059128
991.736571 971.238704
1005.781058 980.897849
973.571844 511.792533
996.791371 974.801602
971.753175 529.324867
979.743484 949.975148
996.506890 508.556637
980.413047 979.283752
1002.229671 518.229717
982.623714 968.348613
1007.139321 502.991037
978.303954 981.296389
1007.708198 509.173156
1015.123312 986.693363
989.683704 514.828545
1006.592518 973.493550
988.603361 517.426343
1014.177252 988.819999
1032.849590 524.842763
1014.474602 980.501711
1020.437821 525.957574
1018.087802 964.112690
1012.236649 525.796664
1022.943260 971.233065
1029.837832 514.797084
1016.957983 981.465495
1052.225167 522.400214
1035.929854 508.535729
1028.003364 972.088134
1037.413751 523.524757
1009.420514 957.617814
1042.609651 533.640489
1047.688717 981.798971
1009.676766 506.001418
1019.706973 974.994025
1053.179911 544.591584
1061.012680 958.987196
1071.457726 541.731285
1054.328284 960.516377
1057.476289 518.380209
1055.030094 973.053521
1042.008684 516.337015
1064.206862 547.415690
1056.112947 533.853470
1072.781078 943.575704
1036.299853 961.542190
1080.941552 562.803231
1072.150263 957.895204
1071.024774 532.330852
1067.199302 964.736087
1042.644497 549.371918
1077.045743 964.498456
1052.215976 547.351117
1066.404245 937.681450
1050.451218 536.896956
1081.940961 964.314279
1097.389924 956.792464
1088.506023 545.592491
1097.281144 928.402285
1087.161403 547.401775
1112.884141 928.037812
1115.142812 559.987095
1072.961954 554.291510
1084.626567 547.944900
1104.703671 576.901021
1069.595725 930.820675
1088.932934 547.477932
1112.128663 928.086598
1085.345696 569.049219
1119.194230 563.123184
1086.943991 552.191838
1098.286544 943.890237
1099.557880 574.173450
1092.296117 945.454711
1101.758650 567.149422
1098.237123 940.711924
1116.125302 569.154781
1102.149471 935.008341
1095.240999 567.190598
1123.954986 584.254256
1121.467366 597.663917
1105.835992 592.863010
1108.067508 582.814963
1117.722558 603.605802
1101.948416 601.595938
1115.563469 604.311917
1114.170859 604.780950
1107.012106 601.134509
1114.625036 616.178596
1105.080411 629.247433
1128.745113 601.814081
1080.016080 927.503040
1097.382476 634.500374
1129.874526 930.784510
1122.957763 617.238260
1106.715799 629.035452
1115.233289 919.774346
1128.943578 650.969280
1121.436039 914.899581
1135.956155 642.679795
1145.174300 944.321327
1113.965865 625.351766
1138.647854 923.701774
1118.344515 624.969822
1126.927189 924.778124
1152.054402 630.325041
1143.991575 916.433074
1155.774183 647.665176
1120.404411 635.502297
1156.650972 923.740414
1144.032992 637.351504
1126.723079 909.504495
1154.684382 913.306813
1157.106728 648.907290
1165.932307 906.441939
1162.734096 660.238462
1152.028431 898.660597
1153.480360 644.846973
1172.931725 908.426621
1166.926966 660.355830
1186.366760 906.884355
1187.955260 642.837356
1165.608242 914.917074
1180.714183 648.521572
1170.477547 910.608302
1172.574459 662.305997
1203.306687 918.160057
1177.457671 642.176512
1178.946345 916.151039
1197.828966 644.486353
1156.655857 899.185726
1199.849092 643.911901
1192.067925 910.889411
1177.710415 665.762087
1194.604148 895.635893
1187.597739 665.574293
1189.902164 911.810425
1191.622061 658.653626
1206.491312 894.292954
1179.394794 648.174985
1200.413198 655.549005
1202.085320 671.825953
1205.294745 890.210629
1213.069514 663.703339
1207.212119 906.469903
1211.178433 675.492164
1203.405019 886.041711
1234.433411 676.513359
1224.172265 916.718324
1220.540995 646.619976
1219.035456 912.569267
1205.755364 677.925915
1224.593076 897.274199
1221.409636 674.907395
1233.768210 894.190771
1233.956480 666.789329
1244.080310 892.055654
1246.208734 667.688529
1233.268646 892.188283
1221.322113 670.136148
1257.258600 674.163103
1229.032526 907.177994
1236.443672 681.895508
1244.500675 909.290323
1247.580189 671.716055
1244.428716 902.609555
1248.182002 670.631461
1249.880664 902.234046
1255.282411 675.183520
1264.353180 695.439911
1265.964004 903.533693
1256.739054 699.098569
1232.788814 914.164007
1260.769275 691.732826
1249.212389 900.884403
1284.100701 892.179549
1270.150225 703.714513
1266.735149 884.994680
1234.144958 690.559708
1280.967428 888.388992
1281.101708 695.177644
1288.837669 894.482721
1286.323090 684.678324
1269.585742 868.152035
1287.961208 696.411225
1301.197828 888.632917
1294.653628 707.586476
1276.473847 888.522753
1297.639376 712.431015
1308.463184 898.142227
1292.429214 708.432353
1302.315583 881.882721
1297.340645 710.730218
1293.881524 861.677379
1288.937941 726.917791
1292.261469 873.173135
1270.108975 718.707707
1295.668620 703.650133
1303.089465 877.905459
1292.816201 718.344646
1295.567746 875.059482
1296.859020 726.245513
1310.737500 740.193307
1304.255554 729.733843
1302.915445 842.638962
1325.147788 832.943732
1326.436219 873.221705
1320.383823 732.405349
1323.765556 859.380594
1301.760110 748.502649
1325.587623 849.793144
1283.967307 745.664574
1326.305789 731.952980
1308.631835 741.933763
1311.191662 744.975436
1331.854892 749.842105
1340.703691 751.491744
1313.950668 753.034224
1317.802004 754.675634
1331.224966 745.942000
1317.222733 765.203782
1300.619046 766.418791
1312.680081 763.078915
1314.400322 779.151254
1304.017096 789.355632
1331.378014 803.001780
1315.580422 794.166421
1314.404986 787.979476
1318.555103 812.229830
1324.796341 811.560163
1327.764263 814.159549
1337.457542 822.963801
1328.682580 806.244553
1331.048068 819.387146
1306.638057 831.238848
1336.296285 832.377858
