45.688131 85.203655
41.903013 96.326204
82.748492 98.723894
51.258078 104.323129
74.630095 87.651681
64.834512 103.574182
78.350186 89.061745
58.004027 116.069816
19.679986 113.521791
80.622070 77.308759
61.026272 106.077608
59.523998 77.620393
53.687242 115.257976
82.868088 81.189172
71.865665 104.407982
64.901824 85.850734
79.174574 112.882718
75.781809 125.164422
97.047813 75.526337
90.392129 118.528071
95.329651 81.363058
72.780119 112.403940
95.514319 74.681051
89.882832 113.915701
117.052404 82.257454
123.699615 124.891559
89.669464 79.317731
80.113566 117.095865
99.371086 80.026907
99.689067 124.880972
104.993595 86.070086
90.114957 108.448905
140.115521 84.435700
122.205195 126.965807
115.317834 77.421937
104.277096 108.721370
87.744616 80.656543
139.266799 122.075430
115.033334 82.306368
143.323495 120.078658
111.188741 74.243020
125.231517 119.194995
111.460245 88.005373
122.801645 127.596702
104.627276 83.916807
114.553436 122.587171
135.766916 86.216724
156.922672 112.824638
118.311228 76.576101
144.850423 118.925238
118.457149 82.801595
156.222924 118.988245
141.212640 78.169884
138.270036 114.082819
161.440062 78.058194
158.983796 118.380580
168.424698 73.906498
162.315549 114.367569
137.822966 78.347543
155.286581 155.334185
174.431176 156.269461
147.377719 158.839130
142.279647 168.566203
178.134712 166.807918
160.013013 179.662832
150.725140 177.328555
146.814001 179.475070
163.139162 181.353901
167.820971 190.970753
169.808589 196.214041
173.462003 189.900141
161.412954 200.969195
153.906271 214.163302
144.023377 207.392659
139.965696 215.627354
190.467505 214.263548
144.762794 231.207734
165.571652 231.090898
180.200686 123.520275
185.635510 79.749994
159.053723 151.598265
186.916879 237.590419
201.521602 121.133775
139.409428 127.964071
165.221567 134.471148
156.662132 138.601577
148.787873 140.480741
179.565132 144.193544
156.999142 140.618963
203.043434 235.919367
157.560760 237.353399
180.593904 235.941854
168.561050 240.486777
177.510742 254.272302
156.867096 252.123558
177.944465 248.930539
159.759278 260.779760
191.419986 77.457056
173.411098 268.600002
196.721476 269.557507
185.113731 276.406533
150.914886 279.251960
152.846568 74.844553
173.733018 278.051984
177.510370 291.379938
159.031274 284.689876
165.239252 296.690952
184.132622 72.197749
180.544374 300.014388
185.337558 80.339487
175.116941 292.391570
150.925669 72.672069
187.600363 303.539387
178.584709 69.424745
207.175413 301.257896
206.867011 74.342249
200.292075 298.119176
199.607404 302.236985
190.080020 76.777629
210.432047 310.528567
197.613250 68.093042
247.693864 312.280254
188.184891 76.771401
226.939271 316.769150
194.570454 73.082245
244.586950 304.599034
244.071906 81.717623
229.173865 304.772211
216.273863 82.004435
221.335830 317.437642
232.492935 77.401012
233.492756 310.470051
216.046599 79.654449
229.315665 314.515841
243.893184 75.904746
229.962188 315.646161
212.384044 73.127215
238.628106 319.896907
236.406185 68.310545
257.015078 316.830017
246.111529 77.840552
224.980965 319.565791
247.839339 72.413068
268.106305 314.613808
261.166918 78.872461
281.430671 305.699576
259.073860 74.135911
261.157248 310.084332
252.921363 67.334704
267.572909 313.894256
249.258823 68.922325
237.518949 313.527348
263.205472 75.240390
259.114658 313.756283
277.431276 80.974275
267.608348 306.801309
274.568855 73.426259
281.713956 306.621315
299.201848 60.790780
281.341829 304.643616
312.470300 64.721547
303.120616 310.823780
288.600628 72.708336
277.331374 312.124840
264.777357 73.584083
300.699301 315.586580
312.189238 72.093677
292.412159 302.582129
281.329011 77.184419
280.873543 306.893750
292.411149 76.335686
288.466642 313.139950
316.730632 75.170360
290.627743 309.725869
319.486546 69.412840
349.820695 311.402262
332.648945 72.090968
305.722881 312.576379
350.469761 60.350762
309.555824 319.442426
311.018258 68.378351
324.747447 316.913665
345.869729 73.201282
315.789937 308.040831
331.552503 74.704615
325.294876 315.997945
333.432456 71.701453
353.929539 313.790829
343.781515 74.072726
382.844211 313.479716
343.078705 81.330266
347.652410 314.148029
335.040193 63.681442
354.624282 314.215711
369.575594 62.757228
362.328655 310.746255
347.399467 73.979607
353.244202 310.370000
342.011866 87.923262
370.758584 313.834187
366.561947 74.007897
343.300163 318.831448
379.368502 73.922510
376.716499 306.591419
353.697004 84.179660
387.375087 314.365329
373.128956 68.950299
367.429992 311.535942
352.470708 71.365352
356.318329 306.053793
373.662477 63.785807
392.567548 302.354737
389.454809 71.244984
371.728998 309.246590
383.814243 67.317381
411.447769 315.302086
392.856108 66.330382
386.987055 302.069291
423.530868 70.925515
403.064845 312.170899
396.911593 72.268915
399.484513 309.465200
431.142949 75.212496
370.826761 312.380986
387.827840 80.761062
437.691629 311.035274
422.198235 64.497930
406.914779 324.169757
438.163915 71.396982
408.701027 315.434642
422.035625 78.386854
432.292352 313.241802
442.503977 67.036354
407.408322 312.720415
422.385896 68.996646
443.095324 314.385284
433.334050 71.088922
440.765248 311.611627
454.668738 60.020488
446.690976 310.361423
454.238853 70.907448
434.715605 316.967501
457.080980 62.961619
461.157507 312.471482
461.411826 63.824885
452.710868 303.057600
455.560820 67.567054
470.257969 318.148259
475.126697 72.166844
457.865883 309.882115
455.372573 63.113891
451.262235 312.622612
431.147333 65.656655
461.511650 322.501259
470.440110 74.064324
487.249902 317.409087
482.580424 67.206726
453.954884 311.280119
489.899711 64.367491
493.649314 314.498356
474.597590 74.371243
501.995881 315.583190
478.746705 78.174059
464.059036 302.159672
504.151608 78.971772
489.916672 307.135546
503.995455 63.803959
491.950582 305.830689
505.393231 71.659835
503.724349 310.695854
536.552059 63.361671
512.429056 317.118514
515.493478 72.541983
460.126819 321.922126
508.171472 74.532932
517.661259 316.788226
496.615615 82.040742
509.700969 320.200210
480.034771 72.482253
534.988267 312.587580
528.772647 63.514482
542.678451 313.377776
497.179616 67.199650
517.164857 303.382482
543.358304 71.722298
510.844123 310.712560
530.506476 71.808716
556.239917 316.983890
558.359692 74.645651
558.176580 315.439719
543.241222 70.207220
545.480986 303.530068
532.207589 69.017793
549.534176 315.583455
530.083759 68.053840
562.398208 312.985070
541.506476 67.878078
521.007708 306.766899
519.686623 70.053150
541.218173 311.732676
545.646242 76.448493
562.426148 310.711361
573.489809 65.420334
547.055726 316.509928
550.668896 72.731516
565.800648 319.853969
574.949469 66.600574
574.845640 318.605246
580.953001 73.768839
570.303153 311.569744
589.833555 75.173808
583.223021 313.581062
577.575516 77.366409
555.867421 307.513552
595.053466 61.908155
613.077445 318.069054
609.905417 64.464069
582.012619 315.762996
614.077262 68.200852
596.213171 307.858209
597.133902 65.944186
604.293084 319.564028
627.279355 68.984800
613.474192 312.190922
634.775057 69.302152
630.403118 315.311748
626.223936 69.766936
619.134795 318.019773
617.256924 69.971849
608.536265 306.408303
616.692191 70.944316
585.628012 313.896019
601.852327 74.182889
634.355462 299.350643
634.491688 70.045715
632.599508 319.569749
660.726742 74.484868
633.933834 321.371726
632.104010 63.145635
655.325968 319.505177
641.928393 71.887821
649.902470 320.713153
616.030195 66.639102
640.323682 326.012036
658.702350 60.158710
652.780468 319.974635
647.073066 70.476729
642.693375 315.209692
647.247055 68.385097
642.672491 317.667146
691.735625 66.877860
674.912661 321.132030
670.057244 68.730797
694.378473 318.108845
655.750727 68.051481
658.033612 316.665264
658.083280 60.067425
660.156573 319.957017
678.825420 62.988699
683.506870 321.465162
686.344635 79.235921
675.187951 318.816886
712.832341 322.099952
703.704927 56.993141
691.373860 311.149697
688.757237 61.838960
673.200620 320.443203
686.428778 58.109387
670.267253 74.693998
722.002134 317.505052
675.167328 76.490732
682.780378 307.696151
702.512480 63.836616
701.486876 305.487207
715.276872 66.968754
709.878224 315.113682
699.603552 83.589418
720.759838 312.743203
728.681464 81.015918
734.639532 313.980573
709.935142 75.825340
723.913030 305.454302
726.407712 71.605240
754.218838 315.965591
740.221344 61.252397
724.140305 319.327866
720.958582 67.022813
707.751685 310.731704
751.794847 65.593142
727.208986 307.949440
729.410677 56.555350
747.075435 307.981920
742.473092 72.497532
742.810253 313.504787
763.216802 65.919832
747.600941 315.795296
763.250059 77.381592
756.443362 305.403307
732.469042 74.325950
771.860267 305.206565
714.348702 85.952869
746.441514 306.242973
752.596394 78.286352
758.962254 300.742635
739.277842 76.746959
755.038709 308.848916
790.696377 82.670306
776.859402 309.255672
757.985034 75.110133
777.825753 309.471266
787.372205 76.654441
785.384030 310.498470
804.177275 80.050982
795.265652 303.721393
770.143545 68.167593
769.864476 315.059730
795.419401 82.414835
805.979619 306.719339
788.214350 72.539630
786.288520 307.485065
808.289362 71.592173
780.640203 308.203145
802.308947 79.119111
779.957892 305.851690
811.822866 66.395898
794.248428 299.655891
811.211149 82.553506
784.808181 308.005489
820.535812 83.994291
817.560664 298.531229
790.021296 83.918045
827.681825 305.451656
830.722381 69.538160
838.195808 298.189120
847.802871 86.226529
805.713516 304.633910
847.596600 87.353062
824.219617 299.148194
829.848447 86.369636
863.210391 101.027358
841.141806 98.174924
860.687389 108.209358
833.392372 111.489235
831.620962 107.081557
825.239229 117.504201
850.298162 122.889257
841.273779 119.412597
802.731981 117.877793
792.354978 124.204697
822.854043 133.967180
848.990488 138.862101
834.200244 141.972759
832.579166 157.447798
848.236704 150.738736
816.075489 154.820787
821.628945 155.241002
831.835358 167.229389
832.475400 256.124483
801.031394 255.800137
810.373848 265.545697
825.149492 259.839737
830.169562 263.831716
850.004624 270.498356
833.803625 279.166915
821.751537 285.597594
799.399814 285.240419
855.427160 280.091617
842.706247 301.104005
835.424459 160.808096
856.594120 172.249317
814.708665 178.767235
820.162789 243.893138
875.865824 183.688507
859.615555 177.924571
840.383400 185.673803
828.804247 190.132907
848.584993 203.925617
849.221721 201.477681
846.175890 199.284058
843.199965 206.552193
828.660568 214.337627
850.251566 214.909846
841.869219 219.455181
835.692778 220.043035
856.193820 228.619912
833.835725 226.104768
806.821703 236.127171
846.202958 244.027045
817.205516 244.352745
