123.631696 324.455501
112.819096 334.828916
119.437324 318.152964
121.704492 324.041817
115.185323 324.795984
123.018652 319.462753
114.314163 325.544184
109.044861 333.118341
116.000000 326.000000
114.445437 335.721727
114.648579 330.936716
115.968301 330.471713
115.253514 335.178696
111.210432 328.215684
121.035103 334.660173
117.128278 325.762750
122.069057 325.112083
116.000000 330.000000
114.620635 332.047991
116.188190 339.653265
114.079053 331.253360
114.578287 333.562834
121.536344 329.257630
115.172573 337.085299
121.135560 341.035769
117.959240 335.502491
116.000000 334.000000
106.218904 339.001950
111.642699 336.475782
120.949296 342.305884
113.880905 334.273603
116.137284 340.598695
123.738526 333.448420
114.161082 341.432921
110.877166 337.175425
116.000000 338.000000
115.773315 336.142321
113.971134 343.645888
120.876194 345.323985
119.413412 347.519151
119.129383 337.743909
114.605621 334.642826
108.674643 347.589086
117.081008 340.939253
116.000000 342.000000
115.095696 346.656374
118.536406 350.999405
120.148665 343.269218
111.998272 345.060705
113.691389 340.187460
115.857875 342.548265
121.304467 346.305550
118.949099 339.308150
116.000000 346.000000
112.506008 357.805771
109.402382 352.581303
125.529626 347.673574
117.119241 348.038610
115.167580 348.047601
120.779330 347.904979
107.679093 347.241194
122.902343 356.826229
116.000000 350.000000
107.629429 349.835251
121.208036 357.703108
115.004898 358.005273
115.886310 360.825972
110.208111 347.014089
115.612046 354.046111
115.693268 344.908361
123.682398 353.439680
116.000000 354.000000
113.230420 355.660563
110.023044 365.583794
122.011616 351.002850
114.582131 357.828033
120.439377 361.790433
113.196435 364.801980
119.828331 364.816020
111.487672 355.897536
116.000000 358.000000
114.774512 362.765976
119.665323 363.052403
115.144757 362.864616
122.294894 363.166356
117.866624 369.748692
114.675295 364.319841
124.597836 360.860514
112.920984 370.110601
116.000000 362.000000
115.103334 358.019878
116.411999 365.995627
115.416793 366.823408
117.654003 368.862675
120.921803 374.269599
116.901995 366.786610
119.639941 361.062084
113.982435 359.584068
116.000000 366.000000
112.174577 376.504950
114.387202 369.753488
120.745944 366.295471
113.433933 364.270057
108.903835 366.373395
116.620861 370.893915
114.668527 374.498686
122.573722 375.187357
116.000000 370.000000
117.271941 373.179319
117.631125 377.569868
115.649298 373.782652
121.382266 368.147312
119.234164 376.419595
119.037913 372.540287
116.873338 373.965141
116.827911 373.275081
117.000000 374.000000
116.404632 319.695828
126.555061 322.131614
120.007369 321.854514
121.804720 320.867394
121.026894 319.311818
116.786659 328.135641
120.438012 322.039986
113.775070 321.763585
120.000000 322.000000
115.344520 306.706397
121.044542 311.617586
112.075977 310.866122
123.252950 305.830988
118.123051 311.107471
118.901620 313.138800
118.088421 303.846345
123.668700 302.136628
121.000000 311.000000
125.069687 318.939444
120.826791 319.707226
119.204287 317.298609
121.480630 310.462168
125.636776 313.850445
119.900190 309.548371
121.140356 308.060641
125.297666 310.613016
121.000000 315.000000
120.275135 380.362904
117.001169 376.164425
120.289171 374.924988
120.088015 376.448655
122.610320 368.685282
120.847385 377.758836
119.906682 375.227819
116.109139 379.507953
121.000000 377.000000
120.113534 390.258165
122.870008 372.516170
119.854660 381.811879
122.020657 384.408115
118.849725 380.569882
120.829543 377.574916
118.975030 375.435620
111.634247 383.155460
121.000000 381.000000
124.940916 381.499796
114.919953 381.104253
123.842888 385.275157
120.295456 377.865611
114.318830 385.955850
121.835184 380.665345
126.236969 383.305342
120.629137 381.335273
124.000000 385.000000
116.834583 307.944836
126.158177 305.625665
129.330568 310.426691
123.304203 315.912527
124.876722 305.122841
124.949416 306.917023
119.496218 303.245025
125.094508 307.176462
125.000000 307.000000
117.899160 199.841194
126.605280 193.897689
124.308674 193.196832
129.234472 199.650988
123.275889 192.705678
130.106817 197.965227
121.023876 195.609822
128.321458 194.056314
126.000000 196.000000
123.383978 202.792852
118.503239 195.741234
122.290242 200.763188
128.925056 208.874473
126.410949 200.496142
123.688769 191.032978
117.990257 195.775738
125.398092 200.206797
126.000000 200.000000
124.275669 194.274329
130.078858 202.552571
130.804147 211.260782
132.086641 207.727455
123.905098 204.764587
121.858698 202.087711
122.904914 198.016087
123.751631 203.924065
126.000000 204.000000
130.811049 208.947460
123.896635 215.606116
127.741918 208.296865
129.598080 208.150236
120.624515 213.841897
126.105976 208.656403
121.161211 205.145603
123.958462 210.935010
126.000000 208.000000
123.832891 211.333624
126.569526 207.365678
131.312695 214.011305
134.008276 210.665919
124.429384 211.753656
127.444630 212.675524
125.178022 211.198934
127.071264 211.799840
126.000000 212.000000
132.835635 302.640313
126.086414 309.529756
129.724427 306.667563
120.134337 301.666061
125.934694 305.491208
120.370250 300.596785
121.699252 297.306771
122.208922 305.833009
126.000000 301.000000
127.041993 388.962760
122.126261 385.189814
131.295469 386.590155
127.115763 388.383204
125.952034 385.354579
126.931393 389.236352
130.205946 390.466570
121.918895 390.963809
127.000000 389.000000
131.383360 197.558356
130.690858 199.129748
138.977760 196.361420
125.339303 184.870314
127.771132 196.500267
128.790271 195.447893
134.203839 185.956395
135.012997 188.389885
130.000000 192.000000
136.516032 212.147403
131.609070 211.983560
125.290544 209.351142
129.323593 216.665654
133.494041 206.165340
134.235616 216.513128
130.258719 214.788132
137.533694 216.005777
130.000000 215.000000
123.847922 293.557982
124.300513 301.090639
135.533092 296.787824
130.969624 304.176847
130.106431 297.127735
129.448948 297.311315
122.577387 295.136297
129.961672 297.106065
130.000000 297.000000
131.052891 186.023917
131.379160 179.045989
130.770456 183.252889
134.967846 192.844427
130.391067 192.621490
130.531570 186.182007
140.544289 187.776328
134.132322 192.624504
131.000000 186.000000
131.820531 226.688779
129.862691 219.236730
131.187241 218.431354
138.738179 224.531530
129.869082 217.202615
135.773925 226.306614
138.376458 224.606360
129.257945 219.627534
131.000000 219.000000
132.011739 222.574773
131.447380 222.387452
131.993898 223.283570
130.711129 222.986926
137.068958 230.344658
135.260855 228.008082
128.050690 228.953059
128.366849 224.879377
131.000000 223.000000
131.289605 392.456865
133.718207 388.299849
127.110697 390.920351
136.520666 388.717110
124.378070 389.546855
131.329989 401.344930
137.922195 393.501685
133.876721 386.721294
131.000000 392.000000
136.913544 393.627949
129.362178 393.528409
122.969691 396.691827
133.527442 396.531075
129.187956 397.636925
130.439753 395.667506
135.208262 393.267204
124.681964 399.314812
131.000000 396.000000
130.662498 400.185629
124.601720 394.036565
130.932124 406.804384
128.963603 398.442306
127.287627 408.593134
128.666928 405.442502
131.389982 405.483153
127.071888 394.590538
131.000000 400.000000
134.602486 399.525977
136.488450 400.169801
131.662962 404.741938
132.999651 401.284575
133.452331 405.046053
135.415679 409.767174
132.404131 398.428408
132.104417 403.072547
132.000000 404.000000
129.944233 294.947070
129.538254 298.796198
134.414240 290.972018
131.527667 295.432591
143.776039 293.076478
127.078540 297.969802
134.608492 290.210457
130.767628 300.284853
134.000000 294.000000
128.833877 181.521326
128.618955 189.491432
139.926693 190.025756
136.322046 193.832821
133.980369 194.747051
138.852896 191.224471
125.943775 186.607994
132.548507 194.366380
135.000000 186.000000
126.460690 224.948999
134.219963 215.958106
135.522807 222.744020
131.318810 232.354336
134.491545 227.564635
133.188073 226.747386
140.075878 227.938455
133.108744 231.545568
135.000000 225.000000
137.796697 228.012147
139.153472 235.180293
136.564685 228.880738
137.796884 230.868346
136.091097 225.349622
143.347758 224.521817
140.290016 226.621165
130.774814 229.911122
136.000000 229.000000
138.000336 234.498284
132.277905 228.433312
138.063007 237.990186
139.361145 230.861815
134.659234 232.795152
135.536284 237.343336
138.968337 230.975428
134.484147 231.356418
136.000000 233.000000
134.256317 294.968536
135.957894 286.184905
127.909129 286.934366
141.752034 286.220907
135.788839 286.128142
135.647941 287.105276
135.114634 287.194451
138.025832 292.025408
136.000000 286.000000
135.511332 399.681637
137.199787 398.491035
127.514174 411.108141
138.700979 411.000207
144.679592 404.149691
127.155824 403.466569
136.693435 411.891716
136.734780 399.158789
136.000000 407.000000
135.720625 178.719871
145.048435 186.848587
137.815330 180.324405
139.598842 183.778621
137.867264 183.329490
139.087789 185.960319
137.484454 186.455141
135.992958 185.141337
139.000000 184.000000
134.677669 228.647852
138.882084 234.386725
136.632953 232.324722
138.583026 233.753403
141.477845 225.985178
138.585187 233.315299
144.471492 229.473726
142.908445 227.592556
140.000000 235.000000
140.992466 287.052180
141.172871 286.661796
139.755842 285.820807
137.973871 294.368388
139.692330 285.890820
141.148071 283.597943
136.124287 291.847704
136.086061 291.349314
140.000000 286.000000
142.714405 404.585290
138.447414 398.241316
144.501084 399.979723
134.249901 406.362972
141.697629 398.332607
143.655571 409.049638
136.239485 409.316485
135.503128 411.923695
140.000000 408.000000
145.257281 184.090336
144.704350 175.102924
143.370904 175.873768
142.129261 177.842311
134.768783 176.123061
135.869679 183.359824
151.616314 179.375065
144.436238 181.792992
143.000000 181.000000
138.635200 244.602352
143.396307 237.169043
146.339660 228.966492
149.899673 241.059489
141.972842 244.455235
147.578199 239.679974
145.054510 244.008516
141.167579 241.367061
144.000000 238.000000
140.296066 289.757084
144.965877 283.320901
141.486891 286.992700
146.016982 287.751428
143.067469 275.937914
144.930712 282.288770
143.109054 288.499010
146.957925 282.662481
144.000000 284.000000
146.051117 408.079686
148.661602 415.986689
142.956255 410.676699
147.474975 413.113441
147.407150 400.378213
136.802668 413.209272
141.207772 416.115861
152.933850 407.955842
144.000000 408.000000
149.353931 188.103468
145.383603 182.411367
138.939927 182.646638
139.427743 180.271506
153.096505 175.194789
140.512834 177.826539
147.662243 174.332585
147.901000 184.405196
147.000000 180.000000
156.394470 236.196467
141.611213 235.276591
144.166946 236.655771
147.135433 239.005408
147.387606 238.846568
155.670897 237.280791
148.115539 238.966937
146.080895 243.717898
148.000000 239.000000
148.462498 281.281754
146.733372 280.157087
151.529250 283.847407
147.535998 284.633838
145.805020 285.446065
149.177480 284.255025
154.372571 283.773631
148.115391 284.926308
148.000000 281.000000
149.797077 403.900552
156.780007 404.421505
147.220069 412.396329
153.309274 402.148081
154.627817 402.461788
139.740920 401.472022
145.316322 412.749352
148.965673 402.011509
148.000000 407.000000
152.354917 173.667323
146.680408 175.941623
153.796798 168.257593
155.825308 170.413174
160.268743 172.837051
148.929952 184.479456
152.631330 178.886255
158.710126 175.442461
151.000000 176.000000
159.724783 238.358857
145.677753 241.120747
142.910899 248.734807
156.141906 246.902743
152.721371 246.266275
146.317329 248.700072
156.342052 238.916260
153.758567 247.617174
151.000000 243.000000
156.476830 273.551973
149.969864 276.259757
152.166676 280.090127
146.543338 276.561034
151.364815 279.614292
152.679641 282.460137
153.201115 282.342377
156.730556 283.812280
152.000000 281.000000
149.326988 397.099465
154.645167 405.210121
157.263994 410.120095
156.475766 404.317835
159.814168 403.021895
144.918303 401.390071
152.003300 404.985477
151.201589 401.973796
152.000000 403.000000
152.074147 353.324303
152.938089 348.252229
148.264374 352.460570
157.069195 347.747129
146.874459 349.619736
157.711873 353.664517
147.476699 360.036945
153.176458 351.075561
153.000000 352.000000
153.744755 348.891194
152.387729 347.097653
147.636113 359.506313
148.886372 353.887899
151.256394 362.300069
152.245119 347.667626
162.874953 355.560633
155.251343 351.642415
153.000000 356.000000
146.919456 356.789628
147.507831 352.609821
148.771099 360.435630
149.579783 357.407046
150.521525 354.105712
148.783566 365.744895
159.530185 361.887529
148.437419 367.196043
153.000000 360.000000
157.753343 371.352715
157.981308 357.698084
153.826339 369.058910
158.755008 361.953291
151.592459 369.565872
150.018157 362.518211
158.666160 365.652704
154.055880 358.592815
153.000000 364.000000
157.986205 367.177369
154.801615 373.046279
156.063496 371.211043
154.317170 368.883944
143.817142 370.636311
156.672415 371.528058
150.584961 375.679008
159.486584 362.561049
153.000000 368.000000
152.436176 375.002733
153.238616 381.834328
144.801493 367.368380
155.615427 375.444685
144.276425 367.805250
150.325453 368.558514
158.155685 365.642334
154.224411 368.483773
153.000000 372.000000
157.831033 375.338871
155.489004 376.720555
161.564644 372.997653
156.308973 369.731011
156.306264 373.053726
148.216622 368.432564
154.537230 376.828698
148.154846 371.943505
153.000000 376.000000
149.580121 382.112561
152.554769 388.265695
146.610038 377.810488
150.880901 380.792137
155.990170 377.514532
149.554200 378.930182
159.235899 380.562951
151.288860 371.620285
153.000000 380.000000
156.889159 379.199706
150.785037 387.499210
153.623235 382.533809
153.783883 383.589524
150.085606 380.122595
153.363907 374.114550
159.083912 391.170987
157.581109 391.623584
153.000000 384.000000
153.955260 389.494435
152.835901 388.290645
156.210145 396.980556
152.892912 387.341417
154.467764 391.969693
153.442481 389.893995
159.949936 394.766392
144.584198 391.209748
153.000000 388.000000
155.790310 397.940881
151.853121 393.377489
146.556513 385.689611
156.723008 393.058057
146.505517 395.710527
151.506571 387.969925
147.037101 386.210264
156.327633 396.878494
153.000000 392.000000
155.288484 390.147463
152.849105 394.654554
150.802582 399.045471
152.889575 399.396906
153.758712 387.375708
146.047356 396.139741
159.432524 396.778861
153.264702 395.966303
153.000000 396.000000
147.700509 182.577094
157.010685 181.944889
154.389223 180.763451
155.933333 178.096240
149.402374 175.398712
154.419850 175.411927
154.534189 176.619680
153.307487 176.401232
155.000000 176.000000
155.080971 245.024071
156.847198 248.365148
153.764383 241.859642
157.157023 245.214517
152.244481 253.869810
159.298115 250.040583
152.948029 251.537412
156.761560 244.856661
155.000000 245.000000
155.801398 280.747546
157.655834 284.989642
150.660602 288.931182
152.903377 283.304491
156.270517 290.416024
150.633162 289.241084
155.164895 290.877001
159.588355 276.569282
156.000000 281.000000
161.866211 242.620878
153.666985 248.700156
148.103030 245.224144
154.698141 245.899755
162.749133 252.000565
161.090313 240.126787
158.484169 245.584011
157.935899 247.264206
157.000000 249.000000
158.356800 350.458862
153.931717 347.526619
156.647779 348.224596
162.819304 342.923170
165.194299 347.955026
157.060169 340.912335
155.321448 341.076632
166.753028 348.088031
157.000000 348.000000
150.684671 174.664046
163.624920 171.166928
154.354904 172.247296
151.680100 172.351739
161.316661 174.981124
168.458352 177.686417
155.034773 168.640184
159.292087 175.365298
159.000000 176.000000
161.297184 280.817086
168.465236 276.922094
167.913897 285.752012
151.025550 280.754246
167.068594 279.055945
162.122514 277.341731
158.087286 277.515923
161.704372 278.577664
160.000000 281.000000
154.160724 345.501134
155.311271 339.467121
159.865159 345.407052
159.990108 341.659961
159.077672 343.058936
159.315198 342.365150
158.468167 338.286846
159.426753 344.311019
160.000000 344.000000
164.234210 249.030896
156.485856 253.517414
156.589108 259.440102
155.458905 244.560975
163.245258 256.871517
161.969695 251.565415
159.675776 252.306170
159.817304 259.713856
161.000000 252.000000
161.117504 167.552997
171.053631 176.797804
165.819340 169.603620
164.874979 177.166822
162.628401 173.892266
157.524315 175.019052
161.296172 177.592817
158.895073 173.873430
163.000000 176.000000
155.721574 332.667779
166.487626 332.642111
169.469046 327.846121
163.600348 336.196916
161.948958 335.161195
158.001445 333.420102
164.163913 328.317906
163.329481 330.507493
163.000000 332.000000
164.225709 335.427135
162.365829 334.308057
162.113298 326.543915
163.884937 338.051353
159.616585 336.658480
163.021838 330.732946
164.313385 332.866779
163.381662 344.073934
163.000000 336.000000
161.085045 337.065127
157.698322 337.344387
160.691973 336.760253
163.442274 346.794745
162.413422 337.402453
163.622708 340.379083
165.366188 340.091336
157.589041 333.067360
163.000000 340.000000
163.777155 282.182069
160.910669 281.476975
162.704570 282.764472
165.080617 280.366017
171.338646 280.522342
160.358699 281.525717
161.380243 285.040163
167.313218 284.544708
164.000000 282.000000
160.620069 172.668262
164.680711 180.297735
162.794274 174.412795
166.672933 189.402599
169.076397 186.850015
162.339289 172.125751
164.371877 179.392404
163.828788 183.276774
165.000000 180.000000
165.258933 255.158689
159.232980 256.204961
170.718505 249.166266
165.138469 253.558595
164.955536 255.764041
164.744736 258.009533
162.659327 256.679906
169.253822 263.944475
165.000000 255.000000
175.780764 285.820778
162.080033 287.311075
160.766872 284.437749
168.032499 289.862111
175.165273 282.024627
171.015556 283.605171
157.924790 284.908911
161.236848 285.216400
167.000000 286.000000
166.344356 326.223548
168.677550 323.018282
168.085538 328.041313
165.959761 331.712145
163.321901 331.086168
166.713308 338.254271
170.743410 334.333434
170.177937 336.255041
167.000000 329.000000
168.555126 190.840224
171.329362 176.546324
172.113390 178.836470
168.600239 172.017705
168.663453 180.790618
167.471701 187.932358
165.627210 184.597115
177.529811 179.863054
169.000000 181.000000
167.736709 261.596562
168.646438 259.600365
165.274092 257.219750
170.521021 265.302100
165.756536 262.980736
175.013947 260.541083
162.445833 255.907084
174.084452 249.656040
169.000000 258.000000
167.411742 322.882168
170.842697 323.627310
169.728675 324.891698
175.623608 323.926322
172.791898 331.108336
166.485370 329.557971
172.768080 323.258167
171.098321 321.795466
170.000000 324.000000
169.918690 284.627039
171.481405 284.904258
178.138061 291.896155
171.400081 283.396503
171.412957 289.218467
178.700790 284.502596
163.896828 280.212492
172.353800 282.637342
171.000000 286.000000
177.541033 174.227570
173.761035 186.670010
165.863364 181.136801
171.975317 184.213653
173.632013 171.984006
168.431478 179.342856
173.421778 171.165762
175.268932 182.271457
173.000000 181.000000
175.609654 261.379634
178.247039 254.111230
174.400894 255.351534
177.016221 264.051825
177.127206 254.213004
170.270196 258.562611
182.041707 259.987340
164.107949 263.474686
173.000000 259.000000
167.553822 330.306807
174.630580 330.024421
168.376965 323.096745
175.674969 318.802985
174.177822 314.371572
176.049005 321.801613
171.143895 331.584134
174.411205 328.395711
174.000000 324.000000
179.081338 280.509209
176.635347 289.779120
174.856542 284.214143
173.981464 291.650766
169.430446 286.350979
175.009375 286.625759
184.280821 283.486047
170.115614 284.149794
175.000000 286.000000
175.564902 264.050536
175.945352 259.861389
177.794170 265.608386
179.076219 267.060304
183.040168 267.626554
177.040011 261.164009
175.906365 262.869968
170.898144 263.865242
176.000000 263.000000
176.626802 328.007376
176.168621 330.699916
181.891838 321.848823
177.715966 329.083744
177.654961 327.975883
171.751601 331.740615
176.731011 325.754701
166.908378 328.268062
176.000000 328.000000
176.445270 328.674151
169.012622 328.357125
176.186307 332.358686
170.896114 327.026714
175.100502 330.393857
178.742000 332.863633
179.131993 331.874370
180.713396 332.096662
176.000000 332.000000
175.152178 175.089077
184.408786 184.416409
177.316805 185.295233
184.099464 177.530265
176.882975 180.901442
174.082495 178.308510
183.901194 179.121182
171.315817 174.839206
177.000000 181.000000
178.229569 284.921762
173.671453 286.023954
187.114306 283.260094
177.401995 283.102943
177.790653 284.258275
177.816399 281.346656
182.967217 278.713698
178.832495 285.329877
179.000000 284.000000
180.188962 185.090166
171.643133 179.877885
172.760247 179.111243
172.213711 181.103531
176.500759 177.501219
180.337373 186.315668
173.607657 190.988345
179.978829 184.930500
180.000000 185.000000
174.912570 266.673750
181.099619 264.584459
178.561119 259.527918
181.401232 258.343572
183.154945 257.006368
180.716354 256.705346
185.389361 256.365249
187.540725 265.839138
180.000000 263.000000
182.121946 339.525199
176.064345 338.056665
180.200106 332.606573
175.203379 330.643197
173.353429 329.442652
181.849688 328.628748
179.748281 334.347343
173.745872 333.754732
180.000000 335.000000
181.407042 339.173780
180.542540 339.754297
177.862252 335.737126
181.067081 337.234183
179.403493 337.312585
185.931185 339.381623
171.860999 336.429459
180.610309 338.711561
181.000000 339.000000
181.469053 344.676126
182.191417 341.738108
178.220424 341.393870
182.873744 343.482382
184.632381 352.196786
184.268523 346.737258
174.918753 344.079915
181.619957 342.956214
181.000000 343.000000
182.158884 352.025623
187.044450 345.840738
173.722234 348.774285
182.171682 346.279584
181.276404 347.248795
184.826869 347.693938
179.852510 345.329805
182.609846 345.866678
181.000000 347.000000
181.602429 280.641128
187.328110 286.786119
182.065935 277.045464
177.586307 271.948182
187.218760 276.049140
177.698787 284.133701
182.182957 282.369162
182.256930 288.026738
182.000000 280.000000
180.820713 185.825285
184.978041 186.185421
186.721468 185.521652
182.294281 177.210199
183.485318 187.887605
188.592291 187.472369
174.943969 190.875773
183.220122 189.406919
184.000000 187.000000
185.211372 266.127644
180.565074 264.754008
186.661148 263.334557
182.933649 271.503910
183.133002 267.828212
174.930037 267.183704
188.378992 271.762689
189.147839 261.878594
184.000000 264.000000
185.840371 350.386233
191.989628 353.664174
187.542922 350.452394
185.884760 340.159566
193.458442 350.935922
190.815581 353.993848
177.781865 346.965942
185.214545 351.135564
185.000000 350.000000
186.063757 268.165175
186.900213 265.993234
185.322872 268.872459
186.012166 260.447345
186.556719 266.342120
192.238814 273.437163
185.119288 268.388803
189.720211 265.471134
186.000000 268.000000
187.430057 271.409731
189.652225 266.357645
186.903667 276.551551
182.812346 271.735781
186.269747 265.055884
184.110768 278.583701
184.711485 278.856118
194.801444 273.190465
186.000000 272.000000
185.225419 284.521726
187.062665 280.246507
177.810863 277.056002
184.725614 276.564653
188.594683 274.499740
192.143203 282.347206
185.117152 279.216111
186.116293 274.117508
186.000000 276.000000
185.071890 353.943755
182.174619 347.343527
185.216569 352.245230
187.410811 352.681658
185.674600 354.633136
189.377596 353.989208
185.800864 354.952316
186.212280 350.130260
186.000000 354.000000
180.130689 358.106450
189.555322 357.359964
190.166199 366.645063
190.661821 353.649133
188.063057 358.700855
185.587842 351.297031
190.221063 358.430046
178.794903 353.025320
186.000000 358.000000
193.952728 188.837813
184.745710 192.263209
195.755907 190.626300
189.319208 182.300697
186.429810 191.108829
186.343828 191.462226
182.537532 196.041418
181.544686 192.905691
187.000000 191.000000
185.322556 191.434719
189.833882 192.217650
194.406530 191.839988
195.133842 195.986770
192.487351 186.503889
188.070020 198.376715
190.861343 186.564943
189.720449 201.812267
190.000000 195.000000
188.686566 361.787966
194.843312 364.680912
183.316553 364.287497
186.806999 360.337751
189.901239 358.833581
197.012067 352.993756
180.832200 358.759548
186.719695 352.406644
190.000000 360.000000
185.738033 359.492342
193.387324 364.109018
189.754093 367.248318
184.544977 366.631837
195.137015 364.597279
197.173494 363.134932
192.363007 369.608555
195.291016 366.305984
192.000000 364.000000
190.955967 192.629954
193.135117 192.298147
186.599458 195.814549
195.039985 196.263862
202.572353 200.785377
191.174015 197.230522
195.517357 197.901582
194.936056 197.580411
194.000000 197.000000
196.743031 375.603388
194.871011 369.936024
196.147286 368.070474
195.859500 362.195329
192.056272 363.699895
190.361961 362.315107
203.774457 368.690057
196.004449 366.998299
196.000000 367.000000
196.450343 370.233111
198.122643 371.474696
203.737154 371.638586
201.085537 374.811495
204.972316 368.912439
205.202868 369.179131
203.167500 371.142349
190.950983 377.533481
196.000000 371.000000
196.521000 196.625187
198.110040 205.494260
195.796361 200.879276
191.951207 207.402526
201.592698 199.335111
196.055548 200.642358
193.636481 204.242124
195.827622 197.882956
197.000000 201.000000
198.673423 371.703300
202.795185 377.515575
194.963400 367.049916
192.386078 381.095583
199.542632 366.029663
202.806403 376.826159
199.125217 375.186510
200.505905 377.354319
199.000000 375.000000
195.300860 213.126282
202.339220 206.375490
204.653417 200.584869
203.876401 203.957966
196.910356 212.122566
196.942280 203.490811
204.520424 208.286139
202.597053 207.412599
200.000000 205.000000
205.381892 382.764934
206.248184 380.451053
206.966053 375.806730
201.973407 375.916899
198.075297 371.878131
204.869397 386.995614
197.892101 378.073870
198.554405 385.175634
201.000000 379.000000
205.573698 380.326710
201.134948 383.175782
205.952411 389.437908
200.159982 381.795577
206.401572 377.838245
210.476093 385.601171
193.313215 387.627808
197.118432 381.890431
201.000000 383.000000
203.077599 207.102222
210.690686 206.329778
208.053322 207.941047
199.785531 202.269170
204.725493 209.714607
199.667998 208.526829
203.303101 216.274110
205.048775 205.958244
204.000000 207.000000
211.082632 383.612646
213.177094 388.526786
205.971381 385.939913
201.979954 380.901666
203.067167 389.105733
205.445235 388.420547
209.595773 385.742640
207.353057 383.728472
205.000000 385.000000
211.259084 211.558837
205.818585 213.458668
208.655153 220.497620
212.999081 214.984786
201.133108 210.513220
203.542310 204.972945
213.779143 207.005802
208.756506 208.642118
207.000000 211.000000
207.231428 391.863524
207.769134 388.384916
201.595678 384.304963
206.113808 385.427303
206.340658 388.264352
214.113493 388.793991
208.168325 391.920399
210.179483 387.499895
207.000000 389.000000
203.850390 220.179391
207.889742 213.398953
207.373181 216.081909
205.281623 206.753917
214.899647 214.595486
211.082778 217.040554
208.077336 215.026108
209.256593 217.149776
208.000000 215.000000
212.315697 221.084814
199.401508 219.864674
207.866034 221.530929
199.249048 217.156892
209.028227 223.455205
206.377120 220.210202
210.632931 222.638632
214.716614 210.797344
209.000000 219.000000
212.509350 393.026155
206.327052 394.653115
211.902856 393.297554
210.151982 391.280489
217.856500 386.278563
215.214637 394.843700
211.101377 392.861241
215.253220 387.573846
211.000000 392.000000
215.402747 391.062772
207.024930 393.021376
211.007659 395.971935
205.764721 397.224995
214.403723 399.910820
202.750239 397.416292
205.229236 394.577970
220.656112 396.376919
211.000000 396.000000
211.863544 212.399655
219.553349 225.227555
212.076666 219.836337
213.407341 223.119861
213.048221 216.323893
211.487306 219.961758
203.498939 220.650880
205.573256 218.518651
213.000000 221.000000
214.122411 402.204600
210.931727 400.556419
213.898364 403.566552
214.844712 399.888635
216.844373 397.821757
214.889308 395.534883
212.952629 400.644055
207.403804 404.537619
214.000000 400.000000
219.217413 219.773253
215.410118 224.760211
210.697348 226.869853
211.537171 216.056713
218.713937 221.774611
212.234370 219.159263
215.399905 228.538107
223.195087 223.978323
217.000000 221.000000
213.068493 409.656587
217.378113 400.938538
218.599450 400.596736
221.083173 396.317046
216.059013 399.520012
216.537599 409.137658
218.022872 407.817664
226.102578 407.142087
217.000000 404.000000
215.857118 221.605038
228.296440 215.469258
219.782097 220.185623
211.363118 222.036181
221.520150 218.647478
212.383977 223.569868
221.882677 221.768788
221.005533 230.445713
221.000000 221.000000
220.211242 406.513988
220.102192 411.726818
226.863694 404.325197
219.911997 407.442953
221.063109 405.993668
222.591638 410.183366
222.698823 416.522348
221.202393 406.820958
221.000000 407.000000
224.071815 218.383215
227.459390 219.249951
225.178230 216.814096
225.999857 218.180983
230.196067 223.282102
227.985765 217.668824
224.704963 216.465141
231.144606 214.659411
225.000000 217.000000
226.445524 415.006543
224.801298 406.314365
226.687272 412.359227
219.870103 417.972645
220.405877 401.845146
224.114770 412.236666
233.288904 408.953582
220.617358 405.596429
225.000000 410.000000
227.325945 211.350514
226.379482 205.345702
226.305814 211.226879
235.463600 206.356351
225.586911 209.566828
234.696501 207.901062
219.075679 211.905943
218.281389 203.714705
226.000000 206.000000
226.127353 217.388179
227.906747 204.774324
227.915447 208.945649
225.676806 209.432498
225.793433 209.482352
226.873021 211.334608
225.842107 210.314926
229.808280 209.837084
226.000000 210.000000
225.171172 406.768050
224.715158 416.559442
224.679262 412.753553
229.939323 415.366036
226.304043 414.938027
227.252697 422.241356
228.756294 412.312738
224.892605 415.370949
227.000000 414.000000
227.449096 201.264900
230.782508 201.983982
228.959627 192.131135
228.775610 202.797919
234.710084 205.639522
229.052524 201.093752
234.748710 204.459809
229.238130 203.422314
230.000000 202.000000
235.449068 418.334266
233.162470 408.786417
229.768925 417.092387
235.245225 414.813017
230.855251 417.064025
236.445246 411.528898
231.437279 426.901663
228.130445 425.027847
231.000000 417.000000
239.336587 199.556704
234.035141 191.468098
240.051980 202.167242
230.449921 206.685444
239.863211 197.661730
239.905743 202.797200
234.512197 200.545315
233.441499 201.985758
234.000000 199.000000
234.008062 414.161172
242.948514 425.684307
239.680092 421.900761
235.962206 425.966269
226.421216 417.453978
238.929751 423.931863
231.862672 420.840380
241.403721 427.087676
235.000000 420.000000
236.580724 153.355296
236.543614 164.188494
227.591484 155.937164
227.736286 157.134709
241.601301 151.512941
231.476629 159.760129
228.978826 156.018032
244.985479 157.128661
236.000000 156.000000
238.394899 153.142486
235.935492 157.556356
237.438671 155.694562
241.320508 159.927888
237.952976 158.265976
242.426550 156.646282
234.985369 153.960903
236.074031 160.237476
236.000000 160.000000
235.075399 163.116050
237.598731 164.001861
237.153696 160.007761
239.971397 164.998165
235.348598 171.281718
237.897889 162.367825
237.318338 156.866128
233.673594 157.113903
236.000000 164.000000
239.805262 175.363446
236.953050 175.134712
235.787145 169.640306
238.230483 175.553566
237.369282 166.446007
239.333838 165.216030
229.520613 172.497136
237.236856 169.330461
236.000000 168.000000
240.868358 174.505364
242.463990 173.720311
235.537342 170.487940
235.261040 171.473211
240.336764 174.719141
235.522251 174.505127
231.421584 167.015615
236.702240 177.375880
236.000000 172.000000
235.457207 181.922366
240.378067 169.566456
243.493633 178.199337
238.078690 175.867134
231.559928 178.872642
236.948479 172.634405
233.038931 177.462632
241.161572 168.274484
236.000000 176.000000
231.764294 186.719992
237.893404 188.917597
236.071033 183.636731
233.247491 177.674972
243.112266 173.053514
233.965312 171.283457
239.178767 174.540811
242.433703 175.507065
236.000000 180.000000
233.820892 184.088801
238.606587 190.124482
237.504269 183.043052
236.857940 183.579580
239.721585 186.069903
235.977267 185.959192
239.789311 184.136332
245.510881 184.576549
236.000000 184.000000
231.025285 183.821614
233.786399 187.290484
234.698009 189.180010
236.048339 186.899456
241.412168 189.530153
235.480160 189.206490
236.576622 183.258053
239.854591 185.668968
236.000000 188.000000
238.673462 195.836383
230.785890 189.852725
230.217834 197.393304
234.010636 188.023283
234.475622 192.875806
238.420542 191.570442
240.238409 187.298302
238.537854 188.382830
236.000000 192.000000
239.137006 421.076338
233.583317 421.631299
238.730016 422.283375
241.212432 422.334362
238.255854 421.282370
241.759107 417.597342
246.919003 426.375044
236.220290 430.133878
239.000000 423.000000
236.137226 156.870812
232.550943 156.784420
236.802986 150.026706
248.236074 155.943085
245.841730 151.210907
237.208449 152.702064
241.895071 144.839898
240.003276 152.028190
240.000000 152.000000
246.993897 140.305143
238.786416 148.019776
241.564925 137.094914
238.489019 138.464402
233.732947 149.107893
243.403080 146.257553
238.588362 144.169724
240.987513 145.628851
241.000000 146.000000
246.139800 422.166499
241.199552 422.242904
239.888895 417.829565
240.348333 430.477439
249.629940 424.833933
243.216791 423.930946
242.570582 422.649418
249.022063 424.102343
243.000000 424.000000
244.023349 142.010257
239.439917 139.980450
243.721042 141.465423
250.097120 133.531645
248.921982 144.293807
243.531556 138.843310
248.390247 145.308051
240.328361 134.977453
245.000000 142.000000
252.046066 432.354267
249.812676 427.271112
244.491925 425.057616
247.911944 424.890328
246.924048 436.070619
244.840775 429.374229
250.825820 428.357256
243.040248 420.907934
246.000000 428.000000
254.678985 135.838436
254.047939 133.654006
246.381406 138.527855
249.046021 138.867395
253.432409 130.315117
252.761521 135.107591
247.524352 141.774851
246.998505 144.549947
249.000000 139.000000
247.207372 430.856209
249.927649 429.795849
249.697993 430.018434
251.192092 432.561038
249.101101 434.112167
249.979154 428.968227
248.358318 431.730132
250.637682 430.105247
250.000000 430.000000
253.042554 135.649998
253.675716 134.787162
252.918250 135.922256
251.304744 136.814406
254.761081 136.469484
255.246613 126.641266
256.876577 136.794642
251.439688 133.493512
253.000000 136.000000
251.753484 431.298827
254.510518 433.652343
259.404571 433.413872
256.347983 433.995380
245.785619 432.255977
252.812054 429.670177
248.949303 439.947507
255.672284 431.890814
254.000000 433.000000
264.840033 132.666655
257.772912 134.914877
248.424194 135.787386
262.843707 134.318684
256.161685 133.368053
257.414642 131.883122
259.948217 133.030113
259.873684 127.068123
257.000000 135.000000
265.086537 437.463254
252.321135 437.749256
255.193650 424.581618
257.743733 427.080311
250.466239 439.463754
263.680938 442.194278
254.065493 436.247485
260.896741 431.766311
258.000000 434.000000
259.985422 121.644407
256.893226 132.730886
261.112862 130.901071
260.405033 130.335764
260.202674 129.472562
256.658862 129.774159
265.639937 132.448260
261.742215 126.952620
261.000000 131.000000
254.823688 437.153282
258.391537 432.074243
260.339002 438.819888
269.077497 436.788450
252.181498 437.629277
257.384056 436.577949
262.986771 437.320924
261.287151 439.812059
261.000000 438.000000
262.353006 129.929204
267.898222 123.684142
260.121698 133.189784
266.679458 125.342366
264.213243 134.440608
265.552152 127.497192
268.645743 124.157136
260.803780 121.928754
265.000000 127.000000
269.280491 441.579319
270.915630 438.693210
265.371986 440.436563
273.565834 441.304091
263.086513 439.962428
265.189492 439.320749
261.106882 440.065019
266.102205 446.836910
265.000000 440.000000
269.425376 115.140567
264.781582 118.232153
262.100541 121.481155
258.127207 118.839156
268.002259 123.275736
264.901495 120.948968
273.490851 126.410686
267.823841 128.532175
266.000000 121.000000
260.810322 445.448468
266.656419 444.664282
274.685973 447.318769
271.055364 440.779587
268.524765 447.734754
267.131190 439.745321
266.951559 443.784455
265.262910 435.785875
267.000000 444.000000
270.107082 120.137937
265.949747 110.577273
270.474640 118.952969
264.120716 121.310002
274.464509 110.530609
271.484855 120.315100
265.595637 123.458229
272.338612 116.197204
270.000000 117.000000
267.108747 455.733184
274.948206 447.461713
276.328406 440.753591
270.737145 446.031027
266.961333 449.751984
274.376115 445.285047
270.411999 446.948064
270.537507 446.693554
271.000000 447.000000
281.743985 108.001330
269.223602 107.880645
275.807842 112.625646
270.701377 117.892609
273.127278 113.288202
273.398377 113.589291
280.583851 109.958181
269.905638 117.764957
274.000000 114.000000
271.931728 442.869567
279.639362 445.271913
280.488313 450.902037
267.479462 446.428749
271.882226 443.302896
274.702305 453.228095
274.789488 448.000625
283.477475 451.657550
275.000000 448.000000
283.846173 108.004660
275.145288 105.522846
271.806926 105.936589
274.438188 114.587741
277.329565 109.238324
269.373874 112.765965
283.636306 108.042201
277.134151 103.184130
277.000000 110.000000
279.177315 444.002674
275.239732 448.661461
280.163494 452.264073
278.228716 447.700568
283.842804 453.759075
274.541800 453.172467
280.828729 448.875286
288.046283 445.140074
279.000000 449.000000
283.410783 106.096770
282.215798 107.451686
282.724982 105.888043
284.715339 106.758786
282.909366 103.533513
278.872715 105.089603
280.747911 104.707005
274.491117 102.679565
281.000000 106.000000
284.954960 454.048554
281.658881 450.149375
278.364808 449.962302
277.039087 456.731185
287.214289 453.121475
285.502817 447.095880
285.941163 451.390313
287.560752 454.325370
281.000000 453.000000
280.930198 196.391979
284.775786 203.722885
282.016581 193.992655
282.381585 194.678357
282.646256 194.791904
285.299576 192.226008
280.766385 195.429820
281.556865 195.045506
283.000000 194.000000
282.435366 199.278822
291.332316 194.582412
281.159094 188.410956
284.408691 206.280810
282.697655 195.879378
283.541875 197.994981
278.957711 201.421661
285.689182 195.234003
283.000000 198.000000
284.197420 197.004448
281.862496 193.952620
284.503228 202.627525
284.354879 206.715861
287.815551 198.122366
282.112182 202.282113
285.154329 198.349301
287.621776 203.270212
283.000000 202.000000
290.443093 110.151171
286.251011 98.727326
275.774274 103.634840
283.661630 107.772274
288.281822 96.717293
283.822317 106.825659
284.961125 106.004344
287.680367 106.414392
285.000000 106.000000
285.073465 188.953309
294.874450 187.910412
291.842534 188.954093
285.892008 198.127387
283.460268 190.129625
288.486638 190.675499
280.036127 191.092871
285.167223 190.265496
285.000000 189.000000
291.727350 452.524252
284.696711 459.216538
285.726830 452.475211
284.242409 452.832128
288.970062 461.923509
284.757553 453.196947
290.196896 446.803783
284.823860 453.125260
285.000000 453.000000
285.714421 211.174214
286.182185 202.419809
288.145460 207.984189
289.883442 209.400262
282.600217 203.973988
283.704959 206.036439
285.803432 203.955323
288.156046 206.136717
287.000000 205.000000
296.495342 99.405936
281.307021 109.347057
288.401955 108.669312
292.740545 105.441150
286.538307 106.108486
282.710932 105.486817
288.823492 105.368109
290.758613 103.295412
289.000000 104.000000
292.484787 188.491510
291.440983 190.823778
289.672883 184.846031
288.213520 187.683848
289.144936 182.481635
285.425798 181.502159
292.671793 186.257255
281.239698 185.297756
289.000000 185.000000
285.691378 454.380566
297.969652 454.165297
288.861350 454.446749
289.047495 453.970551
287.261751 452.947689
288.689206 455.301391
285.922399 450.559660
290.678026 456.753973
289.000000 454.000000
288.587974 211.446089
286.712749 206.783581
284.969502 208.352216
285.974252 205.066915
291.715817 206.672394
287.012772 208.925005
290.997998 206.001810
291.337338 200.233005
291.000000 206.000000
291.210266 460.892410
289.322582 459.322495
292.755568 450.183574
294.807749 458.629595
298.439342 455.926505
286.263807 465.391601
295.157415 456.173006
283.021317 453.577965
291.000000 458.000000
292.190895 99.825008
296.839446 108.510338
293.454798 105.932393
296.005093 102.179296
300.461955 105.108119
286.272016 98.133051
295.940956 96.378856
296.719786 100.906124
292.000000 100.000000
294.664746 182.176121
297.283941 186.162398
291.615043 177.745472
295.732608 177.236046
300.724678 175.029196
290.381824 179.049262
293.423019 178.192957
292.907639 177.853388
293.000000 178.000000
296.333594 178.854833
283.801043 178.638674
289.608799 181.439516
296.956020 185.714278
285.246655 187.833292
290.345751 186.030773
289.472388 187.080622
295.147520 179.064227
293.000000 182.000000
294.729318 205.536344
301.184544 209.844770
295.384625 200.918329
294.428821 207.408764
289.754236 205.653742
288.833732 200.463480
293.940766 199.767701
295.019395 207.419628
295.000000 206.000000
294.779862 457.665520
291.426316 455.838575
296.537474 463.229017
294.662811 451.773438
293.302625 455.715934
293.991987 456.673723
298.225024 460.338955
296.643951 462.097669
295.000000 458.000000
296.076930 96.280713
299.366470 90.865899
298.708831 103.195411
293.808185 91.489647
295.245023 96.501605
288.050532 101.119600
288.632513 89.415370
292.642445 102.350591
296.000000 96.000000
286.852030 175.883889
289.201881 174.395281
293.519293 167.962635
296.136312 166.962213
295.321375 182.218167
303.058154 180.636699
290.018626 181.470254
292.873200 174.833179
296.000000 174.000000
296.285181 166.955503
289.533812 171.993162
299.128684 162.399385
296.682280 166.391191
302.690875 172.911675
298.100419 171.695302
293.597916 164.452954
297.248648 165.857232
298.000000 167.000000
298.840501 205.239892
291.615121 211.123386
296.848563 207.396238
298.130813 207.807938
298.099668 208.549083
298.658376 205.464384
303.389558 206.877901
299.163292 207.020220
299.000000 206.000000
299.634558 464.918862
301.910697 449.095691
295.837169 455.171011
295.379838 457.040217
291.399956 455.824953
304.387835 454.485134
295.623762 459.834414
298.090127 457.067522
299.000000 458.000000
299.897391 91.998507
297.514948 84.944452
297.214106 89.505024
291.379858 91.512594
299.794670 90.307327
291.921737 90.156887
299.150390 97.654974
295.185720 100.699375
300.000000 92.000000
300.175074 155.452298
301.681596 161.756148
298.281202 155.272640
297.282421 155.368269
301.699056 163.166243
309.373113 157.610708
307.950860 157.453766
293.828633 164.404505
302.000000 163.000000
308.086594 155.829914
303.364667 157.442967
295.622847 157.082280
303.681747 156.656860
303.662290 158.142152
304.090023 160.533132
303.437146 161.283483
302.555078 158.213587
303.000000 157.000000
305.703962 209.926383
304.050164 210.524553
302.212272 206.992578
306.539040 203.310890
301.299335 203.330033
302.099634 205.314582
304.830863 206.621557
303.703615 206.481800
303.000000 206.000000
297.407609 450.054399
302.763664 457.342776
300.223357 454.633833
310.181699 463.372497
304.999392 463.114746
299.750638 457.093630
298.779957 457.544191
303.967506 458.456524
303.000000 458.000000
311.216249 85.028111
298.624787 89.052303
295.127902 84.637693
307.603335 91.277013
312.854653 91.337934
307.685056 90.514205
304.692862 87.099350
305.361994 87.003416
304.000000 89.000000
299.331477 213.235389
305.635626 212.875713
306.536575 207.075880
310.667259 211.076495
298.143807 216.473088
306.825197 201.800206
300.456548 211.848370
306.927193 212.961086
305.000000 210.000000
308.585047 91.854139
307.345869 85.110584
301.490330 85.370051
306.265345 84.810198
315.022149 85.216585
309.684870 92.810108
312.555886 86.740687
305.716485 75.832434
307.000000 85.000000
306.681322 155.505285
309.041841 156.161596
308.444032 150.120823
299.745704 156.421998
305.195263 154.661746
311.095864 149.340920
308.139452 161.200277
303.435456 157.537849
307.000000 153.000000
301.812828 457.249483
308.200347 449.760847
308.113044 452.156203
299.560723 464.402502
303.545526 456.641325
311.046851 457.344213
302.793072 460.816938
308.722422 455.298142
307.000000 458.000000
312.349615 203.168236
313.192891 217.950199
308.412987 209.106135
305.590294 204.432375
307.774078 202.616141
309.096989 212.406138
317.575059 212.135756
302.907821 210.458305
309.000000 211.000000
312.517570 147.759055
315.770337 145.990476
304.983022 157.351270
309.970516 148.853758
303.748428 144.020982
314.544026 144.909580
310.244690 148.728403
308.939827 147.422309
310.000000 149.000000
317.868825 87.511221
302.919498 81.804243
309.312730 84.997822
308.512379 77.327196
310.677310 80.467099
320.769314 82.690285
310.626009 78.020652
319.198932 78.667284
311.000000 81.000000
314.351881 460.926658
301.308558 456.601857
310.061738 462.147020
305.236840 456.907869
311.424900 460.766204
314.065589 454.847862
313.970755 449.618950
317.337903 454.883539
311.000000 458.000000
316.872625 137.634682
312.341680 136.794473
313.048672 136.844177
315.901657 137.816661
308.578135 138.738886
316.770359 141.024959
308.506135 139.770953
309.267967 138.230995
313.000000 137.000000
310.302932 135.636177
311.686007 141.889252
309.932129 131.928351
316.776421 148.531391
322.260553 138.697972
308.331356 137.925809
306.305416 138.215109
308.111512 144.304566
313.000000 141.000000
313.886518 142.542599
320.252899 138.683298
308.322574 150.965196
317.204787 152.422157
319.154432 142.291177
314.008298 145.164893
313.652768 146.253807
316.026131 141.326864
313.000000 145.000000
313.259284 215.857572
317.599095 218.726229
318.412392 204.804365
305.748628 208.055217
310.633943 212.217871
312.244820 220.405533
308.861379 209.225513
311.151849 219.467524
313.000000 211.000000
311.501230 84.496743
314.734745 78.501567
312.302563 78.566313
315.438274 81.680556
313.481609 76.837987
311.331454 76.733694
312.556620 79.323809
315.296017 80.196039
315.000000 81.000000
314.860822 214.918313
311.761567 214.815912
314.440724 215.625151
315.040379 214.613762
314.265918 217.664598
316.189543 220.468585
311.497945 219.720147
314.889900 214.150368
315.000000 215.000000
319.216981 450.500038
317.963110 463.896619
305.900069 457.093526
314.961332 457.933709
306.018535 460.035103
311.455171 461.585115
323.973417 453.877049
309.960744 454.246410
315.000000 458.000000
314.128966 132.573069
317.936192 134.452795
317.933933 135.796821
313.490851 131.760723
312.645953 141.026976
316.870339 134.417901
318.492235 132.071748
325.067056 130.934654
317.000000 134.000000
318.664222 134.026172
320.729007 121.458580
324.772316 130.579229
318.730180 125.937193
321.839702 134.442168
323.001024 134.217037
315.730064 131.932521
308.075031 125.860924
318.000000 127.000000
311.350957 78.715133
317.927061 84.170430
320.318675 84.176027
312.423216 88.459860
317.417913 85.439358
314.278275 73.114411
313.773746 87.499724
309.834853 79.080745
319.000000 81.000000
319.783490 217.768362
319.004130 217.002189
315.265178 213.298184
327.331125 215.916402
315.891501 222.316134
315.823312 215.083165
315.993116 220.810071
319.092099 212.128299
319.000000 217.000000
318.528623 459.220362
318.189358 468.835648
319.030779 456.891566
320.343852 449.324214
315.471095 457.767823
320.989874 456.319277
320.542405 451.428025
314.842003 465.859821
319.000000 459.000000
316.555363 454.315647
320.186037 461.944846
320.089900 462.149515
323.036924 462.706052
326.978553 463.791472
316.593992 463.320462
325.654543 468.187603
321.279245 461.916003
321.000000 463.000000
319.207902 124.209484
321.440084 133.697499
326.962083 120.453751
324.506008 124.496328
329.843252 124.123391
328.750746 127.360390
321.580732 118.797466
319.602187 129.207930
322.000000 124.000000
318.246128 214.481936
322.574652 218.040348
328.757552 223.944458
324.801488 219.438637
321.781651 214.568306
321.939262 221.488337
322.081380 221.089801
326.351547 229.368177
322.000000 221.000000
328.005778 85.051841
325.910817 76.083251
315.692350 76.199031
325.755968 72.759827
322.168698 77.083054
317.619372 88.861515
322.198662 84.987862
321.581507 86.807765
323.000000 81.000000
329.264166 119.615251
329.662220 119.560347
323.869045 119.195612
323.816212 115.762057
317.924932 112.196429
326.339716 118.988042
326.686941 125.707419
325.879793 122.334926
325.000000 119.000000
334.100944 465.433344
327.972512 469.153999
323.174896 463.132350
315.821744 463.594806
322.615925 460.384850
325.910837 456.834898
323.763020 462.485309
324.210510 466.153784
325.000000 463.000000
327.845106 222.018875
328.341569 211.825994
326.780760 219.066067
324.347705 225.036727
327.091139 225.088291
332.923578 216.366613
334.001615 216.954956
328.987880 222.063387
326.000000 221.000000
324.272026 79.810174
330.274602 79.713682
326.972011 78.963554
326.964856 81.057240
320.162629 73.792693
325.565276 78.665476
324.125482 87.652587
332.561882 87.907509
327.000000 81.000000
326.453239 116.412910
328.072994 116.131623
326.119005 119.747799
324.688700 109.046519
331.470438 117.646646
334.713598 121.061071
331.490544 125.393869
327.967513 116.605528
329.000000 118.000000
322.138080 456.153061
332.305414 466.521003
333.809937 466.745348
332.874508 462.427132
330.273377 463.382311
327.798370 461.113259
331.115763 466.519415
329.084059 462.988740
329.000000 463.000000
331.288634 224.866406
328.615117 220.938519
328.838443 224.472129
329.690874 223.845771
327.863693 215.752986
332.214582 221.499697
332.737326 219.077984
334.362225 213.328926
330.000000 221.000000
335.475565 88.805251
337.209497 73.253434
337.050685 77.877691
336.823761 84.104387
330.456744 75.067594
329.960639 83.779384
325.357171 77.186449
330.308505 82.768856
331.000000 81.000000
331.128284 110.087904
336.310960 125.549784
337.673003 109.287003
331.799831 121.782874
327.700940 116.401087
331.596426 122.021417
338.471682 121.517308
336.326841 121.454081
333.000000 117.000000
332.247043 459.570175
327.976018 455.747382
330.735147 464.348213
330.415426 463.452908
326.861104 470.888380
323.242367 464.607142
328.883843 460.446012
325.978439 462.152760
333.000000 463.000000
334.864703 221.715897
337.494912 227.158229
336.410376 224.818982
341.660418 218.221739
326.006294 220.047030
339.437919 222.799001
335.182782 229.888888
335.316176 220.158617
334.000000 222.000000
340.033875 76.236979
334.951284 80.927059
334.843754 74.431009
334.172974 81.488539
330.602622 81.924968
325.482199 79.870581
330.917906 78.501194
334.250148 78.586378
335.000000 81.000000
341.028589 110.889108
339.154903 117.386487
341.944354 116.652885
337.818239 116.612998
335.718807 114.003669
337.069715 112.909764
342.803036 120.124024
344.639473 118.084892
337.000000 113.000000
340.177006 233.698503
338.251589 218.208184
345.225043 228.910673
340.541176 222.425087
329.088344 226.741500
339.905650 235.071898
336.868385 225.961255
336.684450 224.159352
337.000000 226.000000
335.432743 458.071159
336.195668 462.990694
340.010572 470.406478
346.667229 461.361663
336.042867 459.807165
338.914323 467.678709
341.605802 466.022489
342.148639 461.703195
337.000000 463.000000
336.825291 75.230146
340.000997 80.820044
343.518130 80.198190
339.628994 85.494638
331.156143 83.705315
335.939640 81.086154
339.693458 82.358601
342.895561 74.494004
339.000000 81.000000
342.873165 115.832208
335.240855 104.437964
339.879466 108.339067
344.703192 106.217285
339.994110 108.977079
342.493534 109.089421
345.945265 106.610617
339.416408 106.682730
340.000000 109.000000
340.202220 224.857784
339.774928 216.795439
336.983542 231.743110
339.288685 227.500067
337.364881 233.895003
341.640088 227.314401
344.937015 231.077843
343.302928 227.673761
341.000000 226.000000
340.952371 468.293930
337.316631 460.647526
332.969050 464.765017
344.562801 460.038543
338.867687 470.286378
331.289321 464.322966
344.085386 461.151050
342.547335 462.441413
341.000000 463.000000
343.137080 84.498695
352.796217 81.866608
343.547395 81.184063
339.313042 85.846632
340.240274 77.744854
342.654202 78.788141
342.514841 83.467241
350.031369 83.204308
343.000000 81.000000
345.262393 84.383612
336.007066 85.444320
343.333815 89.094529
344.514147 91.092501
339.424800 83.302762
340.715549 84.884153
338.176249 84.777485
341.746691 84.347236
343.000000 85.000000
345.903277 89.379377
343.606987 89.278502
340.261348 95.620740
346.307763 83.674502
343.666754 89.562720
340.041913 84.758150
335.078225 91.574285
344.454443 82.613884
343.000000 89.000000
344.888772 95.242545
348.814654 96.683598
340.049503 88.862536
345.097857 87.450139
345.927442 97.206406
340.132718 90.510497
343.874234 94.041686
342.934202 92.891127
343.000000 93.000000
343.560126 94.029120
352.274275 95.872252
334.129718 98.147547
339.863618 96.885443
340.405670 103.915929
339.353722 103.720337
341.523424 94.371658
344.485931 101.859440
343.000000 97.000000
342.200821 100.051399
334.246137 100.005150
336.244038 104.163230
342.572877 98.648627
336.362183 106.919178
343.488705 108.737255
341.233762 99.695621
334.256213 99.476270
343.000000 101.000000
344.571964 106.424439
343.116050 105.089570
349.147761 110.036075
342.955102 107.445158
338.613723 104.125751
350.762856 109.930596
342.492603 103.451502
340.770181 105.123452
343.000000 105.000000
350.698286 232.610906
340.746295 220.233798
350.165666 230.476492
345.625977 229.313265
352.125783 229.443266
343.489988 229.878538
338.299074 234.947321
342.114089 226.915225
345.000000 229.000000
344.461356 462.991689
343.138952 459.016672
337.355692 463.504513
348.426428 468.131126
348.387655 468.506356
343.073747 458.992664
346.394922 467.018432
342.726681 466.125514
345.000000 465.000000
338.713984 466.595761
343.659490 464.647008
345.519580 467.173348
341.537485 463.022673
350.629756 463.643075
348.071084 472.993180
345.912952 470.698658
345.655460 467.762807
346.000000 469.000000
343.642009 463.373123
344.293704 466.388033
345.659424 470.472358
347.721470 470.766714
352.353400 468.499959
352.050099 468.517417
347.418243 478.163928
348.107703 476.582276
346.000000 473.000000
353.460175 472.329538
353.771356 478.883527
352.044441 482.515508
346.841251 477.809515
340.030802 479.104832
350.096344 477.441005
342.123647 476.435915
345.402399 476.219652
346.000000 477.000000
343.885603 477.088918
344.532437 481.291454
352.515323 481.266717
341.138155 478.537064
343.325731 482.483606
348.213098 483.434083
343.631738 490.552013
351.517395 480.697930
346.000000 481.000000
343.455843 485.247313
340.199509 483.927668
353.894924 490.182742
347.938365 486.943457
345.235817 483.905851
344.823970 489.121751
353.172560 486.945033
348.406769 479.996511
346.000000 485.000000
347.067520 487.191250
354.269910 488.880250
347.232177 495.467358
352.121650 496.774166
351.259881 489.629049
346.816278 488.351917
349.256956 490.729052
346.747715 493.015138
347.000000 489.000000
356.946851 232.425429
341.611434 229.939865
346.667478 231.537815
339.351212 232.610904
347.988571 235.747986
347.327613 233.790907
340.593734 228.505050
354.858272 223.868170
349.000000 231.000000
344.114486 490.039827
343.548536 486.319760
351.776460 501.619730
355.859057 486.566654
350.637494 494.768366
350.483628 493.098498
348.939439 491.054121
358.354201 495.105658
351.000000 492.000000
354.503682 227.110648
355.572633 222.553650
347.658528 234.967773
353.746064 230.945812
346.815445 231.853882
346.946449 238.662477
355.071074 229.810951
359.363183 231.304139
353.000000 231.000000
354.220303 495.054109
353.776070 493.972714
357.663287 498.530783
349.680669 490.289443
345.147657 493.433210
353.873753 497.262471
358.017227 501.032281
358.213304 494.345235
355.000000 495.000000
361.405004 497.617594
361.440636 495.190342
352.317997 506.173637
365.611044 501.719349
353.307103 508.064961
351.799123 507.999653
356.223374 502.202886
350.200427 495.427277
356.000000 499.000000
357.977580 502.744185
359.536788 499.342671
356.554637 502.773013
353.169378 493.743837
357.049215 506.606061
362.319767 504.940838
354.356784 501.045921
348.999714 507.312637
356.000000 503.000000
357.278672 511.658579
354.050325 509.246825
355.149008 500.513655
350.621259 504.605437
357.130059 505.805763
358.181229 500.309872
353.253041 506.899261
357.207180 507.695801
356.000000 507.000000
354.949872 227.078908
358.885457 227.725241
358.978450 231.325109
356.867354 224.672661
355.921293 231.972482
356.825214 236.371192
356.907548 232.334610
360.751094 225.095128
357.000000 231.000000
362.910993 242.126108
366.219363 240.968187
358.943985 236.074987
359.333166 234.988040
358.764916 236.458836
359.922832 233.760453
353.993406 233.367906
357.016718 235.551221
360.000000 235.000000
358.782720 512.495026
365.716137 507.690712
361.651138 516.770143
353.460067 513.712872
356.366632 514.470487
353.306089 514.678239
361.567312 515.695373
366.521524 509.280422
360.000000 510.000000
362.200193 523.502514
364.395656 514.307588
360.643571 521.292574
356.733945 520.081738
362.873023 513.526379
356.812171 515.379871
367.137170 509.931463
359.343651 515.051629
361.000000 514.000000
360.883806 510.325750
360.320657 512.758074
359.914575 520.602429
359.941545 520.444814
358.963858 524.805935
352.837603 513.494190
363.803743 524.807711
365.469372 516.406117
361.000000 518.000000
359.629780 523.621222
361.415986 520.552898
355.009641 519.743675
352.754412 523.880007
362.616433 527.779174
365.302829 514.590956
351.726749 521.610788
357.175076 516.572531
361.000000 522.000000
365.339540 527.646922
367.252830 529.031741
351.208843 525.109083
361.070818 526.212595
363.463266 534.728278
354.100511 524.478345
360.521314 527.391360
361.675430 516.243191
361.000000 526.000000
365.651271 522.004853
362.257315 523.184703
365.150390 522.345006
361.042869 529.932879
367.776908 533.575629
361.124270 529.984501
362.322686 531.203976
360.810357 529.687698
361.000000 530.000000
361.747279 541.839614
355.380047 528.676737
369.214976 529.432067
356.088403 532.580569
361.167300 534.919626
363.147496 535.760230
366.912314 532.797286
365.087634 525.001575
361.000000 534.000000
369.267575 539.717297
366.270843 543.034740
354.759392 534.551619
366.061049 542.325878
355.258426 536.744747
363.360937 534.542588
364.977561 535.520455
359.472698 535.016253
361.000000 538.000000
357.533919 237.042252
363.865883 227.952475
363.845972 235.190731
366.394955 237.214522
364.149912 236.313577
365.232257 238.068409
356.546698 234.186754
363.874480 242.365363
364.000000 236.000000
355.669541 539.916702
365.635843 533.045948
370.177906 542.593168
362.209529 546.250620
369.911746 544.247838
361.270311 534.064712
362.552702 540.074111
361.099706 540.316237
365.000000 540.000000
367.990806 236.001759
369.274061 242.082087
360.178064 235.106519
375.254891 242.444153
366.078888 238.342711
376.306985 231.004068
367.820216 229.603961
365.303675 237.120911
368.000000 236.000000
372.522849 549.364892
374.019118 539.616738
369.430782 547.996028
368.951631 543.026290
369.204331 543.485547
369.278692 543.227507
377.219488 540.930746
364.521836 543.308776
369.000000 543.000000
366.752242 247.751823
366.715136 235.040228
370.401815 240.342270
373.893658 243.101632
361.315625 244.158664
368.260389 230.247278
374.512400 239.530715
376.125848 233.534100
370.000000 240.000000
374.380229 543.218711
375.052851 541.847720
375.838110 535.045466
372.846895 547.506409
376.050255 543.324820
377.514080 534.526770
374.819616 542.227964
375.225819 536.977867
373.000000 542.000000
382.691592 240.973054
373.318613 241.485542
379.267748 244.107808
379.858941 242.984562
375.761222 237.916310
369.390826 241.781872
378.609289 248.878491
376.579534 247.529115
374.000000 241.000000
377.027039 539.536085
382.759644 545.875333
372.685952 545.955286
377.467433 538.021676
374.482873 541.470274
371.578611 530.587223
378.571329 536.964965
378.536537 537.160852
377.000000 538.000000
381.405364 247.391014
378.641803 241.311216
384.498319 237.361862
378.293910 241.931764
377.396050 242.243931
380.524291 239.687674
384.272382 242.075304
386.209421 242.227615
378.000000 241.000000
388.688622 242.574542
378.461825 245.408030
382.053289 239.623292
383.403924 245.920425
385.360447 245.075783
377.076965 252.902698
379.735239 242.167738
387.359051 249.964784
380.000000 245.000000
373.485288 535.521304
381.349497 532.036963
380.565604 533.998770
377.480367 535.511308
379.028802 534.273650
375.378559 537.148277
380.766048 539.232054
382.541780 531.695667
380.000000 534.000000
387.076437 249.456335
379.502484 241.104481
386.684101 246.858348
379.511084 242.514345
385.237468 237.255748
392.904259 249.481420
380.083153 248.317063
385.355242 243.617736
384.000000 247.000000
383.968978 530.059020
382.978403 532.080265
383.750860 529.863233
381.514660 524.906579
388.030213 537.027964
384.057115 532.584952
381.500838 528.568515
381.970976 530.822482
384.000000 530.000000
379.800118 254.959730
383.081946 249.253530
385.101720 257.761448
382.589919 243.315064
387.038898 250.899403
382.858504 255.314234
386.591228 250.647397
385.099119 250.098665
387.000000 251.000000
388.495416 515.046236
388.143851 522.320392
381.148282 522.487644
379.472461 524.254408
382.781756 525.282792
378.964212 525.809192
391.158659 515.598037
381.250592 516.205794
388.000000 522.000000
386.405776 522.691840
388.880791 517.173743
388.139425 525.811698
387.692664 526.476843
381.462422 528.683342
391.157274 527.262688
386.557733 521.438148
386.653704 524.639886
388.000000 526.000000
388.996806 252.276926
388.487359 258.198503
389.524747 249.329127
390.889486 253.890280
391.145741 252.762147
393.410060 256.815406
395.593870 255.677261
395.216711 256.304760
390.000000 255.000000
399.838596 519.177873
396.891193 519.971742
400.749384 514.412066
390.756502 513.439942
389.536347 516.441458
390.536346 516.539931
390.986487 518.634974
391.840193 516.071864
392.000000 518.000000
391.313843 258.067703
398.103220 250.753808
393.986941 256.953749
399.355765 258.157666
390.914624 261.834798
391.868917 263.818105
398.248950 260.023471
402.705874 252.880960
394.000000 257.000000
394.164264 515.276542
392.819686 506.891585
393.468486 515.926000
393.726453 516.427157
390.936896 511.630699
399.952843 520.299893
394.490960 514.912936
398.411306 518.626601
395.000000 514.000000
396.775061 258.481048
394.349562 264.473494
398.820756 261.862634
393.772037 257.967004
391.105993 258.930229
393.582705 259.053046
389.723493 267.349684
401.331412 268.736837
397.000000 261.000000
399.555638 469.643249
400.401281 469.385180
397.317708 469.385387
397.405762 466.609677
397.874128 468.472135
394.980091 469.068766
400.911059 468.967880
406.693246 467.879281
398.000000 467.000000
393.765307 468.079162
402.582005 465.490970
401.375352 469.513760
397.956624 470.928431
390.526504 466.426421
397.830028 471.853521
400.348570 472.054804
394.250846 474.103341
398.000000 471.000000
397.653596 471.073496
400.344941 472.651515
395.769458 481.036909
396.748865 482.993293
397.827859 467.783894
398.195213 466.694075
394.095177 481.441829
395.429181 476.184449
398.000000 475.000000
396.731460 482.600378
397.058502 482.845534
398.183808 479.033135
395.880623 485.989143
405.811357 484.462146
395.466942 477.777977
396.834338 477.317460
400.442303 484.185898
398.000000 479.000000
397.729394 479.268022
395.953523 487.316197
391.480384 489.755870
404.073026 477.354830
403.903775 484.617329
396.444124 476.627075
390.998972 482.773737
390.197826 483.404933
398.000000 483.000000
396.331886 490.766306
396.754676 490.480931
392.547698 494.238957
395.475646 490.866961
398.018891 486.482591
398.290064 488.785687
398.105984 495.866566
404.200503 487.343940
398.000000 487.000000
400.678340 494.746420
400.760778 496.949924
400.216347 493.414860
397.564448 487.781127
399.725007 492.255694
402.868570 491.648324
395.058534 490.431381
397.945971 489.087772
398.000000 491.000000
404.427683 491.390064
395.169777 497.597373
398.216259 495.891536
397.614582 488.516529
398.417038 491.752292
402.348945 493.775081
397.871956 497.159835
397.444240 502.164791
398.000000 495.000000
402.336954 499.370284
395.871150 491.397909
402.596460 496.904550
404.257355 495.742377
398.884216 501.380021
398.240832 499.876373
395.313255 496.821606
389.927340 504.411639
398.000000 499.000000
398.938439 505.478020
404.396490 499.480304
400.102494 500.880476
399.218992 511.201227
396.241559 509.663220
396.824851 500.392402
393.850756 499.779704
396.696407 502.652602
398.000000 503.000000
397.459762 508.084394
402.484005 508.967137
396.840437 512.167981
395.390581 511.471410
405.381583 508.254910
390.901211 505.126844
389.773022 511.193162
397.356595 507.792752
398.000000 507.000000
400.810306 257.129360
394.150630 255.026085
402.308693 252.806032
401.038805 261.871104
392.850024 260.715186
396.264467 265.606839
397.787247 261.300307
404.445669 258.351658
401.000000 261.000000
404.721663 468.274936
394.039724 464.113735
395.895794 464.546686
403.762085 466.751380
401.176118 463.681842
399.617801 459.931640
406.016943 465.118691
403.817093 463.762316
402.000000 463.000000
405.777719 258.893067
405.578130 269.372327
402.281669 267.596467
400.109614 256.344884
406.426266 255.999860
407.892212 267.833230
410.942672 266.971264
404.781492 266.219130
405.000000 264.000000
406.472812 459.104764
405.040853 459.021845
405.453504 460.145848
411.540183 451.895026
412.226468 455.329490
405.049218 453.997064
401.531081 455.256435
406.050975 455.947601
405.000000 459.000000
408.457006 274.786829
412.904105 268.861233
410.201402 266.581226
404.819473 263.282224
408.506297 268.135663
408.280035 265.990379
411.944376 262.249702
404.025513 272.108344
409.000000 267.000000
406.359637 457.687586
412.091578 463.013475
416.635456 455.806560
409.336462 456.693168
403.322331 455.995907
412.728472 452.169130
418.498353 456.958413
406.404157 454.629651
409.000000 458.000000
417.791470 269.945542
405.451377 276.208330
408.931184 269.270118
411.504250 269.479297
416.696341 270.982604
415.400688 270.324235
411.871236 267.720652
410.699729 277.289450
412.000000 271.000000
405.914006 458.377565
408.929048 453.308994
407.777668 466.823661
409.414013 461.875052
409.136178 460.988953
414.537879 461.335577
405.875623 453.730316
410.031910 465.314022
413.000000 459.000000
410.504687 275.554243
413.063060 264.155575
416.257010 278.560193
415.897555 270.933691
418.451967 271.579919
420.374380 268.977935
414.707673 270.140524
413.564300 276.154080
416.000000 271.000000
410.576653 459.838226
412.379301 463.643181
410.902912 457.185295
423.041416 466.898696
413.506325 464.872247
416.933683 461.553974
416.839742 459.414830
417.523994 463.152154
416.000000 463.000000
422.680764 265.358778
418.400619 274.977430
424.466951 278.557980
420.073172 274.752191
424.770953 274.982409
419.269701 272.809514
423.309292 268.500652
419.946208 270.364422
420.000000 274.000000
422.072767 460.199903
420.119124 457.895057
424.990927 464.045395
412.641602 468.823318
419.402964 459.146999
422.469333 466.674439
422.658776 466.570706
419.546991 463.100875
420.000000 463.000000
419.944270 283.790256
424.570181 276.796856
427.996775 271.814635
417.230838 280.473184
421.087403 277.761330
420.766738 279.091763
421.278301 272.079757
421.847183 270.258419
424.000000 277.000000
425.032984 464.133805
418.429150 455.765511
425.278427 464.594401
423.187110 458.686240
420.077313 460.669206
420.539557 460.323067
426.736851 463.872242
426.669266 464.930226
424.000000 464.000000
428.684350 471.461841
424.364275 471.590200
425.208624 467.511251
423.994761 471.380001
419.071004 470.131788
425.680587 465.205068
418.232191 466.656365
427.622132 463.267819
426.000000 468.000000
427.275298 280.632773
423.692803 275.156267
428.356847 281.154761
428.054466 273.969146
434.027399 278.609439
427.327043 280.427684
429.631561 275.229871
425.898409 273.862078
427.000000 281.000000
432.158283 285.931108
428.555635 288.583028
429.522113 279.793609
427.591076 294.643594
432.424320 291.026218
421.355577 280.892413
429.834225 282.324112
424.957553 286.098704
430.000000 285.000000
437.000869 468.817931
430.029531 474.036206
432.746463 459.385269
426.542917 469.272954
430.702039 471.856912
431.952490 464.568441
423.389612 475.168990
430.845458 459.069709
430.000000 468.000000
428.636124 291.028596
429.793556 290.417273
427.265532 296.329064
423.873522 291.086571
431.653982 289.909170
441.886879 292.036871
440.647413 292.012570
437.191739 290.482570
433.000000 289.000000
429.775104 301.577173
440.917443 292.322648
437.447157 287.402330
426.503915 291.053409
426.560930 289.412760
434.103270 298.593717
431.094262 294.838040
440.649743 287.182821
434.000000 293.000000
427.325021 461.906289
433.845325 470.183683
433.022844 470.080915
434.842863 469.247135
437.186678 465.069652
442.615240 472.718111
426.549588 469.734599
428.573557 468.055884
434.000000 468.000000
446.114060 296.594358
435.425212 290.850561
437.382762 290.596133
447.474139 296.869137
438.762137 302.505774
432.834743 289.716209
429.761074 294.066127
438.154584 289.109622
438.000000 296.000000
440.271188 303.002406
433.252973 299.821556
437.478436 298.840310
441.446850 306.314395
443.876016 297.853128
438.033763 297.600336
434.846813 295.494023
435.889537 304.814707
438.000000 300.000000
436.549740 302.665922
438.437287 300.579680
442.709836 302.176794
441.726097 304.152941
440.190960 304.473495
435.763918 305.268071
436.390232 308.846842
446.837300 307.306823
438.000000 304.000000
436.623398 441.577500
433.268213 443.089636
446.116573 432.874411
437.200434 436.535564
444.968873 440.482881
432.672429 437.313114
431.360212 432.365224
438.315821 437.427494
438.000000 437.000000
446.425507 443.984729
434.696524 444.484923
439.668358 440.430502
441.813133 441.924117
436.262531 435.062390
436.831437 440.877057
436.906880 448.410937
439.708262 437.928797
438.000000 441.000000
437.195865 445.544252
428.772144 442.023131
437.663573 451.867008
429.611416 445.466507
443.944101 452.539477
442.148748 446.063235
445.313329 443.883726
438.547529 446.426944
438.000000 445.000000
447.332081 446.853945
442.124075 454.842975
431.937234 455.412189
435.597227 449.433435
428.769889 451.987254
433.514413 442.473475
433.536694 448.778939
437.909510 449.720532
438.000000 449.000000
444.031133 451.704862
445.124692 455.871033
435.494938 457.910023
443.073655 452.984706
434.849664 452.465202
435.158555 457.195283
440.167342 459.081685
430.210090 456.066426
438.000000 453.000000
437.746499 458.046983
436.181046 449.119387
434.770221 452.192363
438.062341 456.960372
447.522988 454.429836
438.096826 456.980162
434.917489 458.619111
438.742137 457.651270
438.000000 457.000000
442.755594 463.252346
431.271900 459.007494
437.649250 459.200312
444.435880 459.396241
436.960560 470.097423
439.441687 464.432589
439.568087 464.229618
445.847731 467.397603
438.000000 463.000000
432.601038 465.480282
439.917730 466.287688
436.360322 471.963333
432.008636 459.272521
445.874323 471.628301
434.581298 476.272332
438.673465 472.991446
442.041830 471.233830
438.000000 467.000000
443.216353 309.909062
429.758140 309.338778
433.752213 301.959604
439.338898 314.434382
448.130287 307.569717
439.298871 306.663528
442.004624 311.920095
442.151066 311.924121
439.000000 308.000000
446.704468 431.380653
450.917222 436.608164
438.134259 439.158735
445.062631 434.240565
441.690247 432.402622
440.855062 436.131684
448.584754 430.435064
438.030321 432.177834
442.000000 433.000000
446.315866 308.852960
440.947760 311.780450
447.331198 304.176018
442.472868 310.794516
442.919990 311.971994
442.784542 311.216418
448.765743 308.701869
438.038716 304.139024
443.000000 311.000000
435.971135 309.756499
435.072272 316.004712
441.174601 317.080134
445.908136 308.787371
443.535948 316.431751
442.908295 312.801513
439.646612 322.511388
448.085468 314.190009
443.000000 315.000000
444.001692 319.002030
443.111225 319.366477
438.569549 317.357275
443.351354 318.000750
440.892470 325.874480
447.317402 316.674212
444.392470 320.284225
440.524418 320.237830
444.000000 319.000000
438.400975 429.029878
450.456746 428.419955
446.859640 431.858771
453.794361 430.090825
442.925566 428.700348
450.691112 435.064749
451.051737 439.383391
445.909467 434.734981
446.000000 433.000000
448.796626 322.014025
449.934075 321.647258
445.551532 314.259889
449.485000 314.368762
453.332220 316.365203
452.429219 323.010833
441.274354 322.588074
457.487730 317.963035
448.000000 321.000000
443.751097 320.305998
446.909661 324.805299
446.896290 327.245709
446.051640 332.368076
452.708226 320.319998
450.840785 321.491058
446.431549 325.693549
445.008326 324.930407
448.000000 325.000000
448.051355 328.829031
450.187031 325.546579
450.559663 322.198852
446.697405 327.406694
454.761151 328.288978
448.741660 337.025382
452.937345 333.538983
445.183327 335.347460
448.000000 329.000000
447.467606 341.861455
447.479372 323.294465
450.642098 329.469792
454.185737 330.294768
448.741753 329.731036
444.131836 339.146417
450.824859 333.601221
449.887629 333.764052
448.000000 333.000000
443.666102 337.691259
452.586821 336.024451
450.779592 330.970413
445.427778 332.490738
447.332770 336.987374
449.667428 332.247948
446.706740 342.678556
449.728165 335.026242
448.000000 337.000000
447.126647 332.254974
449.971930 339.631694
449.371185 344.575879
441.642513 338.833403
449.996047 349.331312
447.734541 342.060638
447.262707 343.315604
446.720809 347.025215
448.000000 341.000000
450.450132 344.739839
451.010457 343.400276
447.602939 342.275560
453.193010 343.715284
449.027599 351.417287
454.469412 344.398944
450.528201 340.550549
453.069425 351.878355
450.000000 345.000000
451.771476 435.176449
452.080050 436.392367
449.214439 436.502528
452.057252 437.596719
450.226919 433.017758
450.632852 433.019997
449.088482 424.131689
453.981731 428.801310
450.000000 433.000000
446.477666 343.338912
453.926026 346.778155
446.660665 342.894105
460.857047 346.872475
461.132950 353.039737
456.051963 346.545765
453.988290 347.010752
461.764622 346.314056
454.000000 347.000000
450.130545 434.209436
449.886571 429.392466
454.251837 433.719989
458.606333 432.224044
460.136432 434.885269
451.619794 431.164010
457.618020 442.633725
451.445861 443.196464
454.000000 434.000000
456.849129 446.631762
455.657116 437.990021
447.352264 441.911781
455.742632 437.273624
456.073895 437.979936
461.544500 443.312407
456.591212 438.725018
454.296560 431.197634
456.000000 438.000000
458.140846 355.635109
455.085542 344.755116
460.488382 349.210762
456.385070 351.061162
459.511667 344.404231
450.609453 347.095752
454.450181 351.733539
455.034999 352.530811
457.000000 351.000000
459.634707 351.932488
455.156381 363.564526
451.657598 349.521374
456.728887 349.815871
458.640370 355.658123
457.745813 357.603198
460.545680 347.896326
450.610936 359.547855
458.000000 355.000000
460.186436 353.512708
459.524727 360.087005
460.691636 360.669435
458.424918 360.336649
454.645631 363.908486
456.439824 353.611866
457.243426 362.353765
458.040024 358.879582
458.000000 359.000000
455.935164 368.482025
454.884945 365.999291
455.419211 369.293757
463.480352 357.193796
466.638769 368.499452
460.545647 362.664545
454.560587 365.825514
459.476528 367.593834
459.000000 363.000000
460.093937 436.354592
466.509945 437.996058
467.977971 437.488667
469.857309 437.888510
460.542764 437.755623
463.115442 439.216139
458.457615 442.015023
455.035678 429.481668
460.000000 438.000000
454.523320 366.487643
463.270319 361.768840
463.820988 367.568215
472.962809 366.860757
465.559086 372.479209
463.985531 366.009871
462.203161 364.131741
471.246207 371.527704
463.000000 366.000000
461.220562 368.744351
456.107383 367.046709
466.201468 370.697359
456.858581 369.227446
464.837593 369.441080
459.637482 370.682226
460.222221 363.132126
469.236517 376.749773
463.000000 370.000000
457.018726 376.593477
458.924123 376.212023
462.427856 376.051431
460.813189 370.863849
467.731599 381.907866
457.008878 377.482659
464.148325 374.628027
463.684906 375.159449
463.000000 374.000000
460.929733 378.181455
468.154534 382.402290
464.748843 379.106219
468.544285 369.486731
469.317663 377.467780
464.547173 377.343571
458.224553 375.732033
464.395767 380.805220
464.000000 378.000000
463.179025 439.209924
465.370717 430.907536
472.624469 434.824406
472.672631 438.071745
471.077957 437.457551
465.910915 435.900728
455.083576 438.505752
457.674233 440.322353
464.000000 438.000000
476.892494 378.986665
469.142637 381.411624
468.890611 384.756348
475.204496 380.043071
465.520075 381.254257
467.032724 382.763580
467.755988 380.725945
467.542981 385.275723
468.000000 381.000000
471.342544 438.666478
469.470159 438.734884
462.379767 433.281227
469.018174 444.073571
464.998924 438.554109
475.102337 440.055419
469.495679 443.034127
466.254890 439.237568
468.000000 438.000000
479.522649 384.007253
463.458009 385.986722
467.850913 387.827725
472.337930 379.269865
463.879078 386.647903
465.804679 385.337701
477.355821 380.389708
467.010169 389.513077
470.000000 385.000000
476.174286 439.683681
477.822085 437.589216
469.716621 437.661982
469.032385 436.575963
472.532239 436.769598
470.657268 441.970085
479.544176 432.401730
476.076368 431.206513
472.000000 438.000000
468.911135 388.730830
470.390237 391.084484
470.504744 382.801503
476.185705 385.970216
481.973325 389.938403
470.868444 379.818055
470.915796 391.526151
481.280725 387.005443
474.000000 387.000000
474.133332 436.452268
479.650072 443.163587
475.177290 443.229173
472.348132 442.604757
480.355099 440.962845
466.590601 445.218570
475.662392 441.820258
484.152991 440.213603
475.000000 442.000000
475.406324 390.392293
475.502242 389.582333
473.033754 391.577776
473.919310 392.897206
472.890429 392.737290
480.974467 388.344813
475.010489 395.124271
476.044138 393.273009
477.000000 391.000000
478.347190 441.424639
471.298255 444.670430
477.047777 444.750516
476.759544 450.167884
481.303727 433.826345
475.511006 436.948134
471.857736 442.507272
472.768255 446.715079
479.000000 443.000000
474.368900 391.506368
480.952479 391.991338
480.984114 389.792681
475.825185 393.065684
471.663987 392.816025
482.187253 387.609607
487.379238 393.534800
482.881302 386.041458
481.000000 391.000000
476.052557 442.071343
476.250481 441.064488
481.644803 445.512637
491.143526 445.926847
484.278757 442.492159
478.614501 438.146855
483.186858 439.397582
478.303955 442.475085
483.000000 443.000000
480.943104 387.468041
483.637083 390.127324
481.607224 397.406977
488.135503 393.567181
485.581701 393.984086
487.866592 391.989398
490.201069 401.324099
480.737601 386.087902
485.000000 394.000000
487.270702 442.491863
485.574788 441.284470
480.032864 436.932446
487.047802 442.935814
489.966689 444.666595
486.475103 442.335880
495.984507 446.537017
489.056186 451.013078
487.000000 443.000000
489.958513 398.089780
482.254849 399.365108
493.806074 389.514897
493.732234 394.363507
488.663473 397.066138
487.373734 394.147895
493.071169 397.440640
487.995624 395.590356
489.000000 397.000000
489.324250 439.591590
485.642928 450.665818
486.055653 451.093137
489.845818 442.163897
497.151058 439.885839
491.446095 443.436103
490.521013 442.456647
495.667590 434.586046
491.000000 443.000000
482.175018 401.770338
486.488105 404.973764
492.468780 403.719647
490.786010 401.724003
491.729134 400.809913
489.386630 404.429886
495.792683 400.161495
496.521109 396.505376
492.000000 401.000000
492.413746 439.861662
496.592812 443.804023
493.217207 452.693377
495.839219 434.931594
495.527897 443.360073
498.091438 441.284571
492.934049 438.693111
488.673304 449.400960
495.000000 443.000000
492.606435 400.628500
498.676276 397.479388
496.306743 400.614825
495.985477 401.004285
498.423401 405.905511
502.556988 394.720574
495.952070 400.508040
497.690039 401.673418
496.000000 401.000000
494.409984 441.931677
497.729140 445.488628
500.733847 436.127992
504.185596 443.855043
503.480977 436.025750
499.375375 451.504825
499.233773 441.738161
498.628338 436.075579
499.000000 443.000000
503.167249 393.555517
500.290560 396.475119
499.814946 404.569259
503.121822 395.084340
495.225372 395.734845
504.304324 394.464940
494.670937 408.937439
499.623485 401.643044
500.000000 401.000000
501.628683 441.403085
493.415891 440.282885
496.790254 439.886329
502.038751 451.365904
497.362933 444.249900
509.742740 438.664695
494.160210 444.621281
503.021597 438.783140
503.000000 442.000000
501.358522 394.173558
498.494116 406.913951
502.116261 400.603467
511.028854 401.995822
503.124530 394.858030
501.862964 401.365512
503.985388 402.439743
503.298720 398.383422
504.000000 401.000000
514.629870 441.331486
498.283304 437.634447
507.132756 437.910873
502.762335 435.175684
514.779890 443.868593
508.379673 438.135622
506.882597 437.958881
512.830753 439.807776
507.000000 438.000000
513.732900 404.965670
509.037199 400.872420
511.161582 398.670247
510.403111 399.011475
517.199142 399.590752
507.167394 398.627446
501.231382 399.856164
509.622366 399.956823
508.000000 401.000000
509.643958 433.762033
515.228807 430.810850
510.849371 433.825138
512.033903 429.799747
504.609054 437.238628
515.217423 431.593571
517.441475 437.635622
503.191139 437.318487
510.000000 434.000000
511.503992 401.486050
521.270039 399.839973
509.851106 394.009526
514.365772 410.252615
512.037600 401.776798
512.675250 402.137059
509.674576 401.582349
512.756182 402.256413
512.000000 401.000000
515.679425 437.432491
515.629192 428.762888
518.156688 428.501955
517.211135 424.182465
511.112074 428.015076
520.233116 428.320478
513.635230 432.492161
511.952084 421.992708
514.000000 430.000000
512.860763 404.509364
516.712958 401.759420
514.386187 396.254330
511.821909 399.467236
518.252113 403.646262
524.906281 404.828660
515.972935 400.642085
516.082003 401.497416
516.000000 401.000000
520.520131 421.792511
517.563731 422.132491
518.218339 421.753242
514.548773 418.256966
516.632282 423.944891
514.430827 421.437985
524.449593 426.115160
511.827364 417.582115
518.000000 422.000000
524.160888 423.721232
515.743341 427.253336
510.402576 433.921022
518.587252 427.769442
517.938843 428.040399
510.810170 427.858606
518.290392 426.336764
514.651374 433.729722
518.000000 428.000000
518.882634 400.830946
519.743951 402.524587
520.320623 401.780392
518.807487 409.598992
514.180601 399.737357
518.620388 405.685967
521.383092 398.827739
519.534896 403.632537
520.000000 404.000000
518.058358 420.122037
518.227804 408.838749
516.313164 420.884892
522.167985 413.407778
522.001545 417.988982
526.885697 418.140288
521.948533 418.861909
516.598133 413.417640
522.000000 418.000000
529.222185 411.850265
514.068133 405.190413
525.801880 403.682633
523.540444 412.673603
523.663524 413.608805
526.669122 412.643295
522.315595 411.945024
527.098707 409.123568
523.000000 408.000000
525.444521 409.087507
523.300167 408.152113
520.512878 417.136375
526.742651 420.372837
515.778076 408.059364
519.113587 415.195169
525.890503 420.040016
518.054330 416.377015
523.000000 412.000000
