134.074142 191.988243
157.716741 187.278736
144.256659 194.620184
145.185634 172.740696
140.470296 189.542893
144.611656 175.124982
139.579292 190.929396
146.295798 171.031532
149.920368 164.060816
150.928376 195.716819
159.123884 188.463814
150.340166 173.627130
157.299893 188.673453
151.920678 161.899285
150.384166 191.718925
147.401107 161.257437
164.459545 164.404035
163.654449 187.230616
152.547034 169.320161
158.838330 199.150030
162.485133 158.000871
156.759500 181.352043
148.843911 142.034754
176.796927 192.801762
159.685069 161.433330
164.282546 183.464461
159.437133 155.031755
159.752064 158.207269
158.186917 181.856290
157.444683 152.267725
168.439104 206.639097
165.312591 161.613236
184.986159 186.533786
161.817190 137.954431
170.151499 188.862542
169.606847 137.721322
178.519748 203.485447
185.253473 194.463456
183.684879 147.554791
180.251389 126.065179
171.260055 188.460964
186.461752 130.319851
181.552519 187.456295
180.544995 140.882743
180.904870 179.609363
190.091857 135.806953
187.745793 186.385498
184.706821 133.226925
192.193819 181.570286
188.549486 130.634001
188.973462 124.888613
183.493511 165.465353
187.831288 142.284139
195.054556 176.214847
191.193525 134.163576
190.936427 183.559752
178.212982 134.065399
195.149659 192.810357
187.566320 137.062034
194.473805 186.932426
191.729609 138.040773
192.899511 173.349507
193.300747 265.527398
210.290625 252.642962
194.852634 245.190759
202.468733 250.119425
197.398900 248.705609
190.623333 130.425956
205.656523 179.847433
186.643505 257.892064
203.246260 268.172419
200.698537 138.280182
204.799610 123.557155
178.694125 176.869765
208.219985 246.159498
205.921689 240.763042
197.377124 245.639642
207.086016 254.922238
194.236060 244.457437
200.610463 239.162900
187.799435 264.551557
192.922689 225.005330
199.449993 229.586893
198.545194 232.675329
212.151574 251.297873
193.615767 127.928562
208.766062 184.845316
209.005167 269.443972
193.781865 246.263830
198.021638 114.259253
198.503513 171.000351
202.273020 265.417524
202.763091 205.020276
207.008054 225.329600
202.535317 222.135372
202.504288 236.104650
198.522757 130.668973
200.409413 171.907087
204.999573 219.563038
216.336353 266.733642
197.035193 460.203791
205.907507 470.999296
206.980008 477.080868
216.071892 470.973271
209.833196 470.297857
217.376716 125.213091
214.992107 196.277626
210.861932 216.269527
195.178871 254.532287
204.614109 466.219194
212.151475 469.435825
203.321285 246.660417
206.046022 122.290183
213.799095 188.476981
206.517518 193.458405
208.566863 183.524256
200.912580 179.391665
207.489876 197.271779
214.643407 227.715257
213.414868 198.217398
199.317289 210.210584
208.173603 439.529875
213.994996 455.315188
201.425355 453.262036
193.958700 451.785563
217.078842 462.624534
207.311246 454.988236
218.578374 445.783265
211.356984 453.633775
214.316149 472.236833
208.828275 474.972353
216.531956 188.348551
214.153784 248.892306
210.684080 437.297588
206.905993 447.543267
219.668982 441.784656
210.402566 434.869955
205.911440 131.122107
220.156666 204.268593
206.839816 470.319725
226.123348 196.380047
216.936211 257.556733
203.798588 435.098478
216.124733 118.156243
215.095330 222.249435
226.124374 473.061815
225.017746 197.476495
214.351497 192.546976
223.489267 192.622967
220.190815 206.222131
207.553747 187.908311
220.803770 209.599212
211.736499 264.840453
211.079518 427.479408
214.140135 429.602711
210.979908 451.706415
214.730176 439.652952
224.619311 491.702863
198.604186 127.892022
209.994604 407.966413
220.722728 422.519972
212.032687 426.060855
218.773220 493.906147
213.230850 251.938554
210.390349 119.717087
201.710779 416.921892
224.693785 475.425549
225.311664 249.625709
227.230757 260.792202
219.025119 115.201032
229.056979 115.854605
226.060364 412.385145
215.344443 414.382722
229.979427 418.885648
230.213169 418.685343
214.012056 425.515276
211.242357 426.242464
219.847989 490.358726
223.545570 243.730810
224.721234 403.427810
226.130072 116.141516
225.863203 473.519202
229.889147 251.793060
224.916231 410.346486
220.876800 120.385318
216.189102 256.015154
225.148433 480.451099
227.984718 486.750996
229.467718 407.593645
224.184393 404.150930
225.173636 399.422615
223.515887 402.994214
231.929083 403.116640
224.788118 397.434102
225.309579 116.181671
242.357700 250.138628
230.063625 329.320135
217.942608 341.088873
231.142738 346.860336
225.080769 350.702464
232.310417 352.998618
223.697787 351.670283
226.454398 343.618468
214.181353 348.834445
222.631220 403.452014
213.462003 477.081369
233.261920 140.150416
221.844071 243.555831
232.478753 339.579828
219.815500 350.893698
233.023821 406.129524
231.233681 477.315446
237.454337 109.815401
228.293683 109.934173
235.881149 239.855359
230.375678 308.554123
230.623536 299.167056
233.451022 312.537122
226.373198 319.336627
235.258249 310.302422
232.220316 311.511208
235.899443 302.882764
242.297362 315.513696
230.498767 318.024724
234.618199 316.398495
237.279517 316.369452
233.249437 321.488188
235.706053 334.342083
228.131115 325.481487
231.768399 346.624601
220.353922 336.521271
213.454723 350.515619
226.283865 351.302365
236.306339 358.457385
238.061774 349.302107
231.913053 359.772124
226.601128 364.294758
237.261557 395.007774
230.653802 391.971392
229.273088 383.904135
233.134585 400.427926
221.866344 398.523123
231.344789 387.713803
226.484593 475.607482
228.271466 296.248219
232.821527 308.579758
233.207544 298.825076
232.170091 300.786459
225.591497 349.111428
239.579036 367.045990
229.684285 363.785918
225.679266 361.783831
234.883287 370.328883
232.532158 366.598200
233.858240 371.578187
229.178759 375.082930
229.369780 382.738958
227.133497 389.066655
232.907995 116.222981
244.472526 246.414307
232.390713 478.729166
242.242834 298.165520
238.774973 117.592106
231.536236 243.669191
240.113047 227.062900
229.689242 470.194455
227.897572 469.440746
242.682732 459.002688
235.301988 477.748883
237.696591 284.098083
239.083300 298.232336
242.412549 304.442576
239.226642 286.872328
238.739968 118.693822
231.258046 242.037873
225.010186 277.295878
235.716084 288.589056
228.653786 283.611313
233.345124 451.237828
233.325833 101.616846
242.903052 241.329482
225.757037 287.497823
251.392020 451.920378
243.892226 232.348779
234.952997 467.335433
234.152911 106.570367
230.957055 112.900824
227.842396 271.197819
238.802097 278.575018
236.912358 283.871091
253.508480 287.987747
236.544710 229.198376
238.415427 276.386297
226.785837 450.929751
247.949680 106.482291
234.359370 231.662320
245.551628 277.472792
242.823909 451.784535
239.261666 113.767873
245.377551 467.013383
255.522618 246.195265
242.589649 258.713999
248.728083 272.115957
232.295964 269.165929
252.482287 269.881351
248.595789 103.020245
254.449435 458.052236
242.429759 228.425964
246.106298 251.178421
253.390578 115.575609
255.964051 446.372803
249.826370 228.710671
252.955616 265.893038
249.750725 454.376325
257.374111 109.939962
252.338892 257.302701
246.592819 235.939560
236.664086 444.206188
244.536943 104.801921
245.362211 251.491428
255.750325 234.887907
250.857685 460.922925
247.657331 109.975529
248.689874 254.464658
254.896784 85.963515
244.373934 239.490968
253.593484 250.261376
256.553890 251.923176
263.288196 262.531144
252.479558 445.767449
258.016565 445.307087
261.661329 460.842266
250.923322 460.193976
257.475018 450.043988
260.039986 450.745496
266.449275 462.133410
255.155253 457.358166
268.371735 94.704909
256.227305 234.210666
262.717023 245.952636
252.479083 465.209199
260.219059 99.944845
268.552928 240.227467
254.143235 228.418599
267.069567 260.494482
254.217330 461.155187
249.801383 463.049625
258.265169 473.500159
264.337191 466.260222
254.952311 467.717379
259.358552 463.445300
250.979186 478.665731
261.812972 482.349371
265.680540 95.481755
257.721037 478.252086
257.569773 489.187099
254.140741 487.253967
249.008043 480.738687
266.795393 475.871060
250.977168 487.314902
265.809344 498.543139
263.703299 109.543485
270.613319 494.815488
266.477468 110.225455
251.176365 493.189252
262.480850 503.271542
262.163649 497.931113
266.540317 502.250902
266.976537 508.023563
268.720048 494.705224
274.375111 504.051311
259.809649 509.945064
263.049091 515.824860
264.794172 510.366597
268.091484 106.548627
273.791672 510.924367
267.597965 92.956737
279.218098 104.604301
275.894514 528.144098
270.378443 524.369689
267.417401 506.356992
270.026512 525.062627
263.655572 538.696252
272.419281 509.329112
264.874980 528.602795
273.678491 516.675017
273.005613 96.061090
276.151703 525.356529
284.104138 90.717250
267.602872 543.173330
271.197565 520.889030
282.245391 536.773463
278.848804 535.934426
280.179781 83.407209
278.062204 538.730029
265.816079 88.371081
283.500713 534.326207
271.505597 98.027045
267.597579 94.232663
281.395234 537.307230
279.383134 533.865190
284.618764 551.019105
277.414241 541.135307
287.640620 548.172441
265.801025 97.069436
269.705282 546.211888
285.480046 85.824284
281.711247 553.418962
288.113897 547.332345
279.563944 557.382678
287.039473 92.581187
290.654542 548.317716
292.939337 85.988653
294.430415 553.218351
296.384185 95.720949
285.277871 554.105565
283.715232 553.021571
288.836528 94.911575
287.675341 550.909255
300.720279 85.405396
300.410942 552.025434
285.683476 573.835580
286.373288 563.465201
290.352208 98.807777
291.573940 571.241034
296.159111 83.898552
303.904155 564.354216
287.825254 88.507686
301.644524 85.656735
300.389902 565.294764
296.896331 79.375579
308.143047 556.460045
320.264130 98.796918
310.946489 568.085665
302.458481 557.523055
301.042842 73.413115
302.710084 576.579347
315.462067 75.904154
305.475834 584.076610
307.587565 92.046543
307.736120 561.687863
312.215603 81.726344
314.079782 565.740857
305.068056 79.891635
308.824205 582.765827
312.861842 81.130734
315.658553 566.552851
311.590389 85.955025
314.559159 564.732709
327.766560 93.536914
322.024415 573.766354
326.392779 569.439009
317.421803 91.777591
320.892554 568.226786
326.854777 79.977548
322.038398 580.877486
319.455475 82.533587
333.187408 587.083951
324.369758 80.934509
325.144464 575.866016
323.589712 75.555585
333.386867 576.783487
333.754212 81.837504
322.659935 576.245334
343.518962 86.957071
329.588700 578.606021
337.351279 87.192713
331.154969 574.206356
335.664060 79.086674
326.075156 570.918335
335.885217 82.695577
338.122728 560.355998
351.518540 68.937211
345.026058 576.711609
339.535532 86.251870
350.623018 577.073864
341.097027 98.626707
353.890637 574.315324
340.720722 73.167561
344.787620 574.674410
351.470927 81.386004
351.807663 582.530891
365.773815 84.712706
367.438615 565.316455
343.010254 78.856098
355.976158 573.794965
350.574623 90.087466
347.847089 569.214755
371.889758 84.556181
353.175231 563.415352
362.017628 86.404093
364.930677 581.517917
360.190597 85.476097
369.172205 578.543413
369.020947 80.900141
359.992573 573.581069
383.185348 79.366483
366.449840 579.492342
362.350299 102.502295
374.299434 572.115205
365.631067 92.145500
370.335947 568.242949
375.835057 87.477487
372.151132 575.059925
375.023063 89.059354
378.808580 577.306099
368.347477 573.701881
380.794723 83.579542
377.001572 578.661006
390.015122 70.239084
372.824117 570.856602
377.805974 101.762070
368.735195 565.734588
377.722494 87.091776
392.712931 569.613128
383.428815 86.607302
384.436868 573.339105
377.553464 85.271299
388.404472 570.874938
389.144108 81.997400
391.241508 569.482930
382.283706 582.574382
394.237225 97.884330
395.440706 562.353022
397.474733 94.032363
397.961930 563.217917
407.905328 76.801108
408.224016 85.721151
400.378523 88.567727
385.371135 571.115101
396.205059 93.549455
399.870346 559.648311
409.596106 87.005794
396.718510 566.235176
395.233513 549.675341
399.564971 90.540819
404.976649 559.688385
404.018550 99.389198
399.199281 564.165655
398.626756 554.466360
419.155009 90.391888
420.603565 556.454219
417.270084 86.730186
397.538163 546.093268
409.159821 89.426494
406.153751 559.941192
403.177106 91.636743
415.471410 539.075460
421.101310 87.507502
410.926977 89.402320
417.503981 543.648145
400.964026 557.435429
413.540126 86.227920
428.257114 533.994938
417.976811 105.684498
413.371326 546.883046
413.760997 552.816778
448.629417 94.360613
424.029225 541.597635
417.719843 537.829178
412.062594 524.045685
410.072202 541.358144
412.345030 98.925368
421.898521 532.633766
415.641962 92.717312
423.742086 531.041179
417.831981 534.366553
416.954610 517.489193
425.837549 524.174113
404.672023 525.089978
435.312704 96.094196
423.061168 523.058992
433.561956 96.513763
430.915020 513.062060
430.396267 509.471659
424.390486 516.031368
426.456541 537.365004
420.954358 523.026713
427.019803 102.550932
434.379112 89.848714
434.968836 498.398194
442.099087 513.450250
421.840642 504.790913
433.716445 517.658596
430.905479 519.737273
435.318501 88.389216
430.566615 493.274353
444.559676 104.315240
449.548758 476.869456
447.151844 482.509775
436.774570 473.760529
440.353280 490.296656
436.576999 472.156886
436.663631 497.392983
436.560435 495.749904
441.765367 496.190074
438.349642 484.841681
436.482555 507.807776
433.118403 240.185543
429.145291 241.186490
432.661830 251.487673
426.095560 471.404966
417.658624 463.169599
443.303815 481.972529
441.955322 481.925918
425.142510 494.844542
438.673372 98.016931
434.085120 244.004774
441.066283 241.153084
438.580313 464.345995
433.445323 108.987013
439.350005 244.963524
426.848065 239.752040
436.506312 262.345566
435.656832 460.762163
426.018215 470.578347
434.312684 451.430984
430.320098 457.789444
438.861277 459.770003
437.082362 454.842657
437.776372 465.413393
434.291768 467.456037
433.347908 468.454076
440.450344 102.517509
447.320961 117.470059
439.981113 243.699507
446.627911 455.407982
435.840691 436.872968
436.880490 419.549952
433.264461 451.618202
435.065249 452.044455
427.818106 99.423883
424.939416 236.216778
424.573613 241.628812
441.016308 436.727479
450.673629 99.699248
436.211822 233.777087
447.887555 269.027968
439.160167 415.415887
446.267093 419.563658
442.548025 418.558672
428.433804 433.567093
455.661832 427.297991
442.005878 426.157362
442.527280 435.913067
452.206835 431.892026
448.334636 445.163090
446.863550 97.335032
434.473141 230.065027
437.629597 242.269933
443.799668 254.292652
443.476477 408.327779
448.612485 417.961509
439.957083 426.561024
439.922587 257.934001
460.441623 107.087047
445.052142 232.066475
445.970738 428.809003
449.149334 269.161469
447.059526 102.806840
437.312999 236.458561
465.215234 251.724769
441.249932 413.719260
450.754691 414.646552
443.816206 250.869918
449.651609 253.085884
448.379412 265.122679
456.279309 401.009613
458.215218 398.472635
448.342942 95.276174
452.124536 213.958910
442.394256 263.319901
451.169575 396.963624
448.319865 103.644536
454.480547 241.149721
444.685503 251.895459
444.228157 275.877761
451.216585 388.627056
447.117245 408.941931
456.633258 102.880523
455.704806 122.389611
466.142543 236.067976
453.414881 278.914896
458.030512 275.667139
454.621535 260.229487
455.794410 399.602056
450.377919 407.269271
454.159484 110.472346
453.993971 234.387840
463.163279 276.208124
448.782837 393.787140
458.743022 100.019886
448.333684 245.979950
459.332413 273.532132
440.547090 264.988563
450.108244 274.521430
464.824985 272.409734
459.308445 395.761835
453.554249 386.287022
459.159214 115.289929
453.004806 274.664806
457.307960 286.703467
452.332083 287.815957
461.273348 290.865192
454.694486 368.963897
458.219998 390.183742
438.926383 389.938951
457.556967 388.789249
456.809863 392.850210
462.553269 229.555554
465.969928 109.171301
458.957039 295.915850
457.031582 382.952846
459.527314 234.474252
465.709953 109.906148
457.808430 286.781854
448.406287 298.060094
458.272075 310.003152
458.105756 300.163068
470.392242 362.970305
467.539416 370.548730
461.919490 376.624595
467.981918 378.935790
462.629430 379.608956
461.632316 381.003399
463.759859 379.237839
457.296370 110.675612
462.552652 221.680749
461.031258 307.272585
463.729917 291.735166
473.747407 297.769783
464.162087 308.686867
465.407096 302.587212
469.830402 318.601244
457.278358 314.296318
449.356456 319.040660
460.591225 311.364131
463.431493 353.286082
469.118910 364.174223
458.304358 363.497848
470.698003 118.499766
470.463924 240.695818
454.260510 305.348962
471.322265 366.281331
458.959718 105.165561
464.053729 127.223947
463.092725 245.841272
474.296174 319.300829
468.400071 323.290771
467.970319 317.781962
472.490503 319.702634
476.395100 324.003894
473.330244 333.042859
454.809010 341.658611
471.751521 353.278953
470.404342 333.254319
469.027439 337.166407
460.840433 346.210494
477.586615 350.901069
465.395418 340.710449
466.399870 353.250926
476.366864 338.724223
469.280702 343.606365
463.015085 355.290329
468.591411 339.312361
478.580232 354.032585
471.641190 370.621239
479.081593 361.124449
470.241791 368.982985
460.391454 346.465740
461.664344 125.540830
465.980216 248.617421
465.265784 238.596603
477.704596 120.845531
475.655168 246.443057
469.892535 123.154104
479.935510 127.917036
487.879593 225.983825
461.123724 129.610967
479.049083 253.665263
483.234973 126.656361
486.157112 135.038903
482.903830 234.032873
499.200092 136.787078
467.841774 234.803398
474.915430 123.049059
487.641905 236.477888
474.002606 132.317920
484.044448 118.469471
477.775863 226.723689
478.363325 137.342538
488.409710 232.747735
494.055332 239.162066
489.461341 147.299353
488.992079 254.529883
485.649456 134.143352
484.824948 136.589974
486.504640 147.108398
484.948781 152.139565
489.404470 229.863532
480.794594 142.365480
491.339321 241.582171
487.469771 134.188938
502.450211 147.173853
510.528738 234.978034
496.023852 152.445057
494.109417 157.565739
484.585184 152.864130
492.361655 156.923521
488.802592 248.981956
498.335415 159.344491
501.723834 242.783303
497.621742 163.574742
492.948216 257.055505
511.659421 156.362158
505.902589 256.330685
491.760286 167.984740
503.559787 239.429658
504.903795 164.443131
496.009914 251.192696
498.025446 144.018311
513.467562 245.251389
513.342480 162.022453
501.640078 248.628186
499.058984 174.556357
508.777766 161.569281
496.526423 249.395500
510.434887 174.417748
510.689058 245.748072
513.978712 160.117503
522.058508 248.967349
513.588418 153.512339
518.331423 162.638629
517.080503 240.959715
522.075645 253.551781
511.644453 164.264262
515.560144 261.853103
517.454340 163.817812
513.353386 179.118415
517.978870 260.117470
515.439844 165.849649
533.241021 243.356525
524.006842 168.833546
532.879733 244.410843
524.242066 177.982481
516.396998 183.902275
533.249138 184.449605
523.208441 258.168468
515.691266 184.268316
522.008201 257.078134
530.156396 177.946822
541.269429 186.129468
526.280238 246.612196
541.245616 176.108590
521.187849 254.812966
518.116671 263.850915
530.749444 175.295116
528.145409 266.057174
540.452046 190.593052
521.687348 180.031106
540.003938 238.700444
523.593674 198.236470
539.812132 260.403273
537.972347 199.714322
536.170373 265.868351
538.367691 179.834618
534.430981 185.863180
541.136338 197.937379
528.844724 253.421163
542.655860 261.604081
542.608370 192.527890
541.949790 268.133641
535.251625 195.962754
542.869036 198.860424
548.659719 264.268621
541.197282 211.507627
541.889764 253.620878
551.154600 203.260034
551.639042 270.934041
540.936299 210.438909
546.459384 205.821970
548.565813 209.460687
562.101343 273.828510
545.005692 201.773515
561.057545 265.245065
561.604186 195.958092
560.363648 201.260058
555.012605 271.904130
554.230393 206.455123
556.116581 286.693795
558.689575 212.658820
558.534955 275.144863
562.559980 213.316498
555.471888 208.554460
554.945979 277.697840
549.353113 231.220392
565.216723 282.140782
559.875784 223.807619
556.029654 202.611394
569.736259 273.082427
566.118799 212.474111
562.127147 265.931711
562.130568 275.567417
563.319565 224.131311
558.460601 275.296084
569.080369 228.423236
563.751445 216.942365
565.238339 266.138273
569.047781 231.472755
565.225330 282.736937
571.846417 229.243739
579.712802 239.646659
557.526259 272.042950
575.916549 225.682708
579.235340 215.899955
573.907255 239.217168
583.403349 230.336660
580.994361 280.274614
566.226581 282.646001
570.761409 241.453785
594.249022 282.733635
581.826759 224.702882
569.821184 247.341022
561.533220 278.228545
575.981688 247.401025
579.258431 286.770343
581.300078 240.650332
578.637616 270.131275
587.730541 254.923665
589.615224 241.177766
583.463160 237.814115
578.972867 237.256291
574.415840 279.440197
585.357098 289.572369
596.216526 245.958064
578.389712 289.474819
589.725508 252.576866
591.893717 251.798182
593.509596 244.255991
597.415991 258.030218
592.150047 248.259642
593.949136 277.570943
587.258228 264.260192
596.584578 285.265352
592.875921 263.563928
602.067683 255.591909
592.200489 269.426451
591.027442 271.776808
593.669927 276.195174
594.270482 269.920724
596.755025 275.150100
601.054378 275.791162
587.945448 263.790869
600.017572 276.786695
603.099822 266.681143
591.596831 270.852462
598.381497 272.217476
