35.123089 837.228284
28.867627 839.899488
31.659305 843.034475
29.681428 835.772181
42.090796 836.296429
43.260628 830.461981
34.595426 840.234594
42.343332 828.171548
44.034290 838.087563
54.663400 824.747978
46.841310 827.710041
42.343969 818.372667
48.287523 838.201516
50.684974 815.570799
45.733127 833.715560
66.608421 816.852702
62.411913 825.745547
55.802575 809.971567
64.758499 831.437571
58.962526 804.545861
69.299140 831.586102
65.589429 807.826620
67.977672 823.292165
71.881950 796.255380
70.896130 829.415925
65.315072 790.288664
75.679737 828.229697
85.706369 784.133212
81.699572 774.546857
88.702150 816.805109
75.567776 785.618551
83.213265 824.663023
97.509832 778.312546
88.001545 833.004308
83.588888 768.168307
79.883709 829.661085
97.540664 763.908578
88.576632 821.285962
106.984772 760.448842
103.459583 810.908917
109.338827 764.036374
101.797934 824.889315
104.824142 755.315619
110.248453 820.168457
114.944554 756.047045
110.128699 808.510043
120.798830 742.699653
107.940339 817.545370
125.059194 733.826727
119.204825 820.432128
109.727325 738.335207
119.804568 814.588012
129.162532 732.679404
131.675919 805.915139
130.434654 738.718886
124.402975 802.612959
131.039802 740.123296
135.219091 726.596694
130.606612 814.905537
146.714863 723.399702
136.171244 804.604457
148.455353 726.952065
148.591909 797.177270
150.702397 717.714321
148.899049 804.314246
148.886090 716.110225
155.503927 806.984727
153.853927 712.666195
163.427049 807.404825
158.863527 711.692272
163.902196 799.359040
161.792452 703.847900
173.168815 808.823044
172.144744 700.368541
163.933516 791.582732
178.244567 696.196831
165.481375 794.351397
173.281921 679.573966
182.242370 797.940076
191.300459 691.836527
182.218791 805.817906
181.958891 685.742882
191.829556 794.229787
186.655123 687.227631
182.328567 794.143732
185.733356 678.056069
184.314221 794.565829
200.731287 673.896910
193.135156 790.815263
210.120093 669.075572
202.537721 796.091670
198.938366 668.132539
201.560842 787.186584
203.985399 670.985665
213.748044 783.397945
202.981700 659.852472
215.260715 785.840173
213.107988 666.958926
218.490907 658.881153
199.051345 792.089498
216.885008 658.645270
225.013731 791.895697
213.977716 658.926192
222.051787 777.293302
224.891887 652.519430
227.740844 783.664083
232.272636 648.023329
236.080320 782.991782
228.504457 643.447129
244.946846 780.348333
241.959823 645.206055
238.101388 793.933617
252.443152 636.026490
247.399491 776.614536
249.271120 638.802731
252.532670 775.345176
250.945084 640.897607
247.710759 785.500738
247.624085 632.789120
259.303097 779.240479
254.275035 630.293319
261.718674 770.467803
268.101903 634.079275
267.949169 774.257112
270.439646 625.087985
268.180342 782.424681
267.744917 637.429901
277.033489 773.214500
271.617334 619.609381
273.404254 621.265203
284.392324 785.233601
278.350413 605.601824
282.393975 779.275069
285.879634 609.301370
278.554466 771.954049
294.870170 616.478448
285.984592 772.815569
295.273121 613.520584
291.437466 782.762027
292.463205 607.696240
296.048828 778.214170
297.799631 606.170666
292.538064 772.908719
301.484088 601.741713
296.184842 771.005571
314.559858 602.615224
306.256581 777.624813
313.205080 597.845441
314.170798 771.021742
312.455967 594.914482
322.622205 777.359167
327.770867 594.632656
326.287020 778.995197
326.567430 595.331528
325.604191 764.954934
330.698486 590.516112
333.277821 779.129645
333.851803 588.337093
328.213309 776.884477
330.978980 588.382252
338.047439 771.727861
338.025837 589.443783
347.038916 772.578079
343.881107 586.819918
337.301122 778.039166
353.376642 590.147237
357.624337 775.466219
355.952231 582.100522
347.173120 773.347973
356.826968 583.618098
355.803643 772.177414
360.742537 589.882347
358.335834 771.088806
368.132718 576.551083
370.972471 774.741392
371.992262 578.264632
369.251313 774.893942
370.993997 140.639212
367.429664 136.143884
373.900858 135.661881
371.415918 146.066730
376.412552 147.654147
365.253106 149.487808
367.225327 157.136010
376.090435 161.111574
369.029994 158.461976
363.286452 170.995083
372.818288 175.355369
375.446353 174.100166
368.203487 171.837679
371.072101 192.184454
366.747971 182.354569
369.465954 181.890397
368.060495 185.254779
364.633229 201.657440
370.442185 208.273033
377.831023 207.638937
368.034024 211.003702
364.729262 230.381703
370.615723 215.194369
374.280907 567.523506
365.677442 775.746579
368.007833 125.748872
371.626434 81.530869
374.738779 79.665919
379.033224 92.389719
372.143246 95.457384
376.719108 98.912547
376.887017 99.225226
385.394938 97.022350
387.313031 112.949662
372.064912 121.063571
374.683676 120.102707
373.309793 123.293856
386.980279 220.969208
377.194517 221.757289
378.669668 235.749686
375.597751 230.998127
374.449248 236.176162
378.355526 245.253033
381.000178 245.164639
377.897552 259.059478
374.241043 243.410387
372.861803 256.833617
375.450364 261.827689
383.583732 264.155728
375.481170 281.564131
373.332153 272.575687
375.503982 279.788669
367.452809 282.753304
374.551370 284.897334
368.765660 293.285670
382.018894 575.882240
379.078106 299.721028
374.971552 771.700407
387.319115 70.782418
378.006100 574.443158
368.135848 776.221383
381.557956 63.025765
380.093981 76.557188
383.009759 293.902736
377.529805 304.465320
380.377326 305.686784
380.129374 299.403336
374.589010 314.987509
377.943961 321.238977
383.742230 323.692002
381.442058 323.421105
375.969708 329.397439
390.081120 327.392288
384.805340 342.954910
373.140861 572.065721
375.638270 781.132096
388.820456 68.556503
390.431718 351.181155
390.878315 53.799517
380.099832 54.523781
387.106087 349.986708
384.785076 350.395323
375.391036 359.049424
379.792548 354.155960
389.512187 358.631238
383.913324 358.133019
396.794010 369.324338
394.121492 378.225314
387.399324 374.243992
383.084276 561.291118
398.848655 781.716244
381.695161 380.917709
397.655175 46.053373
393.159436 382.673418
383.285655 388.946054
386.883527 389.552353
400.114310 392.307339
382.241679 401.883297
388.744664 404.565136
381.927092 411.010780
395.801256 569.262537
399.483797 781.460384
393.901972 43.554048
392.656813 411.231829
391.376791 33.128660
394.139919 421.409158
396.015347 409.080794
394.462796 423.463948
398.218578 425.749646
393.595500 429.827306
397.099348 438.232452
400.150434 437.277027
397.008751 439.217140
389.503149 565.547696
394.856642 778.620182
399.734077 32.308296
411.204463 450.575749
404.709670 566.856589
396.895303 777.684085
395.859370 452.826363
406.489434 443.884104
406.201218 460.539164
399.696137 451.675312
398.036625 461.724679
405.731248 466.046031
403.085216 26.657357
411.373611 561.230765
406.943686 772.563135
409.016317 477.848287
407.511676 475.864576
402.812725 478.252415
405.172044 476.164911
400.513058 492.054129
404.699237 485.423504
413.734211 34.066224
400.766200 568.475673
406.169413 780.359321
414.911700 491.687433
407.064097 28.819944
418.731478 495.158323
403.331321 501.755196
408.383511 510.444489
411.396693 511.847925
411.483419 521.886458
408.267158 565.637526
409.569981 519.528547
412.404212 780.132734
420.447545 23.684935
418.253664 557.183563
413.469500 526.484578
410.490879 521.841107
412.460557 527.900602
411.690063 535.887442
415.247871 539.768588
419.357684 777.915044
420.177625 23.608892
408.855999 564.007425
420.843985 538.117977
422.218594 775.666638
418.597736 548.706881
419.586256 549.086617
419.176717 550.998873
421.406350 28.231438
425.723258 570.244813
416.011065 780.105295
429.914996 551.488087
422.124870 28.704695
436.543674 775.584338
435.663756 22.282743
431.465753 791.308501
436.277294 29.121450
427.587448 782.389237
438.664795 24.004288
433.272241 42.325359
450.535181 780.965723
447.113392 43.385522
447.164293 786.628484
456.456948 48.120447
451.600975 793.804700
437.574397 45.218464
450.071834 791.797543
456.728209 44.586562
452.181179 784.460119
458.616696 53.814794
465.840742 789.873042
453.319151 60.357945
461.149265 795.265216
468.032979 52.523918
468.468561 790.080146
462.217704 65.089280
469.283446 798.821317
473.663603 68.299633
475.102909 76.514490
479.749210 798.531186
475.646973 70.989610
482.507191 802.463082
484.150198 812.797722
480.802688 76.161859
484.740510 81.227724
482.468909 818.629701
485.848183 803.869765
492.868931 81.775562
491.579085 818.603541
493.047673 85.074058
504.225033 99.494831
485.867726 807.139772
496.200152 820.822493
497.865263 88.017768
499.629857 814.683693
502.227152 830.699921
498.878685 826.251329
503.932987 101.313234
496.202215 841.327079
510.008342 102.408840
514.376185 108.397397
511.677537 839.987559
499.327990 845.783141
502.378803 846.864273
501.991348 853.112063
510.473753 853.116344
506.348853 104.874153
508.566016 108.433260
517.068710 851.382117
511.842470 852.233028
511.656319 863.264860
515.150333 863.626017
514.833322 112.771040
516.849212 878.581582
511.891766 878.178364
512.209668 874.912409
507.566160 881.547730
520.763389 114.418083
516.001959 118.848118
523.379698 885.798023
523.013784 889.421685
527.644244 889.876709
517.909343 894.219625
524.020690 125.902043
514.051807 908.980745
527.821757 908.674295
530.875744 904.809607
529.802930 914.672375
532.777089 129.009030
523.952657 121.310419
536.601530 920.680640
528.126306 916.953558
528.320331 923.486243
533.753594 128.244751
531.139222 924.428543
535.063068 135.655034
536.061029 940.751331
545.527195 138.058614
547.088156 152.923735
534.463643 929.399808
543.424939 142.163363
542.453664 147.287849
554.781731 928.643030
551.622479 145.390500
555.886065 933.167304
555.040108 161.326448
554.633191 937.971625
550.199172 159.044659
554.022485 944.016456
558.995285 165.177958
555.985960 948.934891
561.235825 162.059670
564.443622 169.725104
567.606279 168.932345
559.734766 946.442208
558.139834 170.160103
576.084606 947.733683
561.508713 180.081122
579.745465 955.949600
570.979529 176.012650
578.556703 952.640218
573.693008 184.824320
575.056927 956.381706
592.070576 187.420417
575.982500 959.584817
591.760941 194.812705
588.050976 184.771827
585.277442 956.515028
590.086315 203.250686
591.641362 961.307944
596.528588 209.582635
595.525268 957.651296
598.197153 203.237333
593.473079 959.934307
593.838331 211.773207
601.780382 207.446162
603.937919 224.196113
600.483144 966.803961
605.286331 219.678438
601.571023 966.260631
594.894953 226.676379
597.009509 973.608578
609.913862 234.513886
604.837477 985.354365
620.501582 221.871128
607.585899 975.151305
615.268627 227.889568
608.874164 245.112060
613.618357 978.186963
623.977299 234.979232
626.411549 981.812721
630.006439 253.214643
621.401314 255.783397
627.142837 977.373117
629.566751 252.490503
628.619619 968.968966
631.822362 265.955739
632.815464 988.334644
630.988023 263.023152
645.588366 970.077728
638.186519 251.531485
640.002747 975.848347
639.860712 261.201565
649.625745 981.623038
647.324539 256.212458
639.786436 986.360782
654.546827 253.939252
657.834019 973.723575
653.243476 270.668862
657.933396 968.347256
658.560760 265.926675
663.557134 976.240391
669.278137 259.647836
668.492699 973.949505
664.558671 259.347378
669.979898 971.395879
674.298827 264.149664
667.567785 971.925140
676.424188 252.296743
672.624709 971.672783
671.083549 262.334016
678.601577 972.040748
675.687455 257.177998
688.436269 978.171610
687.422922 251.898690
687.744180 973.237881
685.623499 247.782572
692.944178 966.078394
694.712488 254.350081
692.161899 962.960365
693.642202 260.099249
700.768417 959.277902
696.915218 249.886667
707.890040 963.982017
711.514128 260.575239
697.746127 969.521423
712.230201 261.029278
715.405316 968.433082
714.026826 249.557143
712.876536 967.550797
713.172783 247.552530
718.838575 969.237638
717.241549 252.435903
730.742279 955.342732
725.178682 255.726052
732.689446 963.512776
727.430659 251.499484
727.052730 958.141766
737.223454 252.374164
731.680522 953.411838
741.987846 242.640900
733.265202 954.227671
733.607576 244.326968
747.200054 958.634566
743.504517 252.363280
747.067633 954.207522
754.462837 242.560608
755.360105 947.610051
755.665926 235.401156
755.890073 951.307238
770.809218 231.109821
752.340619 959.345519
757.601826 241.682319
777.195897 953.882800
770.910367 244.247419
775.410569 473.756541
770.077030 948.407215
772.566089 248.559670
774.662401 477.444803
782.903142 470.963185
772.481927 466.386473
767.930373 939.731076
777.240892 236.509866
776.139154 478.763012
776.122496 466.276524
776.314421 952.784679
772.606039 242.201048
783.839188 461.838428
782.182330 478.152981
780.442965 948.978445
778.622043 242.515180
777.491052 447.710203
781.622480 461.582590
785.044838 475.688746
783.389773 948.526386
786.712604 234.766049
785.950939 441.789132
784.584375 475.344823
788.093477 934.433781
796.448801 229.018708
791.536396 445.858914
789.917515 478.691779
787.537802 431.459674
788.700003 948.539326
803.129808 223.968230
799.256350 471.287556
797.747606 432.253724
796.049284 946.188760
793.941925 230.357088
804.878658 430.056203
798.169113 468.783100
802.658282 946.394088
804.093757 223.800186
800.034904 432.113034
801.637832 474.414451
801.798651 942.389332
807.111976 221.874879
804.326713 427.686951
816.762421 470.491586
802.551370 936.989339
809.506144 225.015560
807.987399 420.072814
822.154782 469.218788
806.645641 943.981993
818.307114 411.270354
808.732067 229.749237
822.667368 462.482716
816.248330 938.055176
812.205500 401.515102
823.292701 230.319316
816.689372 404.598043
817.633513 466.935343
820.250517 944.826092
825.589326 225.529495
817.165973 402.704628
820.256497 463.905299
826.739834 932.778244
830.024917 224.489226
820.652995 381.652105
836.290172 389.304540
828.427134 463.332957
827.611300 931.451090
832.252730 225.390892
840.215333 383.575786
832.832918 464.202039
833.137734 934.303740
830.859523 214.293351
837.258945 383.652822
830.845160 457.912620
834.762436 929.042780
838.477615 223.762363
845.261434 383.253006
855.730215 463.588304
834.694072 930.879915
851.323287 214.177336
842.130592 381.748571
845.514551 454.690863
846.969744 932.218491
847.211324 208.212056
852.725917 372.215244
849.852917 371.960118
847.062637 449.478626
851.116240 924.039018
849.198740 222.089668
860.554225 453.573383
852.005908 369.311881
846.761226 923.908626
854.880821 212.895140
858.404204 359.408322
854.174104 457.966599
859.130956 928.210417
854.401205 208.872576
858.828831 355.987277
862.545575 452.274574
857.116385 921.938376
856.905712 209.561259
855.388782 347.197593
865.853636 455.251688
858.032449 916.510339
874.094266 206.702780
861.359981 350.049334
857.313055 459.081429
860.687348 916.885415
863.743947 210.362083
859.253041 346.058353
879.108524 915.166696
868.392872 207.472347
871.757275 469.552028
872.741485 334.799425
882.644580 911.215009
877.316621 198.525742
880.509395 454.589562
881.237664 335.847650
878.560718 907.022288
881.430153 203.185592
882.260115 449.600719
876.466897 326.870379
884.816704 902.434452
891.806861 203.878275
878.335560 451.544666
886.128789 322.220402
891.071392 454.713093
883.124221 896.771937
881.259966 197.713665
889.584933 318.423895
887.975222 457.689433
888.776580 893.722620
891.750581 194.736831
896.481732 312.987137
891.658026 450.428329
885.700743 894.665111
898.696188 894.994723
894.493181 198.672745
894.518995 327.079871
901.560551 461.222555
893.192532 880.547399
890.772681 202.649388
890.769351 305.485907
900.410102 307.374296
902.315326 462.983371
896.090938 878.432753
911.168073 197.466625
901.776158 309.722809
906.070922 467.590434
898.706126 475.193940
902.709421 868.370947
901.763498 882.169895
896.163904 471.067765
899.616156 298.963581
907.059682 195.456498
898.172982 871.449169
897.169731 487.940223
913.177954 489.480791
904.639016 482.220339
903.573361 862.130916
912.287247 298.763581
916.306951 489.625331
915.966283 199.524937
906.550909 850.927602
914.765998 288.038306
902.341448 505.503442
915.706232 500.941955
914.872953 501.076150
916.963898 193.306705
916.340041 515.252725
911.014216 854.008358
921.809808 291.703173
914.411421 192.494369
918.413824 501.751458
919.147857 511.141053
907.472521 518.846103
913.917656 512.720400
908.252475 523.673426
919.626761 852.005964
917.818866 278.456594
921.828100 841.897747
917.863312 191.193857
919.998513 529.678054
921.620551 276.441170
924.745940 529.436288
929.237161 529.498656
909.850210 536.041866
916.506063 830.184489
926.309285 200.408159
921.734729 274.795894
929.049235 539.818264
933.805946 837.173558
927.170519 545.542899
929.934110 541.214772
925.727194 551.061760
922.998825 547.494192
937.613809 559.426096
929.854507 831.109898
927.624644 567.569870
924.866917 185.451679
922.029456 264.431085
927.375655 825.985696
943.786445 574.274478
936.005252 573.062674
932.183450 574.038131
926.276320 574.151346
933.884967 581.662808
938.798804 823.216040
927.446005 184.150939
925.957065 255.932348
935.240443 595.727011
938.452648 806.344945
940.016539 190.038580
932.284206 266.286418
938.204155 586.510766
943.758122 593.680575
937.708885 590.289106
952.268004 600.258474
940.485293 665.242727
945.142765 665.334597
948.419804 674.241073
945.237581 680.536796
939.780698 681.537960
935.777476 687.028779
943.022537 691.583306
938.409337 684.783165
935.697386 691.492814
936.206749 687.704954
935.938676 709.369844
938.637815 706.225188
934.841303 708.181293
936.480093 714.208967
931.133660 721.845780
939.425420 725.307737
940.296565 728.150754
937.274961 728.029279
934.961756 729.372963
935.755593 740.098257
940.426765 730.682927
942.526380 744.091889
939.397812 753.131713
934.093099 757.522713
936.836683 760.719125
935.573913 763.933854
933.211624 769.580043
934.044042 772.195514
941.573236 777.199920
942.174133 786.776888
943.511285 785.267120
928.511896 785.596832
948.066880 787.188653
939.488752 784.193042
931.177255 793.049119
940.283815 807.647844
939.825745 817.425189
947.339003 613.255160
944.966342 610.932892
944.429214 188.227099
931.383116 655.304051
948.607875 258.831037
944.335737 614.382171
943.721184 613.887940
940.581240 610.289025
948.469865 625.239534
943.391026 625.097473
937.069630 641.877403
935.408313 631.474403
936.298450 644.526962
942.603024 649.498230
942.325161 644.055775
938.854925 661.315846
945.331374 181.056383
946.743124 253.825610
949.694576 243.044244
954.063368 179.172441
959.072405 239.838524
954.272233 182.444001
958.521784 238.835326
955.166256 172.129127
960.440047 236.597785
958.786274 178.966922
967.247421 236.790956
966.507328 173.195273
956.954535 234.385612
977.674716 180.950146
962.052548 224.865437
965.930000 172.242733
971.412694 218.427611
979.581202 165.524674
976.860151 223.263277
978.397838 214.560381
976.527160 169.720180
982.928850 210.455291
985.616724 163.560934
987.839469 206.265462
990.375820 165.055915
988.929807 203.345386
980.368498 169.115080
995.385317 204.241086
996.404875 168.612308
991.975666 195.787595
996.191495 158.484558
995.088160 191.404013
997.836692 158.409164
1005.896512 191.724319
1006.163214 158.610550
1010.691238 174.008926
1008.311947 183.374081
1009.736400 159.397467
1023.986246 175.500348
1003.163619 154.471990
1017.854974 165.158092
1019.065070 150.445955
1018.667168 160.232954
1012.919136 161.359148
1022.977591 158.788935
1027.313153 143.438447
1017.702036 158.249375
1027.551329 153.947649
1023.510031 150.300434
1039.733584 144.608701
1036.623070 146.530640
1033.185872 149.911620
