61 651
61 655
61 659
61 663
61 667
61 671
61 675
61 679
61 683
65 651
65 683
69 649
69 684
71 626
71 630
71 634
71 638
71 642
71 688
75 626
75 688
79 624
79 688
81 616
83 689
85 612
86 606
86 693
86 697
90 606
90 698
94 604
94 698
96 591
96 595
96 599
98 698
100 591
102 698
104 589
105 702
106 566
106 570
106 574
106 578
106 582
106 706
110 562
110 708
111 556
114 708
115 556
118 709
119 556
121 713
121 717
123 556
125 718
127 555
129 718
131 541
131 545
131 549
133 718
135 541
137 719
139 539
141 511
141 515
141 519
141 523
141 527
141 531
141 718
145 507
145 718
149 506
149 718
153 505
153 719
156 486
156 490
156 494
156 498
156 723
160 486
160 723
164 484
164 723
166 471
166 475
166 479
168 723
170 467
171 451
171 455
171 459
172 723
175 451
176 723
179 449
180 723
181 426
181 430
181 434
181 438
181 442
184 723
185 426
188 724
189 424
191 401
191 405
191 409
191 413
191 417
191 728
191 732
195 401
195 733
199 399
199 733
201 221
201 225
201 229
201 233
201 237
201 241
201 245
201 249
201 253
201 386
201 390
201 394
203 733
205 217
205 255
205 382
206 206
206 210
206 259
206 263
206 341
206 345
206 349
206 353
206 357
206 361
206 365
206 369
206 373
206 377
207 733
210 206
210 263
210 341
211 733
214 206
214 264
214 339
215 733
216 268
216 272
216 276
216 280
216 284
216 288
216 292
216 296
216 300
216 304
216 308
216 312
216 316
216 320
216 324
216 328
216 332
218 206
219 733
222 205
223 733
226 196
226 200
227 733
230 196
230 737
231 741
234 196
235 743
238 196
239 743
242 196
243 743
246 196
247 743
250 192
251 181
251 185
251 743
255 181
255 743
259 179
259 743
261 161
261 165
261 169
261 173
263 743
265 161
267 743
269 161
271 743
273 161
275 743
277 161
279 743
281 161
283 743
285 161
287 743
289 159
291 76
291 80
291 84
291 88
291 92
291 96
291 100
291 104
291 108
291 112
291 116
291 120
291 124
291 128
291 132
291 136
291 140
291 144
291 148
291 152
291 743
295 76
295 743
299 74
299 744
301 66
301 748
305 66
305 748
309 66
309 748
313 66
313 748
317 66
317 748
321 66
321 748
325 66
325 750
326 754
326 758
326 762
326 766
329 66
330 768
333 66
334 769
336 773
337 66
340 773
341 66
344 773
345 66
348 773
349 64
351 51
351 55
351 59
352 773
355 51
356 774
359 51
360 774
363 51
364 773
367 50
368 773
371 41
371 45
372 773
375 41
376 773
379 41
380 773
383 41
384 770
387 41
388 768
391 41
392 768
393 752
393 756
393 760
395 41
397 748
399 41
401 748
403 41
405 750
406 754
406 758
407 41
410 758
411 41
414 758
415 41
418 45
418 49
418 53
418 57
418 61
418 65
418 69
418 758
419 73
422 758
423 76
426 758
427 76
430 758
431 76
434 758
435 76
438 758
439 76
442 758
443 76
446 758
447 76
450 758
451 76
454 758
455 76
458 758
459 76
462 758
463 76
463 80
463 137
463 141
463 145
463 149
463 154
464 84
464 158
466 758
467 133
468 86
468 90
468 94
468 98
468 102
468 106
468 110
468 114
468 118
468 122
468 126
468 161
470 758
472 161
474 758
476 161
478 165
478 752
478 756
479 169
482 748
483 171
486 748
487 171
490 748
491 171
494 748
495 171
498 175
498 748
499 179
502 748
503 181
505 185
506 748
509 186
510 748
513 186
513 190
513 194
513 198
513 202
514 748
517 205
518 748
521 206
522 748
525 206
526 748
529 206
530 748
533 206
534 748
537 206
538 327
538 331
538 335
538 748
539 339
540 210
542 323
542 749
543 341
544 211
546 324
546 748
547 341
548 211
548 292
548 296
548 300
548 304
548 308
548 312
548 316
548 345
548 349
548 353
548 359
548 363
548 367
548 371
548 375
548 379
548 383
548 387
548 391
548 395
548 399
548 403
548 409
548 413
548 419
548 423
548 427
548 431
550 435
550 744
552 211
552 288
554 436
554 743
556 211
556 288
558 215
558 219
558 223
558 227
558 231
558 235
558 436
558 440
558 444
558 448
558 452
558 456
558 460
558 464
558 743
559 239
559 468
560 288
562 743
563 241
563 245
563 249
563 253
563 257
563 261
563 265
563 269
563 273
563 277
563 281
563 471
563 475
563 479
563 483
563 487
563 491
565 495
566 743
569 496
570 743
573 496
573 500
573 504
573 508
573 512
573 516
574 743
575 520
578 743
579 521
582 743
583 521
583 525
584 529
586 743
588 531
588 535
588 539
588 543
588 547
588 551
588 555
588 559
589 563
590 743
593 566
594 743
597 566
598 738
598 742
600 570
601 734
604 571
605 733
608 571
608 575
609 579
609 733
613 581
613 733
617 581
617 733
618 585
618 589
618 593
618 597
618 601
618 605
618 609
618 613
618 617
618 621
620 625
621 733
623 727
624 627
627 631
627 723
631 631
631 723
633 635
633 639
633 643
633 647
635 723
637 650
639 723
641 651
643 655
643 659
643 723
644 663
646 719
648 666
648 670
648 674
648 678
648 682
648 686
648 690
648 694
648 698
648 702
648 706
648 710
648 714
