52.005922 491.612536
50.772632 493.780029
53.346612 494.477459
53.307611 489.047627
49.282217 500.419412
54.338704 504.444322
46.475748 506.156232
53.649285 497.982097
51.513955 503.853054
48.582116 506.533978
49.303422 491.612758
51.814459 509.384297
63.918656 489.606098
56.504274 512.823994
55.703733 484.231582
51.634620 513.767032
69.363276 486.225212
59.992804 516.545266
62.988639 477.831159
65.424850 507.917083
68.038958 483.581866
62.706667 507.104164
69.975237 486.143947
70.995969 511.035953
58.930828 471.866331
74.433468 503.437741
73.494379 480.873839
72.704920 478.157953
70.060659 512.294484
66.163495 104.735482
69.744791 112.137083
57.685988 106.624631
69.917292 109.352698
63.033214 113.418452
74.763500 109.629275
75.678250 116.705252
65.232171 122.648082
72.989961 113.840501
73.712641 118.024769
61.632083 118.929406
67.442530 128.512720
71.307858 475.009956
74.466196 513.417600
72.782542 107.077471
76.029839 130.289984
71.151648 479.928980
79.406640 511.670278
75.701334 106.225778
70.935691 134.318876
76.691781 136.623090
75.936209 480.564749
64.848973 476.441437
78.235372 471.237999
74.695821 480.755210
74.922961 507.914737
79.069958 112.046507
80.338639 126.593970
83.200991 468.968905
78.317005 506.150970
77.784950 104.711161
74.634552 131.952635
75.537346 136.383976
77.534937 454.166833
84.517012 467.998002
82.129443 512.542300
82.435192 99.354192
79.599296 133.960382
87.239789 468.619448
74.961158 507.327095
89.940631 97.244319
76.958466 143.747677
77.332966 461.260686
76.439418 511.938284
88.257842 508.500764
86.778941 96.066564
84.775784 139.220759
88.034566 134.721335
82.492897 158.494415
78.265956 148.715227
75.470569 154.272195
90.425629 455.008302
88.444162 454.233139
95.913203 460.491823
75.348840 447.974980
87.259919 505.451951
80.999642 101.873153
86.380931 136.050253
85.467021 150.154080
89.394437 142.577464
87.265931 450.636363
94.370513 496.186806
91.348269 94.590656
91.005558 144.763687
93.680262 150.412925
91.720575 136.531562
95.036104 151.203394
85.180487 157.549616
90.922744 452.389614
90.746798 446.222537
92.795298 498.165379
100.338703 108.454190
97.458490 148.600062
83.878993 440.514347
86.908597 505.249958
91.075386 99.273993
89.059579 155.314687
93.417925 438.918677
96.093661 505.211820
97.925972 500.613514
95.209028 93.590573
88.790441 93.024500
92.542182 151.722424
102.538620 446.937140
94.943989 439.343173
86.781933 440.969132
105.864269 444.250596
89.780759 497.582279
88.055596 101.077021
97.586682 154.011562
96.370200 437.062135
99.120159 485.941598
95.466040 498.544965
106.299187 501.287517
102.416658 494.392525
92.798603 92.645938
97.270227 163.439716
100.523502 161.928238
104.904325 425.806762
96.324142 432.300004
90.628749 486.817877
96.713310 92.867113
89.953831 164.077158
101.329899 424.042479
99.668124 430.527883
101.064202 486.238383
99.411870 96.890772
100.880129 163.814383
108.716613 417.231287
105.677236 481.621838
104.726489 482.646089
106.625766 100.412700
114.869532 160.231454
98.848702 419.674559
98.416724 421.222478
101.476435 474.372615
108.548592 102.996369
109.507612 168.681643
108.140713 427.728688
89.478097 473.919733
102.229880 103.542826
115.435562 159.901938
107.272701 168.385184
110.430877 421.648028
103.634243 473.752261
111.365324 471.879480
117.666610 106.119876
111.184778 160.497701
108.020865 408.050834
112.653046 415.065880
107.488511 419.905101
114.733328 415.015889
105.362741 468.715148
110.638866 91.553645
108.515722 166.510861
117.255232 409.425206
108.640518 463.216395
115.843041 88.652895
112.600805 97.291424
127.501932 148.268527
122.297390 405.030733
115.030160 407.371783
114.135201 465.637955
120.673937 403.242785
113.257621 411.061061
124.799771 82.648379
109.880407 152.820476
116.520271 471.564798
116.069536 403.030804
113.316393 88.179381
117.618321 159.017155
113.106364 467.351106
115.568604 393.442379
124.255361 397.809859
112.214366 93.319422
128.158076 162.306915
119.281858 466.891984
120.556574 396.903491
124.600509 87.224797
128.742489 151.496033
120.082402 458.546464
121.640436 391.745503
122.623610 92.292521
121.726520 162.324854
120.945220 476.173356
128.367419 386.564926
121.852102 389.182642
122.549250 384.953238
119.877986 394.272593
130.442700 89.671976
130.398212 160.645261
129.359613 466.371636
130.723325 388.876407
128.764557 462.211740
132.065510 459.072687
137.620990 85.532910
125.587074 167.268089
136.180368 376.988473
127.478015 389.951072
124.259038 458.247364
140.553264 85.810433
135.016585 156.479737
133.619632 380.294182
127.511778 461.035011
135.483482 89.020829
131.636183 157.698368
133.360274 450.088689
139.864672 451.255768
141.942294 451.181083
133.179669 450.334667
127.962829 453.341516
131.753117 377.832607
135.606684 79.766927
134.855593 89.604991
130.268027 159.330631
137.636359 442.728070
139.878423 75.150050
128.705855 83.236926
130.324580 378.924707
136.525946 375.343884
136.743348 381.345309
128.426036 383.032511
133.632756 154.252983
139.814123 445.483373
140.465000 79.408550
134.243295 372.084698
144.130152 442.749429
142.889331 429.196416
139.061067 427.267231
138.601259 434.593362
130.662976 443.870744
139.081472 151.048052
142.047668 68.965024
128.110597 81.262260
135.915769 155.587126
138.134957 367.737590
134.564009 369.282136
141.767999 431.269725
135.100015 165.168334
140.883457 76.392980
141.111310 358.093983
144.779344 431.038861
151.291035 158.487843
146.779324 417.906861
146.417649 423.736281
143.236747 72.407884
144.396213 372.951570
144.298874 164.347534
142.485633 422.878354
143.597156 68.531175
149.637091 364.996176
149.125694 351.995541
159.149142 351.141550
146.371586 363.693323
142.386365 163.585810
153.054044 416.013780
147.441266 71.841479
144.207311 359.488276
150.529716 166.588052
145.372851 421.434825
153.036310 408.120541
147.234017 64.882789
149.786679 65.367485
154.381985 156.920059
157.568379 351.311731
151.120540 360.325985
148.453729 165.113713
156.039801 345.520380
155.150604 356.851718
143.344305 404.528104
149.576434 65.817353
159.167047 168.000663
158.239214 348.313321
160.450008 406.092351
158.652993 413.755171
155.765662 410.654039
146.327322 416.280977
158.881117 60.680465
159.308007 173.594731
151.124924 339.538018
152.396476 338.848574
160.507103 410.869830
149.706117 61.964954
161.266984 335.228792
149.107533 338.407022
157.555104 168.771148
153.740329 404.943038
158.815776 65.530455
161.447412 328.845160
158.749116 166.312970
161.920628 406.461677
163.070648 63.370661
158.971921 59.216637
150.778495 175.829702
156.851326 335.935749
161.283791 337.399994
151.150303 171.575202
167.437939 166.001881
159.033021 168.911087
166.013767 181.577481
177.037442 175.834430
158.497790 179.958701
154.877202 191.525554
161.246041 180.952193
164.396268 189.032419
165.370346 192.139886
159.730850 197.167211
156.039473 193.619382
167.756683 195.006499
144.000489 204.824536
158.403691 194.690873
164.561025 201.275501
168.544205 204.282358
161.110371 197.202062
153.701481 240.526894
167.819996 240.686919
171.805833 244.537191
163.843638 238.643212
159.607903 254.044292
152.745321 251.542994
155.280859 250.533579
160.487898 258.253240
157.790623 254.166687
168.777908 261.043908
163.531974 269.172417
161.462180 271.343093
153.698305 266.946353
155.758279 260.192869
158.968983 265.398531
146.645884 273.118514
153.857331 276.371309
162.399053 267.557967
162.483251 280.288095
165.853789 284.568554
163.988032 278.857858
152.178937 274.298597
157.827713 322.520043
157.980411 324.197141
155.050768 413.952782
165.684975 55.194507
162.731977 215.322099
169.974115 242.418947
164.294105 286.640278
159.276686 330.207003
168.591167 400.081631
162.844234 65.545533
162.344338 214.244459
166.193123 203.320295
170.111057 235.500498
167.181674 240.868587
162.726737 282.786660
161.188706 294.378049
167.010712 326.413421
166.074712 320.384644
165.906752 400.122073
168.069459 61.233550
161.588660 208.302813
164.594897 325.482024
160.833216 312.509809
169.326591 232.771871
175.879208 290.792334
167.075828 397.263056
169.697390 65.418020
161.503768 209.954847
176.702268 310.409140
162.566505 234.804723
169.152793 287.963668
170.828833 397.138448
175.223418 398.777183
178.882125 68.276430
177.968344 226.525400
172.422318 218.083209
169.344956 288.811037
172.011097 312.383194
172.767389 313.130337
170.395780 217.285901
171.295559 218.384656
163.854290 226.691866
175.351591 224.091140
166.787199 223.856559
170.180066 220.787232
168.634464 231.544352
168.843642 288.511704
166.344207 295.926328
168.205008 297.116135
168.411275 306.824183
167.972535 304.376553
169.483788 399.272940
176.147504 61.781780
166.992764 301.673742
172.616481 308.121196
167.533475 401.313877
172.163193 63.305645
175.163517 303.276521
181.493173 300.352566
171.244723 305.259090
181.386062 404.818192
174.655654 54.648127
181.475467 400.931624
185.530920 52.033658
175.553678 389.020649
190.914481 398.119844
186.947949 60.143522
188.418115 61.928172
185.236141 395.402452
171.826139 51.610433
179.229001 394.221287
169.458467 393.563541
179.338770 394.005364
189.265224 400.665765
186.956470 55.700560
188.967744 385.202060
190.019495 57.043831
193.874329 377.394520
182.133303 57.271602
192.268255 383.154053
188.830963 59.115615
189.650391 381.929802
193.316058 62.139081
196.322208 368.766671
196.209351 369.437784
192.011674 387.560405
186.050188 389.439077
195.841556 57.511435
198.321098 373.548823
197.965500 49.937341
193.803323 372.491630
193.720070 56.949100
201.938231 367.086392
198.350732 363.489817
199.654876 354.817497
203.609559 371.037599
203.249178 372.440521
191.814460 46.760718
199.637157 362.062075
202.428740 52.340079
206.196409 355.696587
202.869107 56.418349
205.407611 59.824962
206.953325 355.243429
206.443331 62.948069
207.720632 357.377739
199.711847 62.992572
213.652994 365.526712
217.696078 59.106636
214.443128 350.299986
206.599360 464.100311
217.569141 469.964374
211.251437 465.272701
221.711407 475.051032
207.646828 479.551615
209.845432 474.873788
207.570593 470.196918
218.968342 484.733180
208.324659 487.200116
213.840407 480.321372
201.177837 483.242779
207.948157 495.174138
209.313559 55.207249
215.616209 351.009943
212.964571 467.884048
219.370121 495.094972
210.400443 52.809390
213.933590 355.300299
208.566406 357.611576
212.417078 465.037679
220.663765 496.363073
220.357441 61.623355
220.143611 362.562127
214.041895 346.924387
220.073192 357.280574
221.202042 362.734322
216.557134 459.769451
219.209807 492.986085
217.728900 66.655569
220.330881 65.769477
218.869175 372.186073
223.473673 468.338195
218.319443 485.174671
224.454693 67.997904
218.179961 372.856453
220.909384 369.624618
216.590889 364.243671
225.984232 373.472649
219.902161 374.644058
221.805597 371.365760
227.682278 377.664796
209.507748 376.350301
217.888854 383.038886
213.215200 461.982765
221.078054 485.970443
229.673451 70.553690
216.973463 387.429593
221.692886 61.603036
226.450864 461.552863
220.263043 486.032823
211.214741 70.272232
226.183679 391.226932
223.734167 379.297396
225.882179 463.369341
225.400502 459.015925
227.203118 486.632410
231.979059 76.327460
214.501249 393.483896
224.804339 394.419244
225.522834 387.277708
216.586471 393.079478
222.800920 402.647738
219.944761 400.980549
221.625614 403.771008
227.615079 407.630102
233.368507 409.333698
223.451534 459.505636
227.873564 477.039148
224.664887 68.793037
221.584064 71.636690
224.594555 401.677623
226.450787 451.790494
237.590804 488.374907
225.562851 79.125153
237.346202 412.253596
221.943741 405.390344
223.202632 413.888891
230.910856 412.666194
229.859084 414.666566
228.635510 410.268876
239.341094 424.662411
231.883291 455.977535
236.052632 485.230942
236.047649 74.735018
232.037847 85.434755
234.309146 412.256109
234.102122 445.969119
231.497004 494.460907
237.963895 74.105283
240.174060 418.606306
234.832988 427.618925
238.304252 448.048968
231.029728 452.838714
229.277623 488.335505
230.538280 84.866493
228.812543 424.939668
239.142610 426.130107
233.996860 430.736243
236.034402 433.262767
229.900336 433.570867
234.631456 432.034667
238.880791 433.445084
232.204845 443.413000
232.619088 432.806051
238.229020 435.354566
244.310864 446.943867
241.001880 488.708843
236.336173 83.368832
230.812131 81.629808
236.504983 487.258220
237.579838 90.452208
243.639419 482.931331
231.612932 78.622073
243.513866 92.362002
243.404364 474.010950
246.350335 93.965125
242.884609 480.737583
248.016348 75.826232
244.679410 476.685340
255.115753 84.269975
243.303325 95.251350
247.742829 96.144359
254.283433 96.291299
250.698131 103.305763
253.704835 474.283710
254.535155 106.655910
250.934679 483.640987
252.227200 106.379976
247.913269 104.312221
254.746969 104.422834
247.843005 114.457263
244.699462 478.329695
252.269734 109.113702
246.507441 464.016668
258.437324 114.856459
254.147034 478.419081
263.503924 106.553692
252.896643 107.689537
254.406523 114.010808
258.509351 114.365855
262.484430 456.630791
258.463108 465.276878
255.214533 464.919080
252.499918 474.825342
252.861045 476.838652
258.003550 477.884928
253.367425 475.772973
262.109116 131.606462
257.169604 456.319035
259.260818 122.886606
264.251730 453.662815
261.833755 128.945594
261.869950 126.172952
263.019566 124.398001
270.361656 123.476743
267.714341 124.776102
270.569396 125.082584
264.391297 343.879647
254.723029 331.513498
271.086919 342.886888
258.000640 340.512089
265.309267 333.742144
274.675737 345.621634
262.448263 355.697451
257.604897 348.905505
266.084836 348.866510
265.300026 357.097681
259.247750 356.500656
258.637039 362.520848
267.911304 364.704675
256.167784 364.429705
256.138675 359.608421
259.936786 366.922734
258.839368 374.699111
264.038045 364.383759
259.115850 379.561472
265.713043 375.892408
263.463827 383.909728
267.017539 129.755211
264.126617 371.392162
266.486585 452.052820
263.631478 455.407260
264.018550 135.801534
267.302838 331.588995
271.832657 378.781473
258.201605 449.222702
266.966987 127.570266
258.813991 329.978591
268.064077 129.944552
260.327086 382.133529
261.558252 382.968277
259.122841 383.775961
270.723083 384.819469
265.795990 382.958693
261.054693 386.243436
269.532206 392.151990
266.646608 392.904943
270.921700 404.054368
267.377867 393.765261
273.941787 397.576394
268.857968 403.641110
265.665974 408.661131
257.265319 400.564424
268.828514 409.337688
263.007235 407.195795
266.449561 407.484928
270.185294 417.934107
269.156517 418.366573
261.056001 419.547475
273.061586 418.872691
275.310862 414.717822
267.337544 432.635155
268.587137 425.215669
271.641912 430.827810
272.954559 422.017023
266.355671 430.501115
265.817096 440.687624
272.648470 435.279478
276.251425 452.250480
262.627113 147.969072
271.720510 339.528016
262.396564 440.865117
271.044887 452.067953
271.936587 136.244413
276.653422 339.015076
270.422112 441.730149
270.491154 449.354910
284.753678 136.287171
272.543546 325.688524
278.167284 439.741090
270.882271 447.647132
267.572236 438.330436
282.589258 145.731076
262.212422 142.150238
272.360167 335.777945
281.813952 147.768471
275.421899 320.322022
277.007715 143.254059
277.628272 333.399776
287.291649 146.944584
280.069549 326.265855
282.821837 152.752906
286.837058 318.561368
288.251289 156.369410
284.431615 144.020182
280.671345 328.338994
284.586410 148.654211
286.842428 329.019527
288.980064 147.074273
288.473900 320.601689
292.343384 152.764259
289.790096 317.621897
300.346588 152.966225
303.826163 311.670942
299.075711 156.917351
296.477898 329.038411
291.071500 151.631234
297.934454 318.555926
293.685630 154.791258
292.586282 158.360300
299.893860 321.510277
289.357348 153.285588
304.778432 323.573502
303.204890 156.537915
309.456161 319.844695
296.096994 148.729883
316.598427 320.239722
303.919143 164.268827
304.571188 316.429027
301.511100 155.545828
303.460564 316.282910
310.990047 156.888141
311.929689 319.110419
313.691512 156.392304
309.449965 316.677096
310.097793 159.817769
310.724853 158.583747
308.720626 319.151572
311.743505 156.658717
320.088390 318.066462
314.736886 162.701435
319.410042 325.298918
316.531299 162.664896
321.407532 326.549229
320.639774 156.888291
323.396304 317.322439
328.527345 157.645845
316.191798 316.698783
329.309841 164.086912
321.955549 314.609198
330.343240 163.966510
332.345929 160.396581
326.611863 321.052812
326.502190 167.016919
334.502150 308.905907
335.082479 167.026402
326.545697 315.238465
332.238626 163.528958
344.336301 168.034115
342.733195 308.033830
332.984125 170.595203
336.757146 309.889090
340.849280 180.177363
341.410912 313.672215
334.414706 175.696386
332.565754 314.618157
336.580763 167.750130
347.147249 313.406297
347.591403 175.914141
344.791562 312.580405
341.393046 171.644987
348.269222 305.632368
354.261082 171.362790
345.249752 179.285894
356.731921 308.308587
353.153163 171.999323
342.321237 307.689604
354.255521 175.930973
353.290931 308.677521
353.226739 167.260868
357.496541 304.199924
362.121862 178.661863
348.102136 305.462903
361.508055 174.080054
362.874077 305.457833
361.210527 182.972377
360.372583 311.401372
367.790579 178.089901
358.395278 314.645878
361.947438 179.395310
362.360128 303.247795
362.288400 170.348756
364.787478 307.060323
362.968401 162.188155
362.474819 304.262870
371.426079 182.645217
368.956220 303.999303
379.869285 175.289530
371.107771 301.084518
383.242733 186.141983
382.602890 301.332913
376.065371 499.828166
382.570413 489.989126
384.254763 186.409781
370.099278 310.338479
369.467300 483.653445
375.816266 492.547558
376.197130 175.019087
372.366476 301.095238
383.597238 479.249320
383.321117 484.016985
377.484804 481.262055
382.726926 495.857079
378.603340 176.277402
385.191340 302.005746
388.043912 478.183105
381.658014 473.577376
385.966887 494.093743
375.484703 169.944191
377.855434 303.937216
387.544714 474.831968
380.808265 498.983484
393.179263 172.888138
377.820064 303.663886
383.542155 473.472521
385.586831 474.486563
381.083505 483.572001
390.259427 497.898637
395.729348 174.653057
388.852261 302.085582
388.162077 471.105370
394.765638 494.598674
389.897499 176.062353
393.470234 301.420499
385.229123 468.525796
396.123653 501.103975
390.513273 171.817903
390.291505 293.640267
394.815130 462.542235
403.335897 496.013453
387.780668 178.220720
390.661339 299.379737
395.527064 472.216713
387.576905 502.394639
397.946227 175.353715
398.159358 289.029214
394.647824 469.167029
394.579645 500.120890
398.493754 502.732932
397.286096 179.789009
396.251184 305.169752
400.748822 472.203744
394.972275 508.817306
393.985839 183.288011
394.942924 290.780995
405.838931 299.960284
410.336470 467.959323
394.869303 509.245201
398.762422 183.481758
405.518573 296.153561
389.962232 460.945412
401.397520 509.586494
402.219649 170.937149
396.356506 296.318365
401.251177 468.129445
402.903014 503.764992
409.619764 509.867954
411.098645 179.339818
406.355332 298.379796
399.728917 293.215785
406.792708 460.194598
406.035178 457.915215
399.519111 499.500521
411.476238 180.013852
410.406008 298.063967
410.123261 457.252962
402.493298 498.091993
405.152428 174.305781
403.987138 295.891482
405.150016 451.847258
411.137929 292.240848
404.784831 505.372936
409.424198 169.102993
409.253015 313.791534
415.731798 454.127473
405.019036 503.351430
411.387603 180.297827
424.897665 301.366589
409.664085 459.656634
412.385045 497.386873
414.438069 174.235730
415.070289 300.858232
425.495867 302.137676
416.062984 449.687049
413.452295 466.317094
409.529405 305.415735
417.128087 309.648299
423.985591 315.225941
416.209062 491.977953
416.932096 169.387787
416.624353 453.326594
422.760974 315.247248
425.546119 501.754235
419.466783 177.472414
423.339906 457.389683
417.181462 313.019815
415.841019 315.196255
412.134585 489.913347
418.388137 167.509663
416.287188 447.030305
422.233693 317.577394
433.400139 490.709352
426.633223 173.221723
427.634422 459.194865
423.354574 329.784036
416.081266 486.075824
424.032428 491.244338
427.461020 175.491062
425.062381 174.102600
432.868830 326.883877
422.538360 447.421551
430.302284 454.667747
430.450393 326.303013
421.829841 443.088562
427.969401 447.692683
426.607873 446.532411
428.447207 448.941547
430.744641 447.482682
422.509333 485.602620
430.964068 165.582077
432.299676 326.739960
428.598478 437.525856
426.540354 488.122058
425.775137 171.164437
425.099430 325.850092
430.008101 328.610852
426.292513 437.702382
424.886691 433.515610
432.883409 474.268474
431.124556 176.205687
428.179865 334.951076
430.587450 331.144570
430.939794 336.551181
434.932441 425.984088
432.310438 423.676353
428.394551 415.361823
430.618991 419.885131
436.733896 432.441992
432.515217 431.866155
432.425622 436.916096
432.857742 486.925123
429.739090 165.950391
432.060454 324.706221
425.283392 422.867786
428.782374 483.921050
432.423882 478.686392
432.455236 175.371138
436.993717 329.124275
438.513789 325.933375
430.649002 409.959212
428.521447 417.548210
440.858631 341.964466
441.223940 336.296054
427.746162 348.704664
438.938369 332.189888
437.466227 342.204957
436.379975 349.792428
437.767575 349.525769
439.096777 347.156331
439.365388 399.272501
426.808874 403.569704
447.296524 416.625730
429.175258 408.759434
431.816704 411.232114
431.429439 486.901912
436.626791 177.598373
440.649347 355.741790
436.936929 401.911269
444.942795 474.167472
443.369929 170.483783
437.455747 355.454710
437.504074 359.247137
441.305100 400.610934
431.532805 405.169738
444.163298 478.835647
440.290593 172.853387
430.161020 361.267748
437.671998 361.405887
443.021095 354.177459
439.544505 361.219980
441.482280 368.007150
439.408108 370.792717
446.801128 377.804058
442.770197 374.792443
438.660581 375.301369
438.926572 372.841503
437.288148 375.882542
434.833695 381.440171
436.942347 386.518537
440.968888 385.202707
438.923559 384.931446
434.823955 392.711336
441.051020 393.877874
426.805554 383.609598
434.583138 396.595994
447.639793 400.280948
440.403582 390.650080
447.180863 482.525168
439.883767 172.225693
444.634123 481.624283
440.468952 478.313226
451.421777 166.816623
443.059302 477.351947
451.613093 164.610944
448.672873 469.899327
445.709273 462.089793
450.703563 466.879139
451.485868 472.438332
453.151691 168.016572
452.223111 464.351820
452.366589 94.025255
451.330336 93.421482
459.959973 94.599712
456.138484 95.414487
446.676886 98.315416
451.936687 102.756014
446.200763 101.316302
450.021583 105.436325
448.900284 114.144141
448.967902 109.791128
450.921565 120.349753
455.748476 106.142893
445.415131 175.638831
453.088713 472.648863
457.865711 91.110843
449.494225 115.727875
443.421057 178.726428
463.884927 460.137899
450.432711 453.843184
460.871650 81.831861
442.824618 95.068281
457.888477 113.377778
453.946781 111.873384
456.411169 162.504244
453.586867 167.837270
451.938783 460.302867
463.976004 80.205439
462.295496 86.589806
451.605886 119.439610
462.441324 120.008301
469.183230 124.700679
463.579639 172.452097
452.563261 454.801540
458.000512 83.035832
456.474607 125.517378
456.318149 452.388195
461.878744 451.348351
461.614861 162.851873
465.067341 73.964335
458.435974 82.525723
457.316983 115.661839
466.397882 441.533446
456.878005 69.599220
473.193804 67.806577
458.704887 171.532477
453.990444 125.978004
465.042328 449.482677
460.541053 77.642333
466.684726 112.731287
461.955057 115.348858
460.987488 157.117697
467.018748 424.899524
461.485091 428.719610
472.269691 435.893738
468.059465 429.550245
460.892399 438.015593
461.800233 431.166072
456.321918 436.099954
463.254342 63.642513
464.037829 69.323753
469.051767 119.827549
472.413460 178.476427
467.456830 427.084052
466.537284 66.325188
461.082205 58.869412
465.187722 128.405612
462.520864 166.571494
473.709200 422.658849
466.604088 54.837427
473.450445 103.267994
473.591348 103.625305
469.200137 106.629418
471.256942 105.415075
477.824309 113.078338
460.751163 410.176086
470.470185 414.171321
462.717054 416.552183
465.539967 411.810690
465.257409 417.388424
468.908043 410.483851
468.304646 427.554898
467.581559 162.118279
470.275411 167.603520
474.473210 56.465417
474.801796 64.063426
476.929249 107.206586
465.542952 409.362068
473.266251 169.832442
470.156568 59.927461
474.989046 96.406507
474.576455 401.353290
477.215549 164.035865
470.608272 378.162577
480.215425 389.845711
474.658173 391.447679
468.886614 391.223450
475.570232 401.786173
475.063551 388.020259
476.856113 399.397446
470.566032 56.978601
473.838518 94.740293
473.718244 97.351810
473.727493 171.238739
478.047379 389.838504
469.094055 53.639978
474.696924 97.535055
477.044718 172.485066
472.270743 378.596719
481.177671 42.787104
474.617495 91.025553
481.721613 172.195055
468.735312 383.860577
477.445697 45.204248
479.836093 85.190545
470.272508 167.907192
473.658850 387.832488
483.579675 410.354393
472.630442 409.780947
477.563689 417.423340
482.061737 417.202301
481.281223 411.327888
477.414169 429.009433
483.264808 421.475908
481.329556 426.223712
479.038283 424.615780
477.853414 428.054355
481.793339 426.599309
481.236878 434.312496
473.715453 443.650777
478.457994 438.745048
477.787384 48.897260
486.183567 85.982913
483.692713 173.798793
480.773291 386.143158
491.251531 403.652512
479.498589 432.023254
484.803643 53.244121
490.919791 82.642986
482.987184 86.430579
489.042446 173.298230
477.140200 390.226539
486.318905 385.207700
489.063245 406.242112
480.485385 409.363184
487.488112 438.808952
486.388488 49.963549
486.494531 80.685574
487.688000 394.030907
484.635025 395.497177
484.563427 388.898262
489.009996 396.246738
478.300159 405.074180
485.971957 395.638348
489.026992 403.572639
488.880727 402.260838
481.824822 175.917625
483.919138 442.952139
486.483964 51.743486
487.411731 75.462961
487.584651 177.177830
492.489363 432.684611
486.992803 48.631337
487.437434 78.892484
500.249401 169.206292
488.960723 438.682600
484.138990 54.886339
492.685402 78.967992
482.056173 170.269006
493.440577 299.791973
487.043666 297.428118
487.940769 306.376771
499.233311 308.102739
498.442831 304.691705
496.369762 311.052837
485.800735 441.318971
498.263682 45.977645
495.106486 67.902496
493.890217 315.220650
493.152982 80.031673
498.855331 174.432354
496.086724 300.840601
491.357327 442.557486
499.650899 44.158103
495.386536 78.959074
500.375770 315.902774
498.105782 160.964296
490.710665 297.218152
497.919356 435.309349
495.726927 49.464581
497.996101 81.611288
483.753008 321.870797
492.172546 324.654212
498.079818 318.388007
492.578853 318.661510
496.206308 332.193215
500.915990 326.846759
504.586639 335.326360
493.777974 332.056678
497.489925 336.311060
498.256911 327.212113
498.370918 329.079793
493.461209 337.666857
497.447087 337.758742
503.208705 338.404405
487.583245 340.273164
495.307650 349.279795
497.550015 354.400524
486.791863 349.228864
497.186837 354.291546
491.237735 168.728169
496.172501 296.952148
499.516044 296.632307
503.792051 355.832386
498.756497 438.935401
497.451998 59.484539
498.859057 78.054469
515.213462 165.140001
511.003587 287.334028
509.589247 354.406073
496.887100 441.853187
495.255507 50.234725
499.414786 89.645939
497.635065 158.665535
497.634342 284.333428
502.940497 278.234056
501.292063 301.824518
500.660457 293.275574
503.615365 354.846900
502.369165 364.646787
506.067328 354.208894
508.548066 361.625784
497.448970 359.034334
507.316023 366.570357
503.139961 367.479538
500.735239 364.514176
510.444939 369.386469
507.319605 411.300545
498.203914 410.129058
493.462612 415.379270
505.772651 415.849134
501.107084 411.265297
504.478882 425.543525
501.443737 428.570258
502.204194 440.217613
503.183742 433.303397
506.256052 434.734118
502.692401 49.980224
500.002538 78.083621
507.853851 376.427449
497.897927 421.126005
513.921099 161.720060
518.711272 284.844070
506.439517 407.323735
504.344770 427.855375
507.517823 52.568301
499.457717 75.172600
504.915423 374.710627
508.511547 418.481742
509.157375 167.008142
509.248977 286.863834
504.072060 401.126191
502.088455 424.761240
517.834873 52.648781
510.003229 81.763676
510.956627 270.754319
515.319846 274.729250
498.805524 274.211969
508.095183 271.790318
502.922267 285.644681
498.856348 368.914744
500.751360 376.557088
511.957537 381.829507
514.285998 382.602430
506.717959 388.837349
502.548192 399.188878
499.717714 388.797785
494.522870 390.352582
500.222796 397.956998
511.044345 390.350549
515.582179 393.878532
508.510307 398.202770
513.560200 406.391645
505.813287 393.334802
513.258458 405.665850
505.383939 164.674770
520.157742 52.096619
498.407270 86.876850
505.331172 94.754521
509.078871 271.602112
504.474230 157.095736
506.868845 166.875188
513.100268 164.161244
514.304700 163.028305
508.899543 50.338701
518.782496 82.945659
506.728934 275.039621
509.333607 150.058087
514.028419 193.854509
509.685216 200.638797
513.278549 199.698272
508.113959 201.245715
509.502464 204.386984
509.212876 205.467606
515.014429 232.451644
514.055556 231.414554
516.526183 231.708693
514.356205 231.445291
520.537197 239.761196
507.808099 245.492080
511.421218 236.516850
505.494501 249.333398
505.879363 235.398496
513.619457 247.204395
508.325418 247.788704
510.761725 252.522506
512.527211 251.962321
518.283582 258.152695
509.012654 264.090646
515.551390 254.864110
515.205176 263.615755
505.050694 260.652326
507.124605 272.073304
511.633009 272.912367
514.045868 47.742907
513.034843 90.102421
515.730324 204.797124
512.082913 89.018923
514.200552 153.204638
512.741267 149.573168
516.240430 191.094456
507.913387 228.841408
514.544199 47.931860
521.128122 97.353925
508.979850 135.200250
509.638629 141.418141
515.980805 149.478440
507.269115 142.228668
515.667216 146.321790
519.023400 148.606932
525.892422 154.701648
505.331987 202.696275
518.513145 200.848852
521.588117 221.551094
514.770699 47.559515
516.312773 91.704631
509.523586 140.455265
525.632894 211.161729
511.580612 215.202714
519.471692 209.752336
515.341357 222.040800
516.276610 218.176325
519.454529 190.114022
517.779991 192.191139
515.888635 44.478107
517.322390 98.121986
518.896594 89.088182
523.302615 131.869854
524.917980 133.857818
514.704229 99.472895
520.800687 103.728986
512.816009 109.721588
520.387404 117.320691
518.289731 117.794710
511.465146 117.669835
516.632099 121.182064
522.313491 125.135245
528.007959 117.607296
521.497815 123.223486
510.526617 189.404832
520.239923 55.057901
509.218928 53.006874
524.068108 58.270750
522.652030 59.301903
529.526478 108.703457
520.423533 114.369206
516.606555 191.918963
524.378019 185.330387
523.656676 185.472694
520.460086 181.589027
525.385169 55.599562
521.696192 115.529862
517.823870 118.499185
525.341037 107.068466
527.684627 117.083297
523.227535 181.375629
522.677253 54.872983
528.116856 109.875384
521.532653 178.923222
526.594178 64.017464
526.173671 168.334216
522.268373 172.150835
537.463278 62.391649
535.956716 177.682766
528.357232 57.297419
531.900868 67.693309
528.999732 64.556141
536.081665 61.626954
525.904537 164.174784
529.627404 161.554537
527.559887 166.947490
541.491662 174.222469
529.373146 72.265633
525.609568 165.323462
536.574624 68.721029
533.396340 165.551128
536.676971 72.630712
545.921317 156.279961
537.743652 148.882245
540.743421 150.927535
539.525564 158.756566
536.270965 160.265335
536.988320 73.113368
539.384935 68.581244
545.666817 143.872138
538.709359 73.530253
538.062459 150.641929
538.865262 79.286750
537.284593 148.123846
544.037962 150.965218
549.195017 75.537252
545.204482 138.586445
551.148866 86.561732
545.654441 128.818118
543.820018 73.268787
540.358437 85.195163
553.108736 88.858679
546.275604 86.057439
556.125407 89.930797
553.530880 91.950502
551.475457 96.941067
543.240782 97.970011
553.699366 96.931194
541.277450 92.067459
557.074026 104.907589
546.759135 113.958789
546.928463 106.929117
553.393235 100.834256
539.354543 110.725550
560.099453 112.448574
540.909032 110.139720
550.814805 114.973572
554.367269 115.168051
550.551749 119.588645
549.204604 119.862516
529.622620 117.021771
550.745951 128.405637
554.683528 125.643048
552.211806 129.514059
547.859033 131.703220
539.188365 137.649116
548.347925 135.188654
