21 81
21 85
25 81
25 85
29 79
29 83
32 75
33 83
36 71
37 83
40 67
40 79
44 64
44 78
48 61
48 78
52 60
52 78
56 56
56 78
60 56
60 78
64 54
64 75
68 51
68 73
72 50
72 73
76 46
76 73
80 46
80 73
84 44
84 70
88 41
88 68
92 40
92 68
96 36
96 68
100 36
100 68
104 34
104 68
106 341
106 345
106 349
106 353
106 357
106 361
106 365
106 369
106 373
108 31
108 68
110 337
110 364
111 326
111 330
112 31
112 69
113 352
113 356
113 360
115 322
116 31
116 68
116 311
116 315
117 348
118 342
120 31
120 68
120 307
121 296
121 300
122 338
123 332
124 29
124 68
125 292
126 286
127 328
128 26
128 68
128 322
130 282
131 271
131 275
132 26
132 68
132 319
133 312
135 267
136 26
136 68
136 261
137 308
138 302
140 22
140 68
140 257
141 251
142 298
144 21
144 68
145 247
145 294
146 241
148 21
148 68
148 288
150 237
151 231
151 284
152 21
152 68
153 277
155 227
156 21
156 68
156 221
157 273
160 21
160 68
160 217
160 269
164 21
164 68
164 214
164 265
166 206
168 21
168 68
168 263
170 202
171 259
172 21
172 68
174 199
174 255
176 21
176 68
176 191
178 252
180 21
180 68
180 187
182 249
184 21
184 68
184 184
185 244
187 180
188 21
188 68
189 240
191 176
192 21
192 68
193 237
195 72
195 172
196 21
197 233
199 73
199 169
200 21
200 229
202 165
203 73
204 21
204 225
206 161
207 73
208 21
208 223
210 77
210 157
212 21
212 223
214 78
214 154
215 219
216 21
218 78
218 151
219 218
220 21
222 78
222 150
223 218
224 21
225 82
226 146
227 218
228 21
229 84
230 146
230 214
231 88
232 21
234 144
234 213
235 90
236 21
237 140
238 213
239 93
240 21
241 136
242 213
243 93
244 21
245 136
245 209
247 94
248 21
249 134
249 208
251 97
252 21
253 131
253 208
255 100
256 21
257 130
257 209
259 103
260 21
261 126
261 208
263 104
264 21
265 126
265 208
266 108
268 21
269 124
269 209
270 110
271 213
272 21
272 114
272 120
275 25
275 213
276 117
279 26
279 214
281 218
283 26
285 218
287 26
289 218
291 26
293 219
295 29
296 223
299 31
300 223
303 31
304 224
306 228
306 232
306 236
306 240
306 244
306 248
306 252
307 31
310 255
311 31
311 259
311 263
311 267
311 271
311 275
311 279
311 283
315 31
315 285
316 289
316 293
316 297
316 301
316 305
316 309
316 313
316 317
316 321
319 31
319 325
321 329
321 333
321 337
321 341
321 345
321 349
321 353
321 357
321 361
321 365
321 369
321 373
321 377
321 381
321 385
321 389
321 393
323 31
325 35
325 395
326 399
326 403
326 407
326 411
326 415
326 419
326 423
329 36
330 425
331 429
331 433
331 437
331 441
331 445
331 449
331 453
331 457
331 461
331 465
331 469
331 473
331 477
331 481
331 485
332 489
333 36
336 492
336 496
336 500
336 504
336 508
336 512
336 516
337 36
339 520
341 36
341 524
341 528
341 532
341 536
341 540
341 544
341 548
341 552
341 556
341 560
342 564
345 36
346 567
346 571
346 575
346 579
346 583
346 587
346 591
346 595
346 599
346 603
346 607
346 611
349 36
349 615
351 619
351 623
351 627
351 631
353 36
354 635
355 40
356 639
356 643
356 647
356 651
356 655
356 659
356 663
359 41
360 665
361 669
361 673
363 41
365 675
367 41
369 678
371 41
373 677
375 41
377 673
378 667
379 41
382 664
383 41
383 653
383 657
386 649
387 40
388 627
388 633
388 637
388 641
391 36
392 623
393 568
393 572
393 576
393 580
393 584
393 588
393 592
393 596
393 600
393 604
393 608
393 612
393 616
395 36
396 564
398 532
398 536
398 540
398 544
398 548
398 552
398 556
399 36
402 528
403 36
403 442
403 446
403 450
403 454
403 458
403 462
403 466
403 470
403 474
403 478
403 482
403 486
403 490
403 494
403 498
403 502
403 506
403 510
403 514
403 518
403 522
407 35
407 438
408 382
408 386
408 390
408 394
408 398
408 402
408 406
408 410
408 414
408 418
408 422
408 426
408 430
411 31
412 378
413 337
413 341
413 345
413 349
413 353
413 357
413 361
413 365
413 369
413 373
415 27
417 333
418 237
418 241
418 245
418 249
418 253
418 257
418 261
418 265
418 269
418 273
418 277
418 281
418 285
418 289
418 293
418 297
418 301
418 305
418 309
418 313
418 317
418 321
418 325
419 26
422 233
423 26
425 229
427 25
429 225
431 21
433 223
435 21
436 219
439 21
440 218
443 21
443 127
444 215
447 21
447 123
447 130
448 213
451 21
451 124
451 131
452 213
455 21
455 123
455 131
455 209
459 21
459 120
459 131
459 208
463 21
463 118
463 131
463 208
465 135
467 21
467 119
467 208
469 136
471 21
471 118
471 208
473 136
475 21
475 118
475 140
475 208
479 22
479 115
479 141
479 208
482 26
483 113
483 141
483 208
485 145
486 26
487 113
487 208
489 146
490 26
491 113
491 208
493 146
494 27
495 109
495 150
495 208
497 31
499 108
499 151
499 208
501 31
503 108
503 151
503 208
505 31
505 155
507 108
507 208
509 31
509 157
510 104
510 212
512 161
513 31
514 103
514 214
516 161
517 31
518 103
518 213
520 35
520 164
522 103
522 213
524 36
524 167
525 217
526 103
527 171
528 36
529 218
530 40
530 103
531 171
533 218
534 41
534 100
535 174
537 218
538 41
538 98
539 177
540 222
542 41
542 98
542 181
544 224
545 45
545 185
546 98
546 228
549 46
549 187
550 94
550 228
552 191
553 46
554 93
554 229
555 50
555 195
556 233
558 93
559 51
559 196
560 233
562 93
563 51
563 196
564 234
565 97
565 200
566 238
567 51
569 98
569 202
570 55
570 240
572 206
572 244
573 98
574 56
575 210
576 247
577 98
578 56
579 212
580 60
580 102
580 248
582 216
584 61
584 103
584 249
585 220
586 253
588 61
588 103
589 222
590 65
590 255
592 103
592 226
592 259
594 66
595 107
595 230
596 262
598 66
599 108
599 232
600 70
600 263
602 236
603 109
604 72
604 264
605 240
606 113
606 268
607 76
609 242
610 115
610 270
611 76
612 246
612 274
614 118
615 79
615 250
616 277
618 118
618 254
619 81
619 258
620 280
622 118
623 81
623 261
624 283
625 85
625 122
625 265
628 284
629 87
629 124
629 267
631 128
631 288
632 91
632 271
635 128
635 275
635 290
636 91
637 294
639 129
639 277
640 94
641 133
641 297
642 281
643 285
644 96
644 289
645 135
645 300
647 304
648 96
648 291
649 138
650 100
650 295
651 307
653 139
654 102
654 297
655 310
656 143
657 106
657 301
657 314
660 110
660 143
660 305
661 317
663 309
664 112
664 144
664 313
665 320
666 148
667 116
668 316
669 320
670 150
671 116
672 154
673 120
674 124
676 157
678 126
680 160
682 126
684 163
685 130
688 164
689 132
691 168
692 136
695 140
695 170
698 144
699 148
699 173
703 151
703 174
706 178
707 151
708 155
709 159
710 180
713 161
714 183
715 165
718 184
719 167
721 188
722 171
723 175
724 179
725 190
728 181
728 185
