102.860755 174.795981
107.403090 193.081172
101.585586 191.948926
88.900977 181.908116
96.163589 185.497410
96.277337 184.289300
119.087329 194.186767
93.211751 192.725382
110.138577 199.687020
103.403518 204.196562
106.265436 196.434870
101.235714 198.279213
94.192683 213.078307
95.491983 203.397617
91.841656 216.193121
99.050200 212.149716
106.168154 212.390126
100.315455 209.590164
105.552414 230.214798
99.003902 216.601473
97.016095 219.162474
93.850199 232.669537
99.347453 231.105984
97.033231 235.580994
101.676613 226.820767
95.518937 230.099884
92.676224 233.850523
113.797781 229.587265
112.286419 237.383958
88.467915 243.794270
100.170233 232.669649
107.478357 241.576597
94.327926 241.646807
105.117067 246.539556
104.138403 250.779007
89.275724 254.802924
90.837839 246.862775
97.145729 250.312029
83.474298 262.620503
101.658914 269.294919
113.980465 264.528059
105.671719 255.724269
88.163956 269.524616
94.863382 274.094364
111.034603 279.151464
93.894472 261.683073
97.121820 273.370796
96.643614 277.027560
109.566298 264.451628
122.329400 274.681029
111.713705 274.306397
102.176966 270.215485
99.993686 290.237286
117.241949 286.571583
105.528621 283.380420
90.540805 295.583076
107.663209 276.531251
93.746352 294.713044
110.495092 301.298073
99.155145 312.531929
91.852602 309.170202
114.339040 292.336155
102.694711 297.328227
111.201798 305.994023
116.281374 308.365529
91.955156 312.766926
110.293093 319.660845
87.400311 319.312384
73.414640 321.971106
107.159575 317.397524
92.008597 323.171908
94.728521 315.541667
99.525268 327.147024
110.808142 324.331027
97.754307 336.935185
112.038620 335.267534
110.394859 341.564451
104.755289 329.960877
85.494319 345.067776
96.360568 344.727394
95.963715 343.512650
91.827627 352.425557
94.644993 343.307606
95.037006 345.826863
111.952509 340.436813
108.435829 346.213350
90.314672 344.444619
103.993238 348.766008
98.076694 346.457044
96.851975 171.694677
91.321183 360.323556
103.781078 165.195422
87.800138 354.317273
112.182919 181.653255
132.287157 358.259117
103.168925 171.570796
113.950986 347.311793
121.351201 171.594475
113.991639 362.459680
129.302056 169.899841
113.006437 351.862026
120.005881 181.280294
111.417085 187.836447
116.998658 366.996961
117.746436 356.391454
109.953654 186.302364
122.988000 354.657376
120.680572 176.840084
115.609071 367.429319
112.809241 187.567920
126.822697 361.974192
122.821448 190.877393
105.205956 358.874698
128.082012 169.205856
142.809537 357.234800
131.845964 382.077499
124.276363 182.391681
123.647364 364.730005
115.289275 196.157653
128.417180 184.516355
132.904568 371.293506
131.714397 367.649622
133.670248 192.374289
112.114019 358.839905
136.074752 190.898946
136.645359 368.481397
137.356643 192.423059
140.070392 374.165052
130.167882 382.333147
142.661343 197.314887
145.848110 377.117051
132.085526 187.657634
145.188950 382.652128
140.377663 390.040898
153.844904 189.679702
140.356699 376.728042
137.671487 189.892072
143.329621 383.703390
130.647577 194.098321
149.234632 381.696814
150.872163 382.756542
140.761116 385.286344
152.088798 391.929608
145.152392 390.462915
141.912422 401.109616
141.088669 392.227566
155.221392 388.259760
136.934415 399.444669
151.140447 394.841169
150.572971 187.453889
154.452785 407.638521
157.530480 196.697424
159.525452 206.721425
149.120120 402.207943
152.106250 405.754738
155.640363 196.274619
148.501859 416.139546
142.514108 181.446461
147.654300 413.465453
162.490260 199.717387
162.349835 402.047769
158.785383 410.627400
164.836020 202.730115
165.025269 412.305966
169.545880 201.051567
154.431907 414.743496
165.334722 405.084162
161.806670 195.782897
168.993847 406.087951
151.202442 183.915403
178.956645 419.481811
165.287069 192.423391
172.371862 416.148156
154.864486 421.304972
166.979090 201.491417
157.329959 418.927023
158.152189 195.741380
173.391785 426.428099
177.798077 432.599245
176.307594 202.748408
170.512239 436.093279
180.045051 212.318368
174.012260 426.269713
186.673455 198.358955
168.069711 432.910063
180.401620 430.669870
184.347611 193.206519
167.882932 423.675384
184.388669 202.971626
167.526945 441.935568
175.143862 425.652630
195.979016 191.715558
183.677049 435.622970
179.426555 194.058670
185.008520 430.542969
184.834599 200.871992
189.888908 196.286010
180.617732 433.719353
203.228642 440.247418
184.862290 204.665123
188.401062 448.438635
186.764900 199.480755
192.730853 452.092322
183.522395 439.947187
196.665476 184.433066
194.233525 446.870948
190.322629 185.497805
180.161870 446.200801
197.010986 183.595810
192.367324 456.712053
189.995676 443.795858
206.377109 177.641613
213.677656 460.640130
213.219346 181.825309
198.396048 460.020567
203.447357 463.155814
200.458508 192.444569
200.255467 456.910596
202.116788 196.047882
201.878909 460.753987
197.708943 173.171421
204.815921 455.889057
197.384595 182.981818
210.791971 470.758265
216.622316 186.901925
206.718123 473.283005
210.653621 471.177458
211.434773 182.162010
229.194670 463.700844
215.274277 186.647174
220.043078 468.687928
207.704832 188.805141
229.764339 190.076584
206.220000 470.546938
210.675102 193.163236
205.318979 456.218384
233.263949 179.442112
215.435799 471.011550
213.562499 468.616656
229.307238 182.836364
218.422353 457.067040
218.640357 174.587149
228.940754 471.657875
223.782686 166.603959
236.384653 466.106934
220.867898 471.550629
229.051692 179.762535
214.125760 477.907594
221.356427 186.358494
229.566325 497.301525
225.799794 472.931091
241.593188 173.526399
227.689655 488.371801
235.530645 172.468579
231.170467 472.155902
240.318678 174.519647
242.450992 179.093861
233.654223 483.275998
232.495370 172.851711
259.741137 481.886286
241.659225 172.576045
227.220484 469.555058
242.958591 487.446294
232.864773 176.064597
246.617220 490.170404
241.585049 180.100498
239.122414 473.302373
236.220835 178.425943
247.745830 485.927488
238.760209 475.143815
257.556207 168.447768
250.443915 499.640771
247.963109 166.920696
249.509052 501.736926
254.421213 167.835348
243.790878 488.628922
259.618397 168.082331
247.106181 485.745467
258.658171 161.616559
259.599509 494.020044
257.033198 166.999291
252.178402 490.918687
265.508355 159.472773
263.790783 489.867948
270.541615 494.738423
252.157949 179.420073
268.919754 490.870428
265.587466 171.342303
253.382650 489.250956
254.980785 172.283216
249.406094 503.297103
274.123248 506.816923
284.325447 171.970145
265.161421 502.652414
274.409472 178.649562
277.024825 494.545028
281.851445 176.404287
271.902023 505.169571
265.096094 185.129858
277.203059 493.889342
284.380733 164.655009
282.758496 500.953867
277.029973 516.158579
297.481949 182.169649
291.517095 507.274501
290.510426 171.943251
276.311385 504.603645
279.590714 510.607230
288.895253 182.516439
280.925939 507.179014
300.681253 165.583213
286.839333 506.159866
279.838231 169.582509
297.683720 511.263540
286.584260 166.293368
283.050237 517.898185
285.494400 170.770330
287.740604 507.652733
294.503312 515.025548
295.713080 174.995917
307.350127 507.113646
291.060977 174.792161
293.681975 508.077881
290.178206 181.260198
286.134080 528.229616
295.607822 516.085781
299.316732 178.461248
302.076246 512.318019
290.462517 174.960401
293.921932 523.876515
307.067765 525.183801
289.829885 168.203457
294.278017 517.311293
311.060171 158.448299
303.563154 532.551174
310.628939 167.296054
306.411764 516.561072
309.737506 175.668598
323.958867 447.514239
311.051411 444.391392
306.361362 436.713442
326.511649 440.528908
294.877635 450.381995
298.582736 444.696684
310.693035 449.328830
297.798848 443.659100
308.432065 516.696017
310.197269 175.465422
309.309672 451.901662
304.206123 443.892307
311.476616 451.268862
311.535996 531.640641
300.250825 515.435212
303.834403 155.134154
322.044304 423.314737
304.844443 452.956545
322.672406 518.401509
319.527071 155.187908
314.678562 424.063133
323.165138 447.226675
311.938314 530.174916
309.476166 154.525200
318.886328 529.979670
323.055032 417.406394
321.387379 438.748517
321.857335 526.752248
314.295689 171.370871
315.536977 424.716177
307.959818 457.745222
327.876836 515.701637
315.603937 174.274454
327.481896 454.209859
315.729975 420.142600
319.059616 455.676528
314.817332 541.156270
334.531587 163.458121
333.069858 427.802959
329.214492 460.098173
321.390172 542.787491
350.081835 178.562652
321.028938 463.638238
318.983701 427.642335
302.477233 457.045680
328.822245 532.312938
311.709936 165.128076
332.074698 529.742805
324.539099 426.610483
308.475273 462.503127
328.997123 562.021608
318.679856 161.750198
333.581580 416.722381
319.983155 408.146101
319.826217 433.834170
318.858476 432.635239
323.448085 461.892388
321.174745 533.092619
323.663037 173.835037
327.620447 466.696504
326.945885 411.900753
334.951253 468.320678
331.824896 540.211224
327.667253 539.283045
343.013473 175.536246
337.819735 422.652408
333.525604 464.436741
330.481301 544.722929
343.359971 173.053510
328.576010 412.420542
333.024058 461.188966
337.727347 536.695192
330.849307 155.590291
327.922277 555.256482
344.046511 413.296584
338.887618 467.230446
330.141590 529.745070
350.805502 540.874240
334.678284 559.553286
329.311407 173.486151
328.553170 420.740893
343.355282 460.819745
339.238457 537.107495
332.696874 174.606397
333.734731 472.043213
347.898035 424.063331
322.901914 466.571107
350.504712 557.821084
348.564049 171.160782
336.760755 409.228309
340.640070 479.939642
332.463468 548.075831
349.734638 166.936992
338.763100 466.223934
339.758460 407.779659
344.787827 405.204673
329.591420 477.010483
350.990785 557.493136
336.142375 159.635467
344.876106 557.597172
345.914456 403.559816
347.610913 465.433212
345.962358 564.209142
359.926440 162.032981
348.609845 418.509530
347.539789 474.654859
335.765380 564.414273
340.339149 150.958221
341.939349 491.704559
352.284230 405.254579
351.543408 483.920335
355.830129 573.506118
359.236679 566.481267
358.858282 159.540702
369.520577 411.261708
350.207280 480.588013
349.649126 559.444596
357.009871 168.385511
370.849571 477.628711
353.600533 408.997183
353.918594 472.880034
356.993585 572.512538
345.386105 167.456647
350.409585 165.370735
351.793088 572.788088
360.527527 409.517326
349.240475 485.594843
354.117309 564.128432
365.427168 557.709087
362.044397 573.652090
328.418752 158.086124
364.761841 562.916251
360.847943 415.033113
365.807499 491.300012
350.708293 172.386254
371.177715 484.452834
373.827724 572.800945
362.553780 410.937336
362.557342 483.626156
354.630816 572.934435
373.346660 171.309956
354.897137 586.050283
369.215190 402.116753
363.351376 486.714820
373.069043 164.970958
365.108616 483.078821
363.950356 559.849551
352.539791 408.506927
362.176592 489.801734
348.360153 158.823287
366.120798 567.252841
368.266636 408.782524
365.533964 500.282083
369.547927 158.105757
367.757470 584.558160
378.134409 413.323764
361.374986 490.498045
379.502404 165.069655
375.416021 500.235189
360.683732 575.537641
360.846701 410.325190
378.633743 406.623614
367.446687 492.080525
367.287200 166.797134
364.515684 582.481379
375.766704 421.086221
379.076419 497.648928
364.739479 148.316945
377.977846 493.476705
390.016583 565.849908
373.391885 419.978145
365.308293 500.076919
378.144342 160.745530
377.901853 162.472908
386.157621 573.379056
384.466939 416.415570
369.105186 499.696254
377.389152 163.057306
378.946056 575.065425
381.173605 405.523166
370.330004 496.211635
382.425069 510.149460
375.633081 503.232441
380.131193 521.045409
391.546677 167.967282
375.777550 519.860629
385.629584 583.749596
391.949019 423.771327
379.637851 155.037818
383.398899 521.206472
397.736263 579.420954
364.657026 417.837767
387.558161 161.559329
373.010673 504.969980
393.281143 513.049482
392.089015 511.638349
393.961929 523.652550
360.392682 569.936366
387.039097 404.800783
374.534093 521.133023
379.838243 162.815224
385.804844 140.802804
389.632066 571.567056
385.969032 414.327312
380.405213 520.453108
388.458159 164.607320
393.229743 583.527733
396.052722 417.055004
380.043929 528.912055
385.894234 528.841457
386.672024 540.863603
413.733472 528.502930
397.755951 568.026817
403.587738 568.207555
384.846188 166.701662
398.903555 536.967516
386.580186 417.471664
387.236065 561.735915
395.096987 153.631090
404.039460 536.954677
395.305830 413.433132
394.707644 559.966921
396.719385 154.546723
404.544022 535.962892
406.662781 536.078607
389.639170 547.416960
382.485003 540.658715
384.416400 538.693614
394.534501 549.543748
384.506060 548.904854
396.684304 556.223357
410.030711 554.972724
411.154534 555.641665
394.041636 559.231039
384.721586 550.283139
392.836357 558.053829
390.689356 416.204593
391.720099 158.183405
406.832604 149.415985
384.342264 410.063333
396.513174 153.898361
393.133444 209.778517
403.179658 210.149232
408.974454 228.608169
390.037287 408.626602
404.873740 171.299777
394.420397 202.527116
407.595453 196.436691
399.347180 218.103201
399.568766 414.233028
403.931788 146.811010
408.647928 216.242756
403.017917 218.508813
404.280289 404.473807
416.972870 151.233664
405.337204 210.113916
390.851885 203.867533
416.961109 221.877620
406.206077 419.107033
404.868158 141.171843
417.003680 151.321626
421.572055 209.282797
414.426373 215.019324
414.848442 416.281920
388.557787 145.708059
410.248371 211.118968
409.745203 223.190509
413.558085 413.729144
413.480753 136.092634
409.504951 196.791477
422.218531 229.415402
407.604913 412.029749
404.771027 154.561360
410.345591 197.762519
404.850355 224.866233
413.366773 401.898552
399.702342 139.111805
401.894268 194.653097
392.163428 221.632329
418.938371 432.144379
402.838592 155.971018
417.593281 139.548704
414.331372 198.619534
413.502908 227.705358
422.852718 407.084713
413.734631 151.772937
411.566628 197.316029
414.285832 219.933746
411.990912 417.885388
424.240109 141.340288
425.528984 191.758189
444.044408 219.841382
425.774308 407.084733
418.842351 140.780960
429.794772 199.706286
424.825845 218.803810
415.102584 401.104844
419.661136 141.365551
423.166035 187.270631
437.970460 227.494056
442.649841 412.827238
438.440583 139.809585
424.104971 197.834987
418.780866 225.729222
420.724432 413.626218
431.044952 147.161554
431.487158 202.227002
414.840539 217.437710
434.861715 407.161767
418.151531 135.568904
410.534854 184.857310
433.051584 212.639312
432.134974 223.619280
438.784439 414.539438
434.094262 146.574462
423.667533 178.187610
433.042495 220.997659
430.971044 411.346915
446.617666 137.552254
431.664922 342.759933
425.400778 347.022490
423.426087 336.647560
439.476609 194.315226
429.347911 207.528500
423.097776 337.351413
436.301526 415.117010
430.008358 135.110436
440.216816 131.134372
431.653065 347.085911
430.328026 359.589814
431.036026 189.236477
435.392801 209.418108
445.830481 410.683880
440.566222 137.343240
444.970497 342.047912
420.386053 348.901053
441.276381 189.706623
429.930373 219.988746
428.672531 357.795218
439.902296 407.334402
433.576087 134.926106
451.894035 349.100201
448.448456 350.210880
448.663935 177.802272
448.498759 212.225656
429.745181 416.825051
440.143200 143.412919
461.168168 342.438089
435.671307 360.813971
422.960783 193.110697
444.641546 222.315298
448.153860 412.967605
451.778667 138.612293
444.508711 279.166284
443.212384 284.758059
457.103408 282.873991
451.476816 334.787689
454.275558 357.278039
447.475891 189.819554
454.184179 219.963031
427.986013 287.914529
451.187141 409.664092
435.977873 136.939790
447.799789 284.652767
446.845252 288.615383
450.934470 353.152849
439.515865 355.183091
426.847870 407.745617
447.051496 201.721861
450.337358 216.074185
450.368433 407.641068
466.952255 129.824270
454.202669 269.368197
447.201268 284.516673
439.166810 357.655901
467.477435 358.380270
442.457352 183.504878
435.196806 206.161839
446.261089 415.309992
453.756050 132.560377
443.151931 280.340699
455.619508 286.757470
454.753024 347.338459
457.323246 370.958156
449.625959 203.023222
447.075769 217.576387
446.906378 416.053192
449.190531 134.683175
459.495572 268.492799
462.715739 289.039817
444.833728 340.572651
459.050152 356.930381
440.238135 187.399908
450.209663 205.528974
461.028304 424.716556
453.471657 141.531777
445.739136 273.613587
458.519359 289.336374
444.432730 341.098077
447.084809 363.054465
462.728364 181.191031
459.860116 180.691994
452.236572 222.955839
452.474089 420.085244
459.464471 132.356423
459.166855 268.054317
453.920471 284.956399
451.685433 347.914919
460.304950 355.553947
449.852410 185.663755
464.588609 214.193546
461.781842 421.089179
459.602240 130.036369
462.120605 258.860462
455.632654 297.853162
458.767558 333.588434
444.573921 360.881276
468.040832 188.775049
456.864489 197.630299
462.283723 415.465977
462.348954 137.269224
456.028297 274.445684
466.205490 284.786732
463.386593 345.263974
464.690958 365.839906
475.161073 172.570546
450.552762 201.627519
456.391522 411.141078
458.758695 117.120004
451.820230 276.410221
463.783588 285.879677
469.535518 347.988035
462.111833 352.672438
468.300194 174.566981
457.077793 221.958409
455.911516 422.580789
452.789545 129.028815
452.885290 273.535569
455.849043 292.406623
449.872515 343.611858
467.747049 364.314845
478.750581 173.864584
468.354370 207.204428
474.776243 371.216383
466.848107 426.507373
463.007059 117.971261
462.245231 276.503292
471.051364 283.325734
464.536649 338.543264
472.298151 361.753921
449.037253 418.330388
461.045391 184.105039
475.817537 220.492292
475.357848 412.796581
472.507039 106.758709
462.426952 268.744498
459.155310 298.285856
466.828793 343.400767
471.676999 371.141500
475.877140 174.474704
472.900411 213.156033
478.075049 419.224205
474.977390 117.796196
453.850044 283.144950
477.164009 286.959051
465.739318 333.489479
469.973200 362.628069
475.264537 172.435982
474.152959 209.213187
477.062734 415.143569
458.253503 124.142861
478.970025 263.320315
480.229253 299.911768
478.466996 356.183151
470.064542 373.010670
466.405940 177.076573
458.201705 224.084258
462.594659 414.271826
466.177742 123.335513
473.549057 266.583320
457.979395 284.817849
483.768058 337.750825
459.706224 361.387959
479.564294 182.166838
488.194033 208.417510
464.203895 433.774206
469.278952 120.387552
478.660846 272.343485
467.492376 286.788725
478.007166 353.386097
486.328881 368.941793
466.077933 175.827779
474.746068 212.421168
467.559753 424.879941
476.334073 129.747320
480.465773 265.576970
482.456848 292.940235
472.510621 348.309034
472.830695 366.627807
465.925463 171.337634
469.958647 212.090194
475.006426 420.083316
477.976683 120.927381
471.001363 268.057586
475.799499 284.266515
472.434472 344.144744
493.138701 355.385052
479.933623 166.291698
461.825413 216.193048
471.445041 436.465355
483.726234 117.291003
477.312833 262.800659
483.544010 283.202399
488.516850 341.117735
472.925336 360.610350
491.428307 178.403351
482.188422 212.002760
485.093226 420.947123
488.928475 121.548995
471.589183 264.662364
487.599155 288.404447
479.481555 354.948493
485.217544 361.986616
480.179774 176.329468
493.706769 214.272827
478.806912 381.877445
480.588190 419.537828
487.882817 121.019682
494.049133 274.255033
496.113455 283.577771
482.699912 347.389228
488.247227 366.490617
484.284070 175.092209
484.513879 220.765909
482.279902 423.159008
490.286697 120.420672
488.834372 264.214260
485.017242 290.257752
488.543973 337.826160
481.343948 368.438009
495.013566 169.055430
474.511607 220.549306
493.629671 417.222157
480.537372 127.606866
490.039001 261.440139
491.506589 260.932600
488.807458 275.332901
489.075363 343.284031
496.039857 371.410484
489.052041 175.465176
479.466037 220.983772
492.193387 430.679480
498.120083 112.637395
496.928583 264.129112
499.680793 272.691614
507.001688 356.117467
473.818722 370.267940
483.984677 177.552583
494.714744 211.723933
488.506386 439.801946
489.334322 118.245036
495.855325 269.228680
486.958110 268.777378
486.355690 340.320279
489.583981 374.082551
495.566268 176.488533
480.707902 156.204397
491.701211 222.907067
489.762612 429.424973
490.691682 111.614190
520.679131 270.115246
497.583475 289.664883
493.749767 352.188910
475.815915 355.394872
480.535564 170.502758
482.283195 204.207265
493.766950 436.142053
497.571090 117.848020
501.045264 270.578705
487.689078 285.195729
510.738502 353.322726
501.653503 384.186210
502.626354 178.937428
507.870820 215.155918
510.842755 422.899657
492.934944 112.623570
495.192338 265.082281
487.257446 276.962243
478.539340 342.499276
487.898380 368.910023
507.157614 162.357185
497.031367 218.723271
494.655795 428.858148
489.314561 119.560197
492.090171 255.305418
494.951299 291.316926
492.516072 344.433717
492.317733 360.912645
492.498494 183.017192
487.675056 220.982252
499.997943 422.249640
492.542764 111.394072
500.047720 267.072793
526.129876 288.854066
512.276185 342.856352
511.656954 368.392893
499.462887 173.265990
503.301819 205.557227
512.036735 393.960650
492.247958 430.721556
508.203211 125.180107
506.668981 253.894178
503.074639 277.997391
512.162620 332.211480
513.712631 377.364030
507.095931 160.641440
520.500910 213.389130
519.918648 412.016199
510.573192 110.845792
506.498433 265.882640
504.492237 276.127433
511.054708 338.228773
497.120495 369.143308
500.426010 160.272567
503.619908 211.687483
506.309407 415.957261
513.842515 113.988753
517.259938 269.902898
495.125459 258.222751
505.393549 287.990466
493.002717 349.920806
507.481303 381.682957
508.053646 167.122860
515.193768 216.288984
503.157614 427.873154
519.435901 123.658475
509.671875 261.343322
511.515129 283.510125
499.776970 360.288004
507.832813 362.782867
508.262589 174.405105
512.021602 208.619463
509.076566 416.723841
505.550507 122.426248
510.194522 256.193579
521.335606 292.280361
515.452247 342.254409
527.046296 387.211048
518.084738 160.365902
523.923852 172.323383
513.055300 207.561491
504.030178 426.615855
511.838494 122.343315
515.723443 263.920900
507.161124 293.119474
515.045695 340.727753
517.520838 381.459968
521.733592 155.242825
511.331876 201.499944
510.376281 431.516169
522.890896 126.385389
526.498359 251.260228
519.123037 294.088310
520.187179 341.757305
517.126230 381.432178
517.007719 156.779457
529.252546 208.821968
512.617390 417.805691
516.900513 116.999420
516.958426 256.044161
518.275917 293.289534
503.202819 350.696401
521.621562 381.932634
525.680359 158.907215
506.261836 202.117649
536.863413 199.627342
519.782738 423.573287
509.442036 432.505521
521.434565 126.457912
508.600197 258.479570
528.640979 268.134490
514.141324 346.671875
527.005141 380.815160
531.793991 172.205466
524.713433 215.513314
513.396287 431.362367
525.557539 127.851692
539.217529 244.924984
525.282183 294.879684
526.691540 346.963809
537.166845 383.148158
518.888288 172.151120
531.778169 167.254526
521.811118 209.851836
522.859910 422.578176
526.820701 122.460629
525.078176 269.179117
523.391982 285.297995
526.610330 343.736515
528.511432 377.865950
525.458797 151.849808
545.029489 201.834971
522.474323 436.294537
537.500841 126.175897
533.001060 247.587991
529.944526 286.286744
525.858462 345.054465
524.410121 382.092235
547.608662 158.728430
511.917684 213.479105
527.968987 436.226065
521.251532 118.826926
523.101425 122.144616
526.568722 263.382194
521.947963 300.749784
520.588246 345.325349
531.632655 374.775577
538.184079 160.575272
543.777128 197.568723
529.154538 432.043110
534.846125 132.485269
511.359554 262.731074
537.103004 269.061673
528.150360 350.004974
538.001717 376.977032
523.397365 162.562545
529.124116 204.597826
518.347791 440.394090
537.273738 121.717490
512.143016 123.012417
523.693765 126.711684
525.172438 117.360163
533.358495 132.779374
536.583210 137.194245
551.600401 129.513370
523.172324 138.952064
526.083569 136.178601
529.097964 145.460123
529.171811 153.172585
526.558736 150.928136
515.379809 149.576090
525.656190 259.485786
529.176561 293.163478
544.019217 328.349606
523.323799 378.311244
533.480773 195.812774
526.029741 425.316595
530.100414 260.144229
529.979017 295.120447
541.390865 340.111272
537.245446 376.893425
541.619076 199.495404
529.666923 438.442584
523.894794 255.005636
540.778806 278.155150
543.693762 348.332449
539.274155 377.351210
542.673122 189.005967
523.860596 429.433969
547.708764 261.395798
542.821510 296.616052
534.002318 340.190006
532.551589 377.505913
541.517616 191.622736
542.793124 431.367761
540.381883 253.651750
552.210042 278.336493
546.438641 339.934154
540.546883 377.343168
553.748568 218.428040
524.202129 435.694686
555.094117 264.685951
536.069681 279.548862
538.861663 337.312550
544.569779 388.766776
541.662083 190.305209
562.908915 424.569971
550.621919 265.945439
554.885036 282.044050
551.152538 340.224096
538.941669 382.120214
541.646147 205.241584
540.974706 412.944622
549.158650 266.035080
545.952112 290.395235
554.496034 338.392971
543.413675 375.476541
556.054464 197.492606
553.369230 424.436396
551.824296 258.710348
529.888165 264.586066
551.356135 293.241343
544.979970 343.769306
532.235289 353.579053
548.644162 193.533911
541.885050 352.605369
544.720837 422.355459
556.140501 254.258107
555.368073 288.520308
551.774872 339.862609
550.535798 377.143237
556.360298 209.579127
554.637338 426.492075
548.835637 251.298095
558.334277 291.172986
567.882049 342.801729
561.717392 372.809199
554.844028 209.081369
563.400155 425.618150
551.427841 269.423318
557.307292 287.414024
543.901497 334.302087
554.182612 375.469526
550.426624 206.194629
559.390548 431.243182
567.816019 263.226351
572.340338 288.269420
565.433221 350.050792
551.809301 377.237430
554.957174 203.148281
570.785259 433.366372
569.398706 263.458953
566.644461 283.472284
551.884785 352.461918
567.808892 393.067651
559.831784 197.287672
570.014675 424.864778
570.150484 261.941794
551.551576 297.327967
562.456105 339.943555
561.935177 363.526170
572.632048 200.412213
568.141423 439.114773
566.121898 253.951260
564.348781 287.499727
550.592893 349.520225
562.808138 379.694999
581.182075 192.269833
568.978924 426.847586
566.100059 253.784858
562.660004 282.991836
561.566318 354.754553
567.842222 376.301923
569.892930 208.086196
557.600490 414.187183
574.781747 254.701424
554.173781 291.750350
563.373533 338.523299
568.995321 383.853515
563.773527 212.477914
552.704334 435.690383
580.044249 254.882050
576.192321 275.626194
561.729312 342.517156
580.325805 370.032549
565.972146 205.346154
564.483338 431.703902
570.929579 249.104079
565.632238 290.931878
558.336132 358.682154
573.306381 376.768771
573.516751 199.206007
575.911202 438.754942
569.500880 244.734547
582.039601 285.574943
567.154101 358.352332
573.662362 378.099913
562.224596 202.615865
564.025574 420.524801
593.705988 257.222989
561.221185 293.684098
574.859270 348.394621
582.330529 382.134206
593.750304 180.953825
583.660853 427.775190
576.349693 255.246453
591.964530 286.607299
575.681487 332.940139
588.858357 384.270200
576.582684 206.255731
571.091627 418.744083
581.737169 249.160663
565.702859 282.325576
580.023993 347.185676
582.072075 374.845319
587.119555 215.810088
582.852785 433.027370
579.583084 247.553297
586.389386 282.372287
581.273577 348.956724
567.240359 372.338762
582.555761 203.234046
581.039957 418.905388
582.158767 256.163914
586.998266 308.310097
592.960414 356.092188
589.039133 382.301727
573.748455 190.313026
580.939216 427.083100
575.819176 265.460554
573.418985 292.195162
601.333488 340.749145
583.632186 370.451518
577.396497 207.574540
577.415261 426.699216
582.231849 247.869504
590.304666 280.231544
588.182474 329.853814
597.064564 384.790664
592.972691 180.986158
581.362280 431.786206
596.950435 253.104197
598.823713 282.441044
586.198817 351.353365
584.889798 383.916293
584.666505 369.775438
598.378981 205.792989
589.142111 436.924935
601.137684 263.044201
599.255995 284.798591
592.966357 342.246435
577.110228 374.056585
588.088405 192.120618
603.116250 427.202203
574.486190 253.921328
601.853480 271.888981
598.115708 334.343927
598.448952 379.574877
581.639288 198.557687
600.807802 431.770249
579.096506 432.897930
604.981830 251.264702
586.860189 291.125146
597.922406 346.855746
598.499225 378.545942
600.258089 196.185503
601.766202 421.633277
614.543518 252.553505
595.124240 268.308927
594.483408 352.291822
587.461503 391.363442
601.312653 206.941044
608.563747 422.554017
612.647589 254.809647
593.496169 257.556798
600.943639 289.778101
600.993559 340.584600
578.244232 375.366849
599.994763 206.879788
610.525339 406.567238
590.712555 245.391442
607.114910 284.417484
611.031360 350.487463
608.326345 377.390631
598.648492 212.270395
602.212779 420.129001
605.410254 255.391417
597.426664 291.322984
601.726367 331.070501
591.346413 374.265807
608.392487 198.070223
609.424395 387.961164
599.143800 411.356381
605.753424 425.981678
599.883169 250.107965
601.535814 295.021884
604.456927 348.440778
611.531030 397.731322
599.113915 204.288588
620.418760 414.997292
608.656151 243.865769
592.688958 279.055986
602.309226 353.646829
609.814920 388.944270
596.086036 201.886456
593.774227 382.797668
601.792343 423.745166
604.535748 206.371748
620.423401 247.065899
612.039295 242.576600
602.298647 287.700065
621.370627 337.376810
606.621822 377.395814
606.549793 212.388276
603.469199 419.671633
618.381669 226.631909
617.876431 293.074384
589.351566 352.805659
610.488651 376.128701
625.547070 195.618053
605.230374 410.020317
611.289010 206.225676
616.682865 254.973814
604.309018 281.265721
605.516522 350.326621
623.677378 390.977389
620.605579 397.696066
608.645438 411.729342
620.825432 387.215443
616.811185 401.517163
615.373294 417.251874
608.104760 407.020837
638.481336 400.553624
615.159614 403.576395
616.179634 397.079197
616.446333 206.508248
620.622219 234.489893
603.331679 274.202977
611.853221 337.472831
621.936691 208.631986
633.667511 239.641632
609.341329 296.668619
619.176318 341.669913
627.397276 212.616504
609.085510 207.541802
621.139083 210.447735
603.792066 217.215281
626.597387 205.335032
615.230968 232.914896
616.592638 218.714150
613.750433 223.287833
617.717589 228.707207
630.599303 227.541756
623.776847 223.672443
617.920186 233.221616
626.359682 226.661021
618.902003 289.673348
611.058424 337.511488
619.244265 287.786703
615.001890 340.722202
640.549970 285.720907
616.364840 353.487534
626.915329 279.321277
629.221484 345.339977
631.273754 289.538534
635.380240 353.105393
622.692188 285.332054
622.248146 293.540645
637.591990 345.533512
634.806600 346.094066
626.970113 279.706947
637.514804 343.833063
636.347869 289.834481
636.361679 326.894222
646.462203 286.675461
614.308442 348.458850
629.698010 288.116989
650.873766 345.270086
646.415298 286.349404
635.541738 339.497941
644.579630 331.924949
639.473361 281.823550
632.362234 344.956609
643.086355 293.543265
657.574988 322.608172
646.262581 296.859162
654.600247 288.512226
667.116471 326.882559
649.969081 293.141812
649.969508 335.730703
652.195147 296.550129
648.153268 305.198588
646.090166 310.333846
644.106016 318.799251
644.473792 298.852907
650.265609 309.126628
653.466896 303.318911
648.369115 314.738434
643.540756 323.496682
647.109797 312.225865
641.054953 328.960037
642.427218 326.364074
640.566201 320.230367
651.887129 331.721469
634.794280 329.386807
