62.727258 621.619693
60.510989 612.458735
64.465958 622.117648
61.698812 626.727907
57.467789 631.006575
59.005633 626.192569
66.395465 639.915005
58.897801 638.684766
58.487500 643.526112
63.101006 601.244688
64.521248 650.043007
64.402069 597.867887
73.883809 643.570277
66.372738 603.693201
72.668742 643.055106
75.618897 599.469899
77.466532 654.223724
76.038890 653.749161
78.041471 596.522231
81.275774 659.689789
77.256068 581.164550
82.793520 649.020644
86.231125 589.745908
91.761667 577.715147
88.173120 657.322087
90.532783 574.520755
89.818423 567.864811
87.147247 667.126679
89.933533 668.174941
95.445858 569.465411
97.830237 665.406195
100.086287 572.374703
100.721871 666.119115
101.584916 571.415672
104.057580 671.505945
106.347912 550.941003
105.337164 564.614907
103.866220 560.516747
112.394053 669.037849
107.662293 549.572844
106.076920 673.397595
115.095728 552.420240
109.127932 673.915808
119.967443 535.761841
114.361860 676.471700
119.271456 539.211615
121.348795 675.205330
121.054350 541.124334
120.445018 682.212183
127.260198 532.903690
128.766383 681.634998
131.654382 523.793173
132.213327 532.479879
135.953596 674.414291
134.878977 524.564430
133.725070 679.039961
138.623855 496.513181
138.368340 498.376768
136.669693 503.190366
134.514593 501.934971
138.496589 516.384047
132.107144 519.267589
137.148815 680.003006
135.982602 490.862836
143.048411 692.126785
143.069425 484.680184
149.858555 684.702791
145.256784 485.091176
143.194129 693.509725
152.273867 480.894711
154.699271 680.812317
155.893311 478.388302
159.007211 679.811916
159.618287 476.300967
161.201211 690.666033
162.314688 477.766971
164.430071 685.546382
162.135723 475.965165
167.576866 694.255014
176.356695 469.700716
165.558696 446.411131
174.108899 456.710105
173.744511 459.282314
168.183420 461.890848
168.353957 466.879749
170.106566 693.525390
169.036607 697.175821
176.153910 451.234121
181.842166 697.493087
182.927550 447.797866
184.599611 695.881190
184.844589 400.807010
180.032430 407.916734
180.824161 412.719976
181.535206 421.544095
181.213244 423.406704
181.634282 432.122275
188.457461 422.851111
181.219568 430.695470
180.904488 444.787665
184.465231 441.853517
181.831473 700.957368
186.013934 399.403460
187.512102 695.961118
189.398068 401.149893
185.683148 701.012280
195.533254 401.886709
194.481015 695.417206
196.190008 405.964090
199.234058 700.731227
202.941498 363.170318
200.867326 368.872300
206.873201 368.872215
204.002008 379.317602
196.365510 374.551154
201.340509 378.837346
203.734083 387.204067
196.616163 384.520473
196.768611 391.795705
204.086993 400.829246
204.882646 704.411140
204.449443 362.006759
203.807636 702.742939
207.040096 353.117320
211.832073 700.855818
213.223402 333.035023
209.718737 337.250846
207.651824 340.263702
211.132201 334.923784
208.081153 343.262467
208.905784 351.092885
211.285904 700.487375
209.236006 327.527219
211.928350 273.615926
220.275987 275.400488
219.391157 276.326937
217.268350 280.077319
215.226570 282.112944
223.232772 293.309010
212.624415 291.764335
214.001077 298.311609
216.038908 298.509031
213.644646 307.575753
215.076853 304.434808
211.429549 318.538495
216.901962 321.961596
215.649505 704.874594
222.672505 269.752800
219.800084 705.098393
226.458357 267.947993
225.938297 711.507918
224.398156 713.357292
224.239512 713.533044
228.017840 267.557550
230.628425 718.816604
232.832760 258.894977
232.444538 708.566721
237.542461 252.930783
236.761422 234.294595
235.098214 243.698304
237.858049 243.795758
240.058021 245.861054
234.250081 246.565949
241.207696 718.625143
236.338293 230.210488
236.834427 222.951508
244.340746 222.466144
245.719315 721.968544
242.987558 223.133949
246.267461 717.996915
252.312154 216.887162
247.855072 719.035390
257.203558 201.865594
252.840833 212.673380
249.077070 206.334659
243.550612 216.081457
257.533234 716.855438
257.544122 192.881045
257.245963 196.337494
254.950559 715.989075
258.137624 189.070180
261.848495 183.705499
263.688332 721.323838
260.361857 175.333502
265.257829 716.197166
264.713210 177.345240
270.645632 710.373413
271.648064 169.654493
268.985547 718.163350
274.051742 167.030243
272.935159 164.485858
279.265672 716.616016
281.366737 151.781070
282.045115 161.882574
282.658450 715.399601
287.369171 151.612765
284.131084 714.952864
287.557693 151.453276
289.960210 722.960453
289.325046 149.185393
293.152788 717.602151
293.025528 140.166022
296.283957 726.346078
299.392663 145.640125
308.119937 721.525803
305.834140 147.531714
303.405922 725.389551
303.806571 138.248662
310.098815 727.631099
305.775229 728.891309
316.353950 141.896181
318.921524 730.220685
315.563477 136.336641
316.557091 727.866241
322.146078 133.659880
315.557148 84.736324
316.651680 80.876894
319.705065 79.240535
321.382031 89.685584
325.778730 90.571462
320.305249 100.874894
326.726441 99.321165
325.536128 106.434193
324.366316 102.131518
323.511186 107.665278
323.088412 116.693338
321.206104 122.561084
321.641368 128.744684
317.480862 129.361674
322.003316 138.701504
322.416944 733.502803
319.186511 735.337107
321.984005 739.435724
317.995996 76.494636
326.028385 744.211406
327.333016 73.909418
326.100815 741.652774
333.719335 74.404337
338.856227 744.765199
330.167806 70.101903
343.229352 741.787824
341.576129 72.623940
339.751764 745.419701
341.408733 71.279154
344.163252 743.726453
352.168941 66.841001
351.454198 742.710206
351.715946 69.475252
351.583097 743.347879
353.531583 73.009305
359.845307 743.248410
360.853813 72.314860
357.109280 739.560661
363.044627 69.080015
363.852646 742.840114
371.461443 71.329814
369.159083 743.816546
375.583706 74.974171
367.752973 734.462471
374.922796 75.914892
372.118415 742.868139
383.583292 72.290743
379.098571 753.559705
386.389659 73.405648
382.272593 744.301325
389.480189 69.744777
389.883330 749.132398
396.453458 71.713683
391.157900 744.421746
399.486841 69.645657
402.442495 739.435153
404.281945 743.764073
400.056918 70.133882
401.933437 729.652222
399.985988 65.234514
407.393454 734.341470
407.699958 71.977464
412.105616 720.970305
420.625813 70.798105
415.093377 724.094813
413.274136 76.350581
416.431590 721.813006
414.680219 75.426048
417.606996 725.097024
425.693799 79.212020
422.057079 724.911185
425.547661 77.454096
431.984084 720.174265
432.009407 75.499674
428.125586 725.964556
432.846088 73.655399
440.759943 78.978943
437.805017 83.120217
440.820713 81.868265
438.178229 94.014257
436.044551 123.778311
435.796350 130.206541
438.701053 134.219834
440.532964 131.520448
439.664516 722.830063
435.916822 132.723778
438.578647 142.846386
434.680142 94.636884
440.276265 117.853274
440.635045 142.649581
442.567947 720.320809
443.320046 99.468768
442.608646 105.030741
445.843648 100.149609
443.658232 112.951653
444.483974 145.298789
448.382939 721.742817
450.929333 142.899224
449.994412 720.112797
455.694790 146.213564
453.113240 720.153758
462.925570 151.057242
458.580541 721.615588
461.105248 159.476836
461.367608 725.361385
465.549627 158.878840
463.341752 725.410579
471.092130 154.312951
467.619241 156.259108
463.818836 164.307667
475.116234 166.586665
467.716138 716.427500
477.044088 176.523511
477.802797 715.520440
478.558954 178.033927
479.029558 176.344965
478.738827 717.520384
480.187956 182.070129
483.512570 720.895968
483.492403 174.555635
481.773101 184.564052
483.355439 188.024633
481.736887 195.026498
482.745564 200.337155
481.533003 720.422490
490.472999 207.633200
486.224669 717.875005
489.136512 199.264577
492.521555 203.396597
492.835436 209.928246
489.631502 722.636405
500.978305 206.844369
503.607562 214.537322
498.251936 216.064109
499.050371 225.542438
496.987608 225.726588
499.118994 231.869024
495.020614 238.285476
495.076744 240.281255
499.264195 239.979080
498.161056 244.664786
496.138459 251.103405
497.753532 249.775222
501.603130 261.132083
499.582297 722.469728
505.446545 260.571976
497.626245 713.736326
504.040971 260.572194
503.953956 717.669846
514.546136 267.029202
506.891013 717.938134
511.953852 256.224056
509.700405 720.554751
512.140612 270.013722
519.664199 719.220566
520.419938 268.915574
517.591741 716.641894
525.310218 270.399375
522.727591 277.150360
523.052140 278.233062
523.656767 283.747556
522.125228 286.542864
522.553589 288.357780
526.692442 294.006904
520.394652 298.053855
519.008875 298.537146
518.714563 310.301447
522.888839 305.079812
520.899829 317.971492
515.679551 317.032192
524.878238 322.803499
522.148810 327.181910
522.717885 331.890755
520.050661 339.595627
520.411683 341.171995
528.375235 340.236006
530.911744 721.836144
530.015588 355.306498
525.651570 350.615824
528.283963 360.586645
531.990281 719.928281
533.613932 360.086702
531.343166 366.868619
531.896834 377.010113
532.619820 370.669526
531.277304 377.531186
533.308154 378.694001
532.320057 714.321531
532.042403 383.383047
535.986848 393.341786
540.119002 396.396530
539.034311 398.453287
540.559506 403.802669
533.309525 715.145233
537.586251 399.492299
538.269477 714.102998
540.797116 403.931766
547.381097 712.051995
542.518182 402.125067
541.944712 407.952153
549.046154 421.036187
551.764423 715.271593
557.595939 406.011313
544.015799 421.186890
558.032075 415.486752
553.362381 711.732259
560.205275 423.337108
558.083036 434.243536
561.072361 434.026186
562.554058 439.782366
558.420253 435.960958
557.036380 445.268693
558.788171 455.289427
561.773674 457.965265
556.502862 455.927337
557.280837 466.222408
554.671301 470.240476
558.353400 713.347062
563.739038 471.591474
560.476901 706.996057
563.852670 714.123003
566.813790 472.178783
564.197199 702.967163
562.942956 469.034148
572.551227 695.118133
572.395532 473.718926
574.057911 480.332077
575.030794 479.825809
576.405183 704.223588
577.291258 486.152873
578.918469 488.612613
575.448329 700.484416
586.093317 496.398810
579.487826 700.515639
585.984921 502.412884
582.277727 503.323286
585.045070 696.591995
585.939242 512.005558
587.728865 506.646947
592.790959 699.568274
592.493321 509.297408
591.332777 516.969795
598.668837 697.308734
594.202677 524.522369
595.451417 697.736580
596.203268 522.344312
600.007958 700.402290
601.297007 520.611992
598.307038 520.495322
596.546721 528.460694
598.847787 534.986956
601.432272 540.001971
605.601243 539.422209
600.359884 543.768696
598.062855 551.542253
604.006898 689.710446
604.037198 554.853439
604.205957 685.727283
610.167269 554.776792
608.219651 566.761631
607.127393 573.974796
610.045562 572.184020
609.087350 688.281880
617.517414 572.378985
615.995480 686.769394
620.891499 571.399001
619.339560 573.561604
624.369246 576.135321
617.499487 687.513287
619.893379 582.500249
621.814482 689.188243
632.236674 577.653958
629.578831 689.709064
627.702471 583.346214
630.357673 581.956666
629.023598 591.982491
634.574187 687.868994
637.205166 595.214817
627.591503 596.236347
631.683907 677.167430
634.426530 678.150494
632.478797 603.929680
633.975705 671.813880
633.153500 609.611164
634.378759 671.017808
641.381777 608.522313
641.133585 611.334428
645.074693 611.538605
644.139736 611.912758
645.727603 670.735040
646.654742 620.715740
650.855546 625.827830
643.130847 624.158897
649.328700 634.210757
647.138618 636.749236
646.060903 640.209828
650.826452 643.849865
648.840371 652.960080
645.252426 656.711533
647.624839 650.151844
648.406754 668.930225
