97.375606 336.611434
99.013366 332.727721
108.824912 357.439885
105.640577 364.832538
116.582957 287.600282
98.140080 316.635548
125.697027 382.715239
121.419793 309.373143
98.717943 309.123350
104.315609 375.538975
137.226017 276.743064
142.663526 287.795431
124.181186 371.337956
131.760397 271.542658
120.390733 392.255195
143.939381 265.885147
141.280830 383.241066
155.971892 268.711759
154.866322 383.212348
153.598858 250.399946
158.363542 174.764468
165.196123 182.900074
165.942337 204.831261
157.158810 210.513090
183.019198 231.223662
165.140688 393.243605
172.436829 244.996856
172.383033 183.224510
170.738078 239.877051
185.271841 386.509307
176.646308 169.054060
182.612647 397.909161
202.813018 167.455614
187.003844 406.891781
198.602408 456.915533
189.894528 173.549030
202.377227 401.890970
200.603080 462.307627
195.054033 470.848330
213.474748 406.713251
214.968790 161.182583
216.125146 477.163183
214.204259 449.582377
193.670609 415.202908
231.191134 479.716247
208.503498 162.636902
227.343686 421.010530
211.200641 452.555575
226.008034 173.675925
223.512502 486.895832
214.987914 437.795030
250.875614 187.159850
227.242594 232.701151
228.464720 447.619626
224.389144 183.578311
226.196455 202.452877
242.101997 208.798203
233.919185 238.337259
240.308662 492.280970
231.183763 237.535130
248.932522 487.051852
252.599778 230.218215
259.604480 465.156778
264.583265 228.060260
259.089436 467.532235
278.920511 233.337349
281.573723 485.933765
300.458766 233.201854
285.163611 463.989747
304.235550 225.071079
297.756851 453.974265
323.394771 225.294938
302.078636 475.881986
303.306137 469.538219
323.449488 227.290893
312.189081 461.611462
323.242656 473.984213
336.807314 235.450426
309.396562 488.229730
340.461290 216.316330
332.531971 497.225090
352.318526 225.850462
362.179729 493.943946
356.020227 216.559487
348.346124 481.265357
361.358529 213.886857
363.478406 479.818820
355.924410 225.766546
374.102624 488.353233
402.200654 217.431526
384.892824 483.337397
390.773265 230.033952
386.895362 482.196143
400.966044 218.473033
408.010916 487.235332
406.188176 221.543678
417.174745 497.750453
411.453798 245.377171
412.074608 500.921753
435.838516 254.606557
426.886120 488.760808
430.388112 242.610573
434.625312 475.396651
452.052708 252.748288
459.882878 483.612182
470.435847 250.000677
462.818951 482.433774
470.385405 253.981614
472.943478 485.815324
479.333224 260.047790
472.448685 270.430186
481.887412 480.769607
493.345437 281.914884
485.249662 496.726275
501.974527 287.588391
492.204822 279.287159
519.009955 494.415111
497.058477 300.369765
495.887643 310.456251
514.652483 476.855018
515.669463 319.892289
515.065592 336.445526
520.141490 470.315058
511.863993 341.297503
533.410680 353.076824
528.745129 360.299692
529.747098 362.898797
521.852098 387.616158
539.714654 385.165744
533.175774 390.202529
518.555840 415.249185
532.487201 457.171029
529.110518 431.999201
552.860651 454.654065
537.362806 426.523386
556.032644 435.740308
550.600748 443.206695
