46.049883 166.179097
68.995129 172.209976
60.933807 178.401606
60.273081 173.057333
47.938434 185.823399
46.124863 194.938916
57.471294 196.303625
69.171845 157.773864
51.888944 192.303604
57.481496 194.206936
80.873111 164.710399
70.267237 200.664881
72.778841 206.357903
75.441389 215.248488
51.963598 158.444174
71.709827 208.165459
66.999209 154.558900
92.318251 206.772209
83.700426 147.184827
82.459941 223.482964
94.801775 142.514018
85.639131 213.152861
95.428378 273.857838
79.581350 284.784116
66.116415 282.576463
74.128771 293.025905
85.991987 286.982759
84.283310 292.642493
70.890921 295.448748
87.791588 297.612004
82.148968 294.676024
68.462774 301.814964
88.939928 306.327947
64.624484 312.650228
87.332927 316.514218
66.815497 143.596391
80.994973 213.972521
78.257275 268.312685
84.688079 143.135080
76.090339 258.535109
66.824289 258.153709
92.854729 312.264093
81.998570 219.894293
75.935399 139.204584
89.079581 263.872903
102.912232 323.878225
98.594246 213.175068
99.234200 135.139124
79.663648 251.398819
102.732361 323.656366
101.167791 216.222101
100.104383 132.183217
85.468801 255.649064
107.483028 318.822926
91.886889 210.172234
93.605584 143.120454
105.113616 252.253004
99.636985 309.493265
101.504009 210.195992
124.888977 132.031042
98.351323 251.601956
86.339201 329.163614
106.060268 208.448454
125.738406 127.521723
120.803537 247.557123
92.148048 321.383294
118.907481 212.337702
117.590692 135.365139
121.593556 251.728575
99.481673 319.531026
100.959498 213.614043
135.414871 135.433272
114.471722 257.436887
137.937198 321.330619
108.205076 210.220631
120.629364 138.381849
126.692694 241.493281
106.180693 335.064793
114.704259 213.247602
113.140178 127.209713
116.947494 243.893377
109.798595 326.075316
144.543824 218.827267
131.145439 145.141866
132.761230 241.901115
127.702922 318.248162
122.261233 219.614008
127.118834 228.207810
121.399757 229.145565
144.376087 241.555234
140.226195 224.663118
132.107049 135.661534
129.923839 334.688529
144.023809 134.215952
122.614172 330.209709
153.741157 131.604604
144.606134 326.677776
148.335436 137.418151
150.227538 334.354032
133.836035 134.670547
161.004986 331.705116
141.254828 141.407365
151.933018 332.427280
171.063728 136.350146
164.842257 330.412463
165.301955 139.312346
163.457469 326.719038
152.939158 331.595937
169.166664 141.877508
163.350067 317.273702
174.056197 146.948434
163.950535 315.666533
177.404828 131.360336
180.057603 318.457610
196.052250 142.290434
182.745818 330.231180
182.286842 134.627542
182.781232 319.861048
188.372990 121.738211
198.057764 309.208460
190.518804 139.397752
213.445244 305.205485
190.214237 312.352218
208.448065 138.303831
185.501186 292.924024
208.813845 142.041048
198.772416 294.962313
176.979641 135.309281
203.226879 311.305391
192.250316 128.570007
221.751172 306.999704
210.203303 138.707785
213.254897 291.971258
208.786017 131.820768
217.051888 299.293871
203.852179 132.909796
220.446485 311.826800
217.306615 136.658330
235.151601 311.183759
205.736043 135.200823
243.374502 297.078536
242.191889 127.721390
236.021224 311.989321
243.998580 145.663414
247.377555 307.941994
222.189226 142.815130
241.991624 290.783834
240.306158 127.002059
238.959805 300.125802
253.177423 130.588234
249.105766 123.474398
266.868093 305.658738
251.120076 110.563514
245.699172 307.583756
249.629447 131.834102
249.062300 291.371771
273.544495 125.224855
251.380169 304.149374
271.229242 131.165441
283.021285 306.738595
259.903524 125.939544
256.390646 303.984992
263.712642 126.465258
276.756838 308.850208
265.321034 117.764731
275.138424 314.759319
266.560539 106.304370
276.456522 325.751633
292.406792 112.577363
293.447448 78.745868
269.101234 84.743970
279.560456 96.783538
287.363161 81.374973
271.899564 100.968532
277.663305 95.060142
274.767294 313.880622
284.498583 67.327027
278.045947 317.003296
296.250996 77.177760
282.595773 319.113414
294.250488 70.742328
309.974846 322.625975
291.160164 68.611569
306.145574 315.062121
293.861557 67.845320
285.682951 324.335501
307.070212 317.988793
291.547907 76.289533
310.463584 330.176190
322.328586 66.055225
300.568040 329.477825
313.647269 59.835016
298.116083 330.906623
296.964011 73.760643
318.628954 319.379313
306.689714 54.852443
325.109304 321.501201
320.098871 57.469753
320.149282 330.482248
345.421977 62.380172
336.480115 325.946719
330.092683 57.704425
345.950047 335.736725
348.907870 62.171707
351.872197 333.034720
341.168191 71.633151
340.765966 325.774583
338.783757 56.327485
343.932643 324.381462
350.801420 54.550645
353.582014 327.521761
345.811726 53.746060
362.589648 340.605574
348.365979 55.446478
350.157850 323.589940
337.049552 57.570579
365.695031 331.726097
382.271939 56.028352
356.121387 324.284044
364.399431 51.383722
355.883490 312.990893
375.878522 53.065842
376.076925 322.267431
366.321152 50.920015
374.224067 313.698361
367.199281 52.829066
371.558919 311.242530
384.002221 51.623302
379.007830 306.723807
383.765859 53.686549
376.194147 300.323597
393.548675 51.496219
384.379644 301.451286
397.765162 57.711046
397.580536 303.057184
391.172254 55.754107
416.976756 299.090784
403.868245 63.363141
406.132373 300.300781
404.791730 60.488822
424.379150 301.876401
425.821789 62.250251
411.895866 301.476809
420.972062 54.504749
417.953258 288.993366
404.216129 53.885745
409.333745 289.977322
422.648536 61.543269
433.272605 311.641432
422.122595 56.597343
438.593420 298.923789
415.035506 69.709800
436.867625 303.567237
441.217141 69.122346
444.126979 73.130602
432.288249 66.610770
431.812400 76.082703
441.009678 77.802728
452.583009 83.804994
440.618362 98.381236
437.478320 92.241528
437.198513 102.173788
437.110220 89.696480
431.448042 116.843719
452.660422 112.171756
433.404073 112.369161
433.198939 124.317220
417.380156 296.076392
457.673183 115.586069
446.610184 296.731070
433.684677 126.592490
437.370138 124.223030
438.082921 135.109676
436.152103 300.872187
437.605690 126.303749
444.706085 294.712760
464.341884 150.259139
443.368170 138.404267
466.347904 296.729866
449.901287 142.456925
463.574569 297.813808
439.762575 140.380537
454.065516 287.142696
480.647668 140.897542
456.863572 295.746591
473.767659 147.231323
474.470069 300.011738
451.827788 306.606721
457.246823 154.971828
459.985959 145.908617
465.126814 164.590191
463.742759 309.557353
469.943438 307.341089
472.815998 320.031683
490.842521 148.714216
464.457528 152.493816
498.970916 321.294966
489.409806 326.359271
494.049624 324.485755
466.221076 164.222736
476.685433 327.501753
486.108250 161.123942
474.068220 160.694862
494.875703 164.725475
478.898829 320.466623
485.762843 327.702091
501.421064 174.378572
494.183490 180.756159
486.928864 333.578711
486.664955 174.877793
483.746033 334.169350
485.783158 183.006950
490.257773 332.298858
496.449829 186.253943
506.800903 333.691102
518.347463 182.825784
497.770096 327.516829
515.644371 198.767278
506.677346 199.470792
504.560297 194.846533
501.532441 206.927036
514.103431 198.767189
516.028206 331.114142
513.283415 217.792142
509.075089 310.823619
505.280289 217.521270
516.926809 318.452992
521.495966 207.581989
508.595818 312.355653
498.932029 313.162483
537.621267 207.419339
522.704605 302.842748
520.118788 205.146189
525.397264 281.887968
538.045637 294.851462
519.777097 291.110116
520.983303 289.540316
525.329726 287.413304
534.712091 204.125052
520.164232 282.318950
525.267023 209.031467
508.695645 274.252001
536.709103 213.471454
534.184864 266.431140
546.549931 219.120575
549.208681 274.169298
537.433104 215.547167
535.077006 228.732162
559.064615 230.109291
553.158832 226.506107
564.114346 237.007829
547.734057 243.526209
531.155612 250.710872
549.544565 244.798146
546.056020 258.980242
547.633185 249.690274
536.730891 268.791708
547.780486 261.590808
