11.912444 751.723759
18.607248 778.676464
21.441587 760.169296
62.221388 777.886896
43.503550 777.611425
2.728518 763.893569
39.754814 754.343651
45.686093 773.249163
9.974288 799.866953
50.592835 748.731957
71.493154 770.963261
-20.542370 749.508654
14.798788 778.772286
-13.845814 730.765860
60.258183 792.734809
69.949157 739.614104
46.057904 749.211866
61.897313 791.390674
52.454186 707.865580
72.124044 805.074689
92.801698 719.383439
44.886806 797.184040
53.083718 706.624540
77.266963 794.116599
56.383238 713.075258
66.004940 780.132530
77.304271 737.305159
69.779898 770.074117
71.447229 698.196405
67.968032 756.788328
113.369251 697.053087
103.598471 778.628475
67.012804 706.476797
89.962984 784.519442
122.461946 744.819669
63.062382 679.350831
47.663417 788.138060
143.458252 705.723388
105.549816 762.172424
76.165268 700.351361
119.287924 779.158501
90.642025 671.396198
107.658056 751.000977
115.319841 660.033412
98.031196 631.615994
88.390065 663.346434
120.783039 684.149855
101.456820 756.844502
94.361158 662.481419
84.642691 749.403724
155.912344 629.031655
142.793518 650.103922
129.574262 651.019035
89.551236 741.676417
94.247747 630.790828
79.449102 597.875370
99.120198 621.861706
154.447360 591.175077
67.997854 609.136841
117.195596 629.330216
154.290786 636.112264
119.107875 614.350116
108.541245 776.565998
135.681550 607.067632
122.175589 598.298963
79.038545 593.559704
101.922161 624.106293
103.551971 699.732573
106.004324 748.993375
95.153024 582.153945
95.731554 492.135133
132.499731 493.203246
154.258911 482.418898
112.675675 515.085922
129.390655 493.123715
123.673501 483.279815
90.576009 500.248466
104.492042 518.347843
115.657635 513.388056
91.401355 521.828470
172.475048 545.067737
153.629472 524.492803
122.756876 521.778319
164.899125 556.245929
103.787856 548.497812
92.999594 523.656314
95.941941 531.295879
137.397571 553.271434
156.357987 549.693301
134.947371 555.917008
135.362285 533.791894
88.237228 573.903901
131.975074 587.816291
129.509192 569.848526
134.544229 538.133711
145.589367 717.459517
96.708873 720.387703
141.093443 486.824100
134.790260 366.530696
145.018276 377.557767
144.489654 374.466439
104.435560 413.072235
116.395810 415.843477
100.738410 402.685426
125.470922 406.642542
127.647993 397.290365
111.370552 379.946612
138.138404 409.810654
144.258544 448.941203
149.860203 427.329716
123.231642 419.290360
117.055636 425.426403
125.946584 438.447779
109.243223 427.665508
127.631873 442.101971
103.981726 434.850144
180.818662 437.250465
130.669770 484.262925
114.369786 436.712507
132.368207 484.675734
132.351250 460.298276
133.750346 748.095625
138.998548 736.560669
130.841638 388.672440
141.694201 356.521152
139.093442 370.631607
135.068417 373.639642
125.627011 369.084217
143.258061 336.342797
153.796530 340.853963
153.310748 378.440056
120.200267 712.226216
119.219915 354.729353
115.166905 338.875396
106.905601 687.197183
124.162573 329.128547
156.305744 708.768978
147.788936 246.492215
132.134136 272.397102
157.538528 264.385197
110.413843 274.088373
156.861696 254.639505
156.101283 287.434087
164.613890 269.513550
128.840140 309.052305
126.004487 291.803542
154.107458 315.021921
153.384050 300.860290
120.356504 336.640526
161.492642 295.237442
130.139235 316.287670
149.073484 308.935948
116.128767 317.783595
137.896696 329.485947
147.279586 699.000400
159.765270 243.921086
123.474131 236.057802
161.114840 662.326304
165.388011 690.359011
138.260962 229.471786
131.526962 195.788583
132.040270 226.909679
146.512044 224.281735
140.887852 234.919666
121.301018 221.618121
149.407127 238.258649
136.539930 246.206375
153.891515 218.201679
164.971285 235.206848
139.801219 248.757696
163.643650 676.925925
196.768992 679.728614
164.017940 667.421767
157.252911 675.778649
202.432696 208.287556
129.947304 161.700038
183.808311 211.901136
116.045468 679.143887
161.393982 643.586273
140.476743 173.877186
209.233255 142.605723
185.365127 203.149692
158.355500 161.216026
170.516941 166.357075
187.240520 676.699660
178.720144 619.296113
184.285787 623.818293
152.433625 594.777540
164.895519 632.483114
160.119542 619.544395
153.394181 621.134765
202.467618 612.967713
143.118771 658.911929
181.837969 627.207742
145.473246 636.720623
183.051404 647.887447
122.085398 648.894107
228.001167 207.714506
164.837339 150.338868
151.868573 129.659145
146.115095 163.937246
162.879952 152.890808
170.491833 166.233723
193.653389 604.217674
129.139295 619.747944
195.318370 125.412407
170.282279 126.528831
172.935068 614.165837
183.367043 571.373494
200.701636 115.842286
163.911574 98.041170
175.494057 115.083975
151.635325 120.615280
170.767819 116.946239
170.686954 108.879160
178.211625 588.245969
200.313237 543.422570
119.206396 556.141578
191.270886 538.279339
123.952943 555.232337
201.538842 540.527863
195.669661 559.021424
151.000606 589.764771
209.993125 587.158798
176.832972 557.059503
167.822282 578.901342
157.974297 79.895592
202.944187 551.665429
147.797584 525.386467
194.584175 57.610570
201.460086 89.233069
193.646102 502.273664
186.375849 489.655931
215.872350 490.950282
232.258880 66.407031
180.115982 514.570847
160.689132 509.038105
204.688998 95.886702
198.262237 512.138228
184.395942 497.163144
220.576645 518.679029
176.805039 100.601444
204.388418 485.596049
192.522360 84.406559
221.676627 472.318569
205.899273 105.681858
214.701435 488.695904
181.049411 457.327887
204.031980 89.260382
243.468325 483.882397
218.958128 456.910734
228.562285 463.033048
199.376992 440.573136
171.257649 122.775623
206.750642 400.372592
289.702278 67.202500
202.885700 434.145415
197.722288 117.124005
227.301050 437.557083
245.269371 77.395230
253.869820 405.631408
233.828603 676.102220
256.353754 703.349683
267.506873 714.074487
218.311940 677.648316
243.797295 686.383706
152.421065 694.784383
215.602893 679.482508
193.212316 714.115664
267.939367 694.634780
236.497683 704.234201
222.763240 733.155783
201.369960 701.049339
232.251150 736.936597
228.223641 737.035152
224.666101 699.902597
240.246762 745.153884
206.775781 743.190953
297.882215 747.295329
224.359057 735.800493
216.083293 766.931411
210.082004 775.176610
223.093898 769.562305
225.620499 776.577331
217.161753 781.844906
227.225505 74.644783
259.433238 440.391242
209.782627 694.228477
267.842573 787.692272
237.917705 659.581278
236.522969 683.018785
229.476767 686.818841
255.057467 787.325737
255.673779 781.816250
233.542150 789.298286
219.965782 798.696198
237.697365 786.519077
220.104930 787.913483
197.585780 754.852970
228.836159 788.761770
247.346049 811.284454
245.206252 800.168299
207.927195 809.492667
242.363123 808.516850
249.027191 808.928655
285.741448 836.414966
219.005470 818.767986
273.461478 101.203250
272.087140 438.554945
252.669411 649.977592
225.600091 836.103671
253.920977 96.879888
232.351244 422.405399
253.040088 663.449092
240.578354 834.828599
215.500952 428.245798
247.133979 625.487231
246.396831 85.650747
250.933721 862.611888
312.937952 435.741186
255.219827 642.769589
231.660040 100.464139
247.992616 428.817190
246.464588 444.945874
246.581487 854.375850
240.285841 646.254825
244.672965 92.795313
276.454072 432.960570
257.192879 828.535141
246.727785 659.038694
252.858505 67.253591
237.916639 453.201836
273.472798 841.559917
242.601406 621.300531
292.804309 75.487845
273.277408 432.140418
231.646854 828.562555
275.645569 629.213175
243.054171 109.481736
260.485232 439.624636
269.846855 805.300148
259.840461 623.676038
224.791332 86.473787
278.879354 460.707561
252.358994 814.454197
282.354851 448.807086
276.313545 596.835447
275.975998 75.340971
259.358929 821.629151
270.127723 612.906749
254.042307 433.904124
306.867876 98.198786
299.101580 830.669668
271.879868 603.245476
272.848348 596.752324
249.021027 447.099683
231.305981 107.160973
265.028752 830.930994
282.106298 605.135785
300.177077 407.851581
291.841015 74.853018
264.314029 808.742206
293.404976 610.416336
302.377049 458.996646
307.196968 818.051249
275.152447 78.530353
283.163964 610.598694
305.694872 440.405858
318.240437 807.558932
331.981068 86.101383
297.345408 588.997555
300.824010 424.966549
290.481545 819.879441
300.305241 78.711911
259.660858 582.408223
301.822246 579.335917
295.420563 578.021505
304.846327 581.364573
256.379131 434.381716
290.574015 813.752543
260.730590 71.763989
282.994730 740.289390
323.635038 735.903694
295.635233 540.039954
308.218968 737.468455
295.290071 430.197270
292.779479 534.514050
294.460156 808.594011
311.247709 94.803880
298.391663 705.291311
341.960879 744.499300
291.953127 748.465717
256.896308 769.934996
317.054390 733.744032
323.781020 761.994938
314.999009 747.557531
307.324352 772.288925
267.695044 769.278733
316.356549 768.012130
328.976024 782.354776
301.466145 797.272860
290.127879 797.363650
340.598032 805.959191
321.486190 798.238542
298.966800 811.908488
295.075894 758.676330
297.817894 804.281042
298.492909 793.570153
314.511630 412.752169
314.308896 555.738411
283.283871 677.468064
251.211602 825.222072
279.090679 78.740727
308.290764 809.607557
324.127527 705.789287
297.691672 822.219799
296.952511 833.370875
291.918205 402.908889
271.057357 544.075363
322.459421 85.073227
297.488487 553.688579
350.991309 705.647924
318.162687 431.906274
289.741109 88.083860
279.939838 696.951069
318.462617 520.079044
341.423980 424.077904
296.622178 96.246722
310.731825 681.073730
365.202983 524.488395
310.921164 411.813720
306.493823 538.485278
300.744355 696.223166
303.324510 85.365282
342.292188 707.192653
338.930389 427.377466
360.441544 544.656901
307.051923 102.884806
295.245640 510.183116
278.573055 514.216146
344.828836 695.381110
333.965053 411.915205
325.720361 113.165818
359.057355 505.003910
323.259810 680.962875
298.489734 452.572193
318.988482 75.560391
349.990695 502.741431
314.951814 666.672662
341.016301 490.415286
334.954725 404.831033
282.131661 68.542811
365.099640 710.247420
308.271283 519.994775
369.483329 434.824178
328.270016 449.764964
333.383219 97.846481
396.160852 429.442336
348.152194 669.387088
344.745900 488.926129
346.989771 91.527509
354.654443 423.016373
331.341650 458.865997
357.615183 451.181956
350.627029 454.884728
345.766733 449.306674
313.975941 457.519196
375.166597 441.863292
342.016283 490.886298
317.934876 453.862697
358.042119 466.975630
370.429306 413.822029
330.003648 685.019797
358.305640 68.989626
356.136533 437.827666
362.814562 657.016691
336.947482 449.343839
352.936097 442.742903
330.518627 660.864716
380.457175 67.423203
402.133825 408.806794
407.524273 385.803535
318.187775 431.977883
334.503053 684.421113
360.571550 86.460550
338.942758 623.021800
400.144668 76.233734
347.046647 646.576388
356.269511 74.708709
368.393914 637.632083
380.744782 76.914971
376.064469 646.510143
379.968626 70.226752
382.322953 638.325870
353.836583 51.622225
373.396177 632.424089
398.867550 87.089246
408.796313 625.644172
416.536849 107.191922
384.425768 647.279109
372.228901 71.747869
382.044642 639.949621
426.498055 97.712978
388.613713 622.275534
355.990257 86.450108
420.939948 641.609403
419.544034 56.353402
446.787891 630.451917
380.165524 83.994991
401.732219 607.565981
372.863259 57.264536
401.195220 626.357944
369.336445 89.250796
392.558539 604.233609
423.351769 70.829448
388.464920 614.738295
403.065850 68.683418
414.838974 607.710603
411.440326 84.414638
389.728133 632.056707
413.140396 70.859654
458.246962 574.360022
436.994198 72.876398
456.583725 620.169383
429.740492 80.586064
437.851997 625.027649
488.442868 74.955918
425.980005 601.369070
452.463111 591.630270
454.737286 87.955720
475.306036 609.241689
471.565111 64.586095
444.415030 572.340697
443.021540 65.623161
429.042603 612.347786
455.875663 79.745220
467.117091 578.253077
472.040269 66.724392
472.155563 612.664458
456.058298 68.999621
451.873394 621.343534
451.423846 576.391261
476.090221 618.370655
455.670611 65.921300
470.381449 575.343128
427.723966 553.666749
471.440118 557.696726
465.563795 572.371452
464.145265 581.200626
489.081297 612.765564
474.248791 98.888125
478.268125 546.709767
440.643126 44.190607
448.115537 562.347687
495.378856 42.795734
479.413225 567.208398
468.361762 50.778489
500.191486 571.835094
481.749793 84.251854
519.347438 568.308326
514.666046 83.010033
489.702142 548.587511
521.069852 573.266189
509.492288 566.209708
485.005820 553.129074
493.509440 580.950876
471.318923 577.003101
491.509422 569.232984
502.503988 587.697070
503.215880 604.111628
490.658578 581.942201
506.358360 569.112808
525.241263 634.020707
511.541227 597.059090
481.848056 655.513240
514.078684 631.301905
473.929294 617.632411
483.851704 657.440799
497.975678 632.204569
483.888272 617.017278
501.182336 80.684790
528.112802 651.479592
535.484825 595.271301
494.513895 604.495445
467.089141 66.122482
490.465949 605.294940
467.262562 650.453485
503.162955 647.129765
501.558721 639.912310
482.298264 50.835764
491.782424 658.634975
482.094506 622.416918
491.305733 663.367974
538.344976 39.011830
520.999045 685.036060
499.567359 685.606302
499.816661 676.821280
534.326111 705.442267
518.739618 658.928895
518.430364 689.957142
503.918357 699.277262
518.039890 41.862592
511.763840 693.295569
511.998488 718.460441
514.683264 709.240587
502.275772 740.526330
535.039902 719.387617
516.411074 724.468504
525.887486 752.505975
508.203942 723.525107
558.020865 734.711046
521.570188 735.915711
520.675996 729.774134
538.725969 747.859163
528.438215 742.673599
489.822982 752.435294
525.433976 736.210646
525.825436 768.261855
519.861811 790.155824
540.309081 775.899253
513.130614 800.258183
530.529466 788.316743
518.572746 786.227732
551.507129 53.657302
488.587802 769.715720
503.902271 65.908434
497.561553 807.618317
546.424403 793.072183
549.045301 42.304178
516.609157 795.105382
539.208356 787.915047
530.140593 797.098383
580.502015 800.203257
547.637799 74.646602
523.649714 801.040645
529.231330 814.844195
556.811904 789.646105
530.365491 831.877827
513.988142 806.902712
546.554526 813.142400
528.193237 861.873346
540.838249 71.779937
513.771637 822.371185
502.558691 71.681566
519.576521 855.221232
518.631555 34.377730
532.199522 839.795213
557.499988 73.773484
497.527335 810.538574
561.230113 61.599423
570.844733 851.097105
569.878069 64.325514
579.209151 848.754000
562.081456 53.103191
516.970475 825.387279
575.747783 40.530263
565.164940 848.144961
596.250482 43.866355
556.860707 819.536866
570.177316 68.196843
586.443913 819.308804
580.373736 74.962370
569.522963 859.184636
564.488683 63.255080
600.042342 845.016201
592.497106 62.594246
550.233593 863.289285
590.073711 61.386198
602.727012 852.605108
626.913041 68.609496
613.335570 855.534487
594.743208 76.375218
626.614872 821.675857
571.537318 59.213447
593.415782 829.113327
578.278555 62.768850
585.899222 844.648781
599.123701 556.108630
592.453654 560.222062
573.569264 568.154587
608.261076 570.092339
608.913603 583.522963
552.556021 587.089709
575.719699 584.103657
622.035496 580.084463
601.724192 577.992335
606.125278 554.908655
607.799688 601.009083
626.005735 629.425358
608.671109 608.823183
591.186020 643.380738
665.764339 646.084343
574.391480 627.591539
603.009126 623.815608
581.282552 635.559064
592.267909 662.241502
635.479331 628.616155
621.604702 627.502305
618.097916 649.512187
597.512930 652.439010
567.956129 653.212857
670.598864 646.452607
630.368824 660.597518
595.948707 661.057720
608.741024 617.970231
618.233684 681.823904
596.046913 679.797274
600.335285 677.504810
616.389839 699.116551
591.488412 679.745951
575.692287 682.996360
583.628570 685.447970
592.118254 684.435742
564.098241 704.463063
589.711908 713.647019
608.173984 724.463982
619.743511 728.252627
556.620214 728.984977
586.510487 716.752560
606.409637 735.910267
587.432971 704.086856
559.830014 754.527866
596.039843 755.946488
614.961420 773.797639
586.340532 43.800104
625.080961 822.439126
581.065612 578.990533
613.223712 770.124813
599.794510 740.537673
588.117464 752.621877
565.490524 768.948521
588.892780 778.925371
676.407932 789.612451
651.905252 758.195238
598.638830 789.482201
600.361246 773.826813
610.426193 805.631070
680.287461 49.464642
611.509501 856.716134
604.715712 550.328856
574.041334 788.738088
611.969211 60.529082
624.935913 802.766522
639.229949 790.258806
611.535714 800.039692
621.009174 817.130960
593.756516 798.594230
624.464363 836.487799
596.599228 849.635036
627.044759 838.425225
554.853489 821.879776
621.040468 547.549682
578.816271 817.931805
609.560846 57.905187
622.132350 535.891264
646.821497 55.345175
631.994485 561.178348
611.160515 59.250991
605.306831 519.571824
646.436631 37.458255
643.434276 524.193721
613.915282 52.651951
649.927557 569.890974
642.143007 38.206877
652.993608 532.718886
657.406239 57.042731
613.963671 529.867661
648.382864 65.834099
646.022553 551.432504
662.368092 72.135802
661.977685 551.996331
667.445702 44.626681
653.252123 544.759479
666.339408 15.420448
600.111039 545.665549
650.506850 61.433678
658.007534 569.023023
638.108625 51.876702
642.309980 580.281971
669.723885 58.575690
668.823435 594.414655
646.517907 583.374204
668.290368 37.560144
661.263412 565.749560
679.582839 61.952812
666.629678 563.444113
683.309296 65.148969
659.650638 562.978266
693.068957 68.644780
704.974052 573.709805
700.890976 53.096019
691.437893 574.692737
710.056983 69.648973
663.173593 562.802250
701.512950 74.852193
703.821118 567.375545
674.415285 59.934502
690.018643 577.932233
725.682748 54.290706
673.887774 572.253588
707.784823 37.535046
722.010836 564.651276
731.232856 87.574475
664.695437 568.974507
670.696634 73.172768
693.326569 549.374403
693.817501 56.683302
749.992671 581.543941
708.059518 571.247912
724.166868 53.640772
725.366340 571.855015
731.594376 55.341717
732.762729 568.160959
785.165324 52.353837
728.933063 580.151733
686.887213 77.463382
752.015952 574.083503
747.685506 584.278046
738.129730 625.272637
782.393488 608.246617
765.190856 64.328732
731.278258 603.820846
720.352023 617.771219
719.011199 867.203267
713.618672 842.940806
742.876855 840.979739
717.919342 853.600620
762.976866 844.065891
667.981236 89.008559
731.254646 637.453429
761.964019 828.066012
723.726931 825.829848
731.646758 599.289668
681.849880 609.023379
707.631397 810.572359
703.747810 823.595718
747.090331 55.973758
762.807353 856.126076
788.311431 622.837878
715.915061 802.100176
778.618915 57.181671
725.894222 615.591883
745.930252 658.409782
706.226597 731.281494
739.294161 741.587184
750.959414 729.303154
753.875923 710.473778
731.252121 716.451900
727.978950 758.670648
770.843185 750.891584
783.245879 762.670770
751.961034 786.612141
740.880545 794.596139
724.547232 783.485751
758.241303 782.218551
784.253895 773.406016
711.006838 787.195613
751.522746 797.609546
701.604360 791.999259
776.988429 809.773541
774.423317 805.868184
777.865897 770.321604
744.845259 811.003401
765.843812 813.043517
723.051932 866.981959
787.634392 62.388752
747.476913 623.863644
740.568828 715.169564
751.009330 757.924098
750.898418 750.885865
774.770051 658.028789
754.759720 642.261031
742.784660 654.205917
800.465272 712.031426
754.091484 697.077577
776.604953 734.854769
723.271253 877.035132
768.360649 56.163365
737.438934 652.768167
713.957249 712.334027
786.088168 656.981194
753.843041 660.469952
757.385371 679.056624
761.001230 680.234495
759.464632 654.872123
810.955791 678.859660
750.395092 687.716688
775.310654 679.209165
787.921665 675.526487
773.465910 696.771025
782.862990 706.921176
787.240658 874.083687
779.883882 66.077730
777.413689 857.001948
765.929120 71.060772
786.564158 857.812959
770.535144 61.405557
773.895321 844.363781
785.245301 101.023780
771.209530 107.008828
799.037724 860.332207
804.393216 89.009751
766.334183 863.607646
780.059527 60.640505
817.763873 857.153464
804.017882 110.528447
742.699553 851.648616
756.883443 91.759215
806.744246 854.193014
820.716569 86.743890
811.574631 873.736192
812.569471 116.777020
769.388777 856.995341
808.617218 83.204031
808.998510 872.186289
829.290736 108.052570
793.633005 870.031057
822.643284 79.718560
842.326729 833.985297
788.314220 87.893750
838.003683 853.694359
829.991525 97.900398
761.360389 848.239202
853.928476 88.654455
849.816410 855.961857
832.743235 77.735006
834.397650 864.275605
828.709079 80.367696
833.662785 800.812556
866.389239 822.436869
833.821348 838.414912
860.619262 844.532960
869.671991 835.414495
802.803948 839.728259
821.100342 887.941592
847.953789 104.326626
840.944699 811.975464
864.659680 98.111538
815.842585 817.495626
835.481860 97.678307
886.643514 834.828955
863.228597 97.959328
840.429723 681.662273
867.759721 724.951077
846.211556 700.629787
868.252854 708.319619
851.292370 714.384909
879.259296 743.703919
827.325563 727.415354
878.209399 705.786190
848.553237 746.355802
852.500443 748.253008
851.587594 754.224957
845.290122 719.199753
827.826837 732.705046
850.697612 757.074865
869.666929 789.279274
824.201528 800.413684
866.874042 763.637534
827.925593 97.376009
816.983686 696.609169
828.210501 825.990709
848.219087 640.387417
840.901868 673.788114
847.843720 664.699653
865.876065 652.241451
875.076791 652.667313
843.192952 661.775728
842.596101 664.814688
835.289226 670.552771
851.353286 684.867171
872.913586 690.281873
864.013827 715.019411
884.082703 780.683905
825.952762 759.691202
848.639475 757.823274
877.272800 757.320203
854.225856 781.218966
863.898098 786.467800
882.667414 781.512745
886.297839 792.339735
859.467164 796.877916
856.380530 87.098467
850.890434 639.732082
851.580366 98.266081
835.081680 630.093687
892.865719 629.092200
849.092727 125.953508
827.641018 618.219457
848.103133 651.304294
870.806123 618.494185
850.727458 97.568364
839.218886 109.068554
850.370210 639.105373
872.365812 615.821555
910.930604 617.686835
926.359104 140.460523
933.102400 549.286705
891.026679 136.405287
922.392288 582.736030
889.427559 131.705705
895.532909 612.682880
876.689729 127.331102
862.599065 133.191857
890.941213 587.325435
876.861634 143.691686
922.683142 578.594890
899.846302 138.465854
910.829921 600.866044
854.032692 127.589772
882.548068 606.649001
889.133930 97.321431
904.416128 574.879740
927.321508 140.622677
910.713603 566.673480
883.726507 115.046470
910.679781 145.463178
906.995463 622.274298
838.586152 140.680373
887.911713 579.599401
926.298659 139.056112
903.474290 589.596532
911.255723 134.849198
907.234703 565.964955
906.115178 160.476636
934.903022 131.104994
904.000550 591.426753
922.779679 155.003217
963.215129 580.483580
933.748771 153.341534
923.572315 588.962571
935.073301 575.484866
972.920091 153.075600
963.638815 151.739365
947.783541 598.169661
927.694617 598.469606
919.427159 151.712701
925.677411 575.596002
986.122797 139.193884
932.085114 209.544547
896.650914 579.719624
940.783183 196.359260
956.024272 581.078380
926.185390 617.354173
928.728072 153.230162
950.044396 168.901876
984.564455 622.203447
930.614438 598.442903
936.968079 167.926282
967.649545 185.101779
975.922073 610.779378
959.766220 179.325735
964.364494 183.846080
954.753704 621.332951
981.584907 608.488210
979.001972 622.550259
982.224809 191.762617
1006.103671 661.040161
983.729297 183.589757
974.405781 226.941215
986.825737 226.541413
978.981730 637.740573
976.912689 181.250057
995.269536 203.313432
977.929988 641.997950
1007.744323 222.494052
994.873167 626.546948
1000.090410 203.579173
976.213373 209.366551
960.417232 655.946821
993.999101 656.933117
970.110988 213.354302
1001.578022 266.057480
972.151177 642.257221
981.184877 212.141028
989.189267 247.261267
994.600040 250.528062
995.739299 626.865104
992.287804 643.648286
998.623321 242.365347
989.386770 255.664816
1014.655391 633.412275
1032.792230 238.528355
951.026247 241.820095
990.594007 660.578067
1017.441248 245.170758
1028.488562 673.115351
1025.779868 243.015815
1000.004365 691.383132
967.663664 277.068421
1007.441275 678.827701
1020.893822 256.335436
1010.608777 266.522492
1017.163448 277.583841
1028.839360 657.417914
1014.334739 663.451478
988.192111 687.896301
1041.066794 274.810116
1030.638741 269.931270
1007.357772 681.256828
1034.371271 674.969773
1016.042648 281.559552
1028.240204 268.365185
1061.649952 684.754340
1017.668616 683.456283
1023.907988 693.146342
1002.494162 699.177953
1029.721614 690.076565
1012.110632 684.757545
1025.138632 699.479047
1003.510866 324.285681
1035.140627 690.792662
1053.119633 723.404053
1013.783980 710.990516
1068.897752 273.724031
1000.630920 311.665948
1054.071453 295.971467
1045.251157 299.319047
1031.617368 728.595995
1022.056847 708.356646
1041.445565 723.880497
1025.558437 751.459400
1045.114403 756.771105
1025.046974 728.203260
1077.953842 746.552447
1055.675981 322.164234
1055.414670 319.527761
988.808576 319.062670
1052.530929 753.799099
1090.757475 758.945857
1028.242234 734.149830
1033.046135 754.203913
1037.954369 750.788643
1064.992426 780.550961
1048.435264 768.491835
1061.246272 750.376910
1081.510609 743.550130
1040.722605 774.170603
1030.546898 311.602295
1033.947821 316.515038
1045.939785 315.490009
1081.710447 782.389264
1087.158629 761.717662
1048.174469 789.933120
1046.234309 792.275411
1061.999383 835.155837
1042.319601 815.136461
1015.179162 812.637168
1074.183229 830.000575
1065.856049 341.869233
1074.889765 328.289475
1010.903573 323.502790
1060.357651 360.881144
1087.536049 369.634877
1067.354811 342.587963
1083.661960 387.342936
998.245860 377.354267
1048.492477 367.564046
1036.733198 376.227893
1073.932382 372.826662
1088.485194 390.611184
1057.457454 387.454690
1061.405732 388.637376
1039.301431 397.470806
1044.517108 388.703602
1046.227042 405.648611
1067.887885 403.400770
1041.163254 393.269526
1066.874661 374.912491
1059.903077 404.153981
1047.672245 405.059767
1092.490452 420.532421
1075.439813 432.304373
1046.028229 436.185755
1053.154823 406.922573
1075.769056 456.853083
1045.402624 458.021302
1053.436888 421.334817
1083.948627 419.742753
1050.224001 486.742279
1029.141283 455.645912
1047.901965 442.031428
1061.797476 420.236632
1036.696168 346.754196
1040.674372 471.762300
1077.429487 812.260510
1069.175416 830.605096
1070.860122 838.166015
1114.439804 825.292656
1044.025035 821.182833
1055.036569 333.978115
1055.851702 488.370323
1053.320458 504.600533
1050.536007 468.575634
1070.926304 832.385480
1034.506630 502.134579
1037.099488 484.468357
994.463599 504.159118
1053.444919 518.496460
1044.634436 488.028149
1103.983545 505.474495
1033.893187 522.377060
1070.411994 813.227000
1047.255986 535.616715
1077.786367 834.736473
1090.414085 525.967874
1095.981756 501.592187
1131.694950 521.047437
1037.603464 521.275338
1072.053020 829.539454
1082.879441 520.521590
1078.427291 527.510120
1016.736026 540.179323
1074.586399 550.226692
1099.153987 544.930890
1078.439832 571.086870
1034.903573 547.393745
1093.462026 552.709017
1096.248885 857.231133
1093.251835 577.858389
1034.948647 577.125189
1081.480585 581.541275
1059.557607 557.556145
1071.374595 598.383218
1066.082093 803.195336
1065.944811 580.525113
1088.061547 830.087359
1072.746221 599.264537
1083.436563 592.345520
1057.001005 627.653977
1086.601388 599.881124
1065.349663 837.983253
1111.130909 600.209032
1055.417378 596.214001
1130.499859 630.710628
1074.225996 838.351167
1102.655077 581.323701
1092.102765 842.038281
1074.802450 597.268239
1116.096268 830.692561
1074.747797 602.720391
1084.539988 607.200236
1098.043684 826.306151
1081.141183 635.125283
1102.169008 600.005530
1110.715279 655.923988
1117.504667 616.772174
1117.996599 635.940014
1089.440583 669.804298
1098.757221 845.353470
1034.449153 667.347250
1080.414157 655.793698
1143.474661 682.507798
1148.934311 671.051852
1104.676141 674.486717
1081.951066 825.704389
1102.365368 650.174110
1141.673806 843.146206
1108.038249 670.463320
1088.620742 687.923311
1117.673944 838.578895
1141.450691 703.416507
1114.018274 650.768438
1097.022878 682.766834
1113.260251 707.968167
1101.400467 832.906968
1135.930098 719.395399
1154.725919 683.244321
1115.710013 685.886024
1106.011707 802.349940
1097.637775 704.727111
1147.652293 712.659664
1160.359700 734.539176
1115.031262 832.166597
1113.428329 707.873213
1149.156024 825.185878
1123.219752 693.675832
1095.505098 729.400098
1080.810918 751.033841
1144.807288 722.037742
1139.995375 729.814909
1136.997468 746.361553
1162.744127 730.820490
1116.568904 808.451907
1172.738686 748.369385
1134.496892 803.921012
1106.425852 749.126496
1155.077461 753.528639
1147.862713 793.236279
1157.685351 758.741464
1183.424139 802.237478
1161.674919 759.695873
1165.412758 767.772348
1163.980692 789.489992
1162.415999 774.237176
1127.938261 771.676589
1160.733364 786.905117
1160.251158 763.092968
1167.475186 781.813834
1186.678058 775.404960
1135.554732 767.949183
1153.990991 770.875039
