41.155717 274.889787
37.628642 281.261280
38.461615 280.399183
27.377182 296.302297
35.723005 291.597749
64.632628 301.642450
32.476761 304.851397
30.895581 304.692563
44.127785 307.298819
45.373524 307.593079
24.166914 314.775678
39.621141 325.477542
38.685792 324.771048
42.977798 327.480888
47.604146 381.261976
26.568376 381.371328
48.042610 400.953717
33.352350 395.797829
37.419324 400.199449
38.523887 396.545458
39.556816 410.638219
36.959617 274.579772
48.717720 323.565564
33.685344 373.786071
30.736627 257.050740
49.552462 259.135570
43.780527 333.602701
38.896835 343.257766
44.986557 343.420693
33.241007 348.375421
34.096270 345.673673
36.515573 352.076003
34.594039 358.472038
38.792965 359.522420
53.438718 365.153894
21.529419 368.262277
46.001873 404.291819
60.741006 253.460849
58.466624 411.490511
52.508339 261.735924
56.426483 409.387776
56.713328 243.998618
49.436544 410.239598
59.091543 242.096385
63.917504 413.897216
46.208264 248.402293
56.989945 410.977275
57.182514 235.052145
70.342142 429.841375
68.218809 239.433917
71.889353 423.729367
68.243997 243.952991
77.030273 418.383071
65.126550 227.608439
90.788586 417.123261
87.738120 231.606201
64.931400 409.814636
74.280052 428.853602
68.845341 426.788865
83.052213 224.659090
104.901796 430.536431
89.342141 225.252472
102.883252 437.605707
83.457816 221.545727
101.813504 431.715214
92.153061 436.442248
74.776016 224.479506
81.274643 445.522411
109.802982 220.047639
90.977990 449.087689
92.150565 223.398185
86.085923 450.583650
84.558979 203.974491
126.427702 451.459641
96.457647 214.521262
121.137610 450.317976
109.707232 209.257884
120.393398 459.643821
121.483488 200.493790
110.108423 452.034663
127.481759 199.255042
100.430810 457.619335
118.659240 193.277669
141.346212 461.324015
114.746402 193.635397
119.719079 457.454615
120.047231 193.866385
128.398083 459.475819
139.857203 203.100731
129.439115 458.134201
124.985421 194.220449
136.460473 455.017014
146.760189 192.078851
151.028482 459.803120
156.296155 197.688616
141.999969 461.057123
161.767982 192.989238
158.756014 447.378161
157.500778 195.258214
162.019903 459.588515
158.291384 185.628779
165.368005 459.563870
169.144421 189.672859
152.530519 454.573707
166.773491 186.428249
169.518453 452.137855
171.738549 187.938394
182.462104 456.210586
173.655231 180.510909
170.021004 454.800260
166.808198 189.973159
172.682253 460.392949
166.390547 180.151711
178.652275 461.070791
206.035133 185.779639
209.931078 463.789889
179.036328 177.008731
184.561752 455.211042
199.809946 187.477815
202.719885 454.796597
190.986553 178.203948
198.118341 458.345809
201.460235 172.998242
216.995821 452.840273
194.258685 180.454499
204.702235 452.160451
215.593162 174.806445
225.782202 441.284764
204.888291 173.206987
199.971109 439.461030
205.057820 166.421542
232.269597 439.251254
220.270639 437.695888
227.456413 170.269252
225.000671 439.160830
235.619499 166.827902
221.207395 438.595283
227.904943 158.342650
228.798054 431.052784
230.231993 151.695898
239.298960 431.740722
231.331849 155.355455
236.247034 429.990696
231.376320 149.954181
237.426168 154.035222
243.412057 424.338011
246.450124 148.011960
265.756333 428.215230
237.718839 145.154494
233.002534 427.219847
254.354062 135.535304
253.288096 430.025978
258.966750 136.227063
249.849136 422.683702
255.438897 124.742814
254.352481 137.664657
266.879421 422.130907
256.292151 121.620633
263.281579 432.345434
276.585352 124.920016
260.332785 126.604695
280.264922 427.630655
268.879001 423.513422
265.314528 130.091451
275.035257 424.751421
270.123931 122.544843
297.505324 423.639847
284.035041 114.845049
301.547068 423.184996
279.718651 115.644950
303.032093 103.843830
301.048885 425.884648
295.957943 107.222703
297.134961 426.760611
286.954438 102.828026
294.855659 432.402054
311.120685 102.642824
306.766613 422.723129
323.277343 103.055936
309.838665 423.631326
312.635250 103.887098
317.475101 423.650150
312.654319 95.804696
309.803062 414.963474
324.832652 95.141255
325.601062 428.323500
311.451990 94.914738
319.435196 418.472770
318.388445 99.073298
330.312154 421.432705
320.523557 97.216220
331.171915 418.413412
336.851487 91.696987
355.246488 423.039841
338.907770 82.274062
346.027684 421.984677
347.318180 78.574527
347.864502 429.754051
339.576108 78.831030
356.568585 420.900901
348.972852 82.218724
363.373335 424.030155
345.428265 76.960995
350.211202 423.936208
354.740199 74.404351
360.148286 424.640801
371.434440 76.461115
356.528629 423.050138
356.592774 62.685699
360.818100 427.644648
366.762676 69.568051
357.138442 425.360185
389.273148 68.396032
373.673046 424.906984
380.158767 65.881914
393.685899 426.315279
391.508389 65.689934
405.556695 425.860478
389.303881 64.330425
397.914584 430.524318
398.428685 60.798162
387.233323 428.284442
387.614336 59.768285
382.228516 433.183779
400.886739 62.593597
393.731518 423.375000
405.125567 57.827766
406.351695 435.762124
411.131191 66.954023
407.373182 429.738119
410.979862 54.516479
417.514770 432.580545
398.832839 57.295646
417.834010 430.353356
414.609051 54.699495
419.707196 426.127910
425.803548 58.815302
428.722136 429.456038
416.089020 45.499659
415.257943 428.165835
402.017654 52.698195
419.871019 430.202005
438.978164 44.386633
439.534517 438.303552
432.508553 52.909502
424.201042 442.677830
451.588752 47.142013
425.116993 447.973408
454.158760 51.991410
433.314357 448.873706
443.762893 51.496030
458.775252 451.002328
456.371263 53.633261
443.668636 457.288980
451.215507 49.806528
463.801368 463.237987
456.070858 50.044555
454.668329 455.000998
473.743298 46.681183
469.064548 453.579054
471.599714 48.051304
462.523086 459.399655
492.668793 49.900335
471.611523 457.699936
485.718285 45.317186
465.889610 463.582709
476.044485 42.344828
477.429642 460.137335
497.780309 45.634694
484.574107 454.953366
490.038450 37.372143
484.380362 460.567625
494.920731 46.594826
488.122957 461.344627
498.505853 39.220452
491.520825 464.790834
504.900952 43.579041
496.320693 465.840863
493.367200 38.427848
497.295175 453.803815
524.120986 43.710933
502.008426 467.468978
505.207191 44.025450
518.505577 465.281987
532.403314 44.847340
506.317444 468.093143
517.766565 37.989471
506.208248 467.342568
520.224632 45.407542
527.807103 468.797426
527.930336 40.295621
521.070742 466.472693
525.341885 45.040298
516.338148 458.794328
549.964892 37.037994
534.419929 462.462845
550.472157 37.395422
540.322175 459.639877
554.253355 44.364936
535.535571 466.037346
545.783776 33.173060
558.403680 460.875073
544.845706 31.657364
546.043035 465.386372
550.182199 35.214298
549.316524 457.569350
557.165259 41.075267
554.642626 461.683196
555.282487 32.978686
555.907029 459.281882
549.402551 31.372281
564.318167 461.692264
564.741451 37.847350
566.352686 464.292648
570.130253 36.362532
574.697491 450.419727
584.485842 43.245646
598.801024 449.929912
579.906276 453.871037
580.071943 41.931495
593.097608 448.716876
575.483539 34.239945
601.009512 456.837120
607.200446 36.581839
586.123374 443.943833
592.086451 449.179681
592.742794 38.332049
595.486616 444.325279
610.002614 36.444360
609.578313 442.531244
594.534764 33.576043
605.318029 436.825796
612.581549 33.152083
586.626336 424.883957
608.412601 44.021730
618.360105 431.706866
605.298501 40.789519
618.089244 422.323801
626.487665 39.097719
608.764603 421.790977
620.025342 38.808927
616.226748 414.204814
620.473609 36.680756
640.247340 421.155886
643.035301 42.175394
624.780200 414.171750
628.793077 24.288168
648.257080 423.557503
640.486461 35.717421
645.699703 422.477960
642.930549 36.368298
644.484560 415.613313
629.323135 32.750759
636.341635 416.431975
648.672977 32.202731
660.954444 418.900157
686.779533 44.792273
648.671212 420.033123
663.755202 31.418789
654.327721 416.768784
669.909723 36.827582
660.855818 407.030876
664.493995 35.114410
661.323739 422.167697
678.143570 33.423960
654.541223 418.681315
664.620862 36.131693
684.649216 427.113933
667.818317 31.780380
669.279755 413.596409
669.724810 38.678172
689.561884 399.582692
689.119263 38.835125
693.730754 418.703735
699.911324 34.246173
676.003365 407.471957
684.198058 38.997818
684.252876 413.974198
704.783238 44.072532
700.046168 413.557444
711.351217 38.076922
718.322364 408.764518
701.496651 29.986178
696.303806 407.461772
709.727468 35.566983
706.875769 413.400901
735.442160 34.098413
722.680811 405.393495
710.908177 26.021941
726.928730 406.206277
713.498740 38.606732
727.660472 403.171233
721.974077 47.957318
713.619714 405.480712
742.522033 49.958826
736.510112 405.039627
744.141031 44.139895
745.727769 414.692065
730.845375 39.106133
738.566705 408.792155
759.009361 35.644124
756.071702 406.940220
739.347106 46.013779
746.762804 403.247280
746.637144 44.139750
752.656129 410.271148
746.438815 53.946070
758.700580 54.238613
739.627797 405.074161
770.218712 47.878334
755.403552 409.221460
755.494262 48.736495
752.391175 405.003881
768.067307 50.168875
789.407333 405.735596
762.809259 48.394293
765.355499 401.131918
790.880023 49.332222
794.042102 401.650589
763.506129 59.056887
784.628509 404.289001
786.202686 56.265775
798.422891 409.119844
782.663275 63.108836
804.473931 405.019251
783.072481 59.544805
787.791952 409.070031
812.463886 60.400388
786.244481 408.261575
799.896160 68.846747
794.423397 401.544672
819.687325 63.735497
790.139124 403.933144
799.650255 72.617254
807.948538 403.877942
815.837967 65.906846
829.426178 412.183168
814.921211 68.476977
814.418307 405.173476
824.218153 66.743301
829.019952 65.750224
819.278780 404.807410
829.488112 72.570135
816.379390 404.109447
837.464885 76.914858
828.327502 408.942019
837.229836 75.064404
837.631536 409.363809
835.859752 81.954140
827.056129 410.602095
840.304410 78.569359
849.822954 407.619981
859.754667 407.985087
845.652318 80.587927
839.798328 81.890811
845.105384 412.116799
842.301764 83.310036
834.904746 426.406880
846.972002 94.568027
858.193985 423.149980
850.605365 97.686600
853.936463 428.252041
853.511740 101.699503
855.785048 431.634399
877.606295 97.746292
864.645768 432.327044
854.175015 105.791561
875.158974 438.616617
864.466112 101.299034
875.790031 435.199298
871.277852 110.816450
878.307406 436.585805
862.716814 108.663528
876.810651 446.728295
883.856013 113.165423
880.439925 446.053449
871.257047 121.690845
868.932186 451.118078
881.170355 127.943373
885.949513 450.662191
881.854889 125.733299
879.989301 131.608191
899.016022 446.090630
894.054529 130.848361
887.573035 148.696442
890.115783 448.377013
892.872651 142.137202
891.915916 146.272498
891.194930 450.526712
905.708463 151.199835
926.405785 155.128939
911.492475 440.011859
910.785221 154.073492
913.708683 450.652512
917.887805 163.591860
910.728574 442.635866
931.344673 161.118501
919.792498 161.501947
925.155086 454.844083
919.790419 162.475478
919.839850 166.816683
927.822335 177.217254
915.593580 460.900123
935.535883 177.779640
904.156490 441.523556
936.093082 186.938691
919.967395 440.072469
929.299016 181.232828
928.972501 432.300423
925.489750 187.318615
943.601128 180.211086
935.964904 198.632199
932.752401 437.195202
936.736869 195.381032
921.314319 437.294494
937.859917 203.213114
939.332152 200.922116
943.997759 200.409739
934.524163 209.950648
942.224371 426.546562
945.858228 431.234306
947.688457 426.882993
956.061902 419.520197
957.069437 212.589198
956.096697 226.197823
968.767322 414.881278
948.943632 220.475668
950.344781 408.049590
940.590269 220.574724
962.478963 232.152788
944.252734 235.538582
948.696339 242.398840
954.666502 243.632553
959.155269 245.518449
946.700221 389.467547
967.797289 382.150790
940.931377 392.093919
945.620669 397.220091
944.200148 398.732188
967.014855 401.591433
960.218373 255.119385
962.595230 371.587321
954.506815 253.424060
970.897029 260.046192
952.920333 268.430088
960.545245 260.911963
963.849611 264.356743
955.971066 273.662892
960.756440 279.431830
958.107320 284.662210
965.989626 357.372858
954.113054 362.397329
945.282209 360.571528
947.696604 366.208597
957.143147 381.101474
980.869228 288.338924
961.980066 358.054040
961.505848 293.134187
987.295666 293.576253
953.394060 302.266558
964.064471 301.900502
955.353930 309.242381
946.805663 312.792601
949.831016 311.518785
978.154327 342.010087
982.867326 317.824222
975.458264 322.800754
980.811134 325.328490
974.181067 325.905633
974.936882 337.006332
965.293532 340.420663
966.829029 350.527965
