27.066871 266.460693
39.223591 276.129208
30.628697 287.094341
31.574639 279.692155
18.363757 296.031826
55.815562 279.515753
50.994711 277.753112
62.587287 293.579913
31.077094 319.790001
54.545609 321.319864
17.509861 313.251515
41.725886 324.156377
45.034502 324.420922
39.179146 334.347332
46.447124 379.814453
62.013450 379.447901
56.621423 394.475907
36.310224 399.713409
26.688814 398.563054
35.801426 383.536705
40.977110 414.834972
18.371255 273.965731
31.574806 335.911110
24.222982 375.202381
27.107023 263.393550
18.623942 254.023286
24.798409 336.706742
57.583816 324.956320
11.077372 332.503081
59.247234 344.122720
51.015267 333.385593
-1.988513 335.748086
48.275389 345.805460
91.291415 355.912899
19.864456 367.248335
35.781045 356.369334
82.908568 420.042810
31.909770 267.357872
17.637173 413.391166
32.797999 264.727405
55.975589 405.151843
24.892887 248.233005
83.986146 407.490295
44.846359 251.176053
55.125102 433.191067
57.490804 229.596807
55.232229 415.925324
66.105335 240.758218
72.769451 415.235969
22.814703 222.415452
79.710815 419.940845
33.736412 242.431570
70.628380 424.279028
54.189882 210.288274
70.651543 416.427451
96.627043 211.732117
80.422089 417.918357
108.697002 429.565891
77.455436 438.071081
86.754492 225.768762
76.170478 437.210577
111.395806 216.723972
86.952951 433.031317
28.674177 227.526732
90.281712 429.033611
97.883057 445.857503
56.427604 230.972292
75.210781 447.992014
108.130482 204.758131
106.469593 447.566227
113.700167 213.864552
103.191737 446.238561
97.490140 219.852435
74.938012 452.474859
128.701520 208.618958
103.776157 449.009066
96.519494 196.155831
93.639995 441.410845
150.445756 205.773011
123.740404 444.726151
141.640664 204.321625
109.551174 447.779301
149.875586 221.502840
139.158050 466.316563
133.100949 202.227717
137.852359 480.610354
123.848831 208.849946
112.499195 460.042430
151.920631 207.848486
134.889002 464.186618
137.940221 202.085817
104.055200 469.066094
115.022298 195.927037
156.234902 461.615002
164.040213 188.713370
163.958961 465.988735
139.489842 190.756235
162.555776 461.774583
114.089579 198.396315
139.140552 447.721774
155.975183 199.471224
184.471186 456.759587
160.950575 185.467653
160.195622 458.647959
140.665734 183.172996
183.437512 469.961118
198.223180 174.260389
173.972373 451.423404
181.863286 184.291670
168.500403 462.556828
164.064815 189.090070
205.057204 461.660562
186.812969 189.443637
173.140569 481.731176
177.479630 179.160011
160.993541 446.592759
221.832005 187.434252
181.357794 450.519377
217.789215 177.872889
169.190570 441.824529
196.320312 190.431072
218.853666 450.182020
194.692728 167.686998
210.225924 466.067412
225.566538 173.614853
218.861778 455.243682
217.002750 176.176753
200.284666 450.707626
242.894867 168.547439
201.072401 433.763848
245.698186 166.512520
232.440935 442.873169
219.128705 424.193075
189.712199 160.308495
172.986010 428.228216
242.976236 161.868093
222.763904 433.088742
244.684997 157.930237
231.466566 420.739450
226.831217 149.931730
214.177125 417.850178
206.155829 149.328255
255.178664 425.448686
253.882435 145.970579
273.861583 140.183255
244.390986 421.279471
249.772590 144.948201
237.273966 418.423798
282.599845 143.690659
274.900846 437.008191
262.183780 136.227844
252.044523 430.365491
237.638485 142.348941
256.203606 434.599635
247.452791 128.663617
265.463388 135.632182
248.213555 418.730279
267.717220 135.904823
265.061617 429.193021
272.447943 141.374860
248.143791 126.492964
271.717032 427.481720
264.964962 412.198403
247.052399 125.961788
322.618481 420.393992
274.637800 104.648549
270.325201 416.246503
262.558585 113.758670
292.790133 432.885004
309.782518 107.980659
268.402182 108.555573
302.717370 430.564294
302.363255 100.368004
309.344478 430.018754
318.938352 102.331538
273.172402 435.435551
291.332836 101.944602
328.788525 426.201258
335.353753 108.044076
303.768843 441.536238
322.805258 110.959292
305.641735 405.882232
301.099332 101.498963
301.683803 410.424230
358.486885 100.985688
339.111900 419.131456
330.403086 118.664188
319.868510 428.848396
306.999698 93.512600
326.739585 420.269610
337.521130 79.621621
326.186535 427.671713
358.999015 88.481832
350.693890 436.027759
313.088571 69.340825
316.770843 412.112458
332.024502 83.464171
353.685166 421.920368
333.896228 79.809142
350.317418 439.482423
368.558539 75.004754
357.466644 423.867323
365.399928 96.107297
322.244869 416.325997
394.287743 73.748238
357.696841 444.974120
347.171324 75.323291
367.830108 418.896836
354.329749 87.041972
363.208624 425.077078
366.360313 46.226903
383.359338 428.213051
387.943633 59.514729
399.707505 425.736636
368.800813 71.075547
402.853900 423.264427
367.483401 59.924045
417.356724 421.254133
376.990650 57.042242
369.532320 432.313118
382.598709 81.341877
388.544725 428.760392
387.358670 57.504715
412.776505 437.521566
380.548594 63.812275
411.223034 416.619960
394.400371 66.624187
408.426904 426.030553
426.119847 53.673234
403.124386 423.584598
436.147530 49.296782
419.011765 431.609541
416.036518 50.559304
407.165571 436.031263
416.315033 61.406741
415.607748 440.856811
418.877501 56.894190
435.048593 447.134054
400.332102 60.988703
438.543897 435.477696
403.344776 49.064475
417.386592 444.313130
450.198603 65.192688
426.887955 446.431151
432.272722 61.469008
464.033299 461.052988
423.973486 51.965501
482.521191 445.138624
436.876591 53.848971
439.282584 435.522807
427.462397 44.760420
431.867698 438.792269
444.888265 52.024363
432.860521 452.381941
442.748569 41.484461
449.966055 455.474823
496.132368 38.595998
475.232740 461.034922
452.448904 48.880395
463.987998 458.806405
462.600708 54.142299
467.800314 458.832444
453.031829 49.302207
454.394802 453.913017
493.136827 42.073587
455.346537 457.730724
451.678580 45.414660
489.695320 465.084247
489.372485 47.080569
477.869269 461.189530
481.184999 33.361614
474.883862 473.053547
491.130285 33.506954
506.184398 461.975165
528.267507 55.442997
473.706022 466.429287
502.563455 60.511576
477.256028 458.671862
521.378540 35.924211
509.068924 459.200606
482.407839 40.577756
503.243570 452.588007
499.477375 34.209060
510.780950 453.829248
474.493584 30.160241
511.584157 467.604051
534.989194 50.334380
529.266245 477.223826
538.312009 36.781859
536.028485 461.278375
542.276032 41.413491
514.307918 469.274867
525.694637 55.048835
536.142505 462.320274
539.287057 33.146426
531.625862 460.288128
534.626307 51.961057
558.861053 463.047007
557.795488 37.702996
556.436694 449.093601
518.576335 48.160375
529.961756 461.640590
563.530513 44.700343
526.825545 469.755396
545.083487 29.390090
577.267252 464.300180
590.705765 19.886493
577.381116 476.798227
551.142197 41.741579
572.707354 447.647230
591.917931 41.174639
588.897790 460.636939
558.446651 42.780544
576.441662 466.039608
601.162795 22.559037
584.908157 452.889784
567.636015 35.851278
590.809374 467.739670
604.262877 444.409196
587.736255 28.505930
607.320383 458.103581
591.275374 28.600450
570.511555 449.635243
588.760570 34.273115
602.751788 452.575755
623.410553 436.148373
601.838505 28.142307
607.651129 446.299456
624.883309 25.780909
585.702719 442.149968
576.539336 32.177644
582.566196 445.901864
620.666734 35.985394
641.247698 434.743885
567.294678 28.462204
644.397384 432.280140
618.362516 27.056975
642.892023 417.047398
609.209978 33.659037
650.881444 419.604307
629.749540 32.074430
658.243058 413.767241
617.311940 36.891738
632.928833 411.367739
647.727334 54.370387
648.071019 435.433262
618.718128 42.053689
585.555209 426.916180
637.150450 38.347127
652.446615 409.367200
623.490411 31.681510
630.713431 422.520815
617.542456 24.255236
657.437868 410.473865
621.080213 18.012562
649.950415 412.116569
643.880332 12.506900
672.428606 425.292426
665.195563 34.635211
677.930992 420.602564
651.514456 30.874730
670.716950 414.601506
665.730169 50.954540
645.097413 414.956211
678.565854 26.058579
697.275601 420.722613
666.125558 37.261384
690.249617 429.574725
624.916522 21.743171
678.799338 413.549497
685.025122 38.002962
643.037486 424.588869
663.208917 47.360677
671.143585 425.111923
673.260728 42.760057
679.463897 414.606920
689.936020 33.304675
711.736485 415.473722
689.963932 37.030153
685.151405 425.205607
696.275916 39.975658
711.647747 405.442873
693.652907 19.086434
686.422682 415.299123
699.003516 31.470689
695.736164 404.750757
702.929335 35.761786
724.040850 393.556315
721.286995 33.007322
718.389893 401.604373
730.874590 45.669375
729.355982 405.762879
713.513521 31.627989
721.382672 405.819901
707.352621 34.588471
722.679322 410.602927
749.595826 43.896696
747.625645 411.489337
706.986202 48.369801
729.599421 408.122303
754.978747 24.085126
747.638786 410.784353
715.718137 34.523313
741.810235 406.146220
765.830099 65.844670
759.880435 398.811012
783.577831 55.559024
764.591867 43.672458
805.128517 408.474476
786.030364 63.200773
772.402446 405.232130
759.417473 47.556446
773.603942 411.076271
776.531106 52.483458
753.148398 395.621088
787.260417 63.363933
746.236774 402.609051
758.076927 60.063466
789.487667 428.853733
795.277026 55.047180
731.477613 407.502896
807.959037 64.191308
786.867164 403.625117
784.618163 65.656539
810.509567 397.206725
769.292895 63.911405
791.148905 408.734712
807.245055 60.517470
824.412321 420.089986
795.052372 60.633487
807.227711 418.609925
819.262112 67.623134
807.210689 406.770232
783.501179 62.243506
813.585904 407.278274
821.048352 72.743391
814.065227 407.266666
815.042897 72.857187
821.686372 418.215364
792.839599 65.628176
827.292156 66.264560
847.751000 412.398067
813.101781 83.335325
830.929438 410.663203
829.584802 69.250059
823.460542 417.021741
835.175545 57.754071
850.155021 396.167427
819.981933 74.085731
830.535259 398.877257
821.533217 77.549231
827.028568 393.681546
854.256717 403.849436
840.510858 75.590561
837.707508 81.266668
862.236617 422.899851
853.308651 90.091841
832.806208 431.729041
839.921884 86.723277
828.454581 414.658159
879.960078 98.125300
877.744099 426.779691
862.965952 100.689119
876.308762 419.089155
855.183041 108.680352
845.572085 430.967847
881.700664 110.598933
837.479283 438.845094
871.506102 109.714876
855.385901 432.454954
859.858624 111.918749
893.572238 432.524957
853.305464 116.958767
888.517668 447.675160
880.767539 124.879442
871.740571 443.300682
871.232925 131.509140
847.790176 449.755297
864.327126 125.946871
897.394952 461.484292
876.506908 127.884034
861.869797 132.206686
901.617808 459.812920
885.819724 135.622125
872.901559 136.105954
898.511673 444.225008
917.402774 145.208424
887.572454 148.682413
893.686308 446.269529
910.675154 143.087679
895.612437 138.943131
932.371458 459.307179
889.771279 167.531499
925.091265 448.355930
911.087871 163.894214
890.178493 455.302163
887.904873 151.871700
899.556691 189.002104
897.291392 459.444534
948.292004 167.145721
947.747847 179.096357
920.889970 179.182441
913.194333 445.307930
920.414924 170.543102
912.961917 445.946046
887.838276 179.406885
893.463453 429.413376
924.887968 179.182164
939.245205 446.008854
927.426269 180.862905
929.549949 189.141535
907.665411 203.081905
900.433051 426.518403
962.871283 201.445566
926.213248 424.427477
948.124457 197.856682
946.081186 201.702902
949.421358 199.773952
944.021050 208.528048
942.525199 425.268562
950.078935 452.312465
959.769598 409.500126
939.161965 413.551920
963.305378 224.266051
973.294201 219.346149
964.120752 423.556347
972.085856 221.959992
961.175264 400.135528
967.066761 222.095527
952.279261 220.620769
925.441348 225.790654
954.337928 250.734586
967.793634 225.127371
928.303252 242.863709
972.316020 370.833793
948.620021 374.874638
923.608064 383.702442
943.874742 403.606775
950.170563 394.044401
972.824876 410.623157
935.566500 249.934379
986.492964 383.479798
926.656292 234.047114
935.905803 279.564359
965.311440 262.266422
960.706850 268.026748
975.407412 267.514751
970.233491 277.651977
947.032225 282.873964
987.781251 285.894238
976.910161 357.834938
941.549565 363.531128
945.076328 370.232681
937.525003 367.400416
949.214491 373.472791
987.292616 308.110467
924.967550 361.051200
954.421242 275.854021
920.775758 289.042846
962.241734 281.190951
967.995654 301.131948
989.056896 307.492483
981.505215 305.423072
954.588160 313.199880
981.926349 342.740142
1007.907005 322.857826
974.700276 333.323133
973.050689 330.486053
947.625699 336.322735
965.554621 338.333530
978.225396 351.770423
999.664071 341.200227
