46.923767 243.945897
47.803575 250.925813
51.928016 255.641056
49.502948 256.635605
47.215240 238.248949
49.292092 260.684028
48.698379 261.111236
59.880980 268.432775
53.619114 244.313870
57.284725 268.153793
61.881217 239.852422
61.657513 267.716744
62.367635 236.012858
58.273462 268.924242
64.696135 232.539124
76.444775 263.166008
64.993768 235.768428
73.645776 262.624073
73.777623 236.150765
73.955138 260.584360
75.597573 236.775366
75.796356 264.394296
89.519696 235.520378
76.796216 259.657645
76.560176 236.843980
87.906044 265.255577
83.255301 239.458520
89.555874 260.755145
92.085095 235.083813
94.778740 263.148464
96.071801 235.411768
96.409754 262.617219
96.364252 234.334094
100.262886 264.883660
104.066734 237.514840
105.705525 262.267959
109.545858 237.870988
108.264681 262.668314
119.317397 238.117642
103.092282 264.996618
121.034507 232.023381
122.489789 260.810330
125.005200 236.277492
123.201574 261.875238
122.591894 230.703079
125.201812 262.562042
126.068563 231.009641
126.263546 257.281353
131.856036 232.378598
127.691477 257.754482
128.832703 235.166819
134.448321 265.989194
148.236189 237.812515
134.226858 262.761805
144.042160 230.501859
148.037332 263.787142
147.263734 229.925601
151.978213 264.892495
150.516360 231.361775
147.522805 262.135215
147.330205 230.843541
167.675100 262.177916
152.739200 231.401033
154.425887 264.771970
168.523070 230.475721
163.751679 262.619643
169.990030 230.121299
173.640972 259.257089
167.600609 228.320978
171.464742 262.820834
177.205627 230.904448
180.463160 262.832046
180.818615 232.157702
186.490625 263.991725
175.794370 227.976985
186.930053 264.587483
192.153470 228.756986
184.582904 262.424944
197.183832 232.971978
202.946492 257.057308
200.809058 230.293378
203.234345 259.606795
199.702098 233.889959
196.055897 259.852104
205.447710 232.999570
197.276466 259.790252
203.562459 227.475414
204.281555 257.616371
206.740580 235.592662
208.914730 258.741659
222.327733 230.956142
216.573211 257.189077
222.644365 232.015379
216.837662 257.311420
228.195488 231.480197
223.274099 260.026104
218.285272 228.698110
222.479969 257.810804
235.556022 234.668877
229.307530 256.839546
240.516795 232.728582
230.144899 255.416515
246.487686 231.671036
239.260674 258.193055
240.793311 231.161029
238.773205 259.436341
254.627944 228.566493
245.833755 260.708905
251.213161 232.883850
249.218109 257.019442
249.948755 233.410862
259.330438 255.574742
251.274270 231.432581
258.400167 260.089321
266.148706 231.375597
264.866328 260.707340
266.875006 232.705519
260.497527 260.572153
271.624882 233.113353
272.247142 257.963731
273.655634 231.956178
275.790361 258.689748
281.639787 230.273956
281.602191 259.807030
282.139874 229.987698
278.389653 258.608263
281.078821 231.815884
282.935494 259.678879
293.437657 228.934897
286.902066 260.453963
297.277815 232.644567
294.702579 259.408944
309.401935 231.497763
298.867842 257.244587
310.441936 231.685504
298.712559 257.948229
315.968910 229.325019
312.196389 258.133013
309.017996 229.392693
312.971074 256.030776
310.986258 233.570426
319.274559 256.216317
323.810909 232.133624
319.352548 257.199778
324.878433 234.321598
321.387744 258.319890
338.999379 233.212165
325.435883 255.536369
328.548825 228.033957
331.650176 256.180374
337.109948 226.917609
348.805624 254.721165
340.416420 230.867057
333.667145 257.253674
344.626113 231.876397
340.774144 259.139923
349.882411 231.780231
354.313724 253.736670
352.498856 231.271660
347.624288 256.782279
353.991963 232.936674
358.390870 259.322157
363.062199 231.192438
362.579939 255.774245
361.821662 231.935762
360.895488 254.027712
356.937486 232.056480
374.019232 257.394311
365.638561 231.988700
370.786052 257.671758
372.141772 227.576509
376.364551 257.198854
378.085497 230.363254
384.632097 259.335852
380.127208 230.177005
386.111127 257.852157
392.288733 229.495013
387.355943 255.269171
383.488504 228.517196
400.913984 257.734514
393.640661 227.501397
392.346297 258.947892
386.717609 228.331397
401.589151 259.902293
405.149570 230.446201
406.369598 257.767760
405.671555 230.360233
404.919965 262.337414
404.373399 224.017206
408.037466 264.032589
413.363335 221.018347
407.970856 261.418465
424.491743 213.361669
415.330886 258.647872
419.102734 224.937123
415.340065 253.451455
427.959619 225.519018
429.214944 255.106438
428.501359 231.020197
438.630067 229.986320
438.516714 259.778286
440.638926 233.251975
438.367626 254.801940
430.101916 229.941843
431.483664 256.406693
441.009704 230.909720
442.967648 259.166324
449.693574 230.560866
448.544082 256.870206
455.778010 231.442787
448.032947 255.092290
449.951971 230.912148
451.757653 258.936084
462.616980 230.238249
455.030151 257.360569
458.580660 230.562827
468.309466 260.126373
467.277411 233.180440
483.275405 259.631958
467.690879 230.892527
475.939087 259.796785
469.267253 233.639406
477.618275 258.862840
484.620970 227.916820
471.684215 254.302183
488.568292 230.166945
477.144869 258.484336
489.593836 233.556287
486.405064 257.947931
483.496256 232.091620
482.852936 255.686871
498.733222 232.087325
495.440314 257.876754
497.997087 237.462687
500.293127 257.172276
495.795217 226.709715
497.860140 259.848029
505.417130 220.433274
502.890417 259.309909
506.761746 221.034050
511.292820 257.611334
514.969470 218.839742
514.623401 263.774618
520.142755 217.005197
523.612624 263.867835
517.230047 267.667984
513.670417 273.161334
523.110840 209.643326
515.575289 271.676181
521.538430 280.108372
516.574637 278.706976
525.712401 209.691158
533.874952 284.641117
531.577226 201.702399
525.376536 290.219108
529.318125 293.243785
532.902066 193.527120
531.318383 297.509550
528.708591 303.023602
537.074385 300.388697
541.912116 192.739672
540.553961 301.932679
536.630864 166.669706
534.080406 168.925337
528.682133 174.315309
536.255925 176.282694
540.303549 182.273663
545.476607 186.187769
535.754152 311.289410
535.316398 314.690284
532.503332 315.817808
540.533906 320.431425
535.366051 165.713715
540.085791 325.730859
548.358280 153.261762
546.989231 322.072300
546.732856 153.720753
533.505540 325.290663
544.977044 148.791175
551.223627 331.338300
553.337457 139.917685
555.265573 335.716607
556.141120 339.999337
558.826874 138.574303
549.945954 340.677227
553.919662 341.158194
555.375972 130.190225
569.054654 346.436470
557.866442 125.750580
560.308964 350.942049
564.296102 130.927394
562.669309 353.981920
572.678595 126.203389
572.287821 355.697202
572.615703 125.327630
579.571051 361.803275
575.601822 365.563649
578.011446 123.678791
580.299446 114.235238
582.919921 367.012177
590.953593 111.226921
584.251477 368.588399
588.224612 111.146378
585.268353 371.070395
603.327526 111.916414
582.633338 372.567831
599.710309 380.342259
600.516752 109.243273
602.650114 379.552324
600.763108 109.947256
605.666169 383.906943
605.436512 107.086417
604.386528 388.883524
605.701928 107.607375
608.910921 390.964480
621.531381 105.831790
614.648155 387.980463
625.738646 100.715050
614.181260 386.762242
626.477229 97.504018
619.789194 386.721854
623.715919 101.045000
623.644721 387.719875
635.084254 101.898159
633.124259 389.848395
624.587306 392.797110
629.340346 98.674306
634.173809 94.906159
627.680391 397.375508
646.728021 91.977014
643.302773 400.892550
641.869440 96.469353
637.895912 404.048202
655.101376 93.963031
648.603230 403.011241
652.906889 85.579845
662.995748 89.112499
650.570694 404.383475
652.974372 87.357541
653.903409 407.475400
659.890431 88.408406
649.789436 410.151422
665.437567 88.395594
661.835549 406.760530
672.499636 89.130764
669.006782 401.965819
669.596886 406.676935
670.392163 85.429069
662.693046 407.656365
683.367743 85.972574
678.171252 408.888591
675.176035 87.772525
681.205380 414.498395
676.830205 84.671183
680.926014 414.319059
684.912648 83.385499
688.875197 414.040157
680.951547 74.012343
688.991972 416.413203
692.257150 72.778264
690.218374 418.954628
701.098413 71.668347
689.426252 421.271802
707.196457 422.901727
697.603852 71.231528
700.949042 425.976443
711.331241 65.012775
706.192876 423.893116
718.095186 62.279558
710.856522 430.439903
709.744388 64.598445
716.812519 431.138284
715.376380 64.153193
722.100877 435.208918
720.542192 70.573841
729.588589 432.933181
721.620128 65.731123
721.709599 433.578529
733.752943 65.813228
733.902799 436.748121
735.354050 65.727210
739.427948 440.749789
738.943031 66.894051
738.897137 440.621851
735.550880 64.636374
737.436365 440.201545
736.501845 63.479608
746.322860 438.365017
755.412433 65.144711
742.878950 436.497829
753.148770 67.042780
757.112689 442.739918
745.545937 442.152057
755.881247 66.566965
759.416423 441.708167
769.503993 65.021266
765.976183 444.330391
762.174855 64.002377
761.675013 442.884886
764.528915 66.005061
775.205152 442.683509
774.871277 65.408206
779.888592 445.153323
767.495239 65.430593
774.069568 442.783686
775.099483 64.634324
784.617227 440.864202
793.525640 64.377298
783.597270 443.254827
792.125515 68.917960
791.855126 444.043947
794.746528 68.084378
792.948439 444.607139
799.363661 65.404069
803.905594 441.174764
803.396343 61.436097
807.529087 168.372969
808.328567 171.177021
798.018179 175.317370
799.141709 447.187448
807.198757 67.977994
807.462613 177.813922
804.541267 164.764418
808.861434 311.566200
808.304684 315.990337
796.097756 442.009299
810.162989 72.835578
808.836534 159.945496
812.679802 178.689375
796.639224 320.376055
805.233649 307.736880
810.757030 441.133046
804.476317 70.500855
824.568732 152.714023
819.150029 180.467157
822.819886 320.021437
825.115026 156.678782
814.895766 306.525574
806.998691 440.428399
813.208832 69.198568
820.846642 183.966278
821.202715 322.263010
817.067794 149.564525
812.579788 308.193459
823.998497 443.403634
818.355652 70.320489
821.860026 180.767593
818.979542 325.131171
821.144808 150.211481
818.798925 305.169408
822.652588 440.856361
827.861567 74.953224
832.662436 182.859838
827.172599 327.379077
826.217961 145.625460
831.643867 182.115475
828.615469 302.406885
837.721793 441.613028
831.545755 71.214859
826.984397 190.002673
836.667551 331.145605
825.954550 138.909664
835.469572 304.241805
832.707419 437.541509
841.345072 73.725576
831.849749 191.630372
830.366805 330.204557
832.472518 136.172423
840.396190 298.558617
838.192411 334.640743
836.709536 187.959870
834.685972 438.314144
834.303061 78.658448
832.988322 138.555138
842.211375 294.591532
838.758893 336.219490
844.483311 189.015008
839.747901 436.503431
851.823654 77.381689
840.041292 140.089166
837.480665 339.481966
841.447431 291.073094
838.275677 189.520488
839.902643 437.279575
839.351048 78.902887
849.834874 135.632048
853.031323 343.341515
847.359121 296.327534
849.535237 191.144840
848.837998 439.642700
848.297542 82.606256
851.621890 131.066070
852.405130 349.710308
847.408960 293.743646
850.551115 188.878961
852.840122 353.760470
855.128109 438.200845
852.544632 82.789296
847.762903 128.360702
853.465857 193.576304
853.952854 292.943107
862.896229 352.929485
851.588693 438.992909
865.587693 82.547732
861.865000 127.233637
858.913327 193.457261
856.476102 290.957148
854.335598 358.543813
859.921252 123.778454
859.794817 438.131834
866.892576 82.446238
863.936131 198.850864
866.376096 287.472894
858.651971 357.174334
853.857141 360.494114
868.456861 116.953788
870.348742 364.801437
866.084512 440.843883
870.947596 80.526935
863.501696 197.053740
873.583640 284.182420
867.026668 115.197419
867.517003 363.120303
873.520345 433.589645
865.400625 85.938435
875.126419 285.108429
864.972569 194.677593
865.131251 85.669556
870.755961 119.129645
863.091379 366.745901
873.543668 439.857171
866.289905 282.016886
879.160345 113.043701
884.457942 197.362655
873.313461 372.788750
875.025244 431.524350
866.670552 83.804706
880.381391 281.677489
869.229770 111.412197
876.049738 195.842782
885.758822 370.930468
877.050854 427.422925
879.814413 82.890709
876.655229 279.457110
887.225521 115.287461
886.692869 193.271132
877.666170 372.092968
881.024032 430.306859
885.088628 87.555588
879.201357 283.272483
887.693866 113.030120
885.124587 191.711909
891.146804 368.290239
890.917675 427.413242
881.593051 82.424309
891.534556 199.595502
890.281788 205.305662
892.225565 283.249382
890.509004 377.432423
886.993639 424.908521
885.925214 113.688603
892.897204 88.401237
890.845791 203.002528
890.348476 280.829300
895.855361 375.122357
894.245788 422.138596
891.603627 109.262940
891.278521 86.535319
896.323106 204.397700
897.317318 278.246276
901.617432 376.530996
900.876985 412.723263
898.538357 112.755602
903.418107 86.264099
905.708311 201.457753
902.041976 278.753721
898.434210 369.656986
907.457093 416.328842
901.981281 106.485321
902.018947 85.575028
905.080116 201.601405
916.876099 274.379892
912.400481 372.826315
914.063651 415.190548
905.549650 106.417130
905.959503 207.972042
916.078857 88.060456
911.691086 274.626656
905.492517 375.081026
907.760590 417.145975
913.627836 107.055794
912.357817 207.458500
910.385025 85.148496
915.958132 271.928117
915.983741 376.160418
913.807273 414.706662
920.700746 105.326614
919.820124 206.273671
915.059320 88.276972
914.224816 273.737675
920.372170 372.093087
916.377855 408.078059
908.940289 413.136010
916.714026 101.187117
920.502036 212.893358
922.484912 85.404294
920.592322 382.516259
917.715486 272.244952
919.066970 403.221838
922.130015 98.766223
917.325706 209.351012
929.164254 87.066791
916.353835 381.039105
931.842783 272.706542
925.812862 401.356063
923.768539 90.542229
929.615135 101.711352
928.362781 211.480973
928.358712 381.249235
927.519897 269.113220
929.119662 383.920881
931.991348 399.128279
929.535819 90.864816
926.128980 101.214976
929.194821 213.260794
937.438998 252.635910
927.913098 268.232714
938.641069 387.059851
938.543772 397.281812
932.002794 92.936108
937.168129 96.828386
938.548268 210.773131
936.040250 246.350679
938.913225 253.581740
935.448006 268.895959
938.302464 244.452600
933.905616 387.754019
935.865976 398.093998
934.833446 213.626760
941.914328 263.711977
943.419363 388.545712
940.293969 255.271366
947.068077 214.774691
937.836677 240.805800
944.962057 399.449118
938.888465 260.878696
944.741744 393.054868
946.933273 218.427095
947.060652 240.364894
944.184295 399.911489
945.675250 393.458539
943.119486 221.128416
948.393905 233.219109
954.704361 398.643108
946.614096 391.096406
951.865029 220.935521
950.951957 236.438811
954.427422 397.426739
967.217118 223.478817
958.637334 229.543469
968.112623 396.073856
961.794755 226.684336
963.670454 228.927320
