59.226004 398.308971
63.233008 397.942314
66.706376 398.874019
60.882572 400.901174
61.505063 405.397020
59.071763 407.282776
58.249376 409.780458
64.584778 393.719645
63.281168 406.548748
63.040250 398.012414
61.089565 407.432294
65.647500 409.959669
71.645511 395.173266
68.723345 412.454591
68.787438 395.670484
66.366433 409.870758
70.933710 418.020533
73.670035 398.148184
68.724369 413.264665
72.305774 396.037730
75.598981 419.885727
80.622438 390.480027
72.400468 414.514679
78.187893 394.237258
82.606278 416.498685
82.703205 392.375052
82.233034 419.306649
79.203886 422.272047
85.664629 394.222294
81.333238 422.401040
80.858025 392.448916
85.106951 428.760895
87.521850 425.136471
92.766650 396.879429
85.604618 426.579332
87.112961 395.810283
89.787812 428.705862
94.118262 394.504926
91.214293 430.678452
88.157629 428.604288
91.353325 398.508041
93.867709 432.389820
91.415257 396.739953
92.012226 436.016318
97.503492 439.083840
97.420916 392.825248
93.903966 435.056077
99.521409 397.027766
97.550183 435.534251
98.801709 389.711812
98.380465 397.459867
97.553286 436.680397
99.136907 482.457869
98.851877 482.227686
100.229559 484.567121
102.024768 485.217505
98.391898 398.121630
101.652071 436.596300
102.354546 489.958913
99.155518 480.322554
105.589995 404.441995
103.349783 441.622259
101.939005 489.757403
106.175111 437.058954
106.401094 474.545750
105.431407 479.397403
105.143634 492.668664
105.504609 195.712879
106.377415 194.736355
108.404777 401.400514
109.528253 444.042871
106.481512 493.190882
106.469546 476.381289
107.963525 193.463059
109.081272 198.270376
106.184705 406.776048
105.357076 447.713225
107.566842 494.783023
110.820531 475.505812
106.136391 190.675310
108.719346 194.257284
113.231480 200.476392
108.639840 199.417004
109.473414 401.996933
110.650865 444.617475
106.426639 447.455019
113.940165 489.849383
108.112270 470.050950
109.138506 186.561030
115.367518 200.286210
115.436707 399.823217
110.053612 450.418394
111.687167 489.572428
113.254587 474.507240
112.847913 184.665346
113.889794 201.991779
116.915762 400.669487
110.603496 447.861466
105.078124 486.491660
111.307108 484.488126
114.900090 206.341364
116.203964 449.350413
116.689832 471.162788
112.780437 468.696740
114.371512 188.573547
112.233340 207.561889
113.793913 402.815643
114.758474 453.900303
120.607438 485.498482
115.325338 466.729421
117.957583 183.255237
114.776334 203.766465
120.109805 400.722897
116.926017 456.017375
116.091262 486.776923
120.412826 467.506545
120.582974 182.539308
120.677150 184.965040
121.372974 210.121203
118.707066 402.860410
120.702439 459.276963
119.192988 455.124005
118.851838 477.021909
117.318435 462.041317
119.963614 462.644085
117.781453 178.804451
119.941514 205.131003
119.352777 398.764958
123.565797 476.936369
121.333152 176.598182
125.779611 207.335007
123.597204 401.928085
122.038623 474.192335
121.385645 476.920431
121.691920 213.461062
129.129498 178.932078
123.002744 213.190496
128.504254 396.009258
125.268311 472.545815
125.369540 174.148918
122.372731 210.880373
128.405143 404.847380
125.978887 467.698155
125.458566 402.010126
127.612588 175.142425
130.698440 176.745403
132.356016 213.990979
130.342479 216.407739
129.571513 404.634048
130.574420 471.165919
131.072708 163.627161
134.209586 217.584391
132.194258 404.773309
136.307308 465.807869
136.798772 172.022594
133.842936 218.062993
130.518172 405.271859
132.736881 470.027207
129.466194 221.338751
135.543000 473.033339
136.637528 167.878783
139.909071 225.602724
138.125134 402.625947
133.654409 475.296614
137.795394 174.691613
139.300948 227.014922
135.147347 407.558273
137.548999 475.745598
140.783314 167.873010
139.702567 222.287233
138.609772 407.378236
134.771229 472.689662
139.419897 478.342142
142.270847 481.655412
138.575758 479.140830
145.149338 479.525263
144.060198 172.563020
139.042100 225.301022
147.605085 409.898134
144.510442 486.165106
142.753891 165.734747
142.163270 226.652702
141.890558 404.605889
145.142270 224.210328
143.448977 489.162851
144.636338 488.106819
146.180615 172.132531
147.097400 230.737564
144.957294 407.371192
152.024907 488.946803
146.422408 175.396426
146.845732 231.967434
143.103246 409.717557
144.231799 487.507344
151.228742 172.885046
148.899500 228.736730
146.977756 227.650147
149.354021 405.592271
148.491169 491.638132
151.886428 493.323735
151.019402 491.283857
153.910595 490.686686
152.851265 168.006454
150.215383 235.085180
156.031801 404.197270
149.045471 502.278071
155.696093 174.079296
155.155051 233.548873
154.267766 403.837337
153.706330 498.699654
154.975365 232.142786
154.174709 497.386520
161.287575 167.117648
156.351104 236.168040
159.032241 403.751099
156.316767 505.278642
157.050498 168.880500
157.050818 235.852939
154.218224 411.019104
155.852817 504.674189
159.011550 171.404712
154.789209 238.826756
162.367996 406.160193
162.774336 506.075226
160.182675 502.975153
161.935384 167.592222
163.552396 240.217512
164.008752 407.886185
158.067889 504.687229
158.814787 171.355488
160.129408 242.249750
168.508484 403.900053
164.001438 507.680286
168.618711 240.473582
164.213227 511.362614
169.538779 170.383673
166.827800 245.230881
163.857614 279.209773
166.519276 279.935057
170.272581 282.187560
168.104456 281.088004
168.492944 286.376382
165.202551 287.959837
170.394601 289.192792
164.832027 402.219361
164.270295 513.830948
165.919011 513.170641
165.345976 518.646737
169.475140 520.931553
167.113611 169.234742
168.150369 243.469604
168.835844 275.265105
166.200653 290.312798
166.362612 400.686239
170.892416 517.123281
173.370069 172.335631
171.344195 247.650251
170.313994 247.233472
166.892071 274.330281
172.483596 292.831253
174.470112 292.032677
169.616008 397.742690
170.535537 402.374068
169.639066 520.137517
170.880531 526.259952
170.952855 171.353319
174.619758 248.158330
173.607704 270.415318
169.787630 294.091141
171.755187 397.019405
171.526403 523.144940
173.421886 168.383090
175.893384 251.384423
170.247660 275.333531
176.330273 292.339966
172.492584 396.273833
178.777460 252.964036
178.076521 295.971149
173.859050 526.159713
174.811075 527.844513
176.967286 167.967848
179.547143 252.011467
171.740085 272.295345
176.539264 295.030941
179.376067 386.292380
175.984744 386.046100
179.736497 391.691254
181.038706 388.273462
176.461294 531.926271
176.544519 531.305164
178.514196 537.776140
178.223393 163.269804
176.081578 252.712598
176.174476 269.825616
178.273426 293.236020
180.339185 384.142423
174.043688 528.925996
179.684692 160.618983
175.677579 159.959610
179.561788 258.408897
180.434419 256.973376
180.856154 272.692214
183.204434 301.838382
177.796614 308.682741
184.074576 382.901842
179.861329 386.091384
180.951598 532.145897
181.960281 161.500270
184.307851 259.923981
179.838580 269.820541
180.049016 302.207552
183.633867 380.310825
181.507323 531.172504
182.004410 175.447555
180.941134 440.042885
182.844925 161.248627
181.103127 172.118297
182.517790 261.469525
182.632607 267.455760
183.753002 302.443136
188.008022 380.404605
183.536708 436.876923
183.768807 535.481379
185.952917 167.713162
184.328424 261.868782
185.417269 434.884201
184.537594 156.530246
186.976370 176.204628
185.960104 263.568653
184.679502 265.024330
184.972472 263.929217
186.581093 306.252874
190.324098 375.855238
186.976324 442.853957
184.467606 532.698000
187.525581 164.986793
186.722616 432.875365
189.971494 155.559220
195.131290 164.060623
187.352012 163.707614
186.512373 182.067842
184.787039 302.945221
189.666076 376.163145
187.900801 425.948178
186.870015 427.281738
189.867458 446.201327
188.261773 443.134913
191.093005 442.864163
185.516557 445.280642
187.049481 447.478479
190.217798 453.602418
185.966427 452.728871
185.644517 454.490756
187.495180 463.825975
191.778692 455.828813
192.675605 461.946888
190.102496 462.320313
191.723724 465.093399
186.287498 468.097007
190.049234 469.330197
193.932426 470.542889
188.484539 477.596847
185.310147 474.972606
185.876588 478.473804
189.378276 477.659707
188.626243 481.203997
186.559054 486.502600
190.443924 486.226219
189.499602 486.402083
190.489231 490.296602
190.875045 487.898325
187.240852 490.908498
185.373078 494.088933
188.014980 497.530498
192.159128 533.653424
186.682227 177.660369
185.833237 498.126867
188.908644 154.649695
189.803577 150.417581
191.350921 159.331050
188.873556 184.162971
188.522025 304.418525
189.968052 373.301659
190.344399 374.203743
189.844022 427.757094
189.533610 530.211963
188.454310 144.439295
192.901711 150.707847
190.768818 364.984950
191.627025 368.959335
189.360587 502.155679
189.497959 156.634857
192.789068 177.895369
192.141501 297.460342
186.925831 422.057907
192.445134 528.994420
194.723072 145.547440
195.131592 364.571705
192.974319 501.807320
187.796605 505.915720
193.677489 506.417828
194.859432 508.776607
194.623754 507.040833
194.510747 508.143397
193.297806 508.985322
192.638173 517.019601
195.800326 518.005650
190.175607 512.574503
191.331956 522.253276
191.721496 523.157992
195.347193 522.302259
192.401025 156.652136
196.802209 181.239922
195.373188 299.094309
191.911059 304.784916
192.021764 414.606352
189.337738 419.010439
192.576706 145.636002
191.316697 146.885900
197.336045 361.886428
189.428606 362.320416
196.951433 154.616050
194.803278 181.628434
199.479818 300.186805
198.576925 414.103574
197.094896 143.277101
195.852956 362.147169
203.084336 158.977347
198.378582 183.659880
195.338536 287.048120
197.230272 289.686122
200.056232 288.929151
197.724272 293.315825
200.836348 294.441713
196.200607 297.662638
194.973787 420.191887
199.252789 144.327817
202.908232 362.499931
202.635057 151.963024
200.885792 182.830489
200.480843 288.713960
202.392122 415.851745
201.363119 141.067635
198.831765 353.134839
203.030546 352.687162
200.494867 351.737262
204.090360 358.788254
202.993111 153.628444
202.184973 177.125303
200.991569 286.667276
201.096998 418.811837
202.129108 144.697998
202.643786 143.718473
203.724828 145.866498
200.931246 145.608747
199.392569 146.609239
203.211363 348.656806
205.208083 182.632859
201.963597 284.401397
206.546943 417.477744
202.977787 417.654344
206.837777 286.358430
203.739278 345.946749
201.774706 347.268827
205.796411 179.768069
203.981206 291.231217
208.594655 411.404709
208.581979 350.062773
208.134558 181.540378
209.550746 290.159553
207.346594 416.539838
207.795982 345.543495
211.515208 175.753795
212.370279 176.465906
208.436013 295.444300
209.055345 288.895634
209.942816 410.940439
209.577747 341.629346
212.516750 176.490311
210.136796 296.376830
212.845604 403.940816
215.784574 338.128875
216.219457 173.204208
213.029391 294.086424
213.506244 405.704244
215.817676 298.532765
218.096027 335.206267
211.229451 337.035432
215.939234 172.184775
217.430368 298.017050
214.694876 331.309816
216.949997 331.907471
211.673689 404.051700
219.357081 178.902579
217.324390 179.940766
214.564497 298.315156
216.103613 330.085227
215.615163 408.315712
219.456261 182.259842
218.312638 168.466235
218.190044 169.568935
216.717733 175.802691
215.592588 296.520158
219.353188 304.723284
221.021410 329.642057
222.012886 328.895321
220.321189 401.978871
224.215342 189.151253
221.942826 165.844512
221.140937 174.837592
221.009490 299.200086
225.113729 329.533417
221.550815 401.870047
223.524558 188.820317
223.074288 163.435773
221.139268 174.646555
224.233182 179.481219
227.314573 304.169681
224.060247 322.495997
223.870850 399.881512
223.816938 396.918104
226.942623 182.741159
221.841072 306.600877
225.271022 162.802358
224.807498 173.018107
226.799455 308.767564
221.847714 311.528152
226.734477 308.341764
219.966889 314.438776
224.097401 316.777210
225.608778 318.815317
225.692245 320.643547
224.891025 324.206454
223.042412 401.130021
226.904427 188.642818
222.668611 162.096001
227.404943 175.283584
227.093502 396.309752
230.962662 188.458488
232.549408 157.880339
229.978498 170.129017
229.369873 390.562475
234.262827 186.819074
232.156464 161.762211
231.751038 170.415082
233.081747 395.155357
231.108631 163.807352
239.050594 166.723123
232.056623 186.666204
231.509455 394.066375
235.899401 396.742181
234.850862 186.392229
234.453711 389.800069
238.623949 183.314727
236.098849 388.797742
240.146846 185.651122
238.928266 185.927541
241.349632 388.401991
240.474116 186.780002
242.194692 391.956761
246.714003 192.311559
241.785738 387.187888
243.905408 386.630590
244.983737 191.359237
245.218364 379.547404
251.956484 189.807005
248.094226 382.805829
248.090395 188.598887
253.094665 378.945048
253.032200 193.838267
253.041422 380.222171
250.858620 188.765483
254.522325 377.523936
254.285275 188.598570
257.619344 185.772726
255.717852 376.126183
258.389031 181.164703
259.723131 374.027013
258.717507 187.033636
257.730062 377.835927
260.632735 188.736089
258.552142 377.360239
263.080688 188.325286
265.677203 379.098057
266.692395 181.468005
266.366755 181.833327
265.963428 380.051961
263.831481 176.831987
269.288593 378.220446
267.106263 175.333820
269.844258 382.309715
266.575013 168.892682
276.072601 169.967295
268.928845 172.883892
265.716678 174.984213
273.852674 377.149072
269.444829 166.694900
276.169245 376.629812
272.413542 169.299748
277.023450 167.651800
275.258732 380.813068
276.250588 164.014377
284.553705 380.137870
276.979248 164.541360
278.314864 372.868302
279.313488 165.909798
278.368589 394.904144
280.281642 403.210605
283.391670 402.069488
283.904041 400.375010
282.975424 382.216759
281.598316 403.152807
286.602510 158.827275
281.664276 392.262450
283.444709 374.830744
277.951304 406.155667
285.057566 156.290394
287.760385 162.300935
282.142164 379.474309
283.294173 392.543558
287.213246 393.911835
285.782591 407.737498
290.068690 383.034870
286.475141 410.148328
285.169791 413.392000
290.910336 414.125348
288.713150 155.064019
289.512811 393.522741
287.260125 414.827775
289.163318 383.325282
290.636376 149.874433
291.921660 389.457339
288.116383 417.027993
289.795302 382.134783
289.682842 420.481625
287.912025 152.845615
293.385813 391.158646
294.816822 416.285172
293.564444 380.681838
292.897812 147.146614
295.779500 195.306437
289.856713 193.914214
292.867294 198.925300
292.753028 391.210273
291.837749 419.062391
288.292002 201.079918
293.200964 383.546614
293.604090 146.177591
292.057739 151.279754
297.583466 185.798794
294.096611 204.705206
294.402293 385.257428
291.416902 386.408883
293.434413 424.091039
291.602943 421.859762
299.461744 146.126874
298.993546 187.603243
300.410944 200.748804
293.912798 420.504521
299.533270 144.128816
299.576609 187.845485
296.744250 186.491301
294.379629 199.750383
290.889566 425.153201
303.225569 143.699322
301.302022 187.141511
297.317683 198.535542
299.198728 424.525459
304.277435 143.294788
301.737010 181.498492
299.764237 203.847494
301.514232 423.389395
303.298285 140.081936
305.151448 177.238931
307.358806 199.431285
305.537447 424.920916
305.402134 137.343632
307.548200 176.684502
303.743858 201.998624
308.250796 421.003120
307.525189 138.804260
308.758334 183.470167
309.015402 178.779615
313.696948 196.973888
309.544770 419.805658
308.174786 423.603339
313.706969 134.045834
311.774734 175.865148
316.878565 201.014494
309.801445 414.983546
309.480469 132.607418
312.865172 167.409790
316.049923 170.253005
309.087734 169.658170
315.589525 172.915859
310.128791 196.812179
315.183884 414.144017
313.786913 409.269207
314.762242 415.457880
314.636679 418.010708
317.062709 126.955332
314.699251 135.676954
314.986589 162.022523
314.273787 202.513709
321.264526 407.967579
317.566939 132.813917
318.706902 163.844985
317.799094 201.319494
320.624778 411.550570
318.658310 126.424747
320.989805 157.725110
317.779067 162.096116
321.579168 203.852728
320.710808 406.765129
319.276597 406.074222
319.162210 132.147838
322.971862 157.084907
322.868684 199.900078
319.517885 406.416935
323.611622 130.293576
324.333800 153.234009
322.590843 150.473680
325.402980 153.389644
325.438985 160.046198
323.421193 193.142858
320.869755 404.279157
329.880870 130.569052
326.385450 129.069682
330.842760 150.712804
320.281001 190.773689
324.610442 196.848138
325.468957 404.266330
324.155244 408.183727
328.532524 126.040859
324.774261 141.101357
325.439729 194.731380
324.337194 407.671011
328.998376 124.878174
329.041669 147.028972
328.264172 149.276718
328.532855 188.079448
331.430017 408.407502
335.991170 410.232889
330.454990 124.458233
328.568954 141.483140
333.613039 186.785258
329.980666 409.968191
331.906180 128.617372
333.921510 128.203233
334.043946 129.395186
334.118436 131.123525
328.825747 135.845616
338.841737 135.276516
331.455894 139.042773
336.328975 136.300445
332.772839 143.293051
334.160880 184.600442
332.287449 415.235202
335.537374 181.039993
333.557662 186.551010
332.901333 413.055846
332.663793 412.387200
335.869925 180.744747
344.159350 415.661110
341.084882 185.125705
338.504844 419.057433
345.204079 417.789821
341.148239 181.416952
342.549265 423.029760
342.369350 176.799942
343.978695 428.358531
347.151830 177.187457
349.061545 177.601722
343.278727 425.025882
344.760538 426.488002
347.116410 170.296797
346.336051 421.788847
344.909597 179.943747
348.829106 430.327742
349.624742 430.797234
350.666908 168.740297
351.065188 432.039422
348.514135 437.217628
348.673080 437.008347
349.917446 438.488078
352.472541 173.130088
355.783522 440.775263
358.472536 165.996871
358.058248 169.457402
354.957879 441.111096
355.772232 445.678928
355.663038 165.201379
355.950642 438.709785
359.946025 159.028464
357.243461 446.908371
354.834517 444.099208
360.349752 166.207319
360.765645 450.910891
364.148881 165.634059
366.647038 448.004091
365.847212 156.105711
366.618321 161.154153
362.634076 450.490842
363.781105 452.824213
363.631376 455.035746
367.855425 454.509290
367.214270 155.798575
364.347952 459.939450
369.361272 156.366421
370.312920 456.617265
374.149957 462.903989
367.854927 147.692586
371.563592 147.046629
372.452003 145.951070
370.976636 153.204933
370.838188 461.803660
372.671912 146.040611
368.767964 464.307966
373.504544 142.572663
376.096203 139.178532
372.689938 464.592304
374.001874 465.112757
373.724812 466.356452
377.414189 470.152119
378.341659 473.328430
376.390360 139.650496
377.178138 480.901398
381.177738 133.281040
379.799108 473.963916
377.257930 475.009401
382.173667 137.637366
383.736676 481.912838
385.567076 134.591217
383.581729 480.367758
384.585554 131.640473
380.546380 131.943916
387.574153 481.344596
388.821873 481.244576
383.720328 133.678142
385.310782 487.409859
392.201202 127.094871
392.746966 482.318869
388.334002 128.077589
390.398985 485.635100
394.657180 126.561287
395.192663 274.639692
392.280793 279.314423
392.660321 280.557829
397.899486 280.814621
394.708137 483.040388
397.262882 126.389222
392.517050 277.857999
393.061154 288.205213
394.048307 482.565854
396.434006 123.789966
396.354305 273.461645
398.330006 283.473505
398.420482 329.519361
400.150278 481.098172
397.516948 127.687704
400.033385 271.787601
400.352786 269.007418
394.354132 285.601105
397.263097 333.423542
398.972503 327.154863
400.599056 480.465892
402.240383 120.691831
400.693393 270.624212
404.029819 281.637405
401.423817 336.674262
399.282666 327.938363
402.786304 475.985549
404.875697 128.713331
403.290503 267.448317
405.542750 280.876240
400.555529 337.382036
400.098220 341.777882
402.421491 341.013043
403.194489 343.988027
402.062064 346.960702
401.984678 343.088198
404.336444 347.298386
404.179969 351.879244
402.434263 350.085839
400.260885 352.641688
402.650907 359.784589
403.299262 123.237422
405.258111 325.058344
406.379232 327.574686
403.846516 362.094917
402.481025 474.496298
401.342003 475.875748
404.853982 128.462138
408.140787 269.040696
402.617010 273.919831
404.356447 282.200520
402.954103 358.017831
408.268060 325.189185
405.538748 475.654681
405.420699 131.297223
407.911037 263.344837
407.268994 276.166541
406.883699 361.545363
406.171076 132.260826
406.415409 129.890422
410.830182 136.208510
406.940041 322.091661
407.666493 376.547796
407.613920 379.401204
407.181049 377.572307
407.315153 387.972067
412.500208 384.382765
407.705394 389.920774
408.475050 387.618542
406.984318 390.030742
406.022507 388.809892
406.064692 396.009702
406.197701 395.561572
404.376744 472.651155
408.565116 138.454249
408.312996 259.575760
410.388817 261.469536
410.794871 275.281194
407.054695 360.300379
406.411334 396.637601
407.070366 139.820137
406.778347 317.009054
409.995364 375.793462
412.447139 470.632981
406.342955 258.816196
409.689312 272.141146
406.219317 356.978896
405.798453 400.764174
414.462991 139.016182
409.905857 316.816384
413.556598 372.516235
408.111813 463.397037
410.971525 140.163882
416.246621 248.917861
410.833926 254.895156
407.432326 254.995230
413.474832 254.948754
413.663607 273.300297
414.035126 357.674586
413.749120 395.187177
414.579711 421.593116
414.331139 424.958613
414.278054 424.679178
413.156609 424.688875
412.913625 430.479559
406.796713 430.594397
417.012731 453.165811
411.987163 457.135797
411.811388 464.212963
413.705592 462.913439
410.804531 461.595356
416.270644 142.806955
413.623959 314.883819
409.219795 318.114577
415.628861 372.534770
411.629038 367.516431
418.422804 400.519504
414.142864 432.589284
413.432236 247.853766
412.911712 273.997456
410.897563 272.606236
414.905558 357.799120
414.383899 358.508323
412.611203 401.212492
410.912515 423.676853
409.705015 450.410860
415.134789 145.327465
413.243958 317.041552
414.944793 347.371287
419.647722 354.901306
414.012508 373.259315
417.479030 432.678162
411.801557 245.592060
419.208801 274.386381
412.938475 401.607152
421.853531 419.579098
418.208146 451.522993
416.666786 146.483213
419.691180 310.673184
420.054897 354.379370
413.712258 363.372603
416.661920 435.901077
421.301914 439.422711
422.342159 438.295072
416.680569 439.273612
418.657519 441.174410
419.775117 444.802587
419.264151 446.834908
414.374433 448.873415
418.160440 247.003777
415.115832 244.770570
416.679518 269.629735
416.417605 403.241731
420.567730 416.923783
417.243663 414.032734
422.950308 145.539468
418.551027 145.066935
423.273498 309.602491
424.045970 349.979934
422.497041 361.552771
420.060149 246.867921
419.521110 265.296790
415.725941 398.707130
421.577629 415.333339
422.495961 137.136376
423.892672 308.351362
421.733551 354.792955
419.815967 360.337943
424.333229 241.891569
422.182850 265.542656
425.842236 401.556908
421.379240 410.940239
423.472630 140.278702
422.127280 304.803238
425.638926 303.613068
422.575157 347.612085
426.553217 360.763929
425.329264 360.388718
422.860412 238.951819
429.107255 263.841657
425.747178 267.924854
422.874731 395.060173
424.408424 399.108829
430.967505 409.040461
425.882806 133.011346
429.311448 304.574956
425.383078 344.742315
422.284847 361.153661
427.168541 241.019220
425.848555 262.696208
429.190108 394.693417
428.025404 404.907158
427.624136 134.625566
431.189664 305.456355
428.981563 341.486081
429.006972 350.868786
425.847221 352.467489
429.172527 350.584268
428.095483 351.835063
427.988772 356.340552
430.125642 354.991411
431.164924 236.310059
429.034627 238.811121
428.019609 260.538988
433.252388 390.053042
426.728057 405.994636
432.347520 410.262968
435.554921 132.213861
432.227374 132.450487
432.710553 295.457545
428.587956 233.931578
432.658648 261.930576
431.841456 391.763462
435.482473 400.621393
433.185378 131.811762
431.578174 295.997695
431.136124 225.191643
430.668774 261.780843
429.102384 389.225242
430.881942 400.744934
433.414388 399.919763
434.077862 399.183531
430.224822 405.883543
433.602615 129.713396
431.572582 300.335437
435.688240 299.708555
432.366938 227.744476
436.994709 251.974261
432.573029 258.155068
435.196461 386.764969
433.619156 390.638502
437.284521 391.087303
434.856967 128.212470
435.359486 293.634453
437.810476 378.069383
435.075994 374.452200
431.431270 378.656144
433.311074 379.003329
437.906693 385.155034
439.595763 219.718700
440.514933 253.532041
437.106225 397.141454
442.190126 124.564527
438.461918 294.380602
438.955465 374.447845
441.227674 228.373076
443.460344 228.293167
440.803367 256.625048
439.756312 394.069871
433.907352 392.515078
440.074014 124.614878
436.367248 126.142444
442.268770 288.087588
442.837166 377.458966
444.365373 221.721062
439.228661 256.530418
444.951557 390.060158
441.871716 119.122652
443.137415 292.297120
447.589605 373.938579
440.086511 224.350256
441.747779 251.062698
439.339543 279.513331
447.413530 283.985978
446.787433 386.851696
443.964961 116.759829
443.628393 374.779125
443.325022 220.310953
446.827710 253.860406
444.909237 252.803260
443.125481 278.781702
448.081522 388.280275
448.911099 112.434656
442.478180 369.668512
445.055989 222.810996
450.058078 250.969003
450.636949 277.912916
447.613821 386.084102
448.536103 115.536885
450.788787 171.264504
453.903598 176.106740
450.080454 174.638141
448.479183 369.163629
448.958244 381.149550
446.114710 383.673512
448.433977 177.770120
451.070597 218.653642
447.304723 212.210966
449.637712 253.230446
446.442066 276.335586
445.588729 280.471689
449.663411 112.501620
451.712781 118.562015
450.213932 168.042943
453.733918 178.498842
450.027739 366.082785
450.956274 378.568799
447.531887 216.776102
448.354505 249.707705
448.546326 273.872012
455.212822 107.581394
453.994889 168.739295
452.560621 181.543615
451.042657 372.990407
450.700732 373.524779
454.561167 183.057194
451.449955 208.875089
453.514814 251.949069
450.296299 270.037697
453.054901 371.388519
453.046787 373.334953
457.754871 108.178345
451.399474 165.615851
457.264490 166.934272
455.350720 183.788090
453.621802 208.710164
454.619570 254.363841
455.221387 269.590311
457.414214 101.683806
456.551050 161.739334
452.696932 183.357468
453.972224 203.190473
459.536271 255.214050
456.889279 265.647273
457.719690 103.363309
458.961602 161.339815
455.466433 187.463912
454.661768 263.562504
458.714033 262.359815
458.127089 205.007950
457.239775 208.801279
454.296053 252.412166
461.719282 101.808586
460.109105 109.642115
455.386911 160.068792
457.275292 186.451627
463.028979 255.851762
462.497920 202.421394
458.714361 251.465302
465.169796 101.844004
467.160575 157.930268
462.130702 187.414874
457.544437 259.219865
460.665438 188.030730
460.862424 186.275994
464.761946 199.284387
465.208411 191.760358
467.978167 197.266208
462.092140 198.526007
464.516734 202.444914
463.057324 199.660901
464.859818 251.807627
461.588067 249.961923
461.302209 253.291586
464.265870 95.546638
463.469853 158.380343
462.599717 153.655877
463.547654 94.435469
468.876447 154.262383
468.349103 97.843861
468.750999 151.686483
468.556347 97.066566
468.458692 92.619861
470.525098 146.648302
471.776139 82.264362
471.928217 148.602561
472.430942 88.776349
479.226256 140.413837
474.410589 148.117667
472.367819 83.398258
475.377139 146.358198
479.422231 84.811596
476.890350 144.047893
483.432539 77.583777
482.651592 86.787447
482.836768 136.190973
479.461443 79.132372
483.491692 140.270467
479.929692 78.813788
486.691328 133.441336
485.117469 136.980409
485.293722 73.729347
488.533065 132.760535
490.969319 73.694022
485.787619 131.319721
491.044950 74.096094
488.164811 80.495765
491.477793 126.526129
490.468899 71.092186
493.569041 129.906770
496.253780 69.579429
492.603483 123.919707
495.760171 126.885405
492.733611 66.982368
497.137233 122.321070
499.826557 69.310773
498.092358 123.920764
497.965441 64.237913
501.623084 120.765375
498.340402 63.931752
504.694786 119.662556
501.879185 64.781364
501.901457 116.695963
504.193542 117.407203
504.983087 61.243065
506.746871 110.889554
506.587955 64.174565
509.068685 104.613112
504.896851 106.424025
508.862065 105.472224
508.673797 106.709427
508.855242 111.292880
507.502776 110.255869
511.472535 59.330088
505.506811 96.981481
508.699919 60.772315
511.202462 96.595828
513.570458 91.300185
512.989868 90.419038
517.650360 61.615439
518.579681 88.406329
515.413924 56.338585
517.188517 86.066802
514.127174 52.041951
518.146744 80.480566
517.796305 82.640758
519.920340 59.131409
520.903189 81.023156
520.500758 57.120314
520.817641 78.343298
525.994684 55.346289
525.701686 75.241474
520.698748 76.081513
525.750702 55.497594
526.344200 74.361426
530.114434 58.822261
529.419149 56.942779
529.001146 55.502285
533.020320 60.052984
531.586244 62.996437
528.733687 67.521381
524.850439 68.308083
525.851552 70.153750
527.735415 71.536606
