52.310917 285.309536
51.741526 285.663741
50.977192 284.175386
49.270574 286.401808
50.970109 297.517301
51.381585 301.579009
51.147507 303.624198
48.640043 304.528542
50.758721 314.298631
50.704542 322.896655
54.169841 277.821749
55.235501 318.186742
54.380282 267.826206
57.149914 325.404757
56.101767 324.666038
62.991118 330.051444
61.546733 103.690424
62.390459 111.832032
58.275340 115.800224
60.712983 125.648416
60.631582 119.530542
58.950555 129.665286
57.133744 130.983092
59.489440 141.271702
60.586610 141.197664
60.899337 260.507407
61.029716 267.496521
61.069233 335.156913
60.916883 337.746723
64.196509 102.887698
63.949781 142.656398
64.808236 257.394931
64.090513 340.802221
64.946279 95.615475
64.331712 142.141719
68.423964 146.522503
66.243348 150.487991
67.233335 255.029815
65.355151 349.405123
65.606393 342.062955
69.370384 92.712329
71.105411 161.150705
69.954223 248.594083
68.292951 351.800171
70.746538 88.958668
74.242281 159.319250
71.063375 163.524936
71.760702 361.138746
71.744875 361.823480
72.562477 357.800571
69.727364 361.580567
70.859950 369.495267
68.840011 372.024919
69.497517 370.698610
72.575194 382.817699
72.579698 384.479323
71.347089 389.240411
69.057306 389.291889
73.412586 399.279243
71.436553 399.839787
72.728641 248.170984
74.178971 76.396705
73.644662 168.118701
72.338764 402.130766
73.553428 410.094212
77.172704 415.553705
75.496194 419.951314
75.665852 419.943470
73.711577 444.411992
77.955235 443.564068
75.519714 453.608624
73.326602 454.884232
75.032804 455.019278
76.195892 461.109456
75.319638 474.258755
75.164939 473.282124
76.720920 479.818243
76.284327 479.934465
76.878054 491.766793
77.096586 169.946658
80.649630 245.618364
77.625675 79.356527
78.763588 424.032426
79.050514 487.720730
82.047575 445.799396
81.239076 177.268135
81.659614 421.662416
81.278843 428.427766
79.825621 440.506257
83.397521 495.439837
80.784286 501.107509
81.019884 502.202757
83.732301 503.075906
79.949821 506.461576
83.147126 85.519328
80.738170 236.964576
81.722094 519.749518
86.020431 178.826338
85.423843 76.764850
85.004582 234.094261
86.001686 518.611232
87.761255 173.471101
89.228934 64.058764
88.293868 235.775232
89.619608 519.785448
92.087853 189.389339
91.529275 525.835266
92.226754 530.433181
90.279106 521.584823
91.292408 535.144980
90.192727 546.774943
87.700153 542.153435
89.105036 550.954635
94.231767 71.202139
95.774608 233.335414
96.583298 180.598381
94.262202 538.962987
96.398075 54.315222
97.248112 223.453448
95.157754 556.626229
95.525761 557.172243
96.083809 558.167533
95.333283 192.306452
100.217259 65.413483
97.466971 227.323272
101.567932 562.698884
101.057795 194.702448
99.233747 197.665436
102.960734 214.588319
102.506225 61.017223
103.429489 200.982184
101.567132 566.331098
103.893136 212.724492
103.866183 206.645310
104.126891 567.915986
107.567234 651.303412
106.068981 663.399647
106.021881 661.396566
106.214262 661.140940
107.487678 667.220582
107.327377 674.138218
103.791886 671.653497
106.975131 675.281672
106.380591 684.403477
107.582638 54.941131
108.816685 574.933523
110.658508 643.085593
109.589394 686.306580
109.874043 632.156589
111.111469 631.629117
112.992381 692.038080
110.719415 691.880309
110.988817 697.430045
111.069384 707.850352
109.518859 756.568814
113.053619 757.715029
110.190178 763.722944
110.474036 770.873398
110.605613 767.010360
113.021778 780.126361
113.668033 52.909844
112.091187 578.744945
115.304917 702.594980
114.817839 779.371204
114.151037 633.860329
114.000887 750.310614
117.236519 49.882394
115.313113 580.857062
115.002865 628.402868
115.712104 708.476770
116.946786 710.731172
114.849867 736.299479
119.190612 740.224380
114.591505 746.359852
116.978874 783.751705
121.065130 46.051584
119.650561 573.097336
119.318938 616.907591
119.988905 711.147898
121.580524 731.742415
123.509780 614.510080
122.596865 713.126031
121.899454 723.114689
119.301720 726.322106
122.048642 790.745009
122.659172 585.145282
127.598274 63.614382
126.647272 608.235700
122.765404 787.978703
125.251231 588.736041
126.481452 595.832637
127.173799 601.037853
128.609510 601.171867
126.311499 600.861330
125.069001 606.483941
127.264839 55.712130
129.642849 790.301579
130.784996 787.503393
131.596944 47.978169
134.912819 794.323751
137.970188 47.070741
139.774781 797.774472
139.136120 50.772810
141.824867 797.531398
144.787557 50.527407
143.542217 798.938120
147.493159 55.236501
148.860178 791.301243
151.249098 52.159115
152.475215 791.365384
154.831311 61.974770
157.681167 797.854403
158.743481 44.981631
160.268194 787.998802
163.927721 47.708778
165.759524 792.978468
170.257524 51.105549
170.085331 800.902707
171.625317 50.318648
172.491794 791.446653
177.723170 53.435888
176.755054 798.897970
180.738030 49.733028
185.440332 797.923353
184.928618 55.607313
186.989807 803.863854
186.411196 50.840062
191.084775 800.230235
189.495981 59.225612
193.490348 799.435324
195.220878 52.958670
198.051702 795.867216
200.254819 61.351372
201.995763 67.366304
200.256486 801.999224
204.115194 60.051512
204.816564 798.786975
211.163822 61.527732
210.465116 798.601610
212.702867 65.808222
214.738817 800.059130
216.103870 67.695902
216.504233 719.881099
217.283546 723.676963
220.123570 796.941853
220.791968 74.541251
221.101986 727.100142
223.169079 79.930015
223.374921 710.069062
223.448792 798.481181
223.796566 704.304021
224.221166 734.483983
226.341922 73.907935
225.712039 695.702065
224.332310 795.691527
228.897320 728.749341
227.612950 692.821048
228.337977 700.396503
227.836587 77.287594
230.255451 740.273870
229.445217 798.540636
233.368397 689.266049
233.120223 84.212250
230.426172 87.972635
235.410830 210.595886
233.789746 220.219130
231.385080 219.601645
233.798871 221.977411
231.179261 231.504228
233.141874 229.911400
231.419121 623.922519
233.686251 626.542182
230.967818 640.036848
235.005101 639.041324
233.703852 642.857825
232.814424 639.582306
232.231711 647.217409
233.735173 659.637367
235.163469 657.036071
234.325411 660.827384
235.808558 663.068710
233.917668 673.848323
235.883107 671.200581
232.770010 679.037535
233.349194 684.997876
232.231910 736.497781
233.894863 795.496611
236.538278 87.257835
239.257944 208.480301
237.558540 232.289617
236.182843 617.407679
235.708589 738.629791
237.979900 199.884207
238.252643 202.234697
238.058502 619.479688
238.217845 796.961396
241.038005 100.291564
237.308600 240.725961
240.807571 192.073988
242.220322 742.823542
239.858120 615.048653
239.706569 800.670629
246.397634 100.190391
242.968087 99.857176
242.746873 143.176044
242.847619 150.555633
243.231013 153.849409
246.824836 166.712400
242.154797 170.953973
242.138081 173.596818
242.874712 187.641745
241.533401 250.898612
243.066147 607.454522
244.402409 104.887789
243.574211 244.718507
244.200869 736.144727
246.437407 608.375342
248.115676 797.602397
247.585040 140.112533
245.917359 168.376269
249.567010 189.015986
248.750239 104.879126
248.122446 111.907647
248.382228 115.368772
247.603115 117.114501
247.078901 121.742710
245.804160 128.195341
247.035157 132.233681
249.049023 139.754950
249.241553 179.429361
246.631941 180.149511
248.676396 567.953087
248.634990 571.190690
245.430703 576.436843
246.412727 576.260466
247.578379 583.645527
249.009420 585.091541
246.696061 591.244769
246.556763 598.655559
250.751443 603.436907
248.715628 243.663765
248.893374 745.543082
249.112377 799.303921
251.103856 247.710424
250.407607 569.712974
254.006643 753.764770
254.145588 252.233907
251.826241 560.485431
254.106395 262.981198
252.280239 788.295862
257.253183 554.932570
255.674547 754.565889
257.570876 256.434206
258.853123 265.613026
260.370605 268.998064
257.880154 279.031925
256.925619 277.950145
257.247970 789.008177
258.409049 280.597422
257.158508 286.178137
258.595091 549.646093
261.909910 752.204437
261.652232 786.983896
262.020081 290.831459
263.339179 296.367889
263.535958 296.872308
262.179203 327.357753
264.475132 338.085687
263.749264 337.152176
263.501259 336.837920
262.143175 342.897338
262.713394 345.053849
262.529773 548.979819
263.107270 303.176036
267.720350 751.760159
266.400180 794.452341
269.633805 333.508000
269.512313 357.190941
267.045748 550.042297
268.056115 304.267114
267.099084 310.754263
268.207027 318.798424
266.764934 321.888741
266.674751 349.460330
267.233428 748.812163
270.743634 360.120453
270.956045 788.464547
271.825505 541.473251
272.014177 750.619437
274.762486 356.709191
271.006164 368.929857
274.179338 789.652583
275.614473 367.305518
272.283157 549.441110
274.180123 757.100063
274.035646 782.725553
280.129466 371.449903
279.411440 378.896093
278.237004 382.449744
280.056305 544.992453
280.654978 766.650184
281.017265 789.069652
281.775488 383.233539
283.073331 382.920363
281.539048 390.541606
284.157650 394.264042
283.583555 401.561760
281.803551 401.573438
281.748615 519.144475
283.320654 523.090247
282.205183 526.929378
281.883365 535.151912
281.826803 531.817478
285.688665 533.241531
284.653725 545.646383
283.148083 762.481294
283.317210 785.412769
284.488784 770.998146
284.470327 409.301313
284.343745 514.159409
287.269707 778.241255
289.271073 408.117810
287.648840 408.274543
288.313824 406.068130
288.977488 761.365368
287.731517 770.158435
290.127698 514.052158
293.927516 415.877840
293.012771 428.041488
294.302903 506.171909
299.350785 426.546953
299.603088 505.139509
300.633560 432.606336
302.779237 508.561017
301.445740 420.723410
306.010176 500.933947
308.461351 437.043135
309.569342 440.848349
307.576258 505.846202
315.746328 438.206093
314.819240 499.115198
315.450154 443.197988
316.856773 505.014604
322.861490 448.708089
324.123616 500.715816
324.451349 453.302827
325.476631 495.488575
325.637189 453.333390
330.471208 459.261454
327.957464 460.084105
329.293031 464.561585
328.584694 474.583917
328.839889 475.569270
327.743719 485.293068
327.029975 484.770747
327.943811 487.563917
327.790188 490.195415
