75.377942 338.104269
84.165808 342.799849
74.140548 341.481479
83.114275 347.483193
90.476876 340.824176
76.527084 339.912493
75.712590 344.811826
80.826797 348.385342
94.217864 330.571907
88.788248 337.846434
84.073833 352.353548
87.712134 351.711116
84.988453 353.413734
85.564172 356.384887
78.649919 360.845452
77.121593 358.103275
89.689639 363.815124
81.409548 381.633196
89.606694 388.228149
86.219411 389.498454
89.027475 384.983517
94.262585 389.790704
86.717686 401.392447
86.885853 395.277052
101.066219 330.453384
90.504868 353.495953
97.120429 354.681934
90.858684 367.684411
89.160912 390.632380
92.457501 399.560685
88.217998 326.449543
95.123868 326.928496
85.698567 349.117152
96.607751 353.515175
88.977587 356.433090
91.631631 364.043706
93.610230 380.287937
90.667426 386.974325
89.822530 399.169636
90.541033 329.431905
89.728802 373.881623
96.822968 383.997597
88.504675 396.140231
85.936716 328.021995
84.726505 368.215613
89.804701 382.667073
89.097391 403.883776
95.187347 330.610641
97.036674 366.668909
98.591356 382.549746
107.481030 399.396380
111.697234 329.519119
82.578073 371.019948
86.768391 378.382458
100.208108 397.197572
96.753843 327.943830
98.642791 371.780606
97.443251 377.135791
100.600136 401.583979
101.896249 336.661902
101.284210 368.262200
98.314800 380.579698
115.684004 397.242863
97.372350 325.615695
103.183110 365.894775
106.430154 380.292924
98.639322 397.442396
100.069804 324.546430
101.527860 367.934399
103.414869 378.473055
105.186346 399.628097
111.508506 321.012630
117.626167 368.356195
102.088340 375.789828
110.365887 399.963757
112.084585 322.883495
107.745029 372.198424
116.413497 372.360065
105.447704 375.468397
112.269990 404.415712
120.859241 322.157211
108.038503 398.578051
111.540306 327.504391
107.905681 404.224853
107.468731 322.324371
119.136459 400.476763
122.267809 324.902586
123.387197 397.367761
124.554892 332.831546
112.457476 386.156196
117.636066 330.234089
110.656264 388.821963
123.220512 329.089672
126.148636 401.037672
125.329208 326.515755
135.554876 392.272463
128.571665 329.754834
127.049805 381.445648
125.749555 387.604341
122.649407 389.441536
126.633603 393.724759
122.247979 323.014521
136.465138 325.173609
129.309380 385.003407
128.717972 322.535211
126.175197 384.718140
129.202748 321.004073
130.082011 381.165998
126.897641 315.413364
135.498043 381.034440
134.194412 316.925382
134.609464 387.692831
137.288427 311.011110
143.299518 318.061851
142.285567 385.815717
145.432369 309.488983
150.273026 386.464590
144.901405 304.597307
143.842408 386.196345
144.818395 382.420834
140.250589 303.743928
145.669727 373.301815
146.835724 307.836719
136.447788 379.708094
146.142216 299.858717
146.186664 368.832339
150.722610 301.551910
148.977564 372.580935
157.023205 306.866314
160.116555 371.906339
159.073644 374.025624
156.122486 305.241459
160.769335 373.267030
159.674051 307.355096
158.561219 369.137880
164.009917 372.740426
170.902961 371.850830
159.661111 377.299454
151.907408 305.781342
153.997974 304.180684
164.074202 367.898652
162.423462 301.715905
157.476972 361.643069
162.681086 353.175965
164.418131 349.548570
166.009172 357.913753
163.498403 358.614071
164.731490 362.450866
155.736849 300.833867
160.203303 348.459052
165.046090 291.891186
172.095932 293.570181
164.480742 290.086152
168.004063 294.196333
160.990681 344.456116
165.400144 290.572512
158.874385 352.628854
170.144234 293.172884
169.563119 288.797132
170.884759 348.222537
163.643450 275.015662
170.189372 349.740833
176.076462 285.654972
181.575308 345.559475
171.555197 290.019933
179.166186 342.013057
174.893866 280.830114
181.487052 338.970248
180.556333 338.191625
181.188066 290.466363
184.384636 285.126038
185.546771 343.013371
181.772925 284.936524
181.737582 342.065944
185.611422 277.217064
188.436192 337.301681
184.570047 275.878063
183.996564 336.044688
184.878856 271.396791
186.961899 329.162406
187.090924 274.059305
189.903844 277.392817
197.007753 335.329014
188.070355 268.289582
200.014980 331.436637
189.670087 266.589404
196.603488 326.665634
189.106705 268.803538
199.868334 323.686261
208.868490 263.466176
198.796434 329.088055
205.549573 265.788301
194.874851 327.221142
205.035036 263.153486
205.917238 326.033657
213.617071 268.014141
196.208424 323.335057
212.735511 261.019784
211.701952 324.239096
198.806722 264.862197
203.854426 320.834732
220.755426 319.767354
205.504354 258.506531
207.473263 261.344804
212.828180 320.427207
210.068740 261.809282
212.429012 317.872810
216.802226 254.327346
207.403674 314.497197
216.719810 252.434975
212.239864 316.988621
209.868984 254.497615
225.244914 305.910242
219.374266 311.109373
220.382297 251.902654
212.689442 257.967814
222.119842 305.633979
225.419376 251.693750
226.386451 307.430354
229.586298 258.664254
220.703436 309.327054
222.772523 248.526409
235.726411 306.027662
227.343945 251.804842
226.825848 309.342416
234.839235 246.383636
225.986942 246.891689
221.630173 313.498692
226.563132 245.883575
234.435915 312.036009
232.910945 244.028986
236.073859 315.230489
234.865151 244.532485
243.777645 304.889204
245.079192 251.151772
243.609104 303.388436
239.039364 244.942233
234.935912 301.288880
237.083450 248.259920
237.753201 299.586765
241.947354 240.660735
250.367915 297.801787
251.210745 234.785177
244.315992 297.625426
248.084562 244.428841
250.314794 296.859449
247.369980 301.028459
241.542272 242.191537
254.027902 293.492344
255.244951 242.282180
245.236506 293.325368
258.043339 235.584899
260.385657 286.520391
251.730489 234.971554
260.348470 286.291940
257.123848 231.999769
261.450404 288.802038
251.665552 287.533149
255.980937 241.098494
263.172489 278.716341
254.233089 235.391695
266.021331 280.882676
265.008527 232.985032
266.136345 281.430343
265.170102 233.648046
262.073189 280.003290
268.218788 232.205710
262.718451 287.132500
268.541422 231.061293
271.266202 279.088899
268.845391 229.239159
269.839541 279.088831
274.294306 229.666170
267.778383 283.013964
279.908896 230.962603
283.682597 282.580190
270.371962 236.286285
277.463328 278.066535
281.824772 283.673835
277.262577 232.315900
275.679053 236.570230
281.208865 277.111022
277.407575 230.325662
283.954271 276.609700
281.439120 223.441771
288.368539 268.613830
285.225340 217.240650
280.825726 265.168592
287.509655 222.824705
296.540623 271.327732
288.475096 270.246407
289.539730 220.531838
289.226866 267.234902
287.202888 222.551077
287.929920 269.508192
305.279916 221.948046
293.094216 279.914219
298.001655 216.560208
292.663726 268.960519
302.766954 218.025044
303.082953 265.749494
295.936713 268.452476
299.302629 220.125302
301.836380 216.279228
296.612905 262.613214
297.283687 205.969625
301.232079 264.006210
311.492377 219.004576
301.519455 264.133988
303.456371 204.038171
301.162800 211.938492
306.531595 204.224704
310.273888 214.084021
307.537641 257.925910
302.824536 207.675633
305.275498 258.157815
308.347063 262.200827
303.449556 198.558214
307.253305 202.867719
307.572255 255.377657
314.831407 206.011676
312.768174 247.654117
313.862243 199.852882
315.227061 257.793933
309.409603 188.056965
309.235336 186.054076
318.906771 184.915039
325.740114 196.978763
318.670715 194.830566
317.233068 205.437275
316.516535 256.725676
316.579690 185.217806
327.020536 255.609403
321.963079 256.649751
324.213716 185.364591
320.007660 184.030978
321.992388 170.910505
322.924310 180.558251
315.026908 257.762913
323.287551 167.784958
321.088732 253.466472
326.874682 174.581995
326.791720 256.560776
321.838565 176.437011
330.185913 251.298738
320.528483 177.578307
333.388896 256.972247
336.442224 168.804646
328.910448 253.479451
321.005422 164.890967
325.511747 252.977366
343.333059 161.484064
338.975761 166.923953
335.051652 254.421804
329.270104 172.298146
337.055558 253.097678
344.594309 162.535706
343.126363 254.290843
346.614511 170.093227
335.658361 250.985144
339.746233 161.933493
346.349432 258.593379
352.484673 165.754422
345.749929 257.179726
347.932350 164.495213
353.842368 251.447730
345.825454 193.439766
354.960247 206.669513
344.567463 206.998660
351.550388 205.256210
346.947169 215.734093
340.720338 213.121917
352.155677 169.569981
351.457317 216.803987
356.574256 251.877760
358.341517 190.791449
349.347300 256.052656
347.689069 169.394190
351.361596 215.338496
355.578215 248.664929
349.060279 196.471499
346.737639 169.953511
357.929137 219.018985
359.686970 256.539444
355.383697 201.290301
351.975283 195.950318
355.268712 215.744752
357.327917 161.223596
355.548447 221.877495
361.503762 263.221337
359.184224 194.375119
348.796956 167.266917
346.452540 221.655995
349.448377 256.003772
359.038797 189.368405
353.356944 162.319480
361.975836 222.493372
362.882684 254.687180
360.352594 191.384014
357.959782 170.658522
357.047655 219.833077
360.648137 257.805483
359.799883 185.774898
362.535494 166.267476
362.423001 218.799597
365.914776 256.325309
364.615625 191.060607
363.008208 167.450076
362.288035 221.983637
358.959244 266.252546
361.593657 185.224463
363.608752 164.645412
363.498875 224.563936
367.665369 260.530211
362.807132 182.243900
366.499908 166.930899
365.202690 170.221276
373.678787 226.993166
370.822441 255.185849
366.433306 259.743193
370.520141 182.875643
376.165626 169.520514
365.810759 220.284752
369.718052 258.803735
365.319444 189.009366
375.038553 172.945398
369.741341 217.822668
379.171881 248.284573
367.847580 179.633787
371.514210 185.372690
370.362870 171.829639
371.493321 218.692072
375.658167 254.167337
376.752958 180.111282
375.165620 176.867953
379.416462 223.182050
376.640092 252.081706
381.579471 176.473452
376.064940 168.310351
372.413680 221.193525
373.117732 257.754176
376.938009 254.468672
372.993971 183.424399
380.599382 166.593280
379.296339 224.499314
380.522792 243.498696
382.412665 185.013235
394.586966 168.788812
379.887169 223.427009
387.402286 244.478275
388.180019 176.484501
381.592621 177.445122
379.131178 187.018509
378.733153 172.854176
380.731681 220.874285
393.725186 243.179314
384.896558 178.429381
388.526631 164.729218
385.795603 224.778342
386.208705 239.027844
389.096780 169.879703
393.540903 216.681095
389.029658 247.572016
403.719977 226.328289
395.650837 234.659298
397.859170 220.179645
389.392494 242.667989
396.520695 224.661268
398.484822 241.894268
392.532117 221.250549
400.909281 247.314907
407.672205 222.269266
402.056877 228.362924
396.540835 226.632230
403.719189 229.260360
391.348769 229.670722
397.252004 231.755607
395.813245 238.353735
