36 171
36 175
36 179
36 183
36 187
36 191
36 195
36 199
36 203
40 171
40 205
42 209
44 169
46 161
46 212
50 157
50 213
51 151
54 213
55 147
58 214
59 144
61 218
63 141
65 218
67 140
69 218
71 131
71 135
73 218
75 127
76 111
76 115
76 119
77 218
80 114
81 218
84 116
85 218
89 116
89 219
91 223
93 116
95 120
95 225
97 229
99 122
101 232
102 126
105 235
106 126
106 239
106 243
110 126
110 245
112 249
114 127
116 252
117 131
120 135
120 253
124 137
124 254
126 258
127 141
130 260
131 141
131 396
131 400
132 264
132 404
135 144
135 392
136 267
136 407
139 147
139 389
140 270
140 408
141 274
141 278
141 381
142 151
144 408
145 155
145 280
145 381
147 284
148 408
149 156
149 379
151 287
152 375
152 408
153 156
155 160
155 288
156 361
156 365
156 369
156 408
159 161
159 288
160 357
160 409
161 346
161 350
163 161
163 289
164 405
165 342
166 293
166 297
166 301
166 326
166 330
166 334
167 161
168 403
169 305
170 322
171 161
171 309
171 313
171 317
171 399
174 395
175 164
176 426
176 430
176 434
176 438
176 442
178 382
178 389
178 393
179 166
180 426
180 443
182 378
183 166
184 370
184 424
184 443
187 166
188 362
188 366
188 421
188 443
190 170
192 358
192 420
192 443
194 171
195 354
196 411
196 415
196 443
198 171
198 337
198 345
198 349
200 407
200 443
202 171
202 333
204 404
204 443
205 337
206 171
206 341
206 345
206 349
206 353
206 357
206 361
206 365
206 369
206 373
206 377
206 381
206 385
206 389
206 393
206 397
208 437
208 441
210 171
212 433
214 171
215 429
218 171
219 428
222 171
223 412
223 419
223 423
223 428
226 171
227 408
228 402
230 171
232 398
233 382
233 386
233 390
234 171
237 378
238 171
238 362
238 366
238 370
242 171
242 358
243 337
243 341
243 345
243 349
243 353
246 171
247 334
248 327
250 167
252 323
254 166
256 323
258 166
260 323
262 166
264 323
266 166
268 323
270 166
272 323
274 166
276 323
278 165
280 323
281 161
284 323
285 161
288 323
289 161
292 324
293 161
296 323
297 161
300 323
301 161
304 320
305 161
308 318
309 161
312 319
313 161
316 318
317 161
320 318
321 161
324 318
325 161
328 318
329 161
332 318
333 161
336 318
337 161
340 318
341 161
344 318
345 161
348 318
349 161
351 396
351 400
351 404
351 408
352 318
353 160
355 392
355 410
356 156
356 318
357 414
359 389
360 156
360 318
361 417
363 386
364 156
364 315
365 414
367 386
368 156
368 313
369 413
370 390
372 156
372 313
373 413
374 389
376 156
376 313
377 385
377 413
380 156
380 313
381 381
381 413
384 156
384 313
385 377
385 409
386 366
386 370
388 156
388 314
389 408
390 362
391 318
391 356
392 156
393 407
395 320
395 352
396 156
396 324
396 328
396 346
397 403
400 156
400 330
400 342
400 399
402 334
403 392
404 156
404 339
407 388
408 155
410 384
411 151
414 380
415 151
418 367
418 371
418 375
419 151
421 431
421 435
421 439
421 443
421 447
422 363
423 151
425 359
425 427
425 448
427 151
429 358
429 426
429 448
431 151
433 352
433 356
433 426
433 448
435 151
437 348
437 426
437 448
439 151
440 344
441 426
441 448
443 151
444 343
445 426
445 448
447 151
448 343
449 424
449 449
451 151
451 416
452 343
453 447
455 151
455 347
455 412
456 351
456 396
456 400
456 404
457 443
459 152
459 355
460 392
460 439
461 386
462 156
463 358
464 435
465 160
465 382
466 371
466 375
467 358
468 432
469 161
470 362
470 367
472 428
473 161
473 422
477 161
477 418
480 414
481 161
484 410
485 164
488 397
488 401
488 405
489 167
492 171
492 393
495 389
496 171
498 382
500 174
502 379
504 177
505 374
507 181
508 302
508 306
508 310
508 314
508 318
508 322
508 330
508 339
508 343
508 347
508 365
508 369
509 334
509 360
510 185
512 298
512 350
513 292
513 354
513 358
514 184
517 288
518 181
518 277
518 281
522 181
522 273
523 257
523 261
523 265
525 185
527 253
529 187
530 249
532 191
533 245
534 240
536 191
538 237
540 191
542 233
544 191
545 229
548 190
549 225
551 186
553 223
555 186
556 219
559 184
560 218
562 180
564 215
566 176
568 213
570 172
572 213
574 171
575 209
578 170
579 205
581 166
583 202
585 162
587 198
589 159
591 198
592 155
593 192
596 151
597 188
600 147
600 184
604 144
604 183
607 140
608 183
611 136
611 179
614 175
615 132
618 173
619 129
621 169
622 125
624 165
626 116
626 120
628 152
628 156
628 160
628 164
630 112
632 148
634 109
636 148
637 105
640 144
641 96
641 100
643 138
645 92
646 66
646 70
646 74
646 78
646 86
646 134
649 125
649 129
650 62
650 80
650 84
651 56
653 122
655 52
657 118
659 49
660 114
663 46
663 97
663 101
663 105
663 109
664 50
664 54
667 93
668 56
668 60
668 64
668 69
668 73
668 77
668 81
668 85
