84.647564 204.598956
75.179855 224.186163
69.994036 206.186237
84.317459 213.974567
71.476281 211.379366
69.168042 230.538372
72.508059 247.914502
57.382803 246.805052
71.711182 242.127148
58.901762 252.265702
63.272251 203.697532
109.969760 252.505432
83.684777 215.288302
90.182206 235.546528
104.077104 213.559659
75.296390 195.068160
85.584192 206.435987
94.464158 252.681590
73.400781 205.706187
85.214862 248.228653
88.554155 155.633466
117.260080 261.402913
105.835721 165.305854
86.419653 256.955229
101.770772 157.113865
77.417443 252.988415
115.164262 171.651518
71.070644 166.329468
102.851609 249.397253
92.088526 163.730857
95.419664 257.004004
107.849851 158.553492
121.746916 254.588529
126.947591 146.531707
136.708820 710.024655
121.196955 719.986331
128.796950 240.923653
119.626513 147.627270
142.148808 711.035983
144.839718 739.072476
92.092903 707.515413
139.898691 241.612002
108.900357 136.514928
145.391805 720.766218
125.413015 700.028524
142.345179 247.625597
147.540773 147.287313
130.924122 721.427023
134.770437 668.644961
147.219837 267.490814
135.675628 147.620364
173.193715 668.995259
126.258194 717.969659
128.253802 234.026133
112.130595 130.196239
149.059792 142.476787
130.854709 689.847871
149.498470 683.563443
149.262508 691.437571
134.776267 220.543859
149.705452 103.608015
147.700230 684.668322
116.032708 729.798174
124.749204 235.719457
186.733156 135.134498
147.950724 234.799215
158.999289 678.358817
121.021033 733.794581
140.269812 118.487349
119.876876 664.774642
141.758272 242.610653
165.471112 699.180718
144.522437 99.611681
178.704047 653.932603
149.735481 107.878894
150.451557 240.661913
150.201099 703.215784
125.319419 639.782458
158.369090 110.682510
159.197461 232.036310
182.408913 699.484994
137.698205 649.197430
125.840957 99.919842
145.712062 240.601535
190.229106 707.721543
153.825841 60.981636
168.686879 48.363560
151.476652 48.411166
158.421744 59.848338
167.589927 66.486084
189.852660 60.457199
142.232713 54.374366
179.664361 74.660122
142.056341 63.150805
157.327808 72.122922
182.663307 655.677906
168.390502 653.742916
117.628643 87.039657
176.325014 241.784991
177.565283 694.401775
177.469733 693.557681
140.475695 704.488530
195.417233 704.532072
156.760918 720.803025
174.302803 43.856802
161.052244 68.521621
174.655840 653.452891
185.667851 81.617005
161.817665 628.513943
149.241051 628.866530
177.073798 229.546180
153.788049 699.934246
167.335715 67.635743
157.874120 212.292178
162.921475 645.877519
165.410960 693.379431
159.657155 35.575736
175.044517 224.657707
147.687296 625.570598
180.530931 686.929217
188.054059 52.461152
141.635992 672.434966
169.051916 222.750155
174.336151 621.830557
198.913156 50.311269
181.056062 620.198215
176.216264 678.339249
172.750102 228.835058
186.184501 41.336015
210.381879 645.589624
174.619851 592.223673
177.302706 217.898187
173.988391 57.581435
175.013143 66.647446
192.106651 663.334706
202.993162 192.553629
197.609846 593.464317
176.270029 48.032065
227.698850 672.954749
204.390824 210.301918
198.645124 617.634913
207.644473 72.328089
206.859507 602.604329
222.184600 608.278150
191.190142 612.395038
187.896862 660.413736
203.244730 217.446687
180.435679 64.584262
200.595909 601.949358
201.926911 640.733924
198.799857 587.236781
191.645287 226.463173
216.971796 645.986002
197.686775 81.625795
202.142504 599.981905
202.158658 209.157341
216.463475 640.296929
193.837055 63.689646
236.579990 625.666639
202.597467 571.922822
217.526516 221.769026
232.990263 61.722598
209.254708 569.774373
200.120171 642.180812
252.902969 231.043098
216.253649 630.271889
197.879146 68.678198
230.160129 578.585500
219.208201 213.304038
228.632903 626.597710
219.309470 62.142879
219.454245 571.166175
234.683842 563.135078
234.055179 207.649011
216.939021 608.684654
186.695987 61.584710
208.976872 561.595626
234.688217 604.387478
256.821066 206.019142
230.186633 60.553597
252.305361 563.870949
255.344684 619.333895
232.542816 216.749575
240.231512 69.822367
200.698860 208.391489
227.562614 554.358513
209.826382 582.974744
248.593687 82.291407
235.009465 208.766284
244.895694 551.375937
208.451887 547.681970
231.988774 599.955528
218.944924 598.667181
217.899531 80.140052
222.779926 198.799837
253.460454 535.423201
260.866083 84.870631
221.174112 213.198496
248.507224 600.759089
248.904889 530.536479
232.001124 63.799726
252.347955 578.739350
225.309988 227.000402
236.347311 541.872674
272.168850 565.413159
236.390301 103.288256
233.265376 238.475927
207.626026 235.341014
254.924032 247.974855
230.391796 514.909654
286.203950 564.109131
270.081467 97.599702
269.450576 221.968005
249.353430 517.450645
251.036312 583.680412
255.840406 229.181595
241.781074 259.756653
260.112013 513.641725
248.110939 526.834089
270.910590 80.412665
237.251785 562.162181
244.166721 261.018569
240.124830 504.939989
277.138027 80.516264
263.158191 574.950640
280.622861 249.553902
248.374399 500.434347
227.302804 575.137489
275.686073 88.084722
269.886118 217.067811
258.530091 511.883978
247.213708 478.800872
266.936303 513.578003
272.266181 550.870360
280.434890 77.895462
266.112143 257.759018
272.206380 497.032211
248.032234 252.872899
266.058002 536.695471
286.375306 100.758055
262.160102 450.954195
281.827930 560.787751
277.115418 253.766849
279.070838 470.335612
279.814193 85.804158
305.281557 536.680320
285.083520 276.118698
288.916954 465.193661
261.250012 97.535264
276.404412 271.293359
286.212016 278.717532
269.980450 477.292005
289.955402 559.683939
295.117842 87.997996
270.182207 281.631212
304.126560 468.691198
292.208400 285.392003
289.634692 293.310713
279.602953 293.142311
323.555697 559.281413
323.281849 93.424264
301.885039 446.159007
283.707345 275.218189
293.343149 543.730355
278.365017 294.232649
276.751547 317.407459
283.545856 288.893689
287.683368 306.817921
276.862712 312.224036
285.364547 304.807266
266.749396 300.611243
280.429219 331.999618
276.080126 317.938310
292.978916 324.666530
303.773902 330.571733
281.973225 330.816850
292.251472 324.042682
307.318434 333.834685
239.142832 341.832094
281.062736 367.468818
316.837402 359.942820
285.591426 362.125515
294.502089 352.708949
303.254482 373.282589
295.788573 363.254146
304.896486 392.612769
289.294057 391.642542
296.641566 392.436368
307.460647 394.924332
302.765310 387.489575
291.866209 402.541581
309.978845 410.463489
269.702864 452.808782
304.546647 427.318422
272.384844 461.594786
316.212604 94.348580
274.831355 525.627753
312.175808 419.561217
301.732025 433.783259
307.936193 108.804597
302.837644 386.436956
276.127260 387.082322
306.306551 398.438962
295.564934 405.399920
330.693970 425.811531
318.408008 442.774241
297.593502 438.338312
315.937360 442.111609
305.169973 441.735812
306.072158 531.189925
287.254940 68.641225
298.356167 522.699713
296.820084 97.256440
297.128966 529.897486
310.040463 92.534333
290.123509 539.180716
364.077260 81.798972
323.748699 523.523831
333.754060 100.216426
301.733452 752.542598
326.616741 756.228354
315.625924 530.999274
277.086854 76.130656
306.675303 518.614625
319.301797 735.122017
322.685296 740.662888
295.206021 726.673119
326.926221 727.441646
296.689243 113.285831
333.802122 509.542420
350.277901 750.399156
341.883485 749.075870
312.236445 686.434205
322.505860 716.164441
323.048877 714.467850
334.775897 691.767504
323.856986 714.923091
303.927047 710.823930
362.652405 108.787694
304.604802 502.590096
338.646700 745.036603
304.539089 730.219320
326.909141 117.147067
311.811583 515.881959
330.090026 751.740459
346.112678 686.257774
325.878307 499.250321
322.294466 742.614128
335.235817 73.131961
351.492546 637.189972
344.211851 628.091084
342.978143 641.535457
321.791080 641.261200
334.947692 654.280821
323.023065 645.907828
339.088498 650.985494
306.941805 652.718759
334.640848 644.819970
356.837280 651.797382
349.911726 652.734284
304.407422 675.601460
323.784831 684.630475
321.350091 690.285920
350.366637 695.112959
363.804278 691.687733
321.051747 707.763336
367.048832 687.094589
349.924103 480.887272
340.506059 731.131499
337.232790 103.755510
352.754391 617.068491
340.700960 583.366333
336.082824 577.035964
306.364866 597.806027
361.487644 607.221919
346.297509 601.497455
342.891664 597.526578
331.490105 585.466646
363.927569 593.489585
369.091242 606.643050
337.995762 606.905539
341.354284 517.265922
372.675735 748.098842
341.078164 78.320692
333.341457 572.345234
354.315761 504.235726
371.022638 505.620292
322.061109 515.695164
379.421775 530.925563
342.219204 525.838824
354.907035 523.236786
350.420994 531.923844
361.077390 529.892987
364.112481 538.661236
338.307683 539.429258
349.432869 558.651309
331.877826 563.683416
355.432702 574.004087
341.229220 540.731976
354.054698 565.057865
353.897617 576.934823
365.944835 559.174867
343.478182 732.696971
343.696257 79.035260
327.447870 742.467234
365.328662 99.049249
383.045630 95.407351
359.613802 741.121079
355.296492 708.057574
356.799594 723.926207
343.424862 692.597759
354.894333 699.653034
329.207008 717.500764
337.089955 728.526920
349.595332 104.872859
367.442873 693.630259
374.328395 106.934471
369.408354 663.144507
386.057794 650.039242
329.170156 637.501347
352.708559 677.488986
363.129872 671.877980
360.291574 674.421571
369.702071 670.494244
376.353232 694.818229
329.215697 682.580578
355.412943 695.399962
342.941844 703.542608
352.843175 649.833217
333.663263 106.747842
357.861009 647.020650
369.335210 633.610557
374.502746 641.046686
359.018523 631.737502
363.763803 655.668931
366.357153 653.708726
365.679358 88.640537
360.879048 604.041589
390.645422 605.598375
366.303221 609.785272
353.666306 92.394533
402.963276 615.906989
372.394046 586.408294
381.072126 616.636298
384.795868 604.132237
378.467832 112.689607
397.957493 104.285783
379.432338 593.143908
378.699326 584.105657
357.628183 590.691188
394.228044 597.192266
391.621133 101.769125
392.935094 578.180612
384.919887 551.257985
379.438472 556.619318
382.880177 556.940212
385.856157 101.383822
368.655760 559.882051
398.070127 536.822562
390.604029 545.956312
396.453541 534.738111
396.724134 543.695269
375.095370 555.870053
401.677429 97.217346
395.204044 111.392653
406.242014 535.303188
398.709841 515.612050
388.768467 528.186722
426.864503 104.556506
385.371173 509.029563
385.576094 112.036771
405.655317 542.020325
402.859229 114.294515
376.800846 508.643857
423.367158 137.278957
374.713932 495.288815
446.820848 126.923005
449.912603 494.391265
395.224333 487.842668
430.554887 129.541777
411.523411 131.325019
418.247737 464.936705
426.999322 145.505156
430.771929 490.671607
423.058418 134.696148
424.741232 489.707688
429.232815 145.477850
454.708428 146.858426
434.123238 477.452854
439.213555 148.803066
443.703917 480.113895
439.670317 142.280308
422.847370 156.135851
450.566716 455.679816
436.966154 144.371565
472.826245 469.627264
464.552484 166.785948
442.895437 482.646449
446.497361 172.634948
467.201190 489.055922
485.245533 161.683639
503.712569 175.890188
467.895652 481.148610
447.134249 198.135211
448.046539 470.229947
460.684973 174.152000
487.009607 461.061523
437.115455 204.746796
451.814318 468.744718
473.195537 189.647779
481.196125 466.080251
489.801248 172.702263
468.031950 479.319868
500.643631 191.077334
467.052811 488.908868
458.034284 171.269076
462.992191 478.785848
482.326725 191.183592
506.002840 471.907635
480.356183 188.923729
460.580774 469.381450
487.433946 174.856133
489.326688 185.022400
498.865184 473.486906
508.403655 190.084996
493.885453 209.840869
504.971618 477.393254
496.140659 186.667543
516.926509 197.077265
507.046549 474.618444
513.620625 215.700539
504.245114 471.275572
526.676526 228.645897
499.885439 461.729644
501.669349 221.416173
486.269227 478.418196
510.499345 209.376036
517.581599 480.761336
482.907923 232.700521
513.186347 477.154094
524.040006 206.820166
531.085024 467.377078
541.163379 208.599828
575.129639 471.088332
525.348942 235.995404
539.398238 469.840381
504.193099 234.096734
544.986440 459.355654
549.542320 209.718798
534.762860 464.674720
552.189624 232.212253
556.861660 472.832613
530.084929 207.022455
572.317129 485.537663
556.846101 206.055186
547.758037 483.321456
570.029726 220.256240
550.721699 489.496443
582.671359 221.358753
572.695858 459.346642
547.773061 208.833872
550.433038 475.787574
552.663505 227.625182
568.122780 469.888406
564.550494 230.826442
604.156574 482.807357
580.193767 217.862739
589.758486 210.950406
582.059951 480.514520
593.764879 224.323454
590.886997 457.965571
613.664949 216.844091
585.257766 481.632070
601.529547 220.916709
605.966321 467.893456
606.651544 222.009445
583.951837 472.815477
595.924513 186.303370
606.647035 471.712410
590.713113 200.385377
639.785466 455.301896
639.033642 215.175730
603.527757 480.337364
614.375929 188.372985
630.138176 467.202579
600.933977 210.552986
642.012134 487.397509
611.923529 190.044772
630.644509 471.368674
630.498314 217.579834
630.982598 467.138921
650.314680 216.831567
616.571405 454.460401
625.064339 214.199989
641.626626 450.903042
640.439156 193.348216
643.029272 452.118338
630.301101 218.655189
673.479522 472.893146
634.612207 200.516775
638.185550 462.369408
645.389950 210.781367
614.269036 480.579367
673.978118 193.493000
638.792849 454.392025
684.830242 199.987569
651.298770 449.484807
651.275862 187.240239
677.353019 435.261984
664.838635 203.418981
695.164655 455.021805
641.425924 205.559957
671.311027 445.293325
703.095371 200.333698
706.131464 435.354520
659.921398 739.602035
672.694625 727.478281
688.164184 210.651552
679.344597 464.615786
673.233202 733.961906
683.724909 743.045331
680.726280 196.705018
715.216763 422.856121
716.452959 728.756189
695.300001 732.257840
664.808046 197.764849
684.286930 452.211676
686.276730 708.341493
721.199610 748.685315
705.059014 197.221512
678.243411 437.960718
677.138916 741.589618
681.500851 743.663043
678.851789 199.493169
673.013025 439.923968
704.736944 483.249604
719.557208 723.503744
722.615254 758.714227
702.858368 221.726767
713.958344 429.467301
674.611070 709.334734
705.246012 736.702412
693.402098 187.103836
682.221653 427.784142
665.962958 714.529893
713.312592 744.861985
722.970393 185.678402
722.841027 418.857104
702.216495 709.863242
720.876781 444.877638
713.947614 725.980973
699.828967 185.181872
721.807682 716.472747
751.836115 431.448515
732.079562 440.687091
719.669315 449.417754
715.885924 677.875695
668.682820 704.962360
707.443454 460.738712
712.933400 754.893737
691.211622 211.407193
712.404961 699.698129
722.925889 738.958379
711.229594 473.239841
720.378557 462.881093
731.407505 682.217879
734.831244 210.040163
725.320326 449.728537
710.473495 726.891868
719.171783 668.801127
705.056713 199.528026
722.788134 473.562798
705.146555 472.837441
735.166729 674.627612
739.318929 751.745117
701.495613 198.028237
720.888354 469.814459
752.384902 661.514932
697.059099 488.724123
732.281112 484.535295
703.818346 478.423777
734.979230 755.741160
713.014636 186.422909
740.924871 670.408304
731.959952 507.514538
704.680212 738.871421
759.373672 499.259260
733.812286 490.415257
720.693307 501.764709
735.861597 491.011525
710.075655 506.477475
740.525002 661.553535
752.325421 501.695344
715.884227 206.885541
757.114333 734.445532
737.189954 667.078328
725.479506 526.566865
740.322248 529.824247
743.515764 515.475796
739.526146 676.884132
723.836941 199.703705
743.409616 532.632370
750.676449 720.106707
735.210224 713.880258
753.781005 738.712157
707.725434 642.241383
750.372440 209.061239
766.784553 524.486738
725.976164 534.454362
739.832260 536.635790
784.923555 629.420831
744.808511 609.549159
721.874930 623.250543
737.053129 529.555875
748.199225 710.479236
729.295449 703.078661
729.019529 209.194742
724.494735 644.150641
762.819226 552.943256
752.497461 561.114950
764.266854 552.335177
765.125799 550.875287
737.506103 557.963344
737.377965 576.449871
739.712141 610.194537
735.956201 603.920896
769.324120 627.889848
770.512221 642.490108
727.755821 611.685398
734.131779 700.643710
726.433043 694.019052
748.822815 200.240244
767.124595 574.755029
737.164529 603.996163
755.201246 570.749983
769.064403 587.333115
765.649955 593.580693
774.556761 578.800726
743.137250 604.507486
762.224103 606.454094
752.073665 704.668560
769.092380 209.996127
740.898309 697.687930
739.926664 223.198275
773.799610 663.300774
748.672660 682.643975
748.634774 198.869480
773.598949 669.191722
771.234193 193.684779
775.981429 675.995758
769.889502 687.839075
773.302013 201.677433
769.919781 659.897776
762.053990 205.127152
764.349789 662.709749
770.739904 206.352159
801.853187 632.574869
818.917671 645.713782
762.673431 212.471385
783.477250 637.496965
826.626986 628.007042
812.559725 643.407373
777.537637 210.323752
793.360033 644.510351
797.164967 615.396207
793.404327 197.229523
778.376363 633.217486
774.746654 214.607028
815.064677 627.606481
773.726141 211.320738
792.591540 215.775956
792.446164 621.581730
786.738154 598.390183
781.570077 216.124357
799.207247 601.164925
784.619835 213.248146
822.192699 486.177765
805.825059 478.738300
809.593045 500.330374
818.583706 501.417434
780.260629 503.420229
777.529847 500.257687
812.448813 519.297252
815.919938 532.014300
821.430364 516.544901
814.106877 520.866000
816.451902 523.384292
837.910212 500.641442
784.615162 534.658299
806.546395 535.073603
813.756156 539.337044
797.676481 538.635612
795.287292 541.256945
794.741096 536.118798
802.905061 560.123691
806.847683 567.782018
834.736301 565.125285
809.666786 570.463671
823.693001 578.717649
811.326342 593.203665
792.141966 600.526458
812.544836 581.791511
811.648173 583.005272
783.594008 185.871797
814.347464 486.529142
796.980617 475.127739
792.332559 584.038478
839.587677 206.939545
837.749556 467.446856
812.592515 201.019287
830.655038 456.186674
858.186255 204.703988
806.069353 490.197395
810.169227 214.651359
849.907767 469.489395
814.154137 213.229082
840.262141 476.587965
842.523861 460.327456
830.195152 234.237041
850.446729 450.419704
836.775481 207.807225
842.570521 463.215153
871.271000 210.210220
857.782593 462.543403
844.876023 222.972150
876.879171 449.318688
856.438343 218.249929
835.948781 447.904378
861.413009 207.851485
835.129028 453.350717
876.681798 217.493656
840.020381 479.344474
868.022097 222.051643
862.506024 458.373546
849.395704 496.686190
877.569487 226.437389
864.262054 480.898907
886.070097 204.921466
877.127213 478.220505
873.728031 221.336859
898.154025 495.183110
870.489797 217.884950
858.567716 469.552480
884.288397 211.109760
892.429859 489.312026
904.617607 506.811568
892.836965 219.992518
873.601139 470.981726
906.650495 497.419316
882.480350 236.021967
892.134614 502.974065
912.173786 223.891648
885.762613 519.345852
921.847666 212.210790
903.933310 504.935689
915.467905 215.159567
892.473127 516.381164
947.884658 514.672698
926.187596 213.927378
878.352472 533.290356
896.971464 227.501970
927.669979 520.845586
919.780061 199.691589
910.586033 521.559456
919.019411 209.704504
958.930534 543.789024
896.990230 226.519512
888.744792 528.199290
906.885931 218.470322
946.848302 421.237330
924.806489 444.530681
923.488813 432.680503
942.454454 435.536728
935.886528 435.728031
931.603150 430.732310
929.349092 460.492749
954.309938 452.922046
950.405405 446.315937
938.596541 530.381788
952.937371 220.437275
934.280945 426.155054
917.655190 524.512499
897.980904 422.621698
925.196582 429.058002
933.063791 463.625851
944.780360 461.350958
925.684843 454.809375
949.471856 458.409069
949.584888 480.422578
922.800248 477.478968
915.631985 481.845312
919.491686 222.570821
931.383630 529.814291
938.863868 401.812262
917.744651 397.914294
960.122359 384.884571
923.978086 479.149128
914.483924 221.620171
951.443489 540.037997
955.166118 395.106214
915.866603 470.255473
983.624806 560.102367
960.364366 374.171441
932.066405 386.248719
944.844879 356.675095
920.295803 361.071778
955.633859 206.158158
957.684975 498.487925
954.059100 348.884329
937.546031 533.928340
946.486997 211.905179
931.454239 473.964714
942.354613 362.132347
940.403012 524.341714
941.148217 210.564270
972.764815 369.375885
949.528762 478.450396
937.468835 501.788176
965.713712 494.045331
954.094418 578.553799
961.967211 224.246090
955.584528 560.520594
962.168457 349.112692
973.017684 508.481304
937.221122 221.588099
964.667076 494.610024
981.404237 561.248946
988.038354 353.541862
981.678290 554.120711
983.635719 212.761194
983.475814 507.367882
977.536582 356.140726
962.148801 556.584262
974.829760 503.124937
965.359956 230.604549
980.604753 363.485495
948.617394 569.484561
974.300735 508.750672
964.234380 570.025923
979.275803 582.601329
991.546756 204.684940
994.285824 343.629541
968.516966 344.360128
961.005985 504.614003
1007.910132 568.093692
978.031512 236.613952
952.874047 334.294959
978.813438 575.350596
969.148517 515.699996
992.963105 247.640883
986.688916 313.884031
988.816685 571.473958
962.724016 513.541118
982.714715 222.379173
995.605253 330.662771
980.604278 536.224492
972.199588 581.095123
990.515351 216.442307
1000.998054 583.775381
1003.991648 326.917939
1021.709634 512.744946
996.149364 227.865834
973.187978 601.989311
1004.017293 345.023575
989.147683 535.113697
979.084495 243.965055
987.821117 569.516854
998.202607 304.760717
986.929488 545.944732
1023.689580 600.145463
1007.807445 613.392763
1001.100771 533.576627
989.507408 235.084487
1017.102795 540.223091
1030.349900 341.314735
971.719249 605.318236
999.417090 610.688887
1004.510476 227.103148
1034.286794 555.779757
1008.987866 554.614405
1028.427604 334.759628
1008.120770 540.317182
999.386470 354.304246
1011.457806 622.759908
985.536441 607.488219
1013.683595 242.294516
991.212139 539.096119
1012.675951 606.756563
993.725645 239.464033
1014.024431 332.999397
1014.359383 539.624322
1028.215726 356.077908
1007.672932 362.279337
1022.084746 347.255048
983.959813 375.512917
996.302560 628.433398
987.690081 618.330600
1014.777965 558.736084
1016.922259 546.870472
1033.163533 566.087717
1010.716673 241.337999
1037.521911 352.978376
1009.946938 636.084272
999.554797 359.408303
998.383653 382.942903
1022.553620 382.494320
1024.444060 568.899181
1031.369029 640.897367
1024.151727 233.940413
991.169677 573.085784
1018.727050 569.858588
1015.014697 365.416599
1020.341839 388.415466
1045.992446 365.778018
1008.196743 626.647366
999.865802 636.139243
1021.420496 652.429431
1019.262519 234.743350
1016.763527 647.172247
1041.570445 585.039505
1029.497857 568.038374
1019.425483 581.814452
1043.685825 371.293209
991.967966 242.591958
1059.182011 413.963206
1021.140100 393.729994
1011.911520 662.528652
997.692957 664.176700
1020.434526 709.997987
1016.222980 727.377935
1059.646623 733.998687
1045.331741 590.462890
1043.893626 581.762741
1037.487303 605.555472
1008.640974 671.319158
1007.391160 228.666605
1019.236200 393.593661
1009.123818 703.338413
1021.368178 392.953456
1035.203539 408.634689
1030.489469 660.005699
1050.372283 670.253514
1035.456085 730.816771
1019.596612 577.479462
1018.276358 603.395138
1009.757163 590.697808
1039.463494 235.125804
1016.762184 611.991255
1033.532620 697.474100
1049.624025 418.436027
1029.768764 679.867641
1041.834197 713.817568
1053.957990 415.652539
1051.601728 407.123648
1053.695094 410.225542
1041.088082 425.093751
1021.656167 420.169034
1044.449940 700.140925
1009.783963 665.121350
1030.953909 690.096193
1018.003533 697.703896
1054.319099 678.839132
1063.056071 439.266398
1051.951243 251.154951
1001.579633 589.913955
1019.899890 588.250092
1024.176855 620.638989
1028.998028 662.547353
1049.733921 751.717703
1023.927341 245.831585
1030.930348 704.856892
1059.104567 429.821767
1052.323106 449.420660
1031.287015 438.767244
1052.063174 435.412852
1021.129072 427.202296
1054.390210 627.715300
1051.225007 747.482421
1054.505968 248.769055
1029.855803 444.958216
1049.356727 612.949879
1028.451949 442.472213
1066.032877 468.814334
1048.767724 467.287724
1033.792306 738.407062
1022.376383 252.910580
1061.489077 614.800645
1046.042182 456.727139
1025.988453 463.715255
1062.148520 468.845414
1038.475774 468.737201
1026.825209 732.368151
1075.122428 260.052410
1059.366681 639.843427
1044.995261 266.359538
1042.741680 495.390913
1050.449885 638.335039
1027.974523 733.584341
1051.522629 468.605766
1038.284543 504.709651
1058.312259 654.752767
1055.050478 642.232724
1050.106861 621.087164
1060.517503 258.891580
1051.986559 737.652132
1080.251936 497.036814
1049.467955 487.054007
1051.626988 501.381792
1053.679449 500.259307
1083.848733 641.533474
1088.473179 252.211004
1020.659086 717.522461
1079.424208 701.873347
1017.183065 701.573282
1060.545292 714.558725
1071.134603 733.986938
1060.619178 655.647652
1076.984230 509.032156
1063.799209 513.337870
1045.926692 509.801955
1055.759313 240.916826
1058.073242 702.954188
1072.225217 659.854641
1093.430432 699.194262
1079.533802 697.674101
1040.473904 248.826169
1063.519730 513.122683
1064.636120 630.477801
1079.722933 513.913208
1082.973319 525.831910
1038.991018 686.249002
1082.232727 661.344586
1056.809450 664.753428
1085.463430 670.040841
1069.278717 684.959437
1084.141360 690.163318
1049.166881 273.082770
1057.957026 530.144188
1088.899554 529.225196
1087.590616 238.957106
1069.587761 536.303611
1078.308466 248.048707
1094.843639 537.520697
1088.046949 258.108075
1090.507002 527.802336
1073.101843 257.098217
1097.484107 556.298470
1089.824293 266.575436
1105.299133 545.672511
1095.126415 269.640773
1104.775326 544.579253
1105.713939 249.279900
1115.159236 537.218901
1119.679264 269.852171
1102.682108 559.067781
1125.124468 270.885752
1131.923369 559.759627
1124.632348 286.076559
1160.395414 545.733665
1112.246726 273.888513
1102.788756 533.514984
1132.825628 279.163840
1147.597833 533.941559
1098.465848 272.025423
1092.512167 274.380446
1121.196660 544.952098
1124.625420 296.952213
1145.013871 284.102248
1138.120996 533.906312
1144.813455 301.871532
1114.721691 300.654695
1163.053361 560.120873
1121.707642 295.873013
1143.820666 563.503620
1119.950680 319.350119
1137.047898 294.657695
1175.394756 322.341085
1157.174028 305.240174
1134.395739 303.193366
1121.375344 316.021765
1127.225553 334.147158
1151.112628 351.000384
1154.703944 335.354685
1136.560696 334.737148
1140.069947 340.587979
1131.352062 342.046599
1154.525440 366.852423
1144.050682 339.442408
1122.418490 367.271057
1136.701143 564.046585
1142.766806 363.225002
1135.538552 382.741148
1127.789622 389.144162
1142.745291 375.321872
1140.390962 387.317197
1158.610167 399.955316
1159.639222 465.376315
1129.518403 469.615166
1122.777268 487.547505
1144.072859 474.165861
1147.286915 468.465355
1144.049968 489.555329
1136.012394 471.338452
1135.583174 499.940416
1136.311287 503.263711
1136.555267 529.118981
1134.183643 530.808451
1147.168638 501.919287
1144.632108 384.006795
1111.011077 537.013322
1135.761681 514.694123
1144.782146 464.197299
1168.039992 378.581159
1141.136003 403.324469
1172.021674 405.436488
1166.973300 460.837166
1154.906795 554.758652
1125.029980 402.046534
1138.277774 521.021202
1139.680833 545.723977
1161.902598 452.058585
1133.293995 525.082200
1146.138314 411.658432
1155.414902 409.132548
1148.201390 394.008635
1156.900493 409.877322
1135.697429 428.572490
1149.831372 448.168716
1166.333634 410.154453
1168.979217 536.841652
1160.771793 549.056929
1169.934198 436.849904
1151.690016 448.638602
1138.831411 435.872575
1157.822067 422.091751
1166.212913 439.830613
1164.291070 523.348459
1158.604525 556.304248
1157.290356 540.196552
1167.783838 539.461332
1206.430496 534.186350
1160.125801 574.942755
1145.253441 541.335827
1183.098749 553.289583
1172.667891 541.694659
1160.024033 558.513961
