10.734216 728.144098
44.168667 766.383308
21.765536 746.774325
14.140419 772.442532
18.275051 760.064506
16.520213 765.926048
29.271780 761.013656
28.715134 767.791746
22.442306 730.578280
21.124113 685.678568
32.599626 729.176629
29.625590 721.404774
41.243516 787.249127
42.963717 728.731247
25.967629 792.729942
42.430418 287.052286
24.065681 321.935643
17.721487 306.908322
43.820099 313.780670
21.624732 314.264623
55.015751 332.520220
40.471752 319.367189
41.001320 331.664219
27.953123 328.818388
25.583417 328.844069
31.951968 345.986506
20.041617 710.237151
23.868597 782.146551
48.797336 736.554355
37.206779 306.300449
43.594112 279.784864
42.706913 740.766589
34.030135 808.277601
36.364338 297.425962
39.214166 290.370441
45.279852 284.200150
38.580739 341.055934
45.713984 360.927330
25.375034 337.629932
38.449296 379.679732
47.495713 703.749566
53.314349 718.698087
40.843995 800.059258
38.850600 365.765294
30.871819 259.499967
40.343009 700.965545
40.375893 280.640664
60.236991 269.923552
37.198986 387.986893
53.787899 375.448895
55.533503 364.986453
51.645561 679.419538
48.787019 691.476041
35.947090 791.372349
33.775934 827.314036
46.513258 832.307782
57.253920 254.470257
64.991276 370.896745
58.305521 706.020450
60.560751 801.960105
56.881490 811.156906
47.871796 775.230850
66.463994 837.500698
71.593570 818.658203
53.466340 261.413995
68.543278 398.930116
75.794225 675.258063
60.160873 812.902472
58.952192 673.068445
61.846915 840.689684
60.567555 251.766333
61.923383 400.050512
65.923833 669.975048
46.336514 374.352712
63.345247 385.556937
56.115102 807.239108
52.320082 241.856563
74.795559 645.782718
68.833160 401.095603
72.580681 830.760866
60.771864 272.294179
62.359952 633.403404
77.718410 413.356553
64.927938 837.279046
78.437401 232.685458
62.213500 653.030226
70.287513 409.014989
75.720019 647.735167
60.135009 811.864768
75.961340 250.745757
87.511702 379.595998
68.136134 629.410130
68.474730 829.589021
79.043807 633.976966
70.286220 857.531799
63.536330 247.040023
79.731350 439.171427
77.587519 631.982746
82.395022 394.414736
73.506783 425.267303
79.630355 421.025636
89.307949 421.957003
64.103426 392.895106
69.432747 426.225625
76.955193 451.390412
101.834479 439.522208
84.598123 425.758367
93.218973 856.280523
82.971331 238.924478
80.786331 456.547534
93.504326 627.847233
94.320514 825.411188
93.690453 241.024366
98.762246 441.211548
116.677093 619.013450
98.390180 855.974862
83.022014 245.298122
69.376782 464.155185
96.554401 606.309037
111.935534 453.644412
89.221674 481.115403
83.367865 585.079888
112.805316 865.953659
88.012362 242.848169
123.237553 448.945616
102.287084 592.677864
105.376719 598.744928
96.309844 263.873492
97.974932 457.390117
103.968597 856.330324
97.090630 603.779588
104.971045 266.245027
107.536290 469.474386
97.696377 482.136082
105.755164 856.875503
100.987769 438.664349
135.957156 550.449125
93.449676 277.459800
102.967271 846.286088
119.781510 581.832722
127.651075 265.466246
116.134912 459.338827
113.552514 288.552298
118.382551 829.319737
100.570396 584.884628
103.361402 537.684977
111.498914 588.333107
116.202252 487.599667
110.808499 260.444710
144.258710 846.310587
137.155556 474.764540
102.435217 571.538850
119.581081 570.852797
83.497026 255.080264
138.937238 833.459571
116.566628 464.957203
113.406492 268.713611
113.574340 565.151731
111.764984 475.036613
147.099917 533.122696
128.964791 829.724929
128.646996 280.730067
125.535299 462.191305
127.994175 544.523538
136.003598 853.268024
130.408463 535.641551
119.459367 238.447924
124.097854 493.943405
137.870658 841.751624
127.858369 512.080613
146.360623 530.691144
138.063599 277.332274
144.330846 507.988268
129.971605 854.227436
161.640305 523.506842
159.072437 256.884921
154.426143 501.028806
142.066495 522.225165
146.454295 841.209933
147.593889 260.466137
154.666036 487.668736
121.279151 513.553852
126.600174 527.999297
139.340319 496.695036
124.433076 516.922339
112.359496 855.609685
123.347255 278.197895
148.953944 844.766843
131.886173 275.373840
144.594044 847.430606
162.683649 243.445208
152.895405 860.497654
160.507100 263.132572
154.388961 870.255066
155.016408 277.704590
166.908075 836.278969
160.236501 282.984146
166.106569 869.767857
173.362668 287.831929
191.270914 849.866290
169.936807 257.437582
181.433115 836.957449
174.820101 319.726328
164.922419 861.210125
163.497628 289.325863
191.762749 857.201782
182.158678 278.060597
172.998185 315.643017
190.440606 864.378049
205.921261 315.263798
187.200382 848.094427
186.190177 302.915036
190.637049 308.783294
188.230528 825.571424
187.692990 290.176230
194.273452 856.310597
193.998975 318.803381
214.708793 300.868079
204.396226 812.685892
180.525001 337.536250
169.567170 831.618008
226.305024 300.070612
206.412497 317.549291
191.326657 337.626338
223.131835 838.382816
205.327695 345.278293
217.329677 866.614393
199.043575 321.564392
227.155729 823.915934
208.078154 335.547055
207.853324 823.902722
201.957041 331.392982
228.260989 846.365014
222.211137 312.836943
224.986728 814.458651
243.745411 323.150235
229.372736 820.004391
231.893101 312.687400
225.136059 807.518020
234.438092 335.923004
227.227311 828.066312
243.252801 357.641288
231.146738 331.215711
246.896337 827.815917
235.698961 357.113959
260.049753 818.573510
239.043422 345.368064
229.631143 807.728246
261.823786 340.661057
258.465553 804.538023
225.303493 364.149919
259.666584 782.876622
242.078983 346.098586
264.632017 808.737360
254.577412 352.898583
265.444657 818.159973
291.493104 334.394072
262.998899 813.019014
271.539662 359.855133
283.327742 823.678668
272.829553 340.023171
302.998693 812.317965
297.919697 329.142520
277.362212 821.888068
276.164858 351.089368
270.673884 807.381719
294.896364 354.223497
293.440855 77.790564
301.135551 112.481933
288.006481 84.349531
281.292420 100.549604
299.366579 115.205272
275.434293 795.576697
290.003119 347.276751
290.531163 68.383227
275.452315 110.039712
294.663105 97.896763
309.089227 115.491353
291.939626 131.850178
296.592789 813.960221
300.108510 348.743652
290.298682 77.662779
288.800056 120.312298
277.478406 788.915651
312.023114 115.745048
311.081032 331.814899
292.128261 51.346723
310.780277 810.152844
295.611351 103.028754
294.439360 158.940882
310.025550 358.384842
274.872636 55.677477
314.087281 806.256484
317.735918 159.875941
305.686812 137.377191
299.986335 146.414983
295.645493 358.437250
301.517765 18.858649
300.136093 119.434545
321.668866 138.884166
286.253201 158.675559
322.812255 138.451791
290.633830 153.257371
311.653518 139.551461
286.021027 791.101327
319.474953 369.688215
330.113185 43.642018
307.401815 177.985644
299.378770 786.966589
291.224992 160.171875
331.164769 326.046834
305.379754 53.464510
297.328030 788.938256
299.891299 191.965802
305.368805 179.940529
314.143626 76.755616
328.726721 370.815547
311.761126 149.183479
331.960248 774.842521
334.334899 48.952734
332.163904 172.940666
311.983044 180.604531
325.995352 355.314741
300.161585 789.017077
338.070609 6.659199
318.154025 171.504252
323.608752 336.195731
319.200784 207.369379
326.125738 792.790644
340.071572 51.125249
352.937131 343.787447
315.852560 190.910823
319.773968 803.856558
339.107844 338.160414
335.755276 54.432693
317.786706 230.162339
335.968173 806.754129
327.675842 297.662844
335.532647 32.116074
341.548560 200.929402
346.222066 800.499436
344.649678 334.818094
360.265386 53.911284
336.414982 209.826212
354.153242 307.833288
335.854243 828.930776
342.977920 6.659294
318.710098 208.837649
333.818956 316.283389
336.322991 247.958789
342.420443 196.652980
333.620564 809.927440
371.638810 42.645893
362.705118 303.814005
349.600846 217.656210
342.095984 309.982386
353.071267 316.296945
347.802123 314.835886
362.909120 802.610135
349.320099 20.289997
366.481575 232.359791
350.419128 270.007173
348.830345 781.931261
344.729474 266.170951
341.417802 239.315904
347.500519 280.959705
346.614802 245.127714
366.291026 282.824504
384.241750 256.025011
345.246659 276.816249
369.064490 268.602252
325.848011 275.465115
363.521148 296.525098
339.013468 51.004192
378.442084 201.707826
371.590919 810.649584
377.399041 35.748859
351.093760 245.097002
343.619352 204.707380
356.414207 222.270972
371.058481 235.713550
360.191876 256.349187
389.030048 813.521110
373.800381 37.590365
388.115732 240.817457
392.156265 226.785203
360.709075 811.686053
375.815276 30.862197
381.279781 52.824883
372.646596 793.176528
377.688750 28.286312
355.634778 824.481954
386.710865 66.041755
378.530629 58.886283
365.173443 32.432453
381.139084 825.007663
380.795853 62.169012
381.529398 821.797409
374.577334 88.783529
384.461795 57.541626
379.112640 815.987896
407.042589 954.551936
405.247271 918.569044
392.315678 960.529994
399.865584 982.159992
400.097579 964.245224
402.886879 990.290684
390.878803 976.978271
374.921045 993.384070
373.298453 991.039309
374.464003 1029.351303
393.632461 982.204554
366.205556 47.566450
388.341173 800.576575
375.873613 987.905912
381.947074 917.521105
396.095750 813.129359
381.833642 919.555164
382.998245 915.678076
390.112941 950.922803
381.792657 933.975877
395.925841 963.332537
394.389164 929.676744
410.983352 931.752763
381.968978 951.208588
386.061180 994.725747
386.067838 1022.701010
395.351437 1004.081210
400.850954 52.989041
386.195674 67.328972
399.067321 81.993777
382.724862 55.169611
420.381760 817.203700
397.035060 900.932703
386.072033 999.100479
382.471694 891.348128
394.814347 911.713642
392.531738 887.190522
394.111451 896.626365
406.676549 915.200038
396.550467 99.684143
410.328272 822.730224
386.178139 1001.397734
386.387290 902.954302
401.880671 800.952905
402.270097 819.480993
403.808217 799.711222
421.801727 865.573675
393.696384 862.829406
399.398573 85.376589
417.022356 994.207581
415.257995 834.029635
420.982050 886.138036
417.205498 67.151858
407.898534 865.219658
421.492353 821.368445
432.864523 1000.207144
419.160748 1025.021052
414.659666 87.451971
416.171903 896.503737
419.366047 846.126509
407.080182 834.613059
420.190532 829.512923
402.579908 843.092614
421.826708 868.702753
409.521581 878.574645
410.636731 963.201176
433.242365 85.545444
418.454668 980.878396
432.152221 69.418469
445.340041 997.260595
427.074915 90.089733
434.751825 965.271767
418.747012 80.868029
417.361938 997.815427
434.260620 89.621701
427.755391 86.250848
408.567019 990.182214
427.743550 115.332854
447.773955 1005.841712
452.752579 71.785250
428.928934 991.048495
446.290744 86.911869
424.195487 108.145015
465.779250 988.551700
443.461116 110.243895
445.896304 944.925928
431.645926 127.999677
451.574194 116.843297
462.695199 975.839365
437.950056 107.093331
446.854636 127.587596
467.739197 952.145835
459.231534 118.193182
457.301664 132.313729
483.122183 958.925283
463.860568 137.685331
470.628469 973.039138
451.202368 114.523809
467.710831 137.068551
477.764703 942.382873
472.603308 159.493713
488.958610 156.154636
459.947694 147.595752
487.549527 165.489524
486.752849 956.298982
459.086061 161.387259
466.459646 917.007566
464.294176 160.256894
479.860800 918.958981
492.818701 183.563657
457.746917 939.116517
483.732346 147.726988
488.066149 930.673235
506.961000 168.827245
480.269862 929.656497
498.789813 910.722590
491.763555 160.696499
493.261103 932.135170
496.259452 942.724456
500.795459 183.740078
493.899244 912.924929
513.139703 172.959858
493.203062 941.608134
505.128965 145.771358
494.879789 919.198203
522.067926 160.112559
499.724352 895.944413
507.876692 176.051783
502.536533 917.414037
516.116937 871.993942
502.103428 197.160147
508.822879 905.395302
518.986628 189.391386
494.243262 885.092666
542.334716 196.775813
524.127594 896.242465
533.496439 176.663219
506.713987 880.708723
511.809445 864.083069
536.175359 188.376770
536.874339 875.064142
535.335036 852.794507
516.879920 859.772980
554.876365 213.283180
547.607276 865.299898
531.184680 164.453885
523.862623 834.395482
532.181669 856.803375
511.608135 191.097723
553.609159 820.012423
525.339237 180.780995
539.935697 834.377786
529.851570 204.593349
539.517655 844.233599
568.468052 216.757037
541.772719 823.293761
542.212556 819.275448
545.665801 193.529215
529.043702 745.576176
553.946553 745.502820
538.433567 753.722638
554.972100 833.111410
529.988641 818.882464
533.843652 803.090622
546.837565 248.375836
538.567589 728.390201
545.562981 803.030035
560.249814 707.653292
545.025413 714.061798
559.001329 727.536633
558.853170 727.598561
565.822048 714.606345
554.305209 732.034218
560.551050 744.477348
524.605789 780.552707
539.809578 786.082128
543.224094 811.216744
570.045440 225.714498
555.581765 245.995822
562.780090 719.237582
558.402115 758.323093
556.698932 832.187585
565.348415 702.369156
555.063605 736.469897
555.405158 775.939710
571.331592 793.669267
542.374033 788.504984
549.098680 786.437782
549.246311 782.775933
547.381595 225.494697
561.858019 672.395710
561.309193 687.195078
551.280790 213.274219
565.027241 677.627500
556.369811 251.347245
573.133303 681.016635
579.337639 225.044258
586.335452 719.364039
559.997994 225.526814
574.855499 671.399720
579.093770 210.956536
576.524803 684.449776
580.851077 231.285502
588.381175 669.788611
596.678649 214.250468
582.494680 668.574428
589.218170 210.748874
591.869772 667.525336
602.287912 180.888599
599.690664 686.614472
597.107068 199.602029
603.056376 643.186748
611.248004 217.678297
599.900302 624.548431
589.879201 222.634585
581.375432 660.017106
613.629998 231.261387
583.221868 646.112259
602.632883 220.383469
608.621662 649.616619
620.710234 172.870224
624.588281 648.497899
619.149851 222.052060
627.807203 633.236251
623.311941 204.482182
610.524822 670.787915
632.740253 200.214686
625.874165 672.687340
639.280562 210.319684
646.705186 653.682141
634.151762 184.304717
636.787403 659.332521
624.262919 185.331335
662.998373 667.774720
645.050329 200.789616
652.591455 657.534311
641.653559 194.126907
648.282773 646.641855
672.047362 209.935804
656.628982 643.936396
669.064243 200.368997
662.675951 667.689556
666.231457 203.263238
658.266062 656.315105
658.919618 201.883772
659.912636 654.798575
685.416201 209.014418
682.673400 652.998150
681.334373 794.247369
668.248687 794.344343
690.015604 801.461443
667.880929 781.423402
656.410181 825.201709
683.091854 790.995566
690.438434 820.292641
678.028499 828.507063
656.979842 821.987913
672.737410 830.217351
666.518977 817.458309
670.366323 205.672926
677.546861 665.854745
669.269109 802.067387
663.064157 824.465780
687.986455 763.822699
676.353081 782.917355
666.998885 783.790718
671.283465 199.608551
694.041250 650.108629
670.511848 826.310063
667.569565 754.957067
694.098705 755.655298
689.378583 204.380025
670.964307 681.374876
703.260551 830.763515
686.486270 736.615454
686.621448 213.872828
668.538093 648.491917
700.055114 699.325982
697.627739 700.760523
697.711303 693.334970
688.347877 700.379103
689.251459 729.586618
690.851517 732.356804
700.794675 736.103304
685.474889 747.346744
664.083278 734.915054
683.780659 757.206394
694.739298 747.235446
687.223937 820.708067
704.470204 192.832948
681.003112 677.385085
708.488939 676.786088
695.390433 699.133965
703.629776 722.455217
690.845954 644.401427
697.176252 687.162243
690.588958 671.436041
686.681273 687.458011
684.192552 720.001075
697.406512 725.877168
703.252334 716.283689
693.818543 834.768857
697.779095 216.092191
669.362230 831.969172
706.408443 188.363081
694.487274 830.539338
716.698113 192.806724
707.016053 819.388632
722.679910 211.377523
718.099347 815.952034
709.821662 203.407210
698.402994 814.757863
705.490404 195.268025
708.799430 795.733666
730.731301 761.345527
725.604586 226.984350
717.814986 777.078298
715.753577 211.522284
703.901087 783.761196
732.776467 199.863846
735.911035 782.571560
727.435461 789.096912
749.572045 201.022193
731.793343 780.305892
742.145613 207.525898
725.631586 765.272251
727.774448 222.438624
720.188901 776.788263
735.040666 207.173768
751.709203 770.519372
746.835512 230.722537
746.592178 780.991744
722.144417 215.205799
746.324113 506.053654
751.725975 498.383170
739.203986 507.009115
739.128949 746.107754
748.431460 744.378672
744.449332 755.378296
754.754670 493.684225
748.388802 207.611388
747.022322 465.836359
746.349280 736.329350
759.002953 473.612753
762.169966 514.191446
757.461908 210.884135
777.218772 747.260086
763.072537 501.708584
748.840246 481.051316
761.489893 450.201074
735.355114 481.929191
760.599050 488.244627
771.597159 710.621446
750.665460 215.273924
757.383269 731.980017
754.972709 437.219370
766.502009 494.829261
767.752086 196.338502
745.872599 454.895121
780.519818 741.440986
758.011206 726.236836
747.693982 193.647952
766.456667 526.751292
768.351443 425.056797
775.778398 736.863982
765.152484 530.665887
764.857268 523.675692
787.615384 501.485401
782.443387 541.268245
766.866073 724.664463
776.826628 709.770825
744.106876 715.681203
766.532470 227.874857
766.361608 442.497617
777.053171 444.430504
761.870811 541.771179
768.923788 715.197623
750.112457 211.493850
766.569107 445.858839
772.183046 450.435476
776.799950 431.998375
776.734046 476.428917
752.440366 559.543698
775.475361 549.294195
754.542078 613.266747
761.033488 636.401721
769.330664 619.014413
777.598302 636.253685
778.579199 633.626195
761.717352 661.811100
781.614474 682.065421
758.751575 681.502770
774.771858 695.200201
802.881191 714.561063
786.625437 539.288223
774.396156 666.923113
766.346516 204.236030
759.294568 415.194790
769.877128 558.002384
783.418409 612.983993
796.894573 703.576568
772.874015 538.060309
784.217720 564.411838
768.309468 584.366351
761.866661 579.280530
775.807622 608.200908
760.983186 595.719598
772.680008 580.281753
783.039881 577.073518
767.292153 591.446928
778.207393 594.556564
795.661899 581.605787
758.237465 592.367164
766.427468 605.253928
777.818691 599.431308
781.651207 567.254772
785.910195 603.706058
759.680212 634.242091
779.614391 659.767163
802.651814 680.047694
779.070046 652.017802
787.545250 655.717432
770.720382 682.176195
795.014311 215.552184
769.572602 414.485040
792.687359 221.556830
782.252289 225.569246
785.755767 225.171419
791.164391 424.579601
786.078719 242.480238
774.344611 414.040895
785.118356 210.700745
766.572726 412.969358
790.500748 260.042384
804.440729 229.511446
791.171666 249.326377
805.295971 291.814563
806.938905 270.676324
781.272643 277.498879
789.787524 398.092353
801.527979 399.963538
775.422053 261.041747
795.562088 368.976875
802.257194 261.737191
798.827068 352.578413
768.469533 379.767173
803.068555 271.599455
814.030535 368.634966
827.828263 373.530562
801.644586 266.151658
825.313847 379.648644
805.410905 365.200219
790.521184 293.489524
807.153310 353.633244
800.566815 335.746102
804.504516 344.010435
806.579731 254.542184
821.460259 351.467637
812.518256 253.292782
840.902214 293.818639
816.619075 294.638625
810.403507 317.522536
811.715486 312.449418
808.357636 336.745981
809.565472 289.969398
834.795762 329.809448
827.440946 264.477558
822.991555 285.099480
832.858678 293.832559
828.997971 301.385134
831.178207 306.554204
830.981050 321.865238
827.126448 310.265437
810.250114 309.544996
