36.485081 286.815001
34.755611 291.964437
38.926269 297.535834
46.101775 311.289602
23.881649 300.847472
31.557205 304.118286
20.542376 298.886728
18.624427 277.238045
54.171290 320.077322
44.558704 282.404220
36.288872 264.163713
50.375655 315.874420
64.566043 323.291833
53.515810 319.447394
4.224159 354.072157
64.640137 381.288450
38.419412 374.948105
43.316279 383.542337
46.257636 331.937827
43.038396 286.918492
23.180882 354.650285
41.987432 373.496750
52.710914 341.523014
36.677156 278.965213
62.314249 350.949542
51.723174 386.139890
45.245041 339.076117
52.744730 269.240524
46.622827 340.354172
41.631464 330.436108
30.588943 341.648480
48.659417 353.876513
67.188950 385.888562
53.856882 394.661149
55.244763 391.081606
30.413175 386.915912
34.248520 400.506724
55.124226 404.690237
90.321686 398.967326
68.476868 248.558946
59.352179 400.953082
52.821586 272.752947
48.141695 400.977035
77.754601 403.474349
46.394224 410.568631
75.347600 415.877140
60.006032 412.542145
60.396840 257.680492
58.602834 414.017442
77.525880 258.381269
80.222921 431.651958
30.074898 289.795700
42.683783 422.310613
88.884782 425.288922
62.684832 431.284266
86.433337 266.960186
79.724996 459.524997
75.252238 268.747194
91.171033 438.804710
60.442530 270.707894
85.296606 458.503859
87.580002 280.184291
95.062969 452.886965
88.499667 273.676195
77.713209 475.321773
85.577649 279.941088
94.772029 466.876865
81.613770 288.256703
123.754572 466.757351
75.970131 473.812987
87.424746 273.355201
102.510883 459.402185
121.103439 269.775366
113.384698 458.526241
109.820674 276.694421
131.594305 464.037604
103.879625 285.007451
100.975408 465.438642
131.268508 279.993847
138.364640 488.615181
112.551502 287.937656
105.900689 472.090150
140.842491 274.020632
95.439232 456.569427
157.316620 265.731599
121.871738 468.857361
132.770506 261.205706
147.892312 477.902081
131.178069 271.192113
145.415066 467.537284
134.054600 282.808509
115.335253 476.088937
167.358997 264.353650
144.192711 471.482128
147.929369 257.219639
146.139396 460.601051
142.346914 263.875618
144.256862 471.372618
159.827035 273.460976
141.509421 453.315778
159.199065 262.082770
155.094128 468.212118
179.999885 287.795560
189.334105 485.251564
141.572685 279.437042
164.996744 473.429938
194.597044 290.288191
161.267902 480.790069
166.843697 275.744594
154.854090 461.129497
196.568896 264.519260
167.555437 470.539953
187.187615 281.400967
189.847191 458.265396
202.517797 280.954172
222.255797 484.083132
195.740035 270.699894
186.372981 454.418728
201.643252 264.664431
213.302274 467.508623
181.956291 275.719022
198.112945 487.996483
228.602090 285.640903
212.473900 480.705934
217.896913 296.094909
221.762971 480.306388
229.663769 277.575860
200.572861 488.107650
208.967947 473.294870
224.870906 289.843096
202.027126 307.428419
224.415399 296.689698
188.701756 505.528452
213.596357 307.452064
213.679353 297.851083
233.084683 504.567256
225.225040 483.424503
223.954911 302.446558
237.874027 498.686454
209.713622 307.505237
235.808304 304.683037
212.310821 513.513014
222.691904 494.799734
241.312612 322.853673
232.398370 320.252361
247.203961 341.492267
205.616470 324.483874
229.182942 328.622706
228.020439 389.665259
219.470850 392.763995
241.361114 405.121094
234.011115 400.098717
213.777196 406.567935
232.531105 405.005915
227.769402 425.371802
242.430858 435.317738
238.123412 396.846660
221.027556 344.189248
218.956632 423.602972
228.551906 518.763818
240.315652 393.866085
242.872304 327.811898
246.274137 424.339747
219.378505 346.296235
248.732971 507.774666
225.398952 384.010152
234.955021 419.190903
212.592664 335.840038
249.297415 335.894742
234.248534 357.148652
275.815844 357.701699
238.123887 356.566215
230.662634 375.868262
245.636123 364.567446
228.774049 373.354913
254.978038 376.681288
227.674860 450.883762
228.573161 442.291595
241.081054 504.939769
254.521031 506.730970
224.224165 531.188444
253.794467 519.801731
249.606588 538.433592
234.961929 440.674163
260.456393 527.556883
240.964739 428.226363
262.753464 436.407842
247.364954 436.447550
285.117528 556.090096
263.385068 533.562318
237.742431 541.390070
246.309603 535.065385
265.723931 548.977964
244.404611 460.745114
268.221319 554.424556
277.546154 453.221604
277.809930 561.269460
283.009584 454.518208
261.999865 557.932309
257.739620 572.275060
256.803703 577.668360
272.791036 558.668166
246.396117 574.070943
283.524476 571.531852
271.883798 577.132994
256.717000 603.048178
267.392710 605.527332
274.322500 578.582531
258.783706 606.813868
275.784952 604.634233
276.001495 461.042464
288.074585 609.828045
264.665983 458.189087
249.567419 457.304545
299.807629 609.368197
284.224407 624.455953
295.877988 625.887390
251.956714 463.680629
287.107527 623.048243
277.795796 478.918246
274.229431 606.053810
311.633987 458.646639
288.304360 619.279748
278.554424 621.442216
307.296493 455.054460
293.917078 636.333871
294.942090 466.127103
280.082894 633.986171
286.291217 447.091886
299.413035 621.298116
307.452423 441.873783
310.634826 620.422299
311.829493 454.130912
292.630270 473.077232
322.116477 632.523386
316.043537 633.072786
296.528570 782.354548
285.399794 773.273723
304.900312 799.129704
293.589644 790.442393
294.236759 783.630713
299.997913 810.352484
272.695883 801.993208
312.022580 815.651129
313.280107 812.773811
303.936370 473.436021
313.956774 640.947224
298.954016 793.287239
278.304568 805.837006
314.623647 473.235935
295.426996 826.078546
317.436333 637.900994
322.215783 782.137466
308.927619 473.654631
331.301597 767.211206
327.598377 773.105563
329.077471 780.146061
318.355077 834.104556
331.848620 638.712880
321.370866 471.544203
298.465061 753.763288
315.823395 836.562091
347.143989 631.144660
307.055270 648.711971
306.834718 636.085028
325.247302 642.137842
325.421206 653.918067
329.600770 675.457987
311.906172 654.084700
321.810952 666.511957
321.531517 681.574650
325.599509 662.537551
329.166301 674.993170
290.574754 681.516394
331.578376 679.077007
343.882662 705.740782
329.767482 822.457728
311.152934 474.376586
340.853776 765.099406
344.630385 656.420449
318.952340 651.629603
326.619250 705.157696
327.056775 836.644666
338.927742 738.717389
323.653026 465.415483
324.082092 689.494344
356.519776 827.806446
299.409910 304.970115
327.016077 302.780056
329.790658 312.028574
321.094999 316.295907
347.018523 320.053753
310.471220 334.831346
354.592150 329.456654
316.270472 327.387656
331.138791 323.325146
316.799067 705.577381
307.428165 704.943018
334.226883 705.371856
333.098059 720.764295
326.146451 711.752561
342.315165 721.623318
339.917627 731.776591
324.662662 715.543394
293.666478 719.638556
350.166421 736.443261
358.986427 740.139189
321.641963 473.446322
336.827259 836.520355
346.560838 300.252982
323.173371 320.617745
319.606655 465.430807
339.847307 822.367202
328.910357 301.047476
344.759206 328.017579
364.278901 470.339444
338.226983 251.623402
327.389091 237.574845
342.228799 245.633668
343.486165 251.463133
325.107295 259.364389
341.420686 272.825838
346.837776 267.059544
333.642295 264.990603
321.394619 279.054367
359.994070 284.257267
355.425624 284.725299
326.864516 290.538594
328.880903 300.252827
344.649564 336.128066
327.323070 334.087345
339.029315 350.247607
359.716706 334.558285
312.267096 825.911754
335.923896 849.083376
358.733299 473.432810
322.822294 254.798098
366.850659 358.583064
344.590490 838.321071
332.877321 479.594851
362.252964 228.871290
355.317010 354.644280
343.195852 829.435343
355.513081 354.088184
360.770889 360.837539
343.167715 461.188687
372.586845 236.489833
352.248409 848.271666
360.758778 348.248284
368.281778 446.748751
373.884336 226.420557
369.225371 852.499578
367.229166 357.786205
355.467427 461.898515
359.962329 239.777166
378.737534 365.893626
372.815429 378.729731
375.421791 845.990361
365.371918 466.645744
344.385810 220.749007
384.001562 365.988723
388.147744 852.967642
358.477488 450.744531
359.991135 212.789306
357.352899 373.590721
358.336866 837.289071
381.782211 443.119315
373.272863 453.739118
385.371123 835.212277
391.720491 850.014535
370.909232 208.210990
390.288683 374.068516
388.628013 467.291813
372.823418 867.073660
358.603220 219.663436
386.028579 369.081726
388.587666 211.272647
386.451364 217.213481
379.123940 468.517311
399.478804 855.086586
388.839932 368.692408
392.333753 366.752056
387.106409 450.180009
369.507649 240.282838
396.312868 833.198962
391.171533 390.977897
358.872403 429.196800
398.612072 225.152139
368.802087 848.626023
374.897679 367.571727
392.600325 440.824241
380.801098 225.841656
400.181359 433.651948
383.141430 422.199389
406.588830 413.813082
362.204698 423.911796
387.190303 860.554591
404.986078 366.172439
384.219402 216.968173
396.351034 425.899871
403.071474 863.887500
398.051606 366.611230
411.439821 238.714423
402.033569 228.894227
398.136293 413.321273
420.211409 853.533009
423.136790 380.305473
425.774387 382.544856
392.796805 379.111377
387.790030 401.925230
372.985614 397.201507
384.773500 392.196945
387.673284 405.659352
407.769892 420.570993
417.457893 393.622414
403.748310 868.664326
408.529754 884.077631
407.091143 228.869999
404.868316 862.021156
397.102707 234.537372
432.048910 240.315454
425.282308 238.108080
411.576399 866.824372
425.664701 244.121854
442.662539 851.439874
430.441773 236.516217
413.433735 863.738117
432.108917 234.367767
425.518294 866.247910
422.720165 255.705747
438.179759 856.364325
396.197519 231.477111
442.970509 252.386635
447.930367 859.012339
435.021434 250.214265
435.086458 880.442627
427.407628 270.520809
443.930892 882.653384
452.316445 247.256541
442.527192 862.100228
447.225807 264.009675
448.555698 879.025602
448.362014 269.208063
446.991618 254.657675
440.976050 859.982415
449.841928 265.014237
455.456933 861.729207
467.737336 274.631096
460.138718 873.195680
456.535055 278.350005
456.037761 262.404169
495.997229 284.866690
439.737670 285.024063
441.578654 347.654654
446.446589 356.067056
457.122899 361.111897
449.238149 360.095302
451.999196 358.291254
448.967644 365.170765
500.046138 372.844388
438.244833 342.841825
446.767016 859.197810
456.005794 270.179023
464.196468 375.952538
440.006307 350.239872
481.604594 392.079623
449.382432 850.635947
452.786101 289.790940
481.764558 867.636211
462.111412 274.335461
447.015610 284.980418
471.613232 303.364839
468.009825 312.735657
454.037385 310.801054
474.603816 318.278661
482.057659 300.149361
463.418864 331.126151
472.087650 323.730050
466.132115 315.483845
464.396984 342.407778
456.396230 334.833384
457.057387 347.745759
479.799318 359.715850
489.582706 876.701410
468.181101 399.797217
495.511710 389.601396
468.890496 879.719772
484.523385 376.854225
483.030760 881.993695
495.248778 399.403187
475.488342 865.194632
487.255810 373.396209
458.041748 856.233913
488.937431 401.467231
487.241654 855.083274
483.551098 407.011168
493.894547 393.207365
512.137373 875.610989
470.856549 407.721454
514.670498 863.206022
513.057916 413.285852
487.952289 868.115367
517.330273 420.658104
499.896410 870.963333
511.954387 437.037563
504.968964 874.758473
518.156391 429.029967
501.114279 428.125327
525.094520 891.744870
531.366493 416.959356
510.151405 898.937900
535.266558 421.580015
505.305084 866.886205
566.046981 437.641802
517.558993 861.556637
547.399625 435.693065
539.006696 872.938750
527.481855 441.841953
541.541292 868.974798
547.268654 429.703157
540.184559 860.739146
539.324664 419.259266
537.839629 867.896981
552.768081 429.107564
544.050566 880.863061
565.545494 448.025857
546.399766 872.099900
539.253999 441.933473
544.586517 872.881811
550.563439 426.643057
551.580088 879.589142
549.173803 437.897363
578.262585 865.464147
578.154409 442.855194
572.919939 876.597308
563.204501 439.642587
580.129948 885.591483
555.845111 442.269437
564.662625 858.130413
575.477001 444.429563
553.641259 875.736566
579.623727 456.260654
583.093115 890.177514
589.361839 437.105006
602.993103 881.874177
602.932838 437.532506
586.159105 882.709607
587.964212 444.768378
574.636359 438.069052
590.301793 869.641976
593.320585 445.624190
615.406822 867.274988
593.225486 436.013449
603.280498 867.221340
620.325740 449.883277
587.328312 862.394385
602.242521 427.535436
601.711788 864.249623
618.616626 437.961830
593.132356 876.573926
617.092476 415.575407
629.992199 895.118348
632.303196 428.836523
623.233502 886.557021
620.576484 437.784350
641.318682 882.645735
630.385392 436.743695
616.832285 876.051807
630.295591 426.100159
636.993290 150.645531
649.850886 151.021504
625.730537 155.525632
621.039111 166.021479
633.154985 159.293552
642.781652 157.812499
630.026527 163.500853
646.772413 172.734992
643.847462 179.560035
625.723612 173.080432
619.138496 184.247328
641.798460 177.817796
631.297848 196.788213
636.202294 187.396163
630.285615 198.466819
658.698459 195.898302
643.289575 210.279648
657.691247 862.932402
630.474729 227.574970
652.308832 418.352943
629.934931 146.049239
668.911022 861.562999
630.038339 213.785951
644.457880 409.511620
647.260451 136.811986
627.229382 873.838184
624.060175 212.587242
640.180559 122.519669
658.670346 142.269548
669.119515 139.415347
633.758795 207.253178
648.197921 230.443391
659.409173 230.774120
634.724727 413.665298
630.871470 860.242761
644.614637 136.484664
645.469715 241.374924
641.104796 409.200917
644.054606 237.730455
648.407569 242.201947
641.826989 874.025760
642.702456 133.669975
652.283915 251.803125
641.595757 399.475610
637.118747 237.816092
660.501367 879.329547
684.985086 125.878614
657.571859 249.616429
669.468934 392.321134
646.659075 866.834915
657.239200 108.521966
665.156196 259.768475
663.644453 394.108090
660.790369 875.550661
678.289124 98.881498
669.009467 253.489260
695.454447 387.170794
672.950838 249.841262
675.244962 886.527822
671.030442 113.568188
669.717183 385.346616
671.348507 264.158234
687.347359 386.030614
692.445342 374.068915
675.632438 394.394502
673.524834 124.412609
663.728299 848.366073
674.206270 276.842835
694.249426 367.281769
666.311297 92.658709
672.680307 885.672624
675.509579 279.391085
675.997560 364.945159
688.488928 99.142022
673.132725 873.595044
666.808623 85.584331
698.302394 268.358965
683.399745 352.413416
685.039293 352.135590
687.995574 348.981417
653.409319 877.198920
701.832076 76.958228
697.553093 267.300182
662.329204 361.086462
663.999880 289.479093
678.351585 867.684933
678.366267 91.508754
682.479202 334.533494
700.166826 91.703818
690.996561 69.876739
688.452631 90.181354
694.341755 78.567447
678.772534 297.141263
669.257870 325.637485
690.120034 320.226298
662.798560 334.657853
678.749421 345.806103
691.020709 340.366852
685.109407 866.846343
725.358117 75.316078
698.556606 292.401296
708.336843 313.700365
703.207187 874.490962
699.024692 292.525124
697.223656 75.769558
701.378281 321.023961
689.247622 879.558474
705.462839 41.569362
691.580725 52.893229
710.125871 55.715053
690.414974 64.348214
697.969302 58.791042
696.382702 301.582968
725.670103 295.659073
662.238796 304.267283
674.491212 306.833246
692.671115 314.399084
738.301696 870.360527
726.170621 59.651965
701.023907 871.467782
716.850481 35.266765
701.332601 34.029452
710.212856 869.351315
724.896558 23.997737
701.127444 878.305156
708.656202 14.085190
725.787292 851.533371
703.537335 27.083628
719.480131 863.969672
729.590951 19.878039
713.266727 863.713161
734.071428 20.244036
748.378872 876.609009
765.708248 24.714266
758.700063 876.339967
744.152701 22.681865
738.333102 874.313992
729.619124 25.168380
760.020364 879.765088
742.705299 8.964082
771.104036 868.023180
753.662626 16.407213
765.451212 880.018150
775.523750 22.039636
713.504652 865.103308
758.204250 19.311463
762.212192 872.191822
741.803865 28.516427
747.928477 869.986629
773.347750 32.579434
750.310201 40.209980
753.376300 47.442098
768.912735 50.421572
748.372851 44.715686
779.782263 62.170088
796.864985 306.786924
751.236799 305.205160
778.291962 306.218681
761.138723 867.971937
772.950198 44.603490
759.416377 305.268875
772.547286 296.589915
787.064375 891.298664
751.915123 59.746200
760.640708 327.380260
781.201672 64.949597
780.344679 297.020228
772.101082 880.230864
804.113494 315.880111
780.893137 331.718809
788.561571 319.320808
804.423158 329.053387
769.260991 331.203749
762.103687 337.019099
774.435072 49.793631
782.701467 292.442145
757.115387 354.758473
784.576043 864.836524
767.639556 69.975879
781.247093 293.533661
795.071497 355.500425
798.773103 874.396990
761.229564 76.110872
793.976030 336.184753
770.237688 280.706472
783.347799 346.722320
802.665257 349.297215
791.692298 864.121659
770.610170 70.228885
800.349793 335.320436
799.440197 79.787543
814.577027 285.600892
802.629895 894.741155
771.693142 371.083191
814.734857 276.652604
784.231208 368.144108
801.531718 78.252453
806.097841 866.432079
805.349639 372.215980
793.017123 369.626444
800.562145 374.916955
798.523122 275.299576
782.143625 88.409850
815.885770 865.019522
793.325206 379.245346
792.949731 269.982455
787.568180 94.487800
805.921356 367.418001
812.755955 871.276338
802.723243 77.888749
823.576844 281.134191
822.931448 392.504847
818.161375 873.496147
811.028715 77.642499
797.410564 265.283782
810.192747 394.125819
815.589486 881.980232
835.847267 96.914989
822.805016 255.557551
814.926447 400.269880
819.673977 870.114283
809.827846 92.353413
808.882785 394.777659
822.292952 247.802634
814.897714 95.568430
817.644543 403.510796
809.548425 867.073407
820.458561 237.447403
806.438120 111.163806
821.836879 110.166855
807.085363 114.262358
811.871853 389.829455
821.885279 864.339196
815.528957 233.759996
837.927120 119.921601
842.496589 408.823150
826.643268 876.499213
838.001896 106.476489
803.024474 250.975669
833.359985 413.116615
843.509045 872.038867
847.423036 117.131721
845.342714 124.636151
815.784189 141.660442
858.594645 226.501080
842.413976 241.891129
835.789822 238.630811
852.972574 148.739463
828.502805 411.921704
847.176589 886.715293
836.495161 223.696003
826.407672 134.634573
835.847024 403.329518
845.619815 124.768962
838.677481 232.967301
847.308530 879.474942
827.827434 397.262427
842.353465 139.656124
835.782356 145.111086
836.521156 144.596919
870.806662 149.535839
867.055494 161.243554
822.373056 161.173444
831.789058 167.203832
857.904990 175.186744
850.508218 201.676912
833.912585 174.354881
836.491185 174.991389
859.737256 187.392890
848.863923 196.852149
841.940734 197.017720
839.853895 184.802613
848.520562 203.932422
838.491437 219.662321
836.732311 200.075799
822.643756 225.446081
862.969097 224.674361
842.964361 873.635394
860.759853 432.123140
847.241554 869.186152
822.715588 407.620475
833.133677 411.150406
866.287378 869.172252
871.886806 413.056069
851.862712 866.262182
848.827620 414.619521
875.708983 879.642613
852.931702 405.828076
865.873466 884.973058
867.812530 426.338978
903.568297 860.219479
872.366464 416.880868
879.390465 861.773257
892.310570 416.214641
879.198640 887.262674
863.111856 422.914836
878.482023 859.342741
888.953882 438.835457
859.857670 873.706076
877.202812 420.192799
845.316877 858.698223
895.486941 442.884916
899.886546 877.528239
899.363653 435.484947
910.977814 846.288462
901.933609 432.677282
890.133107 445.446819
932.975966 853.366831
899.269079 450.800911
876.814079 860.480004
917.018063 442.616528
896.241726 856.550524
939.892991 440.616804
904.489451 880.726791
930.544511 450.453282
931.066102 852.403246
938.560299 447.475574
932.932656 867.677484
903.508683 428.910825
912.418867 860.141726
907.934234 440.330726
916.624623 866.562044
918.212288 420.422220
940.959213 853.418653
932.440612 435.800852
950.920750 868.083131
946.653111 419.454130
937.190871 857.456188
936.511076 419.515781
935.001706 871.954383
970.426714 446.033076
951.473552 867.090966
950.394328 444.190919
971.057778 864.214831
930.735475 418.314153
948.942481 866.533082
977.922395 415.696412
956.305226 857.207074
982.384492 419.698412
965.626293 874.450264
982.510967 419.517681
967.291315 869.696506
935.432787 408.775313
966.054409 855.306764
938.705012 401.805401
953.819299 851.931645
972.718627 417.790119
984.236682 869.073183
1024.972813 412.577156
962.865703 854.974278
1008.707798 389.681239
998.042192 860.079624
994.580248 397.095651
987.688916 856.012911
1012.821081 398.885181
988.308290 841.539750
1016.756226 399.410342
990.081612 869.443260
999.100358 287.012251
1029.629000 288.836594
1029.881427 300.983551
1000.503090 286.696384
1001.374169 285.259874
1009.431559 286.835659
997.226817 304.393202
997.055542 305.234487
1024.591387 291.896541
1004.685172 326.936145
996.801589 310.040568
977.888090 322.191795
978.921977 325.156380
1006.261572 336.201417
1020.611783 341.348248
1021.340338 345.214190
1023.889277 351.935852
995.078042 353.121621
1001.749113 341.537791
1004.172748 347.854535
1002.992710 351.118396
988.664813 369.174829
1024.205663 365.399256
999.735746 362.290867
992.494844 367.654139
996.943455 382.091152
977.070157 373.584406
1007.277138 389.872570
1000.976289 843.209153
1005.067685 280.787530
1007.932989 859.887609
999.750260 272.204103
1019.107548 250.865316
1002.043525 867.692783
1012.165451 269.994495
1010.687346 839.867372
998.963260 258.543961
1000.897059 852.482432
1016.101127 247.745423
1029.150843 849.130039
1006.615449 250.621536
1040.347052 853.669043
1035.394432 245.456218
1007.423912 843.275168
1024.229867 240.806197
1027.949950 855.632929
1040.137156 266.351025
1030.087015 852.167780
1037.490945 251.182162
1043.566808 235.232683
1052.302692 848.046245
1055.564709 242.096426
1055.859969 850.964484
1059.127024 242.016768
1075.635260 233.999982
1050.746201 856.185787
1037.279526 233.574213
1061.659451 850.406921
1044.533804 410.437533
1071.305531 418.962107
1046.937572 233.363157
1052.116129 835.571740
1060.020146 431.187529
1060.329466 216.360262
1051.268177 198.183804
1073.996891 222.989593
1067.052939 215.458328
1070.872377 393.622969
1062.094189 845.429519
1074.861534 435.063735
1072.921647 210.828059
1084.081955 386.707139
1085.649344 847.448774
1044.276365 380.166906
1063.458174 379.723543
1063.090299 396.942810
1073.014965 381.905096
1056.313808 391.340821
1028.305486 415.063458
1064.876771 432.186619
1072.213429 416.255806
1063.530512 439.695587
1069.610045 428.478895
1079.966151 425.905529
1079.643013 224.689329
1074.002403 833.306184
1073.747386 389.874785
1067.142476 433.788645
1088.800056 212.052721
1067.495687 842.918860
1077.321158 373.405742
1084.161077 451.118696
1100.322325 222.045391
1084.742809 825.826462
1083.815428 375.041525
1078.376317 435.847580
1066.717698 225.958392
1075.754204 846.795272
1087.311255 398.814324
1097.777454 437.244077
1093.361112 220.843020
1086.733192 843.559497
1059.848983 457.964051
1086.855048 378.382279
1066.337521 358.912753
1084.475226 835.413374
1094.537241 214.153833
1121.127741 450.486342
1102.903772 375.250460
1119.558194 847.618259
1107.734115 226.464267
1092.620347 232.522689
1094.016037 442.432620
1103.009339 373.175532
1076.291454 842.246717
1081.939103 221.127573
1125.263181 446.398433
1105.228303 361.252091
1078.662766 834.857269
1129.720398 230.702214
1105.318882 459.449537
1092.110468 369.445796
1108.527185 838.113397
1094.009657 449.559639
1116.260237 230.842317
1112.662617 236.463947
1109.179150 244.956051
1110.204137 235.101657
1094.228143 243.290225
1103.015177 241.686496
1115.050889 257.579075
1110.092012 370.036777
1109.658359 381.008007
1093.821684 858.008961
1134.765795 262.077416
1112.534892 463.104036
1104.642842 354.817990
1122.764936 462.181649
1119.609170 834.244190
1108.546170 248.128716
1130.587398 469.483130
1129.379564 350.219427
1100.767731 832.776222
1107.316011 255.318290
1104.902457 261.891838
1115.620231 265.037580
1124.067379 270.293798
1111.222362 282.427799
1102.840848 281.460140
1113.030862 289.441853
1134.943868 358.884929
1136.087122 830.794388
1120.108503 279.317430
1086.494837 476.784427
1111.546548 343.906482
1134.603633 474.490690
1093.536250 812.554462
1109.833869 301.112838
1138.471561 342.416719
1126.196868 475.289792
1126.155433 824.615404
1126.327589 286.416326
1143.636968 279.511207
1136.871132 296.571443
1091.883356 301.132556
1147.323392 296.891010
1125.628380 304.014170
1143.492877 307.307988
1124.052329 305.973826
1114.415469 318.078034
1131.473347 317.943373
1179.275604 333.846044
1108.939733 331.344730
1091.088415 314.401770
1108.813907 340.387200
1152.501381 338.397045
1139.420326 716.982948
1132.761575 729.427765
1119.402219 494.041634
1130.865209 733.065845
1132.214379 830.397465
1151.717920 722.205467
1167.460195 474.823044
1146.143487 731.135675
1100.996552 837.042889
1158.129111 698.998649
1143.409720 739.365519
1128.282892 470.147162
1130.155667 630.041116
1130.170319 630.776024
1133.779541 651.203543
1116.699006 705.727521
1134.457865 711.967217
1139.722803 712.375361
1123.903751 832.096356
1131.380706 828.984471
1153.179483 646.607078
1144.448835 746.610926
1128.355456 479.084875
1150.509395 629.769784
1160.953981 707.765272
1141.952555 816.860670
1154.642713 639.344253
1162.192411 749.638197
1167.104408 478.203692
1184.333194 619.303644
1142.164140 683.901133
1125.808011 811.402860
1139.450332 652.754690
1166.597051 627.749408
1115.633651 624.080809
1169.272741 748.010146
1165.114380 457.478717
1130.269859 656.229891
1165.416128 694.876900
1150.522440 810.209195
1170.237053 607.549608
1138.997623 745.939579
1156.680636 660.687658
1172.824630 661.040891
1143.378391 671.805043
1129.215351 675.050294
1137.258490 740.697112
1140.392394 746.337187
1142.525264 808.361101
1153.391191 802.485627
1132.804773 476.730955
1151.045559 689.632150
1149.383759 771.068352
1176.520095 676.248734
1180.839948 605.185076
1133.991696 798.267696
1154.425848 467.116435
1172.581856 689.824262
1140.790565 745.206759
1137.956689 684.966050
1164.723011 617.705381
1158.463838 757.984051
1138.945903 789.052532
1170.135245 466.324240
1152.819899 687.614239
1188.659225 673.878700
1189.237875 671.485099
1169.951595 765.270525
1159.360716 765.848560
1165.468521 775.101866
1132.474052 773.015146
1155.788084 781.522559
1161.163264 778.261586
1173.977402 786.738705
1153.879606 790.624443
1147.071403 608.173730
1190.359037 687.705234
1187.064695 681.263891
1171.435052 478.949088
1145.523119 610.319674
1141.236605 475.856551
1170.302185 598.414065
1166.671712 592.643167
1171.904998 471.842951
1168.995370 577.875612
1179.735374 465.185728
1159.588681 465.214548
1198.708709 584.373890
1195.023293 534.884338
1175.445001 557.106957
1188.753093 559.055649
1189.646171 568.086330
1197.604212 558.494105
1181.504236 570.767450
1191.965452 572.827652
1172.420416 591.792170
1180.766868 590.948328
1213.075183 600.475383
1188.062867 466.684253
1186.477134 546.055347
1185.244966 452.591312
1209.013414 542.524293
1198.183030 452.515156
1205.850343 542.115379
1198.305231 456.210459
1205.661372 531.946704
1188.207478 461.919004
1212.395370 526.206862
1218.344105 516.652324
1215.438536 462.338163
1212.171249 537.285473
1218.944078 452.034308
1190.734472 452.797227
1191.846043 524.005209
1224.037805 520.144568
1215.071391 350.702407
1231.236454 363.123732
1228.448267 352.679829
1201.683568 377.100444
1213.043798 385.891525
1184.010146 393.430981
1209.630560 375.761570
1227.791689 369.333693
1249.829509 395.706278
1225.381509 398.175277
1236.347477 401.433272
1214.391780 430.968414
1194.580751 517.704343
1262.775967 352.624760
1240.196119 402.688777
1215.898301 434.443567
1218.909559 510.675323
1220.625952 351.125986
1210.748546 398.491015
1245.082830 428.675736
1205.780384 334.589609
1204.965680 344.091995
1220.250666 330.297196
1254.042489 402.591652
1221.944437 409.649166
1225.716622 424.484719
1231.337005 404.993651
1211.978728 427.975976
1238.472779 429.702174
1203.274315 431.474971
1235.113789 426.796996
1246.553293 494.257813
1256.148834 325.800761
1228.487171 515.402683
1232.912244 317.492734
1228.007659 510.063396
1242.222471 342.985328
1238.785813 501.324011
1296.414069 310.785850
1254.529383 499.153504
1240.264974 496.850910
1252.641136 317.055743
1243.063942 484.319788
1269.238352 298.715143
1259.724504 297.113034
1265.351943 481.738803
1275.443186 300.959710
1242.485359 477.026087
1282.947354 293.500601
1252.721767 491.026762
1243.394696 304.016885
1280.851784 469.660603
1282.743199 292.133595
1269.351523 488.654071
1277.595996 294.807298
1264.165217 472.239176
1283.982990 284.371577
1308.714476 475.463777
1285.450916 290.139143
1263.390495 461.581456
1288.279044 289.527463
1263.143557 495.957485
1265.878610 284.667201
1301.065817 475.520307
1273.948362 287.259457
1306.104405 474.339127
1276.889652 279.142984
1291.223543 472.452815
1295.657864 300.377717
1287.172881 469.514788
1297.751590 286.232327
1306.482303 460.901826
1293.282393 278.480160
1267.028807 455.562444
1296.475548 299.419831
1307.366629 471.575056
1320.856641 298.602947
1314.154398 472.305886
1314.898685 297.609587
1341.950492 477.028239
1344.368519 292.561009
1329.805089 484.047278
1318.906574 294.758245
1352.557414 462.750651
1328.662343 285.351536
1344.363027 464.398691
1341.781209 291.867766
1356.589582 472.930485
1339.869539 275.430674
1345.011786 479.233887
1358.374529 281.537343
1359.790530 478.315554
1352.669364 300.430219
1342.000540 468.768116
1358.031200 269.363772
1337.578774 296.995688
1334.020560 482.329676
1360.704187 270.651022
1370.656648 485.611451
1361.187902 267.222654
1375.388892 468.455470
1352.984674 292.776644
1387.699627 479.719869
1351.412401 461.847582
1372.354366 276.383702
1381.857865 455.986269
1395.722914 271.673226
1374.864148 450.536592
1357.258891 282.124250
1389.498364 460.761108
1391.294362 446.653322
1365.888143 445.671042
1372.602448 267.897458
1411.027011 258.312583
1397.834140 434.553871
1419.118649 273.590677
1380.413594 449.061243
1384.915054 439.361364
1395.994993 261.829877
1385.684513 431.067157
1423.387392 269.790083
1382.804445 432.414268
1392.062760 269.889198
1405.422917 401.856791
1396.660775 260.774442
1428.275367 406.421048
1401.537669 263.846491
1404.235812 408.368675
1405.584868 270.924013
1415.881344 334.881616
1420.969923 342.193116
1401.582983 333.216893
1448.860765 347.297403
1407.276414 340.875856
1381.115933 346.116181
1418.895592 330.546847
1408.052119 339.714822
1402.327165 339.894135
1425.240582 361.584801
1417.191566 360.756225
1397.708374 365.347880
1419.268286 361.883464
1409.767644 375.668322
1398.581056 383.815030
1428.155811 377.171450
1411.414929 384.628794
1394.102930 387.451304
1429.447655 399.369131
1430.454724 392.937942
1428.446641 399.046250
1438.714217 407.993206
1426.772328 286.080279
1415.704754 328.299947
1385.161124 287.282714
1395.710477 303.993982
1415.616225 293.070147
1416.646156 288.205012
1430.574100 283.325453
1417.831120 296.924092
1414.562275 310.572585
1399.001274 307.233980
1433.038780 326.497685
1426.748009 309.468914
