73.783719 240.182321
37.477726 243.175601
45.135358 210.592454
80.200868 253.464780
51.695652 231.241888
81.773275 246.400751
42.648454 271.932274
88.742526 252.587220
43.598116 259.376591
49.637839 258.919709
73.995987 279.932331
37.681196 280.521331
51.551996 250.843164
97.999987 275.020666
46.341932 259.732913
78.628768 262.658704
69.060781 317.248589
3.254335 200.043908
58.496565 261.805816
83.818820 207.845911
71.256590 209.840272
35.043083 318.460513
63.024708 195.056990
55.730984 313.907188
69.092500 302.680756
108.711738 204.028623
75.539223 206.755749
73.467687 221.114305
80.665412 192.131983
95.778741 230.361387
98.916442 328.029707
95.861816 200.579406
35.275440 328.715052
105.735272 291.418139
91.947898 225.539854
86.579405 293.948153
91.953045 150.108038
84.543930 307.653464
111.345675 180.579258
134.904563 320.592011
90.854510 186.429949
143.712325 338.387682
97.267852 189.145518
116.949450 180.857280
115.078281 153.267541
67.433028 142.086254
103.742968 318.791842
108.227138 169.610085
121.807924 162.697620
90.801500 170.051324
125.914834 345.700273
121.996663 155.531964
125.923462 303.260662
115.215873 98.867687
146.947571 335.691084
98.751440 138.454420
164.728203 322.273272
87.995570 141.700180
113.158932 344.443935
87.046202 115.118804
82.131340 330.188260
135.222162 150.266983
126.431900 324.248197
137.326908 121.484201
180.163964 152.800531
140.979820 332.730908
197.808655 97.161048
76.183875 334.674815
157.933413 130.089550
149.617840 136.924665
136.308488 128.582575
116.048203 88.013949
126.121313 310.912646
157.884841 108.943652
159.713992 307.890019
183.760829 350.032048
116.290244 116.888426
159.464818 133.087322
136.377510 298.154557
159.739616 61.067716
153.458220 330.104949
143.992764 101.709838
168.814389 285.510417
199.176112 105.327338
144.835809 287.289066
161.493220 87.222087
145.564241 316.091159
161.808249 84.565938
150.432934 319.509932
137.770023 123.564313
197.237555 300.746115
187.037578 59.694216
193.134093 296.935128
166.128396 104.321744
219.355401 276.852007
216.046325 75.281181
200.666090 76.887246
175.622890 65.388339
256.915968 36.137800
204.428589 113.652094
195.763926 63.462866
241.073632 97.052753
174.030703 331.735726
232.522909 72.134078
191.989467 276.510514
174.539954 65.767619
266.362148 281.435688
208.479910 32.766948
180.367704 306.312023
234.266666 54.752498
162.135058 308.729155
221.337162 60.815748
233.328759 321.268382
205.297103 45.332994
182.552285 46.251453
193.878122 288.681021
198.315177 36.834082
199.413635 301.069093
186.930411 294.137704
201.910564 338.548025
210.623581 285.963219
258.106992 294.030260
174.841254 349.340457
212.791053 344.380320
246.977759 46.171000
195.719016 339.757240
216.092154 35.229651
267.269625 349.309205
226.063244 14.037897
225.311009 12.930306
218.643210 341.000418
212.154672 332.156140
251.130973 380.794930
199.958484 334.905435
240.850738 354.797591
201.939697 342.290687
222.329056 326.755350
209.969340 324.268841
258.001189 372.588302
225.439790 31.443353
233.333718 384.022209
252.755147 49.295669
241.427542 381.309533
257.670679 373.710857
243.421340 348.804118
230.544573 405.944622
256.742553 -19.388955
260.487519 22.800800
279.217100 389.767019
266.457296 30.651819
282.763815 39.480702
219.932192 29.188165
163.824936 390.093055
238.349270 421.871311
286.362078 409.689005
252.491917 327.300891
244.837933 413.889410
240.928203 404.803843
220.619927 457.723500
252.892084 466.090511
235.451620 473.446738
291.416656 486.063614
290.359396 0.804124
241.886720 58.327707
249.008228 58.979658
263.449187 400.244359
274.515466 467.946830
230.818245 465.387337
282.629035 472.351198
268.207393 465.029262
232.612451 482.702349
274.929724 456.101297
238.883084 500.272105
245.077326 516.967248
288.392315 514.194324
270.163302 485.991047
237.340226 516.918137
278.887721 483.579087
237.918590 510.509210
224.990699 464.447127
256.011327 516.861366
295.896594 569.278926
281.245238 534.317882
272.887931 513.674888
256.749111 544.659334
225.471678 558.172952
275.674506 533.829229
275.327188 32.427136
265.386275 65.697379
246.028559 90.939882
248.388426 59.678936
260.314882 47.660825
265.069321 63.310876
228.866501 398.897749
250.957582 433.647339
305.136696 527.586544
259.705675 395.985020
265.442553 450.285098
281.223761 423.909922
245.547871 409.519537
267.947283 410.774407
291.856580 470.304342
274.810327 438.463579
247.334258 573.786946
262.028978 561.761984
263.712631 535.606987
223.811434 555.541407
272.947690 52.299136
310.291609 569.656681
269.310192 63.334870
258.909773 595.972708
236.983448 570.642841
285.105393 109.192596
244.664462 62.416481
225.118408 574.200494
300.502018 571.178585
271.179071 623.602921
292.142350 610.255730
264.252244 585.173367
293.525645 578.856173
280.832327 615.872946
325.043533 615.995276
221.287648 637.715450
275.887949 71.055671
286.171699 79.916863
277.797010 66.156831
242.267803 617.564078
280.112800 75.519374
273.575495 625.256015
302.418828 652.892364
309.877752 66.127203
252.962556 111.046123
296.085918 615.425594
296.761207 630.406390
273.690506 110.719485
346.473077 619.225583
300.766382 142.325910
241.155951 114.883444
286.124905 601.809472
294.093974 672.527671
297.639660 675.012578
278.122954 116.930374
331.887055 612.426826
350.279402 108.751686
242.805390 671.340266
270.045913 675.701368
262.407485 655.777690
307.039592 80.977860
329.043499 83.575023
321.203108 653.362569
276.267046 128.743614
362.443668 653.922580
308.608616 631.470010
306.804263 672.108033
311.028294 635.222533
334.344505 651.359435
296.962460 664.854004
377.817181 644.114795
296.982213 670.387835
281.326422 967.486643
299.552728 971.530109
345.539378 112.893039
355.760047 97.706389
326.965690 646.138552
302.688878 973.367888
333.023049 995.976217
308.684848 124.488602
348.391883 703.349757
266.534926 992.337955
319.529266 987.082837
347.574497 708.846172
324.095710 675.288705
306.417633 698.938485
331.388217 705.005436
305.618026 713.892070
353.236995 710.960060
311.038674 711.319268
311.159704 691.700315
334.257317 725.575219
349.331896 697.411673
364.140920 716.930252
324.352827 956.686286
339.423395 996.644053
344.215047 971.438377
328.455258 74.776306
318.860354 174.676242
353.663169 770.126284
321.445345 988.028255
344.985112 1016.741269
319.320496 733.246635
331.148433 131.654485
404.216820 951.889864
313.233284 1056.886440
343.345726 732.915433
312.341040 728.732395
316.443573 737.447335
362.744759 723.637947
330.078883 736.127266
368.729387 760.436681
346.348593 754.725616
341.994076 792.596576
317.462721 756.444027
360.459424 751.470853
342.976590 799.236639
343.220269 763.141670
315.066338 757.142787
321.937792 770.499692
330.334997 796.902063
344.315000 1042.118740
338.437482 1026.761390
323.826796 132.815375
323.843244 994.576083
315.628720 112.379330
338.287170 820.803679
301.200846 1002.849744
378.892278 1002.575398
319.875927 796.038158
331.096456 145.338063
291.366353 1017.083656
381.631256 956.698175
375.218353 791.688161
339.759201 753.881400
320.932146 801.861405
366.552944 791.639914
355.810556 825.784059
365.977121 838.871793
336.884683 822.885391
352.246942 839.518997
356.793917 1049.629580
361.002790 1035.948924
330.486214 118.884349
294.559672 819.986735
366.919693 957.273621
370.457768 138.980029
353.320587 1043.032719
349.153903 829.363244
308.167108 913.917431
340.291977 165.328872
366.977155 153.210906
372.021623 160.370599
338.339453 149.519932
341.952194 191.332003
372.902991 179.934944
321.775760 152.479042
358.729431 208.226226
383.899927 173.645719
345.441561 197.028959
355.004464 183.697596
346.248540 227.134555
404.360846 174.567451
351.307978 211.904993
394.635618 1044.139616
399.948498 186.397090
335.361878 850.396630
337.293517 844.493539
353.755679 853.372957
382.291235 867.679766
377.515116 832.344455
347.523599 863.895285
355.113788 871.994208
381.987131 888.004783
306.336692 892.821410
379.508599 883.113924
337.335082 861.465492
360.749572 910.037561
344.780983 858.876860
371.008849 876.392442
338.181904 910.511446
364.206176 881.877044
360.909803 899.225592
344.634573 876.306988
320.960231 932.221654
346.416089 921.158222
333.911003 919.081479
364.493327 945.915084
382.391780 905.612120
373.531145 951.306980
343.581103 933.573104
366.788325 942.943971
342.724173 944.260936
342.649377 959.853361
373.852229 942.918199
363.416481 927.166054
396.115199 940.773771
336.624654 229.839130
371.783167 1017.601927
344.672900 189.471109
400.984677 1068.331788
337.228035 222.335515
373.640418 211.644196
346.091474 199.710107
387.935838 1034.189479
317.820590 226.416954
334.185418 1008.526040
353.065733 213.520050
322.525322 1052.418091
393.840450 243.893514
377.764032 211.472648
381.341003 1052.771428
383.003021 228.753666
340.753982 1021.831357
350.162400 225.484248
384.773645 1034.815477
391.209632 250.989210
396.687509 1041.750770
419.068528 268.376613
379.199870 1019.462452
340.137490 230.521231
380.259663 244.204572
398.399760 1014.359367
391.159478 243.816808
407.756120 1052.078867
384.557349 262.817584
431.527461 1032.078734
378.543054 271.129530
407.419879 272.073857
376.301376 1015.313704
358.170987 229.748744
373.772887 1045.816044
403.247643 283.040322
377.417087 1043.937132
465.402070 277.216362
411.967579 1050.406885
410.836947 283.861107
395.639115 1081.780190
435.912068 272.328782
439.924146 1032.198016
443.558905 292.549076
446.617306 1039.185089
430.479253 283.295604
442.623363 1048.386437
451.422300 258.410287
469.767390 273.012046
440.085848 1044.782501
473.590423 294.573732
429.959657 1048.074392
451.755593 311.695016
462.283179 1039.782493
504.163267 337.653659
437.177255 1005.406109
471.614737 298.386579
461.099287 1026.018533
484.238492 308.748336
474.394360 1011.400576
449.509222 932.130015
507.979149 959.392611
505.842877 1007.787413
470.597160 982.865738
491.037671 986.372354
462.758169 306.850953
476.644130 282.481880
468.917308 990.730324
483.564963 322.627940
422.757089 982.661921
485.287408 698.110554
507.321575 953.351977
485.056403 945.325482
505.870510 969.962664
457.034359 966.787270
458.592065 957.748319
486.127379 299.772959
462.473548 700.596382
460.508233 670.205355
471.993879 927.453875
480.471317 290.649145
444.996438 691.061686
494.085123 697.381228
462.220140 975.593182
479.197556 288.802602
443.114913 712.352353
506.115537 672.565869
466.514724 734.744269
497.126620 839.051241
454.018582 821.350518
497.845828 806.409143
484.405094 828.872746
496.571187 841.680716
468.385852 831.140601
467.949385 834.888325
489.902569 866.010100
461.075282 838.327823
484.038226 873.330283
435.021280 870.888425
482.586539 873.345135
518.271667 876.477061
484.025113 884.472767
493.849173 893.167429
475.041204 908.615794
456.539861 891.796836
468.642563 900.116130
502.114702 881.236933
465.514328 904.109893
473.500915 895.671055
517.047665 893.499705
458.376869 901.283544
471.118408 907.256995
459.244436 898.728075
488.700153 901.546632
467.301673 948.207333
539.184301 920.546757
433.480284 932.389903
491.581697 924.514849
487.960654 937.930323
455.940688 958.521670
479.061644 947.290182
485.153260 701.959116
508.827678 710.175951
450.874851 299.707026
478.088497 826.787307
441.605245 687.553062
475.770947 702.260873
491.811700 293.976863
460.542693 713.127947
531.128051 809.343762
514.684662 682.847729
535.801923 319.894610
443.623190 756.689528
493.159559 762.874862
498.544284 741.765637
483.330140 718.059788
454.883304 753.268591
490.576831 726.085729
542.192081 739.643018
500.365232 762.744985
454.363746 766.174423
531.623914 740.880374
478.190633 735.533559
518.419189 807.443275
474.508540 774.244612
447.918458 789.367387
498.209723 797.501701
498.912019 764.607501
475.067102 795.727516
531.468308 802.802469
497.077474 780.910786
495.790535 772.186721
539.292100 798.258546
497.666394 327.288145
509.055691 682.365209
458.996617 338.717551
519.464984 669.910831
528.626714 353.132711
484.552405 727.712567
527.638013 349.310761
536.151347 679.710253
514.945726 270.369992
468.857701 669.491809
469.339516 346.270601
520.838525 366.268328
497.895391 716.467156
506.982787 694.396417
534.200070 349.550989
529.193965 721.211561
522.201955 340.303107
521.771536 708.006448
527.266018 329.598261
514.217536 697.636438
522.256835 339.192377
569.715166 673.326429
552.141566 306.111739
484.973181 688.128394
531.394194 334.056764
562.040693 668.081946
528.024473 300.065753
567.357281 677.790295
555.261705 327.916168
556.395115 651.401319
558.717477 363.475667
560.418594 736.238445
588.975739 368.833563
569.287096 699.840643
531.085766 354.049591
550.086457 701.562458
557.477732 326.833837
569.926230 690.294136
553.248723 326.569523
600.212967 703.606735
582.434270 333.152950
596.810988 365.376426
533.810047 684.349945
547.212133 341.277086
573.104977 685.485017
596.070584 385.439810
594.114846 681.651078
588.280197 363.938182
556.579663 718.168747
598.473742 354.537641
594.860050 633.833608
592.970919 364.752067
568.433239 723.609311
601.404187 374.864781
576.219713 661.591938
627.582619 335.933563
633.717768 650.738143
615.223602 394.941821
595.467599 663.206917
616.074976 365.292236
587.826219 670.913565
597.127362 374.087196
608.421111 694.344037
563.768542 400.984735
636.676293 710.216408
597.462035 355.149935
624.129460 649.920074
593.161702 350.383299
612.607240 648.952279
616.127230 338.377967
596.590258 679.174467
677.578590 369.039656
611.148789 678.635212
580.470555 333.022303
614.006351 340.869214
638.446086 662.830696
633.532800 327.395886
600.556080 670.561020
683.008170 350.959247
593.457230 662.147409
643.716333 371.827892
629.685579 650.092798
680.356043 379.270660
621.525385 643.301330
680.319070 658.074477
677.713821 348.507623
629.228743 610.848450
619.998213 345.595305
654.926461 686.735103
664.980849 356.184774
647.045463 659.035527
684.569055 352.295296
666.725381 662.455906
678.528441 370.787701
657.361949 660.852259
616.871161 396.963427
678.875195 334.024265
678.612688 632.666647
663.224239 382.185123
687.666485 675.965258
723.331927 620.317460
686.061362 386.474815
693.357202 641.448674
737.794708 394.039095
674.024611 617.007547
696.708187 361.031739
687.566119 639.774389
690.349990 371.583675
684.038305 621.549661
739.812500 393.329365
726.187984 654.681594
757.537084 347.779910
732.616693 621.941985
714.025583 383.147617
693.532208 670.012011
702.471720 349.813534
708.510182 651.911221
760.475331 361.743401
690.368512 598.243825
757.746917 364.994346
773.166894 630.678949
743.904553 372.446006
683.016115 626.345292
701.347816 374.328909
757.745523 623.132331
726.591049 404.235463
743.242536 611.660435
764.921799 348.039424
726.572866 376.431586
754.684635 401.742365
774.878001 624.415591
767.052484 399.171433
736.406959 642.440126
741.244748 653.825548
725.886819 381.631975
720.578910 640.995592
770.766942 423.225872
772.598718 686.060464
736.230880 338.412022
770.724488 624.332094
759.617332 390.892471
760.165523 372.977409
718.456871 645.749017
816.121282 378.066217
758.444217 640.714474
723.249383 373.286903
731.416448 625.701113
759.967608 373.890203
768.059108 651.738071
770.987924 392.764957
774.549147 653.632951
803.902149 360.384178
819.395908 673.179823
797.919780 352.094847
746.974901 631.250069
801.431942 380.045617
780.078965 634.018317
762.140913 360.876309
774.362040 601.016679
829.705656 413.199186
775.518084 628.964073
801.108385 378.940237
797.389461 636.263173
769.902393 379.373013
770.102835 363.196329
780.112686 616.990832
778.733960 369.417147
822.454607 637.970155
779.601819 396.864622
776.201360 635.912245
828.230188 378.356452
830.251359 602.886622
831.615857 375.385090
808.049639 654.130420
754.564896 432.116009
826.891082 593.020023
823.738307 386.601857
804.072079 604.849262
818.912511 622.458339
848.612533 366.817976
859.958236 637.924754
825.058123 365.713436
790.626619 629.303543
877.704673 360.823476
840.537979 610.068356
822.239265 386.993751
819.845133 642.919340
857.355401 637.014446
818.495460 379.543252
842.756734 384.002994
869.884791 634.104178
810.308117 342.725651
853.112902 642.817839
862.296583 370.891180
811.578768 637.524397
890.522339 417.795683
836.654319 649.778705
877.217549 394.039383
858.364999 648.662724
901.042459 634.179955
830.538354 676.814114
822.874701 682.558299
828.257714 391.474853
896.428095 695.190410
861.057671 701.552953
859.344768 390.869988
886.641270 658.163158
890.551926 397.440765
880.225671 693.408925
833.353803 411.800804
887.434152 704.703099
930.017923 685.411365
865.205676 704.932320
881.748875 384.535087
913.615048 705.824357
918.521440 703.362063
905.463231 398.464927
898.612438 720.901988
864.321270 390.832864
858.287439 721.373092
910.959118 383.240485
889.290651 715.227764
901.775981 361.203322
866.573394 734.612428
943.975885 376.529811
949.415789 715.983632
917.319563 378.648177
929.693708 747.818642
913.070918 729.260331
898.795752 736.804784
902.823722 403.643628
905.563920 720.385461
879.338111 409.827732
944.663639 697.016696
892.216049 366.045585
939.635835 747.214754
925.486817 742.904328
939.001587 418.616750
903.512422 707.796172
928.968629 392.892941
898.236669 376.252587
890.156456 694.943618
908.123101 744.280157
949.571021 717.743280
938.710434 402.399809
923.964714 723.678102
926.491143 398.980713
955.022461 735.535290
895.925760 350.143825
915.538718 751.871253
969.468428 750.438842
961.534825 438.567174
896.735570 739.529356
990.249169 405.086703
911.442456 732.748841
932.608346 770.014146
947.811353 759.250624
897.835952 393.168844
938.331949 763.675492
979.982272 406.816813
950.860348 734.809002
963.420336 405.410891
998.650676 745.122314
987.196917 393.222648
942.069581 788.429114
997.845201 386.658889
1009.031244 740.936331
937.913807 761.497178
976.800093 377.276966
969.481280 389.975333
977.860736 765.152023
1002.556687 386.642592
954.859614 775.803122
951.815588 363.700520
969.503637 783.944089
1005.098455 415.978300
1008.502773 805.372248
1018.811908 394.742858
987.258416 791.849694
961.536088 764.076228
1004.191226 402.056680
1003.138740 771.502118
1004.979718 383.991880
970.863445 451.602307
1007.849301 428.941357
1000.993484 825.339270
982.173068 373.893250
991.176971 463.899509
980.988814 796.036004
968.595794 478.510085
986.630196 393.101636
1014.707306 466.686987
1020.533344 791.752291
1011.612492 459.398563
1038.105688 390.202427
981.486154 420.205725
1093.482633 783.007717
1027.537719 433.400207
1025.237921 477.160172
1009.805145 394.154013
1026.701678 369.524162
986.907750 787.380736
1017.098560 434.783709
1009.412244 459.258296
992.245914 368.911473
1010.210998 762.036552
997.135289 459.192886
1014.133377 444.455913
1010.465612 390.985518
1034.705830 471.280915
992.325588 796.124057
1021.514881 427.838504
1007.954529 797.535458
1033.521326 390.401150
1054.315029 460.632211
1063.241546 441.547200
1017.133989 783.012254
1040.719900 400.913674
1090.849790 514.411201
996.156171 400.182242
1088.381696 495.046112
1044.900641 804.306815
1033.011281 373.248724
1067.413465 373.361696
1054.055888 434.577024
1037.213861 490.314190
1081.852346 790.440311
1049.071527 365.847739
1053.749006 444.528469
1053.399960 478.819373
1078.376084 507.481295
1069.651101 515.829963
1054.189704 791.606684
1047.996410 385.048128
1037.776293 494.719230
1056.660615 447.844761
1105.389130 820.027452
1044.911027 354.650645
1062.549223 516.483853
1043.440004 396.558339
1048.296455 500.768156
1034.595924 804.882766
1071.354473 368.924029
1047.079375 396.183158
1040.791473 527.621192
1079.956646 817.468660
1064.648352 362.438422
1065.801222 779.169911
1058.467124 403.272587
1069.098408 520.822069
1050.717307 515.711607
1075.593289 552.111684
1041.837996 553.622819
1058.462331 527.605374
1049.515304 514.652916
1113.143350 579.511342
1097.044863 523.766264
1045.089797 558.545858
1073.314425 541.190068
1058.702728 595.046559
1052.857486 557.756276
1042.436294 571.207094
1097.311117 551.661957
1058.960306 547.937728
1068.884623 586.384190
1045.095048 608.283417
1091.741919 593.978677
1079.560032 365.618343
1096.641923 394.071455
1040.644830 828.036776
1086.974908 571.112285
1040.302400 391.061389
1069.341251 379.854807
1084.121264 786.139039
1040.189852 590.273603
1077.382764 340.178071
1074.780197 390.130641
1097.562664 408.235880
1063.281290 408.607735
1070.897552 382.717483
1091.109040 613.408804
1076.745592 584.642226
1079.022204 616.101234
1079.630703 608.305233
1045.129055 606.352646
1072.764548 651.110161
1105.763056 603.609729
1076.641068 818.933608
1080.721025 656.689490
1086.997419 394.840455
1074.331611 830.232800
1061.473386 372.854766
1063.211814 599.802128
1018.944314 344.851682
1085.084979 389.887238
1099.008737 871.194463
1062.858509 370.119119
1106.423538 690.047835
1039.016395 829.836118
1075.238546 356.610445
1081.500957 354.040196
1063.284584 636.469279
1072.606481 664.205301
1076.975371 646.223476
1071.857383 661.867208
1089.903039 657.787594
1083.675423 645.872796
1053.983981 820.748625
1090.299494 803.468904
1022.914563 832.613676
1095.890746 823.716578
1070.335997 856.300097
1117.061776 647.230422
1117.542606 854.125823
1057.316075 681.506045
1125.590160 646.548024
1089.370852 661.113764
1100.170074 670.941176
1054.599194 630.699212
1073.523895 865.287145
1135.952202 854.664051
1024.793664 842.570870
1060.812729 863.189767
1132.753138 909.607736
1100.894396 862.943474
1075.488114 857.283847
1095.608191 832.548747
1092.476557 847.139290
1097.098883 971.313042
1064.562958 984.479217
1085.751648 962.902586
1084.289885 958.321743
1072.310900 692.782685
1120.991006 930.926615
1091.182379 944.390834
1094.943738 1018.746559
1130.293556 671.469791
1110.381105 861.300036
1087.871236 945.326155
1068.395349 678.305348
1113.596876 700.835037
1070.190868 665.385752
1126.583504 985.680511
1103.881833 916.310332
1102.188741 913.600755
1062.029620 930.168914
1118.291064 875.253900
1088.052460 916.207506
1072.906774 906.472298
1077.723032 901.781827
1099.469659 916.746194
1101.344864 903.569285
1103.922109 926.557124
1105.366066 953.249625
1116.461524 960.701235
1074.416394 978.873740
1088.222927 923.088948
1125.350467 972.025127
1114.604082 976.307823
1107.411489 985.686702
1132.720074 684.025196
1109.992779 709.360842
1116.535657 1016.790673
1124.909961 964.522909
1110.297603 714.421334
1107.579138 691.734240
1126.424589 974.966477
1119.775909 694.489763
1146.646732 1006.942683
1131.099731 677.201699
1091.461516 959.625817
1112.157076 725.231135
1146.359996 1000.451254
1130.675721 720.682268
1092.064954 1001.023000
1115.226713 725.106611
1108.671875 711.420113
1112.455092 729.804174
1093.324426 723.355069
1120.280835 1008.401203
1130.923697 717.314530
1127.824908 1019.764543
1145.001722 728.410667
1149.294439 1013.614994
1153.545624 755.814398
1131.068521 763.804839
1117.675109 1031.687939
1101.620220 740.485537
1115.775232 1012.022606
1154.960059 748.722298
1107.762529 1005.284756
1155.892205 760.420166
1140.264915 1018.738870
1137.283419 768.649739
1161.727183 1013.440056
1175.140096 756.877988
1157.839633 1025.641341
1143.158314 781.851315
1228.444851 1029.241435
1172.556680 785.533194
1136.560939 1075.645416
1174.049856 799.037662
1179.420772 747.695047
1178.211953 987.879354
1161.783809 1041.663138
1160.556299 795.298176
1172.149496 1029.025237
1201.070115 758.527870
1135.880114 1017.008774
1180.383039 750.465454
1215.232606 1019.461481
1172.354036 756.396201
1209.536989 1029.739576
1202.269106 785.394587
1193.328265 1057.017574
1226.558208 817.025599
1212.106764 811.791164
1168.614131 999.550570
1193.254471 776.741182
1165.582749 1024.253135
1181.527475 773.002799
1205.805607 996.148256
1224.010321 770.117704
1211.574099 1002.860976
1241.090334 771.633549
1213.606941 1025.484462
1251.655745 802.195854
1241.122080 1041.495891
1229.879584 821.509948
1174.196496 826.250926
1200.051494 1050.457281
1223.514521 804.189304
1223.703889 840.807471
1236.616109 825.009607
1222.865507 800.698553
1200.143105 816.337553
1200.849924 813.809014
1252.056817 802.260941
1210.846487 835.184023
1230.693881 861.036729
1243.584480 839.018847
1240.538396 1051.000241
1209.412519 855.666884
1212.744434 855.759144
1187.214007 865.176817
1246.935806 906.957481
1257.418964 908.620353
1207.535245 885.007376
1211.391231 886.775079
1240.535678 899.121999
1212.142018 907.047393
1231.710984 907.802209
1194.734588 911.064846
1266.737448 910.580149
1250.827481 944.772437
1221.605258 916.569399
1222.293346 891.818650
1239.093446 952.172394
1230.479352 858.457232
1282.384434 990.532407
1215.679751 820.304574
1214.533344 922.259700
1226.574393 860.453088
1248.797839 993.063192
1242.588538 954.694695
1223.427360 923.715349
1279.300188 1014.075693
1258.140425 922.584873
1288.797267 932.497165
1247.199223 971.430636
1235.723479 950.077075
1197.163798 956.486278
1259.918492 966.801107
1261.077315 959.146016
1309.668862 943.172544
1238.178806 994.636504
1214.152582 1016.038707
1269.483667 1011.888872
1255.696299 1003.623692
1274.840780 1016.149484
1244.181875 983.974155
1299.776690 1007.309581
1272.367712 959.550751
1260.247562 1003.996177
1276.199189 992.745444
1236.034024 1007.629142
1283.489204 1022.566209
