85.447590 149.339079
75.894057 135.256601
84.521390 149.452356
81.044987 147.895139
98.592743 149.749201
84.165881 172.610525
92.020471 167.415154
82.101191 119.194832
124.260333 192.716914
102.125610 104.802104
94.886190 205.522086
106.515746 91.986854
122.568538 194.492833
127.220778 109.746926
153.768791 199.804946
149.752771 83.131486
142.655931 192.606278
140.255048 104.708681
183.079604 190.842336
170.621227 80.405420
161.983244 193.282516
160.361091 84.701248
141.964005 193.108872
181.008948 98.877729
182.688238 180.889846
167.880339 110.795947
191.518840 220.933725
209.509152 122.010978
200.929964 201.273307
216.053107 92.770287
213.565695 202.637797
216.448833 91.489897
219.050469 218.096179
240.683813 125.494433
225.528177 203.122310
232.524061 119.890860
231.645803 209.767608
230.262773 130.914843
256.976808 232.448474
241.434172 105.003016
254.227315 252.497355
268.511377 116.647386
245.928320 224.775516
273.779030 118.599503
275.137655 232.164385
300.448737 157.095862
276.773757 239.613115
285.682906 161.313209
297.201951 246.458776
298.207454 155.855681
311.817958 258.281887
319.153754 152.539902
316.303650 255.466864
299.130564 160.778118
311.032097 262.951718
327.309469 161.244019
346.271928 286.735362
318.027484 173.370797
337.695159 284.409174
334.913552 162.952714
325.236018 294.999259
335.258790 183.956700
343.875613 280.783819
379.259376 179.347564
370.453670 302.230556
390.905625 173.533325
380.166251 293.690071
385.095497 184.121783
380.779865 303.066193
384.547105 207.604701
389.700373 294.023800
407.818499 195.624469
406.192413 322.373562
410.776428 204.816637
404.210441 301.289665
420.047903 212.009428
427.884531 336.139220
429.803463 224.974708
410.355697 331.393533
411.946148 332.036050
444.473160 221.005516
438.073106 349.963017
450.303285 236.831510
445.126664 357.256706
436.749585 224.482495
470.609315 358.041102
460.845550 259.571988
439.466956 372.738344
470.728623 258.413525
482.504688 358.295650
478.718769 262.363785
485.507125 375.010422
486.255042 271.138671
485.096573 388.985571
486.645219 261.893684
516.717210 276.173009
508.306001 391.731877
480.446417 286.290029
512.640943 394.660550
525.861385 282.931552
508.206126 409.628265
542.544447 306.772407
519.454183 390.943550
525.450944 299.439129
520.052806 405.325993
538.113074 433.951949
547.917804 286.524130
553.297022 307.176434
540.959144 436.731646
540.937740 438.189884
563.700605 313.849563
540.053263 438.312157
566.392050 332.121579
591.550517 434.505766
567.633254 346.086678
597.929582 460.495738
564.261164 334.931993
587.615488 482.921275
597.643195 342.923141
597.590755 457.347069
614.574993 353.683959
598.395948 479.642125
613.632170 352.296412
586.733384 487.746784
600.806509 473.599658
609.424892 368.852697
615.668866 488.594384
602.127119 374.810345
620.598275 498.025997
628.454646 373.984910
661.918306 533.117361
632.112220 380.689774
655.461233 521.868073
640.868114 384.815343
656.125440 396.243434
654.619531 513.379515
666.591661 400.438698
671.034177 528.604280
674.653572 419.278311
670.575389 542.959342
661.906400 429.819539
672.958425 545.229047
688.498095 561.235518
672.803362 429.913782
688.648520 558.088589
672.511597 419.550329
668.648755 573.809363
692.683901 437.825962
703.598645 602.735670
696.002698 429.792558
711.574934 580.941322
716.101812 459.902484
728.233199 581.120455
726.436625 443.985388
726.156273 599.549985
743.137467 463.349668
719.454309 614.678705
757.132989 471.029270
716.156454 613.069252
763.410797 484.700071
719.832493 624.839863
755.775963 495.666973
748.773203 619.422118
740.205412 506.599002
777.540514 632.023988
777.863066 503.148402
764.907848 646.300955
781.208249 489.747060
753.897350 673.589686
782.746235 522.118646
774.234027 641.771380
784.087607 514.297007
788.092340 662.179465
781.455368 672.725108
798.427889 684.535138
789.602810 708.729813
796.821057 527.328893
802.965707 711.157014
788.078842 713.319268
800.851128 713.439851
788.596497 722.546323
777.716460 743.425348
789.827991 540.330412
803.047375 755.285258
825.132225 774.285466
805.939507 540.399811
797.824647 771.419412
815.035083 773.561084
804.860189 800.767331
810.215871 815.380661
808.626500 833.001171
807.998633 546.603588
795.044869 835.214974
813.176341 845.147297
827.820082 855.297616
808.730533 565.521061
816.805911 870.311703
809.124875 871.125589
831.161561 566.841320
816.715755 871.220925
851.867160 574.988763
839.005145 876.999521
840.363372 572.635394
871.774021 880.560107
860.150124 588.709074
861.950520 909.789994
851.872093 581.432475
850.975480 909.939171
854.872163 599.845450
847.670132 917.025517
874.962881 608.305759
880.175501 929.212400
869.630585 625.192219
870.553990 912.986285
887.756430 933.675863
896.495731 614.549775
904.607254 627.897676
874.780172 940.077305
886.930860 943.039361
906.549427 628.715710
896.950065 961.262785
887.388129 638.120839
920.314861 970.025162
915.714367 645.424617
916.812580 983.058831
922.213142 653.557473
932.656739 988.036065
943.829584 660.970814
927.683771 670.468531
941.258724 968.234535
939.412759 677.261957
946.665164 993.798870
944.220938 690.033220
957.085883 979.175436
935.101211 706.073882
960.800411 1013.944510
967.557830 704.881757
978.705561 1004.369911
1002.371712 707.124376
964.181366 1008.451946
948.397080 714.203372
985.174784 1002.290444
979.080529 721.599163
1012.297760 729.018846
989.702422 1031.140809
1014.961616 738.406705
1014.766016 1012.102109
1006.008630 747.874395
1001.678266 1040.296086
1027.576588 753.613792
1028.804752 1040.925081
1019.424513 760.222353
1032.083420 1035.480543
1042.596292 770.110086
1041.699835 1060.657550
1052.745805 779.191944
1061.164720 1057.307922
1033.200188 785.927998
1037.232213 1060.433770
1051.190409 783.257557
1054.972999 779.895468
1071.959024 1063.579794
1072.430191 811.991108
1088.984759 1088.648526
1091.173708 805.089451
1079.414087 1066.414363
1078.652588 817.288191
1116.632806 1084.799273
1095.470937 823.662717
1109.553724 1093.320903
1123.782236 835.475119
1085.008250 1097.797350
1124.648978 823.586706
1127.099167 1105.407569
1116.549283 840.625218
1123.153779 845.888304
1139.460356 1081.255699
1146.296365 857.123387
1158.130236 1104.612147
1161.035415 862.256755
1144.978613 858.691646
1120.375489 1114.965016
1170.022624 890.310200
1128.996767 1117.660032
1156.683566 889.500910
1148.525565 883.666263
1159.711921 1107.672196
1189.436151 890.621566
1167.005759 918.108733
1169.032864 1112.830465
1170.166880 908.383399
1184.608414 907.133399
1201.176346 1121.306572
1189.399303 942.654757
1195.937450 1141.307621
1201.339761 942.317539
1211.382403 967.323884
1215.044390 956.323371
1197.234554 1120.120520
1206.740699 965.765313
1168.377097 1143.765794
1220.180174 963.811985
1222.924519 988.453017
1240.159614 1130.244024
1231.323661 992.535328
1244.194894 1026.450107
1261.097704 1138.963498
1244.040433 1024.988762
1257.422904 1115.189891
1261.768622 1039.638588
1245.431836 1038.021789
1268.988537 1081.972053
1277.945897 1096.960885
1246.497703 1033.956009
1264.987980 1075.190978
1253.591943 1060.541615
1273.203613 1050.136506
1271.656381 1076.549171
