71 366
71 370
71 374
71 378
71 382
71 386
71 390
71 394
71 398
71 402
71 406
71 410
71 414
71 418
71 422
71 426
71 430
72 434
75 362
76 437
79 359
80 440
81 346
81 350
81 354
81 1181
81 1185
81 1189
81 1193
81 1197
81 1201
81 1205
81 1209
81 1213
81 1217
81 1221
81 1225
82 444
82 1229
85 346
85 1177
86 447
86 1232
89 344
89 1174
90 450
90 1235
91 336
91 1161
91 1165
91 1169
92 454
94 1238
95 336
95 1157
96 457
98 1238
99 334
99 1154
100 460
101 326
101 1131
101 1135
101 1139
101 1143
101 1147
102 1238
104 463
105 326
105 1127
105 1242
108 463
109 324
109 1124
109 1244
111 316
111 1111
111 1115
111 1119
111 1248
112 463
115 316
115 1107
115 1248
116 463
118 320
119 324
119 1104
119 1248
120 463
122 1100
123 326
123 1248
124 464
126 468
126 1096
127 326
127 1248
128 330
128 1242
129 334
130 470
130 1092
132 1238
133 336
134 473
134 1091
135 340
136 1238
138 473
138 1091
139 342
140 1238
142 346
142 473
142 1091
144 1239
145 350
145 1095
146 473
148 1238
149 352
149 1097
150 473
152 356
152 1101
152 1238
154 474
156 356
156 478
156 1101
156 1238
160 356
160 480
160 1101
160 1238
164 356
164 483
164 1101
164 1238
168 356
168 483
168 1101
168 1238
172 356
172 483
172 1101
172 1238
175 1234
176 356
176 483
176 1101
179 1230
180 356
180 483
180 1101
183 1228
184 356
184 483
184 1101
187 1228
188 356
188 483
188 1101
191 1228
192 356
192 483
192 1101
195 1228
196 356
196 483
196 1101
199 1228
200 356
200 483
200 1101
203 1228
204 356
204 483
204 1101
207 1228
208 356
208 483
208 1101
211 1228
212 356
212 483
212 1101
215 1228
216 356
216 483
216 1101
219 1228
220 356
220 483
220 1097
223 1228
224 356
224 483
224 1094
227 1228
228 356
228 483
228 1091
231 1228
232 356
232 483
232 1091
235 1228
236 356
236 483
236 1091
239 1228
240 356
240 483
240 1091
243 1228
244 356
244 483
244 1091
247 1228
248 356
248 483
248 1091
250 1232
252 356
252 483
252 1091
254 1230
256 356
256 483
256 1091
258 1227
260 356
260 483
260 1087
261 1081
262 1223
264 356
264 483
265 1081
265 1219
268 356
268 483
269 1081
269 1219
271 1223
272 355
272 483
273 1081
275 1223
276 351
276 483
277 1080
279 1223
280 347
280 483
281 1076
283 1223
284 346
284 483
285 1072
287 1223
288 346
288 483
289 1069
291 1056
291 1060
291 1064
291 1223
292 346
292 483
295 487
295 1052
295 1223
296 346
299 489
299 1049
299 1223
300 346
301 493
301 1036
301 1040
301 1044
303 1222
304 346
305 493
305 1032
307 1218
308 346
309 493
309 1029
310 1214
312 345
312 1025
313 493
314 1210
316 341
316 1006
316 1021
317 493
318 1197
318 1201
318 1205
319 1010
320 337
320 1002
320 1017
321 493
321 996
322 1193
324 336
325 493
325 992
325 1189
326 981
326 985
328 336
329 493
329 1185
330 977
332 336
333 493
333 1172
333 1176
333 1180
334 974
336 336
337 493
337 970
337 1168
340 336
340 1164
341 493
341 966
344 336
344 1160
345 493
345 962
346 951
346 955
348 336
348 1157
350 493
350 951
352 336
352 1153
354 493
354 949
355 1149
356 336
356 941
358 493
359 1145
360 336
360 941
362 493
363 1142
364 336
364 939
366 493
366 931
367 1139
368 336
370 493
370 931
370 1134
372 336
374 493
374 929
374 1130
376 336
376 921
378 493
378 1128
380 332
380 921
382 493
382 1128
384 329
384 919
386 493
386 911
386 1128
388 326
390 489
390 911
390 1124
392 326
394 485
394 909
394 1120
396 326
396 901
398 483
398 1118
400 326
400 897
401 1114
402 483
404 326
404 894
404 1110
406 483
407 890
408 326
408 1107
410 479
411 886
412 326
412 1103
414 475
415 882
415 1099
416 326
418 474
419 881
419 1098
420 326
421 478
421 516
421 520
421 524
421 528
421 532
421 536
421 540
421 544
421 548
421 552
421 556
421 560
421 564
421 568
421 572
421 576
421 580
422 584
423 881
423 1098
424 326
425 480
425 516
426 587
427 484
427 880
427 1098
428 325
428 1092
429 514
430 590
431 316
431 320
431 487
431 491
431 495
431 499
431 503
431 507
431 594
431 598
431 602
431 606
431 610
431 876
432 614
432 1088
435 316
435 872
436 617
436 1088
439 316
439 869
440 620
440 1088
441 624
441 628
441 632
443 316
443 866
444 1088
445 635
447 316
447 639
447 866
448 1082
448 1086
451 316
451 642
451 646
451 650
451 866
452 1078
455 316
455 653
455 862
456 1078
459 314
459 654
459 859
460 1078
461 306
461 658
461 662
461 666
461 670
461 674
461 678
461 682
462 855
464 1079
465 306
465 683
466 851
468 1078
469 304
469 684
470 847
471 296
471 688
471 692
471 696
471 751
471 755
471 759
471 763
471 767
471 771
471 775
471 779
471 783
472 1078
474 700
474 844
475 296
475 747
475 785
476 1078
477 704
477 789
477 840
478 1072
479 294
479 744
481 707
481 711
481 715
481 719
481 723
481 727
481 731
481 735
481 739
481 792
481 796
481 800
481 836
482 290
482 804
482 1068
485 832
486 286
486 807
486 1069
489 829
490 282
490 810
490 1069
491 814
491 818
491 822
494 279
494 1068
496 271
498 1068
500 271
502 1068
504 271
506 1068
508 271
510 1068
512 271
514 1065
516 271
518 1062
520 271
522 1058
524 271
526 1058
528 270
530 1058
531 266
534 1058
535 266
538 1058
539 264
542 1058
543 261
546 1058
547 261
550 1058
551 261
554 1058
555 261
558 1058
559 259
562 1058
563 256
566 1058
567 256
570 1058
571 256
574 1058
575 256
578 1058
579 256
582 1058
583 256
586 1058
587 256
590 1054
591 256
594 1050
595 256
598 1047
599 256
602 1044
603 256
606 1043
607 256
610 1043
611 256
614 1040
615 256
618 1037
619 256
622 1033
623 256
625 1029
627 256
629 1025
631 256
633 1023
635 256
636 1019
639 254
639 1015
643 251
643 1012
647 251
647 1008
650 1004
651 251
654 1003
655 254
658 1004
659 257
661 1008
661 1012
662 261
665 1015
666 261
667 1019
670 261
671 1022
674 261
675 1025
677 1029
678 261
681 1032
682 261
685 1035
686 261
687 1039
690 261
691 1042
694 259
695 1045
696 251
697 1049
700 251
701 1052
703 932
703 939
703 943
703 947
703 951
703 955
703 959
703 963
703 967
703 971
704 251
705 975
705 1055
707 928
707 1059
708 251
709 977
711 928
711 1062
712 251
712 981
713 857
713 861
713 865
713 869
713 873
713 877
713 881
713 885
713 889
713 893
713 897
713 901
713 905
713 909
713 913
713 917
713 921
713 985
713 989
714 993
715 1065
716 251
717 853
718 996
719 1068
720 247
720 849
720 1000
723 742
723 746
723 750
723 754
723 807
723 811
723 815
723 819
723 823
723 827
723 831
723 835
723 839
723 843
723 1004
723 1008
723 1012
723 1068
724 244
724 758
727 738
727 803
727 1015
727 1068
728 241
728 761
730 1072
731 738
731 803
731 1016
732 241
732 761
733 677
733 681
733 685
733 689
733 693
733 697
733 701
733 705
733 709
733 713
733 717
733 721
733 725
733 729
733 733
733 765
733 769
733 773
733 777
733 781
733 785
733 789
733 793
733 797
733 1020
733 1024
733 1028
733 1032
734 1074
736 241
736 1078
737 673
737 1035
740 237
740 669
740 1078
741 1036
743 637
743 641
743 645
743 649
743 653
743 657
743 661
743 1040
744 234
744 665
744 1044
744 1078
747 633
748 231
748 607
748 611
748 615
748 619
748 624
748 628
748 1046
748 1050
748 1077
749 1054
752 231
752 604
752 1073
753 1056
755 599
755 1060
755 1069
756 231
758 579
758 583
758 587
758 591
758 595
758 1064
760 231
760 574
764 231
764 570
768 231
768 537
768 541
768 545
768 549
768 553
768 557
768 561
768 565
772 231
772 533
775 529
776 231
778 517
778 521
778 525
780 227
781 111
781 115
781 119
781 123
781 127
781 131
781 135
781 139
781 143
781 147
781 151
781 221
782 513
785 107
785 153
785 221
786 513
788 497
788 501
788 505
789 104
789 154
789 221
791 91
791 95
791 99
791 158
791 162
791 166
792 494
793 221
794 170
795 87
796 493
797 174
797 221
798 472
798 476
798 480
798 484
798 488
799 84
801 177
801 181
801 185
801 221
802 80
802 189
802 468
805 221
805 464
806 76
806 192
808 455
808 459
809 219
809 450
810 72
810 195
811 199
811 203
811 207
811 211
813 447
814 69
817 65
817 443
820 439
821 61
824 435
825 61
828 422
828 426
828 430
829 61
832 418
833 61
835 414
837 61
839 410
841 61
843 407
845 61
847 403
849 61
850 399
853 61
854 395
857 61
858 392
861 61
862 388
865 61
865 384
869 61
869 380
873 61
873 377
877 61
877 373
880 369
881 61
883 65
884 69
884 365
888 71
888 362
892 71
892 358
893 75
894 79
895 362
898 81
899 360
902 81
903 357
906 81
907 353
910 81
911 353
913 85
914 89
915 353
918 91
919 353
920 95
923 353
924 97
927 101
927 353
930 105
931 353
934 106
935 353
938 106
939 353
940 110
943 353
944 109
947 353
948 106
951 353
952 106
955 110
955 353
959 112
959 353
962 116
963 352
965 120
967 348
968 124
968 128
968 132
970 344
972 135
974 340
976 136
978 140
978 337
979 144
982 333
983 146
985 329
987 146
989 325
991 146
993 322
995 149
997 318
999 152
1000 314
1002 156
1003 297
1004 310
1005 160
1007 293
1007 300
1008 164
1008 168
1008 172
1008 287
1008 305
1008 309
1012 175
1012 283
1013 179
1013 183
1013 187
1013 277
1017 190
1017 273
1021 191
1021 273
1025 191
1025 269
1029 191
1029 268
1033 191
1033 267
1037 191
1037 263
1040 259
1041 191
1044 258
1045 194
1048 258
1049 197
1052 201
1052 258
1053 205
1054 209
1056 258
1058 211
1060 215
1060 258
1064 216
1064 255
1068 216
1068 253
1070 220
1072 253
1074 222
1075 249
1077 226
1079 248
1080 230
1083 248
1084 231
1087 248
1088 231
1090 235
1090 244
1093 239
