151.102587 210.297207
142.524560 223.431200
149.300035 206.491348
152.280775 222.004768
154.676760 204.343126
162.663456 220.659308
168.407734 189.688590
173.480290 215.193029
173.393683 177.785306
184.771423 214.883837
192.238592 174.326608
183.696626 471.472325
192.436092 477.907582
193.987633 490.138453
190.133297 502.563382
200.040308 215.305983
192.612542 178.576315
189.619995 454.803806
200.610479 451.705889
194.960040 502.622605
201.998211 208.786141
200.055052 175.557796
202.276495 432.008878
199.458450 428.325281
200.382563 497.319845
203.485947 197.812899
219.077453 415.115366
212.628333 166.182786
215.058672 352.120370
213.586404 376.379404
203.087050 372.088276
219.545708 386.990034
216.050353 404.796879
217.100649 411.581386
213.661817 481.003158
213.744667 350.546971
215.448703 207.940093
212.304518 172.715106
218.434018 311.744601
220.955677 337.466689
223.861754 476.670642
221.305265 205.487557
230.834415 319.808145
225.673963 163.668351
234.834948 273.323982
225.479107 283.398475
224.253756 293.098317
225.497771 303.277974
228.879570 198.605778
233.463535 485.588355
242.094996 262.419657
232.282710 155.697685
230.981266 209.084248
242.589257 141.548070
247.191722 234.655943
243.148525 246.418860
237.885875 476.241373
249.022018 482.050025
236.186504 245.060100
250.842144 494.606614
253.093526 133.216622
257.076425 510.556492
253.109831 517.649446
258.251419 129.129463
259.461397 521.093699
266.528844 541.652855
274.874302 109.364644
271.686381 544.241798
261.232331 102.007303
274.944502 555.159667
274.660635 568.887720
274.401477 101.381407
281.256819 579.938135
293.445014 102.598557
298.992954 579.007709
302.899948 97.762469
305.316835 588.565527
309.441706 92.092393
309.756282 591.276711
323.294812 77.715567
321.045551 595.324318
329.557085 84.635040
337.892442 590.552164
340.100776 83.025162
345.175705 599.198320
349.269049 78.089622
360.457973 595.520589
358.555440 86.178897
362.060419 594.995390
376.697274 86.779799
376.368214 592.545484
380.287737 86.154284
382.481946 587.719711
390.979823 79.018571
385.386725 586.088742
400.680641 92.548926
406.919873 579.492072
408.890901 108.364687
407.158071 582.336907
418.805670 101.557878
418.145530 563.542030
419.052558 102.573524
423.452449 556.202264
427.680585 562.971566
434.266230 543.279890
438.131052 118.919532
431.149963 525.997264
429.123041 130.155453
446.779055 263.456361
441.424092 503.999973
442.300360 131.429812
439.254651 247.198040
450.571293 270.468265
442.595319 507.952195
448.515866 241.175085
444.274266 273.444384
448.336650 488.549097
451.143839 144.244772
444.589589 477.783791
458.816700 148.148109
456.732793 289.256684
460.874660 159.892480
462.003794 175.167945
463.753692 244.056790
460.213114 299.841266
463.294246 454.218365
463.804822 301.265551
468.539700 441.042228
462.510094 232.608957
464.204210 177.134804
465.047047 310.159247
469.728773 315.878928
466.406790 425.330357
480.251446 173.924095
481.704398 329.924935
482.636779 406.248258
474.154725 419.838483
474.742787 255.428822
484.667524 347.642429
483.989017 345.298946
478.235892 358.050759
479.414990 371.824718
472.950629 389.314385
474.080265 405.157353
484.875713 254.033817
478.824937 196.227430
483.694544 195.209745
492.586203 261.638387
494.763118 199.906623
495.446852 270.124391
510.269462 213.203375
507.847180 274.989306
508.102125 224.421073
514.688335 278.102408
515.807003 226.145726
526.254595 284.620649
523.393588 234.452420
537.838387 294.820836
533.259153 235.936805
535.200421 305.449573
546.418577 246.197752
548.217627 306.342763
553.301472 249.934888
541.417164 317.498125
563.476399 327.885501
562.771480 251.315186
572.318669 328.647158
565.405905 258.210696
576.467553 257.497144
579.846558 324.553657
582.410924 274.536979
595.118364 314.518000
583.757310 278.376901
602.661700 308.419408
602.216685 290.222554
603.725436 299.239694
