53.143688 421.256313
80.918634 431.191145
49.547263 444.808849
85.442647 438.825261
86.547490 471.599458
71.530631 431.441607
83.186548 411.496735
68.932832 486.358820
68.964584 373.560972
76.343760 464.500867
62.371958 413.448725
96.821074 134.282179
81.466715 163.402838
90.457195 165.498408
63.795262 171.071281
100.427013 164.315433
109.392360 183.150078
70.659560 170.356513
79.481499 179.169727
85.342969 174.281514
86.567076 184.726203
95.652075 169.237885
70.254854 211.601473
96.130239 226.889038
89.403746 209.658129
79.506288 234.818276
86.908472 429.588169
84.782995 471.552811
71.642266 401.225856
79.744746 169.187895
60.931880 187.899383
77.668306 135.930687
99.699836 106.737706
55.268261 153.807183
106.199358 223.204672
66.322180 223.980856
96.099078 223.266057
86.469100 221.442667
96.210582 384.369846
74.600989 356.489008
80.718822 360.294512
87.433389 363.381639
62.756214 449.755721
82.179849 428.997638
80.647508 227.920739
96.332212 150.093923
87.492697 368.823769
71.498507 375.081561
89.945006 458.088967
95.162183 197.549205
111.181439 409.875661
98.949945 119.022938
109.732718 349.477943
93.582273 357.359589
97.089694 443.500498
89.501234 213.410108
119.038018 241.984566
83.573326 254.202570
103.930063 344.394752
99.580707 368.064325
109.335391 381.883079
92.991710 426.660575
117.523388 264.475387
110.798399 126.817968
121.229393 423.237126
99.119622 348.930814
115.963807 349.361742
94.793694 391.483331
106.684087 260.889077
87.280013 268.433798
101.617668 116.043646
87.080501 461.187799
142.040765 279.989756
113.590075 364.480622
103.974850 362.339613
110.599218 420.545285
115.407313 120.193161
112.936206 231.190889
111.136238 442.677761
92.691695 343.546055
107.638046 356.659979
94.808693 369.379380
96.515286 389.978280
113.128000 401.757822
104.531325 330.343632
119.868513 147.912365
127.396546 284.136227
121.944007 388.875417
106.987470 387.299194
124.301558 387.449146
91.165860 400.828494
101.363698 439.849900
133.730886 414.932291
96.744099 377.118828
75.122430 115.979494
99.369325 268.633658
105.303869 391.838555
120.931770 412.314254
123.903530 432.804009
103.998966 365.229439
124.366960 135.702108
125.044155 342.319624
88.461696 286.761117
115.982886 384.764287
125.338737 415.228073
120.695425 434.165445
99.096300 407.340467
108.626464 433.342132
118.797060 113.049852
125.992734 246.051667
96.062479 392.531826
133.154553 459.390043
126.536658 426.774876
122.918456 419.910260
144.810642 128.245225
117.836572 282.587069
131.329998 353.760242
145.156498 430.796949
115.941028 365.926780
132.183578 401.506197
135.645439 379.826718
123.123779 375.101660
99.284348 98.639403
136.446230 305.859308
118.799334 266.219956
133.028648 425.529878
123.421839 432.305541
126.506343 402.896053
144.690718 116.371280
148.087646 303.254826
125.885561 447.337510
136.999852 399.569985
161.324868 90.746632
142.283685 270.865066
126.601218 395.584564
118.414019 443.606798
115.084041 404.822706
143.209327 114.695277
126.698911 273.384229
132.474098 418.183533
164.930392 400.070019
138.864306 138.106544
130.767641 294.808579
132.103580 436.017982
161.736543 386.408374
138.400622 103.217112
177.492140 259.060275
149.806539 344.578032
159.515127 359.291466
145.279192 355.019992
167.781162 379.571675
147.255113 360.357545
162.978198 362.827507
162.543664 447.811213
158.868467 392.690677
157.006264 95.407927
155.027960 271.353815
161.625611 362.178687
149.822837 343.928034
164.567911 452.104516
150.913261 121.834836
157.224500 382.644568
155.144517 376.032583
156.293829 375.445300
153.249594 412.333268
159.344012 292.364062
149.053199 356.777101
144.765958 459.915491
161.886788 111.209996
161.190844 300.420659
153.316862 349.524195
200.159849 346.113796
149.970349 434.192746
166.902488 118.601424
164.073949 365.443080
143.864198 298.992237
166.431756 428.322304
170.948834 121.898297
203.753680 350.796822
174.663879 289.094585
163.898020 289.690508
163.914157 432.264777
194.114212 111.283858
181.692712 364.346012
169.213567 370.405278
185.584257 371.681658
178.695160 386.570099
160.347077 354.198330
174.778215 371.196402
177.122297 368.023938
181.058026 412.091612
156.114234 403.913214
181.967050 277.669730
157.893735 456.046301
196.705735 127.431304
189.691125 369.732264
173.246185 318.005493
166.816646 447.158155
191.198393 139.026203
202.836814 393.359846
190.557738 305.688834
185.463912 462.626096
188.299545 120.938408
176.813578 410.751493
157.343546 125.166453
172.795838 314.309894
174.632137 447.486304
173.758898 319.557504
203.779523 385.924356
186.403727 112.122243
196.423810 290.184742
188.474627 383.887659
198.890760 439.775311
221.107551 153.666418
192.179771 322.402235
193.923363 391.618493
172.079175 441.670076
184.215354 319.764584
203.703136 296.331646
183.959203 321.421261
215.095439 103.098259
227.068030 375.473020
189.334002 420.099199
203.270290 312.094632
214.364203 360.122621
207.581765 116.849048
209.337337 421.849495
206.221430 322.706304
199.422828 383.521789
197.313110 353.809520
219.986736 349.999004
185.952234 146.729907
229.804069 443.956269
208.820293 408.817110
239.553909 316.681362
204.766826 453.239321
198.678626 150.857912
193.541671 389.867312
205.098385 307.378095
228.509917 429.218130
237.557922 105.001895
224.517733 321.495607
216.544265 350.436014
214.396761 343.605962
222.922717 374.603827
221.771671 443.527237
216.093614 427.004432
223.291292 124.008310
213.979748 372.153004
219.564550 332.405127
206.240422 355.730443
208.303837 384.772527
238.743530 371.405834
242.768375 351.037484
228.841083 145.444534
230.112024 426.446483
214.287655 429.152959
235.607948 126.751124
239.614461 406.826392
250.776275 126.059062
232.106486 414.353419
227.384280 543.947785
216.707988 548.987014
234.325427 570.010297
252.172743 539.874990
240.472229 551.848273
239.472560 532.228570
209.634265 544.614334
243.545672 566.457762
238.503384 562.715597
226.268839 554.457587
203.805293 585.775226
218.208267 575.567847
223.487815 575.361203
243.385147 583.677013
231.827338 129.985041
243.185935 394.322323
245.862798 563.029819
235.045806 590.843538
203.902302 125.287672
249.560883 416.540437
243.819127 124.953858
241.446737 132.906696
253.887349 522.585946
239.089898 573.744669
238.186429 405.254188
238.287232 515.154376
255.305663 518.406659
246.002666 517.658867
249.711575 605.940998
269.688756 586.749820
231.504599 588.378429
218.611965 147.671494
251.207179 407.588699
252.279451 501.013551
251.550369 611.974167
266.530446 120.292632
257.699633 119.067916
260.417967 148.524114
259.591264 155.779534
281.305076 169.731940
241.174843 418.659194
260.703279 537.206064
244.633331 610.117663
241.004473 632.793805
253.714280 652.579660
261.907339 636.014060
243.503163 629.997574
239.279877 670.709429
229.741768 731.353262
249.181369 716.271332
238.706003 691.778558
260.821908 735.991861
245.037251 724.520511
251.499926 752.232180
251.965877 752.114339
241.362583 731.054173
257.531791 784.201085
250.348164 169.623418
250.242771 403.617262
241.905335 506.174360
248.285695 594.340481
272.618913 653.165468
252.437558 646.000113
251.844595 731.580928
252.564010 785.692165
233.736657 157.309217
252.666896 421.419339
277.081212 401.651468
266.410135 384.689976
246.613048 449.338910
266.789621 432.744701
237.732256 435.736445
271.419273 504.745351
230.191229 422.684505
262.249918 594.721308
251.024342 146.012255
243.388550 166.057651
225.377783 172.295418
263.812678 457.708607
255.236657 637.570367
268.207419 678.375769
267.319954 715.720813
263.049916 783.840517
266.015450 403.419713
287.888730 505.443903
255.851869 612.582149
258.793372 475.646325
255.131855 149.773347
268.573441 637.607605
259.497332 673.549557
269.587120 718.547664
235.073315 722.280865
248.261928 773.616141
278.595658 538.872958
254.701684 569.127515
276.805619 450.176950
275.919781 688.020710
273.185976 705.200525
258.282797 196.883895
255.407237 644.174906
268.188693 696.756702
281.181107 735.197452
255.353457 163.405680
245.609011 194.288153
272.655431 522.172044
278.150384 195.791484
256.532892 611.401475
264.029172 473.523434
259.624598 665.007240
266.062027 621.083542
272.590591 617.670858
282.505177 649.821626
258.184156 722.482000
279.515169 742.977580
274.070544 449.340571
275.584899 530.085230
239.291495 189.717421
270.369026 669.325304
257.662350 664.842414
264.331207 671.766353
247.251519 602.033897
276.140830 699.853001
285.518357 749.055000
265.720387 438.841729
278.068139 512.882669
267.673662 681.477313
281.532536 653.912990
284.215664 182.451948
268.391979 620.220726
282.012601 593.064746
272.545618 708.604034
287.557930 747.642284
269.763287 461.471171
321.248082 494.215816
269.342312 694.160900
266.010372 197.818651
281.087980 491.744303
290.677065 647.260810
279.232713 604.885552
270.717679 643.857036
283.587839 709.506370
286.533040 732.261488
279.848340 519.981750
278.468169 653.303057
247.983232 703.952754
279.144833 190.995411
273.687449 457.342945
288.602939 678.616442
286.725752 705.448949
284.245576 595.931986
284.717694 731.271569
275.675971 755.746270
305.264747 527.382308
289.172730 673.410774
295.029901 675.977476
312.385317 656.466252
277.843710 209.954149
271.011942 677.234555
287.262613 461.329194
271.447459 703.364140
296.738444 495.418347
291.987343 472.005631
280.541344 616.144259
300.023316 720.406570
305.785956 759.827547
300.341026 507.882815
291.897832 173.585817
306.416834 665.216583
269.973947 698.259024
292.831863 473.409369
286.001159 585.786084
277.059464 729.128482
259.068676 744.018506
273.076160 513.586836
290.212531 611.108848
322.732729 609.607657
264.920575 193.629296
309.544142 495.466897
288.869062 690.065347
314.925319 704.728982
285.134287 749.543693
301.535626 733.448333
288.567380 201.381559
287.734939 470.217949
315.559638 639.474812
302.364155 506.693338
300.634749 475.771290
290.481270 692.791885
300.005900 697.026350
303.480095 694.560716
311.429110 725.092111
323.971390 723.521665
278.984610 201.225204
294.991352 621.852433
333.618982 691.727471
318.286144 162.246437
305.804739 740.184872
301.527078 608.843229
306.968455 649.684404
299.242926 231.180428
334.794560 663.451369
318.130242 659.062883
292.836582 677.118788
338.927390 678.807016
322.827845 729.799205
299.776139 610.688634
308.119451 682.829585
290.104049 185.237902
317.663208 652.411838
304.976061 638.472958
310.755180 716.615980
313.049217 627.563152
307.889693 678.437363
334.927273 190.229869
342.253559 642.167751
310.167809 679.465177
339.080090 726.392766
314.820131 619.095580
294.367623 643.658969
322.448197 655.232686
331.139993 215.520623
308.792120 673.808875
321.418406 726.770243
348.891128 626.189467
324.671549 213.431878
366.931945 639.928561
321.276299 724.428236
321.330377 645.021671
316.622436 640.017246
314.659185 231.168272
320.512315 724.790663
329.261481 633.195930
322.887748 639.432718
317.308739 651.012285
370.596243 659.830638
340.439361 679.493980
352.086664 662.007463
333.858230 680.772858
341.277207 684.063952
337.912580 193.240939
334.849829 732.430313
335.947661 639.851443
337.786435 674.619479
334.052848 98.713999
321.004322 108.426294
364.702282 83.038918
318.135785 93.580390
361.016739 86.525354
344.781676 96.757133
349.697486 111.663742
323.870864 116.442497
321.340046 117.112617
353.037996 154.961985
310.442699 177.592549
323.405868 199.611095
319.434393 191.170659
336.569306 187.711556
364.827725 701.410201
351.384316 643.800672
345.232593 702.722941
328.832713 72.523457
353.566420 118.914593
324.780896 199.566371
329.797169 226.644070
336.977454 227.859635
346.347810 721.975249
336.273102 222.129169
359.731813 615.198843
347.637525 712.231596
359.667744 104.755225
338.873915 101.611900
338.022733 174.701617
338.191571 195.716869
351.945995 217.707767
364.559835 125.052329
359.169693 115.055853
374.764280 133.459071
356.230120 134.631818
334.529454 183.285552
329.097336 716.113434
352.625177 629.045744
370.812057 685.459626
354.258522 72.782980
334.789600 194.528566
349.585332 214.934751
357.387367 140.535905
331.602608 161.649415
352.906353 729.727468
336.123171 224.103254
300.658817 628.187965
338.641480 687.756008
342.121649 82.635919
342.657283 192.221567
331.034524 85.399546
327.703785 78.813045
359.175702 118.199058
356.203537 80.043930
339.108013 96.215829
363.851025 133.477979
360.304370 132.388675
361.161589 101.565530
355.440767 123.189947
347.339807 174.899628
358.348988 733.342797
356.274328 239.631389
357.721311 640.247061
347.815627 699.954490
359.613436 153.990439
342.220233 159.311998
364.666921 159.812204
361.535708 137.355007
342.459584 167.645681
375.752372 148.492297
341.686981 149.685040
363.822991 184.325526
357.514477 231.743408
367.229806 207.879453
360.247610 655.093138
340.036485 125.153899
356.007877 715.377873
358.945897 623.727233
361.239168 201.846325
363.041680 225.793459
367.508274 662.366056
368.443128 670.316984
366.058510 121.679606
368.164600 723.085209
349.096579 616.011929
368.659456 185.485522
371.640052 218.606724
358.769061 665.158434
358.306482 17.325224
377.289442 21.888079
386.832562 41.592032
372.188591 58.499291
363.486047 26.628604
379.433589 68.797513
360.842719 51.288503
365.545215 59.362528
370.300538 57.696810
358.830814 43.313856
376.958995 73.503148
363.190248 71.596603
367.471547 75.625379
357.478780 100.547900
349.093828 102.684675
357.124010 75.520190
343.340763 111.917139
379.663381 99.741546
379.324312 114.701526
378.483858 95.943405
372.628332 94.864377
358.576816 199.163831
369.855125 640.651921
383.583344 617.876393
390.198307 729.517746
357.604058 654.325342
365.026874 696.410249
349.712225 743.379904
380.021534 38.359154
375.118912 80.709918
366.204423 87.943136
359.425765 611.667890
385.641112 644.622100
367.186644 727.378977
355.971762 55.162912
378.182854 609.580897
363.185467 656.835376
377.299528 753.638862
392.005182 34.437461
372.138018 77.141358
368.597163 94.017732
391.953727 616.174803
386.307226 64.457348
381.410841 648.354621
366.172626 661.164372
391.347681 685.991043
364.144464 673.166084
389.869370 732.758146
389.903532 30.158912
391.824463 40.554287
387.473585 86.621282
392.779359 647.896671
405.677153 677.060542
399.077155 748.615463
403.095288 18.254877
384.302437 73.934984
393.741493 14.801383
392.757773 33.817719
373.881441 49.669864
418.630206 41.342147
375.178605 52.943559
410.305477 59.837359
394.882619 65.330871
353.954835 73.786913
409.489262 45.513732
397.011111 109.555439
402.022578 62.869497
383.491282 82.210519
373.820688 636.505402
373.837071 700.787715
398.266426 734.897714
395.294926 661.906306
391.176988 657.491981
362.544589 95.851426
394.765986 268.501761
375.587495 300.522411
395.597001 700.849909
412.429663 718.274194
407.808707 276.410433
400.898667 658.065410
382.667343 662.352501
380.329589 112.403915
392.857005 233.269323
381.350371 717.354980
399.389590 230.661370
415.974049 218.623221
396.621384 212.097358
404.005954 209.397491
418.405481 238.131331
398.153795 244.509533
393.187328 249.632160
403.423304 255.078598
380.468453 250.986538
396.051887 279.358630
393.044974 279.826535
423.259023 254.420519
409.420240 669.567244
384.192156 699.444691
395.373377 724.304275
391.820356 644.675190
389.665940 676.011182
379.590936 84.043082
399.245897 78.224214
413.059609 673.680590
390.603587 194.340801
393.103520 276.634997
417.575542 708.117771
419.144098 136.305473
380.840344 135.640469
382.294459 114.508923
388.733642 118.962804
396.203973 166.572133
391.421491 166.558130
420.008256 139.057560
393.844165 135.333533
386.035665 159.404610
410.412968 165.410287
401.860896 170.640216
378.315947 170.790249
401.579465 169.833240
354.194178 205.807746
413.721610 195.012068
401.532885 197.781115
401.936568 195.233722
394.430091 190.433317
386.052883 173.115306
414.944259 201.154166
409.465806 207.235127
396.802508 219.402155
396.708870 193.040683
400.350037 685.268186
407.028451 107.939756
392.694480 667.115163
385.537242 48.813182
412.201931 57.315257
422.127819 84.757089
410.290395 51.721369
411.281730 63.298944
422.912548 78.172341
405.508571 110.350572
426.471616 263.216619
412.582081 698.612113
421.210285 687.028051
411.743761 709.513392
410.922952 118.739447
403.280408 270.450173
404.902075 291.222855
413.310976 649.881954
418.367458 42.367052
395.707627 703.108019
420.350309 723.878088
406.867547 137.715496
422.325837 112.962576
393.216728 121.020006
426.267774 107.089090
419.162597 103.098173
399.298541 91.794369
438.910169 303.819085
417.965040 679.417336
382.753300 734.318163
430.407031 38.939684
402.563060 667.874850
403.193351 13.796004
420.455731 69.566582
433.268819 294.437468
391.922791 651.160636
417.267038 720.217740
423.101450 674.741759
441.834417 38.471577
405.729792 112.729682
426.472681 285.774729
432.421067 661.567638
427.764813 716.898932
438.223853 669.016669
429.490452 56.491723
414.844664 91.821475
399.065499 72.492036
441.307399 36.480551
439.415309 286.341743
436.478875 652.114366
433.381959 682.763020
422.634099 665.276165
412.929706 47.398059
439.146201 40.210981
438.526190 322.167263
449.623404 709.746480
441.345853 82.896710
449.519372 53.750880
443.226356 319.894804
449.916243 30.182796
473.374664 731.205166
452.648289 31.956069
435.392111 58.731326
446.827366 301.389861
426.894601 713.825842
423.285913 60.300197
424.619495 56.131801
445.924659 55.717819
454.026490 35.496032
445.959367 318.127245
410.418860 333.947175
445.391209 692.574272
441.400617 321.054158
449.215735 718.650478
452.271730 320.288534
439.881378 683.818704
439.819321 358.832020
432.199976 335.406885
461.500464 687.896283
447.575468 352.043078
460.536504 346.489818
410.524583 713.481004
456.496894 378.381711
474.930730 353.516917
468.598511 704.225841
450.778189 375.150647
483.880400 695.837626
435.619208 330.186944
448.388157 693.810953
477.728559 334.198322
455.732322 346.757617
462.234313 320.063592
480.890617 342.084568
482.871522 322.041519
457.272752 350.278658
462.514615 696.712703
494.129145 382.149390
471.998790 383.020619
467.325606 372.125545
467.828145 328.555771
489.657458 321.112665
478.484535 685.137875
482.678740 367.089941
474.224369 384.137366
481.089202 713.501729
469.611260 340.556502
473.778682 333.656489
485.667942 280.527637
483.158203 339.676199
474.017015 327.003596
481.081851 348.381567
484.192189 345.421520
505.023496 362.378892
489.725330 362.315040
473.975670 382.862639
470.170034 385.777528
484.630154 390.140632
468.136027 680.984762
488.793292 641.130373
470.171454 666.619527
475.879564 298.580444
502.069996 653.694369
506.875285 661.846245
479.466097 667.180068
497.882279 291.456239
498.578361 283.564181
478.443746 286.651611
492.134883 281.978614
486.267067 664.205133
482.259351 668.721034
478.391514 675.054331
484.536056 278.032926
481.351621 669.732584
472.714478 306.314459
497.153542 654.104822
488.302862 274.574314
528.106287 664.341534
499.225928 299.974536
525.209667 646.252707
513.909896 661.189145
501.289644 302.865880
534.864910 653.563883
498.087444 290.377953
506.493256 657.163307
531.583873 297.705437
541.105644 630.851214
511.549365 269.183145
519.754366 622.342416
514.002534 259.314233
517.429517 619.041397
524.160027 266.336374
531.425083 639.842515
537.837475 620.770235
555.793896 286.104707
554.354858 621.178345
545.074918 324.051045
540.016893 637.502534
552.403615 315.043518
531.234587 631.886994
543.140019 285.467789
539.639793 620.221879
543.857640 291.971259
536.499948 609.849709
568.953657 302.849626
572.459319 600.254495
528.955654 280.041242
543.858015 304.244160
560.904932 611.106243
559.392694 323.731460
554.405101 599.117939
576.348123 301.113024
560.493251 285.149865
550.042165 611.006763
577.253687 632.727853
575.046223 308.702477
585.505105 606.617092
577.979653 339.659191
587.640861 327.694392
597.787854 389.388280
555.672460 366.161061
591.384339 400.048132
563.605027 618.882496
583.315640 321.980292
584.140661 395.297201
568.959408 376.449088
569.976813 607.445929
555.747930 321.947686
583.662649 323.918509
559.310859 370.229114
568.871991 335.544001
575.651158 364.817495
567.469173 356.514065
573.963248 351.928837
554.740748 338.087047
583.645233 362.435240
572.486681 355.123236
570.489983 378.298383
591.336020 362.633020
558.049372 590.550429
591.412936 399.176312
594.538329 415.521651
592.563988 409.577737
574.106443 401.475176
573.443186 400.109356
573.085543 416.791589
574.453235 414.690914
584.036313 432.184381
595.489011 426.855004
561.937825 448.223109
583.988300 414.060080
597.251140 586.795888
574.547132 599.710783
569.094881 438.668377
583.311476 585.838052
586.216874 426.776606
569.681531 581.025369
582.094449 443.951164
608.185838 577.701174
573.579077 586.147695
602.073785 456.411200
596.416992 584.676342
586.428331 431.599939
599.815507 567.080104
593.247905 575.728861
604.634784 452.300430
614.583111 438.478154
610.160511 419.964306
611.326125 550.125579
621.485666 428.712877
616.244252 595.705282
610.007922 515.871272
603.351377 580.616503
614.411795 421.355580
624.204453 427.267350
624.268984 573.911438
615.511918 534.369013
640.583817 395.059019
636.288238 377.361382
632.878343 373.738308
631.784253 398.521191
615.547953 417.628556
611.875184 404.767130
632.142800 533.727381
619.784673 394.729941
603.142216 542.487754
641.453325 392.956763
646.829883 552.466356
634.938349 325.926710
620.448044 286.700587
598.072660 341.498912
639.892489 310.231788
605.400852 308.810886
622.052392 321.761425
640.293451 342.430151
630.877818 322.436127
617.591165 353.309540
612.691745 341.339969
623.106066 365.787572
617.432901 372.806618
625.012247 332.793639
654.274574 367.402239
618.711001 377.799025
646.128733 383.124139
653.040124 363.993886
643.829936 371.460332
625.996462 381.999141
626.175985 543.947573
627.323243 329.707074
650.141454 503.940497
651.667247 501.651722
630.613455 513.657456
671.743283 542.237587
652.329803 540.143351
629.031112 520.415758
635.171591 526.217202
638.864848 504.355312
651.620603 313.578891
659.247983 511.962200
652.875529 310.491084
658.583911 491.163532
643.548854 300.982695
643.255100 312.752213
654.271281 305.703769
660.948821 324.044276
650.204135 333.896244
626.910350 339.922929
651.111708 520.707991
656.080640 470.515714
651.600761 469.600651
637.736440 467.850024
638.136391 497.463126
644.597605 485.576982
627.630883 487.971092
652.108025 317.252842
633.558920 450.835678
646.192550 442.638657
637.349235 435.305544
639.317622 398.901570
653.209410 437.101122
648.780605 470.537920
617.419989 445.861888
664.517043 445.179717
649.617174 443.833326
631.631658 455.541224
669.416170 464.586802
649.520096 333.280428
641.835771 327.098743
661.533065 450.869345
659.336472 335.628788
666.154358 422.261753
647.502415 390.788069
651.090780 405.509535
653.299917 394.773324
638.605585 393.387445
636.026803 431.894735
659.868464 432.243363
669.970779 335.421023
656.380559 325.527260
673.289941 321.050778
663.405958 322.226479
659.525435 410.587530
646.841614 330.637291
663.603454 401.661512
689.928964 401.419710
671.227146 396.895978
687.740582 339.417726
658.934335 347.199091
677.435964 382.184502
656.660109 316.219125
691.334254 387.256788
691.856878 337.328977
662.305308 334.407039
673.910189 317.629981
697.560501 331.776381
695.074991 352.332123
689.698764 377.978032
666.184364 378.892215
670.942944 324.491552
679.008442 315.396989
691.758355 273.013059
677.687114 312.362105
691.466446 346.154295
678.718463 307.459795
695.670804 323.275368
684.638292 344.583927
687.719145 271.870131
706.748945 264.623257
696.344763 284.739542
693.435222 356.835838
682.771996 363.982525
673.465813 386.737995
680.494561 317.795973
697.640849 268.217587
703.342190 322.024094
694.447781 337.674688
710.309542 282.259344
701.437927 276.977642
673.099566 277.485863
699.852551 327.063707
678.253917 348.164544
691.184455 276.315345
683.233651 318.270971
708.033400 294.669853
691.159249 357.931582
697.016801 261.342669
694.243157 334.797217
729.330424 303.831185
700.187983 337.797980
723.876838 290.552959
698.454986 275.016109
716.337916 303.762512
703.178168 387.018739
684.723629 296.881947
711.019969 268.538035
716.248276 323.304846
737.171540 333.770621
744.319521 283.529504
710.372803 252.574763
722.228009 328.885951
728.015154 253.256423
700.889461 351.445890
708.470138 296.876996
710.304668 297.590902
748.072638 343.163698
708.400395 347.149120
750.510520 267.068383
729.921736 305.775603
718.134757 315.231409
740.348785 350.543617
739.228461 283.797700
746.811780 287.151988
728.475895 288.222998
708.243840 287.497390
725.663766 326.823133
725.858036 365.587894
745.761858 323.315130
735.840367 354.266800
737.841743 358.914018
728.943979 353.016437
712.884015 331.460724
726.767673 350.071554
745.660892 330.241033
