21.170572 373.134688
25.844787 363.669069
24.699447 378.971526
17.433836 376.044818
14.131459 379.019646
12.080240 381.002822
20.122465 384.949153
11.065587 389.114204
22.383868 393.559858
1.777778 393.664002
20.844857 389.688890
17.913468 386.481572
10.891172 396.302323
22.327371 403.724391
13.510355 395.578321
14.258444 407.885281
29.327582 404.273953
26.587559 401.839897
14.634877 406.160922
19.985413 405.048450
8.991456 409.194028
16.838825 419.508075
20.067962 408.577726
29.548868 425.338641
29.512026 422.128127
19.890146 424.580105
25.073369 419.174739
14.621326 428.943813
24.975151 425.502648
18.264679 430.573918
10.812952 438.041794
14.322633 429.333447
31.598782 436.615824
31.552870 432.804290
23.112787 438.104569
6.410424 437.044948
17.232397 444.375670
6.949067 449.784593
26.609379 453.515190
14.240678 450.125475
24.744450 445.408256
25.130224 455.717887
20.665194 447.652715
18.686640 460.765330
16.612394 455.365274
15.266994 462.270920
34.104356 465.036600
20.482030 466.423849
21.783957 469.172977
29.759040 466.156173
20.337566 470.952701
33.360264 468.836979
18.811822 477.246562
24.760236 480.570431
25.388997 478.666385
24.215709 479.184624
18.912427 474.429684
13.925879 486.813689
17.385492 485.935139
21.706519 491.086203
22.033972 494.810422
20.436754 491.867615
26.443350 494.621305
13.690738 492.556075
20.442235 504.593234
14.871542 495.135362
20.590952 500.166570
16.780500 502.082557
23.604934 510.995012
5.334203 515.604066
20.356892 507.303713
14.729054 513.819903
24.554282 513.359025
25.114933 509.476357
23.353728 512.475015
17.459661 515.527107
21.804774 529.496299
8.599696 520.134405
22.867277 529.022931
15.587000 529.404506
21.174399 527.304445
17.579030 533.459390
6.495853 543.127657
30.512898 540.804643
18.737153 539.591339
26.845246 548.067235
31.489198 539.236933
16.793784 551.987958
14.440853 549.318703
16.533080 545.809632
14.170689 552.428307
22.296286 559.428914
21.634312 552.122005
22.589612 556.778251
21.770882 563.282887
15.918164 560.671576
16.218708 556.797314
27.498182 560.787448
23.854692 561.108368
16.785258 568.716159
9.478812 568.803313
26.823999 574.950261
16.010997 368.922114
34.442843 566.273662
30.744653 371.270338
26.397244 574.611372
28.018136 370.452535
20.990431 579.205842
21.239074 369.173135
30.129231 568.099297
23.027128 365.057909
30.818415 572.039278
32.750254 367.963947
25.258130 573.176013
33.758401 371.793029
38.503474 566.615628
37.351415 365.232295
42.392375 567.309718
46.600937 377.298591
37.130971 570.020096
36.028004 369.128379
44.498042 565.677741
45.819109 369.445311
36.883351 577.154380
44.737186 368.031167
32.864465 570.305980
41.051616 370.823872
52.317124 585.117791
51.805541 368.395376
48.004900 565.427977
54.893847 375.951445
55.984765 572.918741
51.346580 379.060843
50.172518 576.377449
57.494121 368.608587
55.489691 578.434925
51.058798 367.243859
61.270775 567.031160
52.681925 372.088657
58.842884 570.373474
62.142732 359.794046
74.701556 578.462138
66.829134 359.174210
68.315995 567.625930
69.624726 368.879887
68.959324 571.133853
73.418867 373.537889
70.519881 573.731357
68.523709 365.560439
70.155624 570.010357
73.332239 370.899770
81.923379 571.453745
71.944768 367.450434
83.730094 577.076859
75.264496 369.218200
80.373811 577.919362
73.153049 373.543822
76.161532 571.816497
70.419983 375.462106
85.427897 578.102025
88.366691 358.653405
83.253230 570.279864
85.962178 373.667866
81.138918 563.782700
78.744468 370.003639
91.045611 569.983056
90.654227 368.014928
84.819951 572.540799
88.749202 371.923261
87.687618 576.107506
108.620136 365.153236
94.434236 572.348122
96.323082 372.068589
101.717979 580.023506
98.554821 372.593384
95.353463 573.655421
98.708260 367.695840
95.945015 575.056789
94.786678 369.371113
91.748180 568.307415
101.785748 372.621722
103.262249 579.325504
97.205597 375.872197
103.022762 571.585921
114.294368 380.453652
100.525037 575.594037
112.741236 378.311416
108.364992 572.225958
108.757724 369.894334
106.829092 572.830429
109.711376 181.314931
129.515734 182.271951
109.336427 183.713145
107.439104 195.541744
115.663550 189.933465
125.222218 190.819919
112.221921 197.669481
117.338351 369.525891
116.918046 571.478491
111.437031 185.199328
103.913929 198.350090
118.765428 377.670187
119.659756 573.608207
108.669440 183.695690
111.775302 184.176347
118.128323 191.756670
110.776066 202.900187
117.497022 375.608362
115.457440 574.348985
103.957120 177.574089
113.240237 207.865503
112.995588 367.214861
125.498031 571.421982
112.076957 181.394368
126.940887 205.880532
131.590816 208.627505
126.102058 373.831778
135.781842 575.756267
115.530233 191.242787
130.567703 209.007781
118.811088 365.976609
119.483942 574.401046
129.273121 181.696313
125.210644 214.123336
119.068729 375.861627
123.753586 577.358627
121.911303 180.212920
128.987690 182.640437
132.418268 200.615465
131.765719 215.118477
120.362950 370.988167
129.226113 569.362524
124.314936 181.670302
125.842384 215.331256
136.318330 369.099353
131.980699 572.863743
128.191913 174.069054
129.768104 213.828646
119.669186 225.544079
132.350780 357.315121
127.948208 578.319960
128.557300 172.045590
140.892457 220.252148
129.257779 375.904047
123.534872 575.060397
128.961045 176.148345
126.416288 221.801348
131.196408 364.094936
139.719183 575.657439
135.234660 170.639400
130.818947 211.501795
124.787649 218.973053
131.261698 373.891722
138.864589 573.853664
122.748302 163.365718
136.773649 217.452294
139.004911 376.820518
132.975720 574.138607
133.715124 178.462870
144.738245 221.842096
145.568660 225.078744
141.679103 365.742265
139.581690 567.755606
150.109537 156.369719
136.804084 225.658303
131.592194 369.899532
143.233451 575.051421
147.965809 164.407614
142.596801 231.373956
145.567811 364.481491
139.174024 578.764699
146.723782 160.481239
152.418645 230.928291
149.664639 230.162833
145.393819 371.938706
144.564018 573.335754
137.684760 167.811570
148.640915 229.723433
140.543919 374.265564
149.354564 568.678799
149.239896 166.843073
156.794694 233.788358
144.524118 236.837476
141.404612 366.384645
146.895429 573.936889
142.965491 164.933187
156.100523 241.524774
143.619545 245.504600
152.928652 244.712801
155.617817 244.919122
146.492499 376.727086
147.765732 574.484044
153.965872 164.600376
145.730383 165.430416
152.270459 251.709016
153.851504 369.476282
160.871486 573.038106
160.206474 174.224850
158.081534 251.845470
162.816569 246.361106
156.199849 371.437070
154.852603 565.395244
154.340445 160.051262
154.487322 247.103090
162.994282 371.221775
156.705156 568.585974
162.335299 169.037863
151.800981 249.499197
149.148494 250.258606
149.226397 368.656833
165.336730 568.899136
168.181056 170.105937
162.037740 244.432290
174.729930 372.880933
171.411215 569.500081
159.103723 172.063200
166.838134 253.803109
168.448321 371.774759
150.157795 560.413323
160.983461 170.951748
174.191606 253.879078
163.330016 366.775404
175.938608 572.073463
169.749178 168.846115
160.407271 252.944772
157.247773 370.072431
165.928077 571.921697
164.650381 168.915484
167.500591 256.586216
173.869679 252.964274
165.823930 374.802649
171.308304 573.503654
157.119116 166.640414
171.737636 260.610553
159.179924 262.236984
175.542619 268.178527
175.224032 366.886712
169.274389 570.773311
178.791490 165.623286
176.361448 263.654467
177.059132 365.830571
164.443747 574.831878
175.428590 168.898234
173.129838 269.682195
181.669526 269.493759
168.241506 367.455305
184.282750 576.871193
188.653497 169.326996
182.145636 259.061721
182.124832 371.647884
168.478505 430.981490
182.528897 434.302304
180.639677 440.152573
174.569535 442.472572
183.705516 445.470933
178.411988 449.505245
184.832619 448.912395
174.686136 446.143803
177.598289 450.847266
166.433243 454.241360
183.473233 455.187621
175.142360 460.159420
174.773919 468.000459
188.269468 459.462356
173.758122 462.333770
180.164539 472.555763
178.632624 461.097615
182.309378 478.263665
180.392894 477.795632
183.383445 476.185546
176.796963 469.296764
175.922696 481.724572
188.708124 475.338451
181.245933 489.053592
178.832761 478.206552
179.685899 491.694908
167.866742 490.354823
179.050734 489.230316
176.388010 491.447366
173.017772 493.737246
174.546914 487.818296
177.505289 499.090347
183.854202 506.150118
180.570122 499.818747
180.144119 507.787852
184.546850 510.194108
168.143756 501.762391
182.687397 505.920370
163.813096 513.502297
185.075414 518.698346
186.062997 515.516233
180.744459 519.542944
169.457978 526.130737
181.275889 519.281085
192.190422 524.358069
174.156299 530.024249
171.140949 533.068289
180.364061 530.731044
179.860559 526.433971
177.510724 532.535501
179.448655 545.600432
181.265192 546.104671
184.533965 543.414558
171.120868 536.042250
183.138762 540.174109
191.299592 545.675362
167.871880 553.982753
179.425858 550.462475
173.985073 555.184758
187.293022 553.524274
181.489897 554.817313
169.653924 562.225413
180.283153 559.557844
180.467365 552.266509
179.452653 559.328949
172.673897 565.450411
184.770039 570.463842
180.342402 567.781559
185.868734 574.323369
178.736461 168.390882
179.185946 268.777691
185.659791 267.569950
174.723406 361.985491
167.895449 435.946418
174.027049 162.945696
176.651965 275.248374
178.668534 363.209973
195.190824 439.028329
177.994177 173.451482
185.864540 279.886326
187.363857 368.869736
185.672038 428.293648
183.526903 429.825408
196.244078 171.188614
192.665195 272.688348
185.302510 276.577515
179.083382 358.139384
188.739639 429.194599
177.653796 176.379345
186.698785 270.256317
190.611610 364.698184
177.167299 425.791580
196.702214 165.946162
196.568713 278.856730
188.315045 278.038915
180.493552 358.152297
187.595873 359.876182
190.655622 420.570320
194.295474 167.595967
190.775456 281.953927
181.585098 353.662377
196.667269 424.277464
178.186710 173.840003
191.242151 282.101228
187.378741 176.837838
197.596935 350.881680
197.633360 432.667527
193.481221 173.086344
202.221385 285.021749
190.264142 294.175971
192.983503 289.625600
208.230718 284.965503
198.673829 292.526865
200.867753 348.573998
193.406636 426.588170
206.213134 169.173701
198.468882 293.575256
195.663771 350.555138
199.943510 427.688471
192.866104 180.679969
188.677128 298.794846
200.236580 289.742000
188.067574 347.327431
187.276549 348.868259
199.796609 426.775471
202.358974 183.121433
209.687752 301.529897
202.896653 341.290132
196.541884 424.492793
194.297100 176.498328
208.031243 292.142555
204.830571 340.971701
223.735933 430.049572
202.984573 173.564549
217.214435 301.714211
210.818777 434.693976
199.878377 299.434926
202.384060 338.193645
215.391409 428.927614
212.925888 182.373677
212.400944 306.230309
215.389995 342.231891
205.886183 438.140843
202.471339 186.782759
216.994692 305.153143
210.281998 318.927842
199.595743 343.012242
214.569272 333.236380
202.157122 434.546558
215.777675 433.277371
217.787279 180.143965
210.295302 302.887043
209.843761 328.676467
211.919903 424.826741
215.144818 175.815820
210.637394 305.463123
216.444185 341.100437
212.429241 435.896135
215.785219 179.831174
214.863560 309.743393
211.583614 307.423785
204.358988 309.640658
216.912161 313.276837
214.736717 315.483403
220.083570 321.720045
220.045096 317.015026
217.866248 323.949286
216.174693 321.113247
218.425114 324.961070
214.218410 330.874183
206.019890 441.844574
224.263693 175.670848
217.689689 444.136360
212.383880 176.314595
234.163609 428.175796
221.640987 171.745959
234.048967 429.740426
223.560627 171.762855
224.229991 429.321956
230.030973 171.667658
226.004676 439.223344
211.489114 179.600611
223.248074 431.709846
234.723194 182.335923
232.080410 431.995258
225.841598 184.707607
225.585743 423.513526
227.847983 176.699376
224.265433 174.461679
231.083833 423.551124
235.336651 177.343082
242.274307 423.438321
239.933658 179.107706
231.969619 427.970047
237.695126 175.215379
245.688849 425.078326
232.323858 186.548732
238.348076 426.526319
225.539194 181.512850
237.735109 425.598280
251.384290 171.291259
242.362746 430.319254
235.474156 183.926588
256.212795 426.238916
252.088273 183.150240
249.499346 421.365226
257.617230 176.645220
260.275413 429.207670
251.297870 173.522126
258.862124 423.612504
251.319218 185.773981
264.680032 424.307079
251.709258 182.469464
255.874645 179.620228
250.712950 181.389729
257.133131 179.391222
261.163171 424.911150
253.830392 195.436416
261.707722 428.317191
254.937248 192.525500
257.946974 426.805122
256.401428 191.229173
266.593346 431.671353
269.642949 181.188179
268.671150 418.557556
265.245879 427.016509
268.256927 189.643776
260.999232 434.894866
265.444631 181.275103
268.411317 423.536580
268.185122 185.925510
276.043108 416.487384
264.430476 188.129702
264.586858 195.346610
265.063513 422.201212
271.450388 198.434420
287.959971 423.070115
283.547834 433.979724
278.866446 191.376467
283.521204 431.142267
284.681453 193.734388
283.772431 425.949004
278.356810 436.030900
271.665600 192.365133
277.596553 433.402309
283.949130 195.154769
291.218466 430.042838
274.387948 196.435179
281.697491 439.299588
276.824309 436.926131
290.692127 440.867050
281.181589 446.773474
290.713569 453.521533
282.316209 445.700851
280.068900 450.591925
283.605880 193.705415
278.950068 442.924682
293.799976 183.482115
291.594792 440.944468
298.656089 457.195244
293.322580 196.959939
294.146691 448.678989
288.778662 459.067388
284.271867 455.507238
304.843800 466.029326
288.724560 461.458512
298.343616 464.012918
295.026342 190.719113
302.074420 466.860638
291.443132 206.468880
288.441655 463.825689
304.185342 465.951047
312.907103 472.278039
302.104932 472.233628
312.689845 472.024369
298.982381 472.947866
284.796365 479.580191
301.625623 194.502651
312.242217 479.330742
289.525690 194.365803
292.593564 474.406688
303.121464 490.778994
309.196444 193.846224
293.323075 480.936464
293.701158 490.617097
301.058413 493.056118
305.687878 484.226500
305.856113 498.737798
300.798225 485.906588
287.548946 505.389608
289.813044 495.274880
308.312153 195.409652
297.990651 494.637184
307.318324 182.835294
301.358017 180.845719
301.756848 497.875846
296.750197 499.555903
312.456360 500.049762
315.296675 502.633308
303.487574 500.244432
305.237321 502.646791
304.735226 509.208930
300.426906 513.938018
305.729248 518.630465
307.914268 519.062272
308.617446 180.921582
297.180630 517.173680
301.712373 186.681491
305.739383 525.229675
315.919044 519.990540
303.054276 196.329870
312.265270 521.382363
313.337433 522.244230
311.889067 534.965258
310.716405 526.785136
320.107599 533.079580
300.147777 537.188044
321.916609 183.883960
312.058982 535.770758
317.636149 189.250337
316.904883 189.093704
314.913592 541.757900
314.483089 534.399640
318.519157 532.498987
312.804754 546.631430
320.206392 554.357834
316.998701 546.467897
320.610522 544.761692
313.640865 550.794300
313.126539 550.403472
317.436683 185.768905
308.622356 553.768003
320.939726 178.111877
325.919761 559.737329
324.179418 552.956325
327.442815 180.187614
324.365097 557.702686
316.666057 556.299843
313.022339 563.906471
324.528561 566.239984
325.555945 571.748419
318.130529 567.287850
331.632351 567.024711
318.174060 568.719239
321.424199 574.267084
319.567199 182.340624
334.248528 572.532144
323.486052 177.815471
328.851647 182.174511
318.006331 576.342319
325.543773 578.521194
331.637142 580.567990
329.139226 582.646130
323.145230 178.199273
329.741051 579.096174
329.266398 178.022448
334.229660 575.350341
330.350312 586.562783
333.832018 177.728364
326.007213 594.266261
333.907287 174.997234
332.647360 200.428926
328.142267 590.541740
339.160254 198.061455
337.507570 175.404644
331.928497 166.290677
333.250794 193.348475
329.409646 594.332368
335.170389 196.455032
326.879238 172.704578
330.656062 195.691781
335.985945 583.514363
336.206842 203.579329
338.553477 169.048595
330.682921 196.004728
348.554585 213.072812
341.005812 575.565601
339.882833 200.464966
328.463486 172.626409
339.888386 199.774460
347.648289 580.409010
345.697520 206.721211
342.581758 171.684464
341.981515 182.125121
334.769693 578.645271
336.549369 210.622533
334.302341 160.811910
345.117785 170.053589
340.601481 195.205018
344.458567 576.112339
342.327794 202.481601
355.419216 170.994539
343.127309 190.432523
346.636284 575.314752
349.100726 207.889582
339.589165 170.352484
347.408728 190.155683
348.644845 188.216565
346.290764 579.963068
347.091757 194.396894
343.821589 161.293474
360.750862 186.389739
343.689090 582.009609
359.977951 206.152669
366.433416 171.076014
352.425044 188.467831
345.610213 577.112141
343.019767 205.310868
355.311420 168.913677
357.841572 187.020434
343.695155 572.722723
352.591308 209.447904
356.768704 164.448105
357.845741 187.999569
346.388122 575.971559
367.025400 196.406544
364.328187 159.073908
366.679015 179.156164
361.040293 189.366477
359.192950 564.846670
354.685707 571.591277
363.265548 205.499371
363.053615 159.582611
357.745163 178.298356
370.465771 567.504130
367.113262 206.674301
357.139494 161.850708
369.233102 180.773088
376.792932 569.038196
365.304312 208.447057
372.981135 157.646231
368.263178 170.680387
367.197896 562.904694
369.949797 199.204566
362.998221 149.632920
374.867812 168.053535
361.545788 568.772654
377.827794 203.884899
357.181095 157.366872
369.100118 167.056343
370.028569 173.093647
374.408772 206.805981
379.004913 568.320528
379.809862 569.858197
367.658896 206.358060
368.233140 149.737507
375.107096 167.994635
370.000332 568.687433
389.778647 218.548694
382.135397 158.549375
368.706725 168.943822
373.304336 556.746461
370.506031 550.840405
370.980220 554.348208
372.704187 566.433495
372.247185 213.147404
371.405500 151.350617
369.898040 171.694089
369.771295 551.986351
383.453694 212.028723
374.633622 146.832397
380.420882 162.168723
365.600058 551.962357
372.377844 155.700901
372.559418 160.567987
374.489284 206.852547
381.295557 541.868352
376.422833 549.718085
375.535490 210.524628
374.293461 540.386773
373.577367 217.317059
383.301399 542.959991
388.993529 532.098961
379.295300 527.975736
384.851303 538.968764
390.077443 542.412342
373.412404 531.398303
373.217431 213.093541
375.470533 522.278839
371.639569 210.897415
377.323297 519.457738
395.491875 215.264461
378.965449 512.536252
390.895427 525.758373
383.231439 221.746803
387.175563 214.479040
387.528730 524.880936
387.011135 218.964049
379.001417 518.667730
387.143456 506.917303
394.281581 515.534003
395.918780 220.492276
388.083978 515.209393
387.621565 208.753829
395.291106 512.671732
395.872073 212.524785
391.488195 500.133480
409.015102 497.788274
389.961853 504.757923
392.472242 504.971721
399.419238 501.906101
399.748350 209.293355
409.105156 216.888383
399.256112 497.789029
412.218920 199.431956
398.317431 487.540306
399.780493 486.604179
385.184713 489.835751
390.888339 205.412763
407.714911 489.682548
410.408224 216.219192
407.657076 481.384424
401.739754 212.102849
403.961442 479.651559
405.729349 487.883135
411.328723 211.051619
413.648271 214.837074
411.421958 465.848515
410.776877 223.559791
416.451490 467.305001
417.024664 454.642368
409.015823 444.234041
409.961751 451.550821
406.291932 454.751971
410.186910 445.991837
416.991648 456.095209
415.535608 468.664845
418.691654 475.223424
413.858960 209.709234
416.414196 460.279118
411.163162 449.563466
412.999589 461.425411
412.543275 213.406141
422.625306 458.285538
408.674100 444.320661
407.017420 462.248288
423.336223 216.827619
414.326356 433.444424
425.731869 439.590986
426.287418 439.568161
434.061413 439.230410
409.787601 435.032984
435.371934 213.007545
417.465070 424.205880
424.062863 221.689710
419.605761 421.373778
416.279146 422.694429
428.343114 430.161090
425.998918 221.071368
435.914791 416.448237
418.638737 217.133302
432.781577 421.344438
432.082821 217.488836
425.963399 420.257797
427.100777 213.635917
425.491528 207.893848
441.256834 418.776720
431.673819 209.360646
426.960551 415.772721
438.901974 215.440313
423.567949 417.121736
437.221470 208.249930
436.704332 411.834247
439.690423 193.696415
435.205045 410.665234
435.906939 416.784585
434.463391 205.727870
433.947778 403.317150
428.084929 211.124098
449.893509 371.103851
442.511694 405.749830
454.387587 202.095007
446.346907 372.920005
451.522469 370.692426
440.572277 412.532139
451.524449 202.493571
443.958134 384.835272
453.794649 374.920467
446.389136 410.888397
450.523850 199.552163
454.689859 367.157622
449.597292 357.281198
443.828027 355.633821
457.946042 364.010220
443.350389 368.135216
442.562360 377.953983
452.167511 399.757603
443.366863 410.703760
456.279840 197.561601
450.047645 355.513841
429.091923 379.802836
449.945969 378.808496
452.732066 411.381080
444.460954 198.039298
443.584776 360.512772
451.440432 378.867708
455.950672 352.014212
453.456473 348.465457
449.040999 400.958000
453.241977 199.841574
452.003873 376.950806
460.860305 350.990227
462.986464 407.682239
453.119925 199.040019
460.748730 376.111011
451.412738 353.675103
459.570197 401.720581
461.752057 199.529604
464.260130 332.948504
464.541874 344.028267
462.620668 340.961389
465.448873 339.538564
453.379838 346.143305
455.308857 375.691509
458.099750 401.601382
462.818159 406.829006
455.747773 192.245229
453.247261 189.611255
464.050884 327.445730
471.195366 380.545780
470.479819 401.947778
474.145199 192.625761
458.407702 332.983574
447.993797 373.750814
463.852887 323.732200
455.620303 317.966526
459.677651 325.125197
459.053406 332.389134
465.565590 328.388125
463.057935 396.279059
470.673803 190.436902
452.136666 380.350456
465.941777 322.844132
475.704901 392.097953
472.784803 194.007198
466.845631 370.134362
460.651784 327.016698
470.457882 389.627297
463.910280 196.533666
454.717736 303.135321
465.797756 315.101866
476.719665 368.855216
475.433805 390.554601
478.622249 183.246782
474.517669 193.188781
477.483124 306.391914
464.266028 380.272857
467.183718 392.115009
474.989119 181.416312
461.087770 308.520890
466.644080 366.693925
476.072348 390.829260
474.807593 189.796636
474.802517 186.672080
469.428248 305.203455
465.155201 306.471004
474.662633 377.564446
481.256560 388.999610
460.173880 182.430318
472.614014 299.663661
469.206851 381.460535
483.751466 382.980335
484.213097 193.461457
477.468409 299.429139
478.111913 369.632702
488.456739 199.715333
489.529329 385.363205
476.875922 389.378636
486.904720 207.752573
480.208572 293.057820
488.603101 368.723338
475.156776 365.377423
485.887392 382.851074
479.409017 198.958210
490.253159 295.137094
471.276093 364.884261
487.719360 382.949871
492.106333 190.222263
480.444453 296.161331
479.951470 367.784682
481.969602 382.170235
490.161580 196.858493
485.020404 297.786670
481.345271 356.871579
470.304098 379.760072
495.233658 193.117186
482.138404 298.755446
480.780166 358.575746
487.915117 381.525152
492.977703 393.221998
493.953832 189.696044
497.306262 287.481108
488.092984 364.383637
499.595905 379.573044
497.195240 192.067495
490.470516 299.132876
485.659018 358.627708
491.281617 366.563665
504.543733 193.711059
489.118710 290.629894
485.717462 362.783525
492.313531 376.983000
488.901907 195.256505
500.805176 283.605273
501.634250 372.215265
489.838841 374.844965
502.637346 192.389989
493.969031 292.249271
493.177274 365.879615
503.247602 363.903620
498.476353 374.478227
495.163691 186.246896
493.135005 289.001310
493.580487 190.131838
506.147904 293.409921
487.679387 194.086643
502.066740 287.002342
509.953691 183.722622
504.646070 288.537698
510.463111 176.042603
510.917587 194.445819
512.805008 283.056934
518.139049 201.845527
509.298361 183.908120
518.407010 192.116744
511.744173 279.849140
514.619552 189.414095
520.897429 186.841914
514.377914 189.104050
507.965814 286.489511
515.623379 200.760791
507.616409 285.336437
505.054658 188.328514
518.105793 186.344892
520.953072 277.046930
513.212325 193.481021
522.038276 287.119447
507.300075 191.997932
524.836769 269.083991
508.091273 189.761571
530.554001 277.165742
524.839749 182.234411
523.027522 257.707934
520.722149 261.421676
528.903268 270.100192
517.849241 271.071569
521.772176 285.549863
516.748497 187.812617
530.252263 255.698756
526.145739 268.589079
529.801338 279.364369
534.698988 188.414723
526.317251 264.112379
530.268110 267.861562
524.804288 284.800211
530.691110 276.333113
539.810791 286.962335
513.459259 282.602855
530.513394 190.319895
534.529944 250.805858
523.187402 259.426448
530.309965 178.994468
546.075264 259.083872
534.132140 186.172047
532.817282 254.256970
536.991565 183.648654
538.129436 245.266816
531.723877 179.594986
538.161297 258.478551
541.592194 195.152008
543.264557 253.969324
547.572096 250.148993
555.219579 176.963816
541.259181 251.101629
537.919408 184.772599
548.728982 242.863961
537.548197 187.640149
544.450511 246.537989
545.756501 182.739606
548.360144 245.915499
552.947476 228.995280
543.320855 233.036372
558.181284 238.652012
560.717697 237.484778
543.209063 235.277046
553.709672 174.539006
560.070674 233.786712
555.827939 170.515525
559.053065 231.797538
547.618481 169.524774
560.660172 227.127662
556.547662 232.335010
541.792368 170.281834
560.632667 213.145535
550.085665 177.164542
558.782501 221.669078
560.975336 164.451386
560.062530 218.360041
563.954344 171.205009
553.778173 218.020994
575.552833 169.511892
566.546346 218.067325
566.083813 165.600891
565.034188 220.636394
571.709556 180.889424
567.052742 217.756813
566.807758 169.303585
571.805726 216.379494
571.533064 162.455782
571.678521 214.650598
566.490541 160.580920
557.711417 204.948659
584.962368 175.706502
579.403251 221.480363
567.609885 165.893533
577.127415 202.259086
584.508266 167.038623
582.865108 206.794642
591.191658 161.033752
570.133167 208.012613
599.198680 162.808700
570.542189 201.927853
584.391552 208.752140
583.868289 158.841336
590.606009 205.838104
583.693851 153.720830
590.371208 204.508280
590.815873 160.622907
587.615962 198.749892
589.768318 155.604986
584.884347 196.545760
583.981639 160.004204
593.990718 206.157412
581.216859 201.740774
598.953731 151.306244
596.577206 196.285805
594.180272 153.905778
596.633293 207.220879
587.988200 160.746914
599.794801 193.306630
597.809966 148.700891
605.503552 206.192385
610.230595 154.272291
600.698530 205.585805
597.700304 157.470910
601.772554 193.878869
607.943080 149.356991
605.009724 192.514389
609.863537 145.734312
604.808646 185.107448
611.685952 152.962119
611.295582 187.523722
613.892037 148.931283
607.381760 183.496932
614.608128 185.001407
610.998997 150.746631
614.334039 143.490179
618.690556 186.252666
617.924343 143.190183
618.004655 187.844729
621.704728 147.067343
612.015921 181.093023
618.768072 157.800063
630.061173 184.059280
632.098647 141.385539
621.704049 185.748924
617.208403 178.736966
619.710394 148.346777
624.000182 176.425828
629.082782 136.083881
633.313912 183.097145
636.786452 149.017295
625.387455 179.366239
641.361640 145.715007
632.737571 167.605277
627.798734 134.502745
627.479429 171.391600
637.980464 179.790491
631.735981 137.960653
635.279399 170.704297
636.112301 143.976420
628.521128 161.397398
646.508160 148.047861
635.995203 165.229578
634.081215 148.304622
644.670047 170.934368
633.986830 144.758593
650.156987 159.417275
649.430871 164.921147
652.073849 140.677499
645.970676 162.147024
649.039406 141.650779
647.286175 156.366218
655.400969 142.642969
639.891872 153.682103
649.838540 132.880255
663.690223 156.380707
655.426658 141.534310
649.925230 148.843139
653.999739 155.659275
658.164922 139.717461
654.564061 155.518686
660.304528 136.493500
658.976463 142.016501
664.327767 136.526928
650.966806 145.684374
