78.018048 117.370254
101.891448 133.518407
48.141725 133.789957
74.889502 140.605500
52.301081 336.015072
62.213215 377.643777
70.130253 389.200178
79.326538 108.666808
56.544339 144.750596
48.830137 365.630929
79.367234 97.477988
57.160707 370.812124
80.886428 372.096888
96.050939 387.034697
21.727833 382.354009
83.101206 377.575865
55.575088 400.117248
75.269579 405.723285
45.235935 406.708717
100.448458 407.875912
66.160516 412.697291
69.462136 408.558023
58.313823 418.495787
80.628509 410.751098
74.883218 400.889183
67.164818 437.894033
118.954879 419.840510
63.637574 160.877459
61.202652 98.679703
115.435637 361.488814
51.618301 445.227390
69.728979 154.968253
76.563669 147.207545
85.166259 429.045065
59.526169 429.064340
67.602416 448.589576
106.211655 459.324823
45.083278 128.194671
57.119745 140.002298
90.565039 359.656781
63.551835 462.255173
76.630849 143.932469
88.499296 154.885847
64.111952 171.191270
93.885258 366.415952
117.878387 440.415992
52.878244 478.789776
79.086370 108.592082
76.497436 171.579041
85.925810 331.810980
81.358612 460.151666
89.149604 108.313460
83.795820 170.401070
90.497717 334.427231
76.967813 485.844786
64.783283 110.112075
100.015589 168.309141
112.994875 177.577972
65.142908 336.569583
95.065525 465.627351
87.816154 116.632092
108.333762 160.887222
96.558900 166.877219
119.243581 319.085223
98.916656 457.413038
79.107012 82.983645
86.030456 188.389469
86.315258 345.673541
136.383013 450.506117
106.865625 106.375716
111.744880 178.292890
71.731734 343.369954
106.385158 469.068910
82.374024 84.279569
127.311248 194.421815
120.542139 332.502688
131.956633 463.231807
94.974931 101.943088
112.922869 203.970347
124.196322 184.086088
109.801144 194.007398
113.877648 331.783760
96.397444 461.935741
111.261828 94.159449
129.410356 194.693123
89.985283 330.499732
134.653770 469.577980
116.079990 118.904810
123.319944 195.330513
122.909745 206.183592
139.287974 202.879391
146.295267 333.777839
130.576972 477.384595
114.419562 123.672500
137.248865 95.753915
122.075591 200.566254
128.325869 339.354958
99.631393 450.150631
131.610858 144.900391
126.224130 211.357672
125.669599 320.906802
127.870791 466.395435
119.898344 212.379780
120.636195 198.349968
149.662782 116.797804
158.394869 360.153640
100.824878 449.065639
128.113556 96.626666
137.862544 237.147957
125.300056 334.608497
117.757227 465.275922
137.446534 136.779947
139.697789 218.792855
149.051205 356.637686
151.674682 210.287446
136.431442 448.680370
165.025123 114.478286
141.868331 336.818075
119.241745 114.840567
118.687063 254.525094
136.186182 451.421490
164.597204 237.113290
125.312571 125.242768
148.069382 306.924409
174.781636 143.979319
159.180116 474.253614
150.832790 239.538804
146.649257 324.137710
170.451617 145.548586
123.742325 156.207159
192.186415 444.042342
166.849088 143.261198
148.995374 235.652956
175.193081 335.855212
156.820656 459.616642
140.973214 132.674223
162.562282 208.813975
171.311952 340.667029
157.754980 145.562432
186.811271 465.608134
167.507533 257.383889
154.607014 327.575614
169.698053 153.101864
183.954681 447.018885
182.982063 248.282777
149.377561 332.964807
150.360891 158.810020
183.628830 465.536863
166.824381 261.718749
191.714854 320.872212
180.587519 145.732329
167.182598 455.376725
173.805607 247.806760
171.031851 331.303236
195.548323 168.897670
175.542540 259.482700
156.006662 449.749675
217.366394 316.399867
158.875113 150.555344
182.639573 245.456403
177.365347 448.158128
173.031997 312.663474
182.879919 158.121912
204.834744 230.445989
215.820253 465.887908
193.429994 596.779410
192.418851 611.737211
200.316957 593.684921
190.253294 625.366878
181.488724 611.954681
157.757561 631.362089
178.059968 604.907453
199.702157 320.540144
208.221563 615.032208
185.977663 162.684835
195.117391 243.217128
203.036211 457.314145
204.743097 146.898042
185.182006 589.168427
192.649464 243.951510
192.887921 316.603041
181.254867 586.496940
211.576265 561.193954
177.631454 610.764672
159.353293 445.371790
188.692477 173.472187
206.083817 251.294905
198.334533 320.081996
186.066233 570.638609
211.146033 636.044542
213.778713 578.145330
158.656512 454.168888
216.140035 166.932252
158.010425 175.652271
203.004913 163.670428
206.015001 282.729441
191.888606 326.749096
234.654457 628.386455
215.655203 560.862281
178.623135 270.473743
223.874643 450.138833
212.251121 564.610410
214.669756 554.292960
188.843530 181.288600
208.067870 315.649817
220.661591 628.866280
198.688676 195.440838
184.266377 277.533109
220.361200 440.052467
212.120142 561.143157
227.907622 534.750024
206.047792 307.684009
215.780349 636.675398
229.646025 188.932118
209.646108 259.036562
201.156192 458.650599
262.721693 551.981641
229.028725 310.562419
187.202531 556.036751
228.119157 544.310420
223.526783 631.482337
207.858042 170.345299
209.369055 255.599966
220.930004 444.606487
230.444171 172.287014
223.355117 340.612417
227.430714 522.282219
180.845138 631.848756
219.492464 522.791322
198.259719 253.843264
210.026193 439.874374
210.189488 176.824933
161.701578 324.654372
184.913355 598.251323
217.619867 271.754855
196.792153 525.437766
242.277342 438.712628
226.653535 188.395402
231.832337 335.187731
246.537383 618.487005
208.936895 257.102921
247.690411 520.045372
237.180212 444.347562
227.101809 183.455829
225.583594 291.902753
248.054670 512.106879
220.644058 629.797182
253.250601 257.240828
210.386088 453.498044
230.793784 177.369793
219.902944 315.750543
203.536630 480.646692
233.722521 638.602188
230.930036 276.766771
248.668328 445.956311
179.250134 183.788545
216.329942 301.681973
255.781407 494.530218
272.030735 627.778866
243.919046 263.995395
222.394448 446.326306
245.582436 191.729162
261.187483 308.529755
243.615676 505.686720
234.934440 599.737839
222.969945 180.096034
259.587572 277.850590
213.352602 457.695401
243.127713 487.845621
190.089517 305.860806
232.313414 634.351075
240.731117 205.867681
256.904551 282.624316
257.839771 438.905245
250.855056 499.714014
254.514499 285.634924
249.577609 616.572170
245.813573 205.069946
232.315532 251.127120
244.533761 432.729612
260.513995 475.586203
262.581564 286.355718
259.193559 284.482022
286.994330 598.265230
240.812379 200.233860
253.562419 257.081505
285.408088 429.436018
245.958499 487.635747
271.731134 271.875635
243.545750 275.206282
223.593614 633.882593
236.586323 173.134635
251.387681 274.243833
276.135544 441.759353
290.620981 497.178340
273.395530 275.004269
264.341186 605.789411
244.162353 185.924414
275.445694 272.217489
255.137291 197.068441
259.000653 449.410514
280.466534 486.167232
262.083886 595.519234
245.269328 608.908477
288.160507 187.984828
264.964389 441.851405
297.533950 467.360979
257.553014 595.896295
260.186239 582.190434
279.093838 173.939483
271.558474 422.475410
253.487212 479.047969
241.150801 588.134020
293.616508 195.232759
280.043754 446.073857
254.585478 502.884319
282.852275 577.753033
303.968314 462.130727
250.661197 190.701538
265.828009 482.703026
292.492583 590.765321
273.446083 430.458581
275.857846 569.516646
272.847145 183.666722
320.865451 475.847947
280.827370 421.867462
247.248060 573.384066
270.314624 168.881661
264.589196 486.915707
308.590022 450.597222
270.646854 567.245409
313.573773 185.032762
295.470426 458.981189
281.390325 448.966866
283.731713 567.500592
285.713128 180.503841
278.118650 455.070563
267.149529 493.450362
276.740518 564.719607
326.679016 197.987963
294.895134 456.240020
284.726154 472.172049
288.186095 560.556252
281.734936 183.390136
341.695755 458.756480
316.420333 480.863692
290.226392 549.901357
323.917107 188.318776
299.483383 561.438166
309.627020 179.916812
315.282419 542.818671
313.020810 177.286879
294.242586 167.481075
335.141647 563.882233
329.377960 174.167456
331.927078 527.323429
324.507697 162.925568
328.140961 541.850233
311.784804 181.319256
342.897982 533.514782
315.745810 164.225905
325.672308 543.786810
294.382224 548.830755
325.826407 181.446660
354.646301 526.318257
312.991880 542.666518
330.646238 177.327000
315.217086 550.897858
317.421882 179.874411
342.857808 552.000749
315.128049 170.834305
366.847206 150.948951
344.703634 146.126821
335.472985 560.519654
353.473144 137.977119
329.932437 545.176603
357.194713 152.178503
341.857810 545.512219
387.473721 127.732182
379.894920 537.659308
378.969922 138.729499
336.872929 550.793487
369.612277 140.941920
370.890924 552.528520
331.874227 573.942431
367.373443 144.283266
350.120432 544.782941
388.577962 121.389489
358.408186 540.306757
374.165669 137.614115
388.487752 522.320350
356.505503 148.164631
393.074320 534.598718
361.114933 108.948763
366.544766 519.138642
383.420780 110.596162
405.396527 548.350802
370.498930 114.145495
397.590189 558.087115
389.533510 105.536809
381.888793 551.519706
400.500923 112.298199
423.919018 548.378570
398.749429 97.962309
404.635775 555.948086
407.005548 99.438195
410.839795 541.915068
388.598472 107.435370
429.647154 546.868963
409.120509 84.173906
424.099112 538.328158
439.323435 91.590689
379.547425 559.340532
404.095580 114.368269
428.902211 558.470221
417.076203 107.824418
441.071356 547.173238
433.672724 86.645773
443.391053 544.646043
407.844344 103.436913
419.440934 569.958614
434.320812 78.682994
433.963500 554.573548
433.372634 74.761054
414.092770 557.608675
446.221416 79.069771
457.870824 557.921630
461.258755 100.537788
435.076610 574.905096
437.407001 71.744741
443.982417 563.395184
463.517184 67.260034
476.407886 569.511810
426.838028 70.372554
451.962012 560.027694
419.872712 70.145082
490.038171 561.179552
450.360646 74.847624
485.746280 560.957375
458.920799 92.536882
503.484384 549.315917
469.410203 72.596804
485.524443 572.071522
444.972634 85.765730
467.050133 568.784393
513.765144 86.380478
500.884379 587.357395
498.567487 86.442890
499.577318 560.591519
492.175317 84.626994
475.968136 546.315531
481.606192 71.349256
514.491618 573.231066
486.595528 48.194435
503.755078 573.245117
485.409039 58.387551
486.617041 566.951301
489.905453 40.887647
520.039846 582.032904
536.876543 77.417762
523.385067 555.481142
517.135914 72.887529
514.999473 568.175389
482.904389 79.067635
541.159525 581.164155
480.955650 84.014294
523.287093 567.658878
503.823808 75.120861
478.106182 587.057371
506.998199 59.019502
540.373186 568.711499
573.079365 77.576996
526.390158 579.641827
541.380021 54.173698
563.204788 570.826209
566.919389 70.933997
505.132715 587.604792
542.090997 70.225253
546.637129 62.858797
535.386033 558.984661
528.060431 93.372460
563.319970 573.980520
581.999433 54.704667
549.514207 574.100784
555.130297 78.463623
538.526723 562.207046
551.739535 549.933113
563.038219 54.303933
549.862899 582.319525
534.847805 73.381396
566.126732 578.499909
566.634989 95.925547
550.918372 574.264755
571.629799 70.275510
590.239457 567.207431
572.817503 71.582311
593.294870 579.779928
588.521634 75.865086
576.921928 560.878133
580.680864 80.984002
582.485330 557.602783
597.905831 76.632132
608.524262 81.371027
594.756735 575.608971
619.081444 83.091406
565.345133 573.668217
604.794257 86.996889
579.545910 582.449249
625.909039 81.580089
594.638433 564.752503
606.171415 86.656554
613.767740 558.095716
599.921621 97.106584
641.913984 565.392244
616.254606 67.932174
588.090264 552.051076
636.359019 91.462771
618.594018 546.568973
624.903523 83.881053
619.611986 554.254804
628.044670 82.182018
632.440861 550.995232
614.603367 92.884068
666.933041 554.997880
611.405374 99.433727
638.919997 559.601720
652.290794 102.649462
641.703626 555.242392
637.699593 99.787524
644.817373 557.935755
632.359065 96.256442
662.113848 563.189342
602.830994 103.298013
656.327660 521.526610
640.968434 64.064556
659.349120 524.798289
654.680287 105.942946
681.622270 540.846013
656.301742 97.237912
658.338745 545.832977
667.110680 98.223601
690.622943 124.241639
668.248799 549.843216
679.067705 114.815588
667.595232 525.464424
698.604647 106.883919
686.974814 540.168691
675.703356 125.559169
696.278808 532.969852
688.647134 116.562454
696.155803 545.948199
673.069221 133.949847
656.671154 130.278023
675.883438 498.231555
699.627268 129.415771
702.246826 509.666541
678.530231 142.903805
686.195485 509.925514
690.061935 137.987405
687.457516 497.882777
694.049495 126.119618
701.287528 131.398988
699.281142 491.473762
721.130136 145.448854
684.902695 509.006135
695.608317 166.001150
727.343589 528.840329
696.463985 152.224801
687.506291 167.769693
732.637392 498.166283
696.874583 173.584437
713.823646 497.630703
717.258228 178.813393
697.288406 156.399586
694.517031 491.884918
727.722331 175.946954
715.828202 476.718752
744.318708 180.371740
731.018715 496.836947
764.626340 177.268658
696.424258 488.461632
719.525845 467.780820
708.247190 468.994286
714.654736 167.610033
740.276250 158.756782
710.112306 481.695917
719.056797 167.800089
727.430379 465.144152
724.502704 170.489790
735.672488 436.821989
713.042035 163.112564
745.875609 437.612141
735.343681 469.602962
725.573609 435.983057
741.511642 432.240725
785.601456 454.326953
739.493125 184.518909
735.340545 431.023577
727.774983 232.344885
738.409991 410.263283
764.728869 425.122203
745.025876 160.127801
769.632851 200.492043
755.066477 246.100836
776.326628 429.828607
717.217186 427.396018
775.542627 413.807570
788.648926 169.201186
755.150718 206.133782
721.996510 213.162193
772.642998 413.320876
791.008361 170.934538
783.413736 256.182607
771.810464 416.356885
708.103011 221.152289
742.942147 248.912177
711.979436 156.531456
751.375484 403.555032
768.788274 247.980760
756.494963 226.249661
797.129967 263.012754
763.817401 157.638984
755.971772 398.164126
762.385026 226.360504
742.114940 257.131379
772.402126 252.150171
790.268199 314.806885
788.605756 307.423166
797.074491 327.165759
778.059556 334.730077
776.664239 156.374690
777.490779 275.346332
786.829666 324.515764
783.965094 404.337436
782.852954 228.913913
782.675379 315.686317
803.554977 140.909748
765.611537 269.962590
782.652594 294.814021
800.659596 299.604355
776.982882 306.975064
785.852497 405.646806
761.972322 143.524669
800.570869 243.262718
808.572746 254.066556
777.074709 281.820829
774.231794 318.216760
773.907299 401.258459
778.866458 155.099332
793.360288 247.771988
801.083894 283.006462
744.442230 275.240787
744.642766 335.236292
776.649496 401.825949
783.218310 143.347551
805.253808 235.238075
788.663378 292.965505
788.253834 266.901112
798.522054 329.784951
776.875110 405.663205
785.853726 137.539575
782.398320 229.557603
760.099219 272.851061
793.634883 260.306417
789.345227 337.058182
796.612877 405.058078
770.652509 134.562101
793.261796 232.378530
803.885336 288.559599
812.585354 272.182180
767.470274 338.452304
764.422549 392.909105
792.054042 124.697532
799.714165 260.157614
797.495481 279.613435
787.890399 215.531410
813.859855 321.527188
793.532156 383.070648
810.184453 142.780698
792.626594 238.459655
801.271760 326.431097
790.833029 376.853059
783.798604 134.612168
798.515345 220.294954
764.532461 318.603808
824.822278 108.494515
780.140665 397.961266
780.527277 323.842992
803.249370 222.920244
795.077778 126.234880
801.704509 400.980630
801.250707 342.120550
810.399256 216.428071
814.173436 147.874884
799.661171 409.319478
782.057805 349.467637
813.925099 243.284403
846.703117 119.554483
832.052205 389.677329
814.772437 335.444561
846.024329 229.790360
807.289810 127.028804
796.689642 392.557253
846.101918 354.775266
827.935190 236.905745
832.249786 107.523192
798.550787 340.808740
856.845389 388.798534
827.803953 212.374684
809.739292 125.182099
790.452649 342.956080
815.355345 405.303772
863.415327 201.846307
830.128984 122.806250
829.578970 342.678773
797.111357 404.356366
848.139009 208.673992
838.327238 120.920861
811.392676 332.714865
860.272187 419.475266
814.768383 214.458981
840.808330 97.780055
838.979442 346.759816
839.818506 398.163159
846.036499 211.111514
863.961394 112.723155
858.638947 360.688728
851.819878 391.088758
870.264243 209.252346
869.111982 104.789766
812.502570 343.962554
862.555181 425.182918
842.122615 185.815260
862.428208 88.399257
830.187177 349.909789
849.500136 401.307528
889.479217 219.602049
865.936653 105.250169
872.965661 404.205164
850.106116 345.377373
805.511976 176.132497
858.754151 202.334891
889.603684 113.922364
868.954038 410.316943
855.453120 363.028133
888.570552 174.401916
838.379509 103.224355
855.972302 182.447331
868.251944 406.162981
865.217999 337.413951
851.417991 108.961260
871.299335 171.699540
844.064742 407.682552
862.843540 323.884215
897.560803 82.135720
865.067326 174.673015
887.703450 356.457281
866.717518 425.223438
876.042460 103.528745
845.158451 191.856231
870.268082 356.928860
886.582570 393.220631
879.098071 84.658114
895.206830 163.604422
841.959373 361.551783
880.581200 407.181122
896.698000 94.568748
884.484574 366.855850
874.806961 145.587444
884.536312 409.360181
914.046968 359.626768
879.800193 87.654683
888.102561 161.133975
903.953203 405.240892
902.690096 354.128573
892.148762 89.393224
884.800615 168.158336
900.956024 392.205141
896.933497 423.106412
910.623951 88.197337
894.183163 170.773863
896.842384 151.303249
901.090187 377.261308
909.808050 405.334022
934.542430 84.495645
914.566447 151.686524
899.056299 104.859438
910.075017 121.995930
915.613194 137.271635
866.595789 122.603378
922.057982 137.695666
886.368138 369.791951
904.297008 421.101623
914.542026 114.997506
885.381164 370.096179
903.013539 123.011998
897.432699 409.804441
940.047750 105.741214
906.515776 382.170955
905.075382 121.798215
889.148105 103.581003
930.603293 407.169389
905.907992 107.098083
884.247372 107.040153
862.973402 94.622404
896.318769 369.764766
935.223944 407.130149
921.544673 367.329138
928.827196 406.025410
937.221134 379.609305
913.358543 408.615641
897.105113 357.519459
922.292961 418.657499
924.788137 384.240233
905.042226 430.785259
928.013037 350.589962
917.444602 393.261594
918.847017 429.871526
969.330401 401.136605
978.591589 407.030600
943.137137 428.727405
952.421433 381.025100
952.066420 413.461023
919.971009 393.385362
950.599143 418.131758
957.263091 386.167253
923.334833 398.370685
926.160664 377.856063
958.741207 407.475086
950.528206 387.791459
950.586455 388.384078
960.301536 398.827020
941.787553 417.600484
979.113747 399.033733
