46 171
46 175
46 179
46 183
46 187
46 191
46 195
47 199
50 167
51 202
54 164
55 205
58 161
59 208
62 160
63 208
66 156
67 208
70 152
70 212
74 149
74 213
78 146
78 213
82 145
82 213
86 141
86 213
86 726
86 730
86 734
86 738
90 137
90 213
90 722
90 740
91 701
91 705
91 709
91 713
91 717
91 744
91 748
91 752
94 134
94 213
95 697
95 755
96 691
98 131
98 213
99 755
100 687
101 681
102 130
102 213
103 753
105 209
105 677
106 126
107 753
109 208
109 674
110 122
111 116
111 753
112 670
113 207
115 112
115 749
116 666
117 203
119 109
119 745
120 199
120 666
123 106
123 742
124 198
124 664
127 105
127 660
127 738
128 198
130 734
131 101
131 656
132 198
134 733
135 101
135 652
136 198
138 702
138 706
138 710
138 714
138 727
138 731
139 99
139 649
139 718
140 198
141 91
142 645
142 698
142 724
144 198
145 87
145 694
146 641
148 197
149 84
149 690
150 637
152 193
153 81
153 687
154 634
156 193
157 80
157 630
157 683
160 193
160 679
161 76
161 626
164 193
164 675
165 72
165 622
166 66
168 192
168 672
169 619
170 62
171 611
172 188
172 668
174 59
175 607
176 51
176 188
176 668
179 606
180 51
180 189
180 664
183 606
184 52
184 189
184 660
187 56
187 606
188 188
188 657
190 60
191 606
192 188
192 653
194 61
195 192
195 602
195 649
198 61
199 194
199 599
199 645
201 198
202 61
203 596
203 643
205 65
205 200
206 639
207 204
207 595
209 66
210 638
211 207
211 211
211 591
213 66
214 215
214 635
215 70
215 587
216 219
216 223
218 632
219 72
219 584
220 225
221 229
221 233
221 237
221 241
221 245
221 249
221 253
221 576
222 76
222 629
225 255
225 572
225 624
226 76
226 259
226 263
226 566
229 623
230 79
230 263
230 562
233 622
234 81
234 264
234 559
236 268
236 272
236 276
236 551
237 618
238 81
239 280
240 547
240 614
241 541
242 81
242 284
244 610
245 85
245 537
246 287
246 291
246 526
246 530
248 607
249 87
249 295
250 522
251 401
251 405
252 91
252 299
252 409
252 603
254 519
255 95
255 401
255 599
256 302
256 412
257 515
259 97
259 399
259 595
260 305
260 415
261 309
261 313
261 317
261 321
261 325
261 329
261 333
261 337
261 341
261 345
261 349
261 353
261 357
261 361
261 365
261 369
261 373
261 377
261 381
261 385
261 389
261 393
261 419
261 423
261 427
261 431
261 435
261 439
261 443
261 447
261 451
261 491
261 495
261 499
261 503
261 507
261 511
262 101
263 592
264 455
265 487
266 101
266 459
266 463
266 467
266 471
266 475
266 479
267 588
270 104
270 584
274 106
274 580
278 106
278 578
281 574
282 106
284 570
285 110
288 567
289 111
292 563
293 111
295 115
296 563
298 557
299 116
302 553
303 116
305 120
305 549
309 122
309 548
312 126
313 542
313 546
315 130
317 539
319 132
321 538
322 136
325 140
325 534
329 141
329 530
333 141
333 527
335 145
337 523
339 147
340 519
342 151
344 515
345 155
348 514
349 157
351 518
351 522
352 161
353 165
354 169
355 525
356 529
356 533
358 171
360 175
360 535
361 539
361 543
364 177
365 545
366 549
366 553
366 557
366 561
367 181
369 565
370 185
371 569
371 573
374 187
375 575
376 579
376 583
376 587
377 191
380 195
380 590
382 594
384 197
386 597
386 601
387 201
389 605
391 201
391 609
391 613
393 205
394 209
395 615
396 619
396 623
398 211
400 215
400 625
401 629
401 633
401 637
401 641
401 645
401 649
401 653
404 217
405 655
406 659
406 663
406 667
407 221
410 225
410 670
411 674
411 678
411 682
414 227
415 685
417 231
417 689
420 235
421 692
424 237
425 695
427 241
427 699
430 245
431 702
434 246
435 703
438 246
439 704
441 708
442 246
445 250
445 710
447 714
448 605
448 609
449 252
449 600
449 613
451 717
452 256
453 577
453 581
453 585
453 589
453 593
453 597
453 616
455 620
455 720
456 256
457 573
457 724
458 557
458 561
458 565
458 624
458 628
458 632
458 636
458 640
458 644
458 648
458 656
458 660
458 664
458 668
458 672
460 259
461 727
462 553
462 675
464 262
464 679
465 549
465 730
467 266
467 734
468 681
469 545
470 685
471 266
471 737
471 741
473 270
473 543
474 274
474 687
474 745
476 539
477 691
477 749
478 276
480 280
480 538
480 695
481 752
484 281
484 538
484 697
485 755
486 759
486 763
487 701
488 281
488 538
490 285
490 705
490 765
491 769
491 773
492 538
494 286
494 707
495 775
496 538
497 711
498 286
499 778
500 290
500 538
501 711
503 715
503 779
504 292
504 538
504 719
506 783
506 787
507 296
508 538
508 721
510 725
510 788
511 296
512 538
513 729
514 733
514 788
515 299
515 534
518 736
518 788
519 301
519 533
520 740
522 788
523 301
523 533
524 742
525 305
526 788
527 533
527 746
528 750
528 754
528 758
528 762
528 766
528 770
528 774
528 778
528 782
529 307
531 533
532 311
535 533
536 311
539 533
540 314
543 533
544 316
547 534
548 316
550 320
550 529
554 322
554 528
557 326
558 528
561 326
562 528
565 326
566 528
569 326
570 528
573 325
574 528
576 321
578 528
580 321
582 528
584 321
586 528
588 321
590 528
592 320
594 528
596 316
598 528
600 316
602 529
604 316
606 528
608 316
610 528
612 316
614 528
616 316
618 529
620 316
621 533
621 616
621 620
621 624
621 628
624 316
625 533
625 612
625 630
626 561
626 565
626 569
626 573
626 577
626 581
626 585
626 589
626 593
626 597
626 601
626 605
627 634
628 315
629 534
630 557
631 311
631 538
631 542
631 546
631 550
631 637
635 311
635 640
637 644
639 311
641 647
641 651
643 311
645 653
647 311
649 654
651 311
651 658
651 662
655 311
655 663
659 311
659 664
661 668
661 672
663 311
665 675
667 311
667 679
671 311
671 682
673 597
673 601
673 605
673 609
673 613
673 617
673 621
673 625
674 629
675 311
675 685
677 593
677 689
678 582
678 586
678 631
678 635
678 639
679 311
679 643
681 692
682 578
683 311
683 646
685 574
685 695
687 311
687 646
687 699
688 567
688 650
689 654
691 311
691 702
692 563
693 656
695 311
695 559
695 705
697 656
697 709
698 552
699 311
700 660
701 712
702 548
703 311
704 662
705 544
705 715
707 311
707 666
707 719
709 540
710 670
711 311
711 722
713 537
714 672
715 311
715 725
717 533
717 676
718 680
719 312
719 684
719 728
720 529
722 316
723 686
723 729
724 528
725 690
726 316
726 733
728 529
729 692
730 316
730 735
731 533
731 739
731 743
732 696
734 316
735 534
735 700
735 745
737 753
738 316
739 534
739 702
740 757
741 538
741 542
741 761
742 316
742 706
744 765
745 545
745 710
746 316
746 549
746 553
747 769
749 712
750 316
750 555
751 559
751 563
751 768
752 716
754 316
755 565
755 768
756 569
756 573
756 716
758 315
758 720
759 724
759 768
760 575
761 311
762 579
763 726
763 767
765 311
765 730
766 582
767 763
768 734
768 757
769 311
769 738
770 585
772 589
772 754
773 311
773 741
775 745
775 749
776 592
777 311
780 593
781 311
784 594
785 311
786 598
786 602
789 311
790 605
793 311
794 608
797 311
798 609
801 311
801 613
805 311
805 613
809 311
809 614
811 618
813 311
815 618
817 311
819 619
821 311
821 623
825 314
825 623
829 316
829 624
831 628
833 316
833 547
833 551
833 555
833 559
834 563
835 320
835 628
837 543
838 537
838 566
839 322
839 628
840 570
842 326
842 533
843 528
843 629
844 572
846 326
846 524
847 576
847 628
849 520
850 329
850 632
851 576
853 507
853 511
853 515
854 332
854 633
855 579
857 336
857 503
858 340
858 497
858 633
859 344
859 581
862 493
862 633
863 346
863 350
863 482
863 486
863 581
864 354
865 585
865 637
867 478
868 356
868 472
869 586
869 638
870 360
872 468
873 462
873 586
873 638
874 362
875 590
877 366
877 458
877 638
878 452
879 591
880 370
881 638
882 448
883 591
884 372
885 444
885 640
886 644
886 648
886 652
886 656
886 660
886 664
886 668
886 672
887 376
887 591
888 380
889 384
889 440
890 675
891 591
891 679
891 683
891 687
891 691
891 695
892 699
893 386
893 439
895 390
895 591
896 443
896 702
896 706
896 710
897 714
899 392
899 592
900 445
901 717
901 721
902 396
902 449
902 596
904 725
906 396
906 448
906 596
906 729
906 733
906 737
906 741
909 745
910 396
910 450
910 599
912 749
914 396
914 453
914 602
916 752
916 756
917 606
918 396
918 454
918 610
918 614
918 618
918 622
919 760
920 400
921 458
922 625
922 764
923 629
923 633
923 637
923 641
923 645
923 649
924 402
924 653
925 458
926 767
927 406
928 656
928 660
928 664
928 668
928 672
928 676
928 680
928 684
928 688
928 692
928 696
929 459
930 700
930 770
931 406
931 463
933 704
933 708
933 712
934 773
935 406
935 465
937 715
938 719
938 773
939 406
939 468
939 723
942 773
943 406
943 468
943 726
943 730
944 734
946 773
947 406
947 468
948 736
950 773
951 406
951 468
952 736
954 770
955 406
955 468
955 740
958 744
958 748
958 752
958 756
958 760
958 764
958 768
959 406
959 468
963 406
963 468
967 406
967 468
970 472
971 406
974 473
975 406
978 473
979 406
982 473
983 405
986 401
986 474
990 397
990 473
994 396
994 473
998 396
998 473
1002 395
1002 473
1006 391
1006 473
1010 391
1010 473
1014 391
1014 473
1018 390
1018 473
1021 386
1022 473
1025 386
1026 473
1029 384
1030 473
1033 381
1034 473
1037 381
1038 473
1041 381
1042 473
1045 377
1046 473
1049 374
1050 469
1053 371
1054 468
1057 371
1058 468
1061 371
1062 468
1065 371
1066 468
1069 371
1070 468
1073 371
1074 465
1077 370
1078 463
1081 366
1081 459
1084 455
1085 366
1088 453
1089 366
1091 449
1093 365
1094 445
1096 361
1098 443
1100 361
1102 443
1103 433
1103 437
1104 361
1106 429
1108 361
1109 425
1112 360
1113 423
1116 356
1117 423
1120 356
1121 423
1124 356
1125 423
1128 356
1129 423
1132 356
1133 423
1136 356
1137 423
1140 356
1141 424
1144 356
1145 423
1148 356
1149 423
1152 356
1153 424
1156 356
1156 428
1160 356
1160 428
1164 357
1164 428
1167 361
1168 429
1171 361
1171 433
1175 361
1175 429
1179 362
1179 425
1182 366
1183 417
1183 421
1185 370
1187 414
1188 374
1188 407
1189 378
1192 403
1193 381
1193 385
1193 389
1193 393
1193 397
