38.184943 38.652849
29.210427 48.465235
43.313323 39.715114
36.007260 39.947469
32.008462 35.267063
41.138598 46.604505
40.701001 42.549013
54.417239 33.612064
34.662893 40.130630
53.587459 35.171189
41.935001 31.699493
40.702459 27.906861
36.556157 24.077601
43.912801 31.934125
44.072503 50.986105
44.447341 41.780444
43.888989 51.041180
43.112501 61.737632
43.999809 42.421472
43.266363 46.537028
46.866217 40.641627
51.100046 49.741462
51.969921 53.819073
49.842809 59.832252
40.757329 53.409928
49.129837 59.557171
54.742680 63.560620
40.831609 59.495866
53.710954 24.868751
49.076517 26.227031
49.402395 29.562459
51.565884 23.054523
52.268969 25.083215
51.223793 24.585758
51.598768 19.968903
55.189405 66.194780
65.800525 64.896717
58.592985 70.871456
61.333979 59.395087
61.643360 78.577963
56.829223 77.318977
54.101118 69.289445
56.858295 79.730030
52.585821 86.245282
59.553029 83.473199
52.966024 83.550900
54.461551 87.376365
55.258564 76.258557
55.696846 78.373471
66.951629 21.099637
54.459470 28.384415
60.925127 30.920776
57.976353 21.959482
67.691475 20.699580
62.654175 24.793902
58.013174 28.018782
62.484370 90.332508
61.536566 78.536914
57.933197 87.663312
56.144591 90.589013
68.433295 92.616853
63.734113 97.440015
73.114042 89.134065
67.760726 97.882332
57.038045 101.086417
63.369744 100.979022
63.097717 96.490716
71.299661 96.643410
60.382533 97.648361
75.303423 97.090045
72.643614 29.897619
61.681551 29.791798
68.425522 31.532404
71.299562 30.339518
70.581960 28.873637
64.715938 31.067806
77.518278 20.770152
81.445600 108.743383
82.752612 102.452490
74.694013 112.336711
80.653436 112.641718
83.013037 108.685485
79.720104 103.666499
71.239369 93.525937
77.959844 114.170849
81.692697 110.026681
76.635799 110.652572
84.824177 110.069174
70.736493 107.668046
74.311310 109.003465
78.198982 112.060979
83.677871 122.537545
83.019808 123.072980
89.776584 119.113701
71.172152 122.113183
75.420575 118.329092
85.052013 131.922024
89.035928 121.215572
88.569786 29.542791
79.072066 32.417654
81.858615 33.365102
75.283361 28.513453
76.527763 34.391580
79.962482 26.276067
83.765720 39.700959
78.815314 125.950002
76.758565 132.006112
87.877214 117.828664
89.239508 127.179998
94.011977 130.399088
92.079390 118.967768
86.535404 130.004452
94.508883 25.014147
90.663308 34.162268
90.848510 33.561186
87.873728 29.144223
90.118960 34.520487
89.484434 41.010521
90.544110 34.815968
93.844071 141.802114
90.822447 138.749635
84.488058 133.878114
93.317840 134.849029
92.367574 130.096563
82.617406 137.911535
91.217635 138.994777
94.026742 257.478463
91.649922 264.327757
91.987628 254.965346
91.048966 262.536690
82.865681 260.443269
99.008195 252.763943
92.347337 265.182452
85.673453 263.624438
88.622841 270.000329
97.610325 261.590875
89.744867 275.725591
93.708593 267.101877
100.935555 269.058366
89.267848 265.351014
96.546348 35.910557
96.626897 44.378251
96.511396 41.704401
88.725143 45.752400
90.525696 37.490431
107.484755 33.431273
100.988619 34.065172
99.635001 145.069103
92.665417 148.796908
95.197995 143.415240
99.826779 143.276841
96.184047 142.875886
102.500302 145.153686
100.013462 155.835114
100.422762 190.908151
97.461662 188.123474
100.487870 188.741593
98.626511 187.346850
97.332768 186.351829
95.906529 187.810595
100.007810 187.180708
105.994368 203.094352
96.526804 204.987582
95.094330 204.848724
107.105419 195.831036
100.496505 192.022182
96.163084 196.954633
96.810006 205.138048
108.026060 208.141071
102.099936 208.035648
101.486586 209.214598
104.718478 198.452632
94.783955 205.705877
103.090914 215.909856
93.562093 217.499054
102.349325 219.422138
98.442096 216.135569
104.263517 209.078846
104.928642 216.203871
106.392829 216.831546
98.219228 217.018928
108.107624 211.729019
96.195403 235.490784
102.313453 227.988899
97.281491 228.186502
93.605914 228.337677
90.892478 226.744514
105.412752 226.630362
95.366937 228.398433
109.597209 240.393531
105.666213 238.775191
95.861771 233.367932
97.723316 237.274787
109.712354 242.451542
96.002289 238.572835
97.363514 238.919207
98.685679 257.430843
97.531204 245.893907
107.005349 241.523071
100.783041 242.091252
96.459556 252.680935
93.934957 254.185508
96.010195 244.613581
95.940452 273.997603
97.582187 264.248898
100.958094 277.055029
99.025913 276.582571
102.893274 275.732146
93.123794 281.522844
92.976504 271.030637
104.836998 154.373964
100.484273 155.207477
102.337990 156.211281
102.001973 154.957831
104.709522 157.502407
94.687234 145.843752
106.865175 151.300883
103.765451 164.231609
103.990535 165.448966
97.489316 159.724024
99.345010 169.841668
103.148835 164.153170
105.401897 169.400116
104.113217 165.105558
101.563300 178.387516
98.863968 174.791946
104.006349 168.602571
104.778545 174.673816
96.932991 180.574026
98.133668 173.914390
114.910933 171.017503
107.640879 43.249853
101.090086 36.810009
108.590933 45.580687
111.099797 41.153597
111.477900 46.765405
102.665623 39.850352
108.470286 50.263467
113.502147 275.430129
99.831813 279.926000
109.707513 271.635114
108.507940 280.502933
117.308437 282.888503
115.909646 273.089560
110.338494 273.805253
118.646775 27.050689
107.811527 19.352317
118.524148 22.757260
109.372224 23.072568
111.562704 15.720264
114.513127 20.972778
115.307112 17.187289
118.845328 21.090759
110.170632 25.374360
119.910280 35.910304
114.854556 29.895502
120.443210 39.476515
120.778666 29.542235
119.961638 24.025063
120.608925 278.134095
129.500940 278.076383
116.192431 271.605914
129.390897 282.274110
114.633309 272.095286
125.788344 278.836462
120.812189 284.650039
123.953476 23.189192
120.026683 24.489522
120.391219 30.666062
117.866240 24.867261
129.821591 27.794976
124.519306 18.223204
123.785421 18.514562
129.737367 280.300739
128.963514 278.237183
123.843810 275.400798
129.301774 291.696114
126.166199 276.833678
127.571959 280.475247
128.188372 283.590442
133.681438 22.864908
144.224124 20.860127
130.617222 34.045824
132.328774 27.301496
139.043265 19.729418
139.323626 32.034869
139.424068 15.598348
130.976031 280.489937
142.231028 278.450645
135.768086 274.087187
138.863744 279.361801
139.680814 279.605303
140.397883 278.424421
143.977805 279.060805
142.976841 23.915298
151.972818 23.930150
144.760251 23.401589
143.710872 21.341756
146.828214 33.897177
143.574369 30.444666
134.878154 23.680960
139.463511 281.450539
156.184990 286.011175
149.495127 283.157803
154.133704 288.158360
147.605930 277.169581
148.722367 274.787295
155.027121 271.739426
163.222550 24.510887
144.213370 22.159972
152.061800 33.305745
157.768398 20.267563
140.574107 24.692757
152.921519 27.004505
161.483460 19.925755
159.987791 280.036371
157.518159 287.535538
158.841060 279.994119
162.304178 288.193552
157.234938 279.555278
156.109900 272.552792
163.173186 281.638066
164.970391 31.580984
156.815514 18.269946
155.362964 15.178678
170.656356 14.817002
169.040774 32.962684
167.968598 13.825566
160.366272 23.848623
169.061067 280.306255
169.264271 279.724265
178.091044 287.069093
163.018681 279.223706
169.707593 270.537469
176.214606 284.142871
176.697655 277.722450
175.548356 34.096629
167.286348 32.130868
176.348393 25.720476
174.847470 24.251357
161.583119 19.247912
165.912310 29.044489
168.721817 18.483488
174.671693 288.253032
189.158222 278.654763
175.854074 282.505974
186.398791 277.579318
188.454672 276.554400
180.591095 280.678268
189.428525 273.595513
183.614004 23.727271
190.985115 25.359819
189.277648 30.446810
177.143757 31.202965
183.166096 25.246725
193.087030 25.686506
192.163954 29.566365
182.858195 254.206261
191.138068 259.988291
190.427185 260.538484
179.553071 259.094384
192.637323 251.193871
189.488630 255.978495
185.385654 250.686845
188.809444 270.780629
189.619296 271.350169
189.965717 270.009082
180.936292 269.208753
182.680666 269.666864
179.517039 267.084604
187.196267 268.710727
194.949110 23.400959
196.837626 23.772358
194.312504 13.415467
192.889881 24.041651
184.758189 17.066220
191.603412 21.326688
195.002898 26.271923
203.033068 260.720393
194.448728 256.002442
199.407605 266.130188
196.840906 262.531940
194.583271 259.623260
193.330195 264.198017
201.215832 259.479865
201.815571 273.937605
204.140036 277.794706
192.644693 267.875581
198.355754 266.796551
201.504297 277.742010
199.076050 275.004100
200.640538 274.708489
205.538149 18.717256
194.620998 23.999139
202.269045 19.859443
203.671550 29.181740
202.400940 28.332158
202.304179 28.855096
202.897642 29.657315
197.560318 276.950802
204.502585 288.185757
198.268664 286.665558
204.283397 281.034220
202.956258 285.576576
203.924544 283.219191
201.201868 281.561130
203.170925 40.800363
205.432431 44.864556
210.290545 47.905741
206.238286 50.372654
205.724677 46.336074
208.935982 52.305706
212.693296 49.120707
208.224694 48.226669
208.543895 53.595066
203.768140 53.309788
215.320206 58.957961
206.977855 53.627586
201.681043 56.455945
206.560373 51.020817
197.641063 56.141330
210.598894 75.304560
196.201150 62.488120
210.314154 66.097447
214.764362 61.993530
197.639680 69.712403
213.528615 66.861372
208.972402 76.204490
202.631856 76.215878
205.402692 80.605833
204.220455 82.313301
216.188220 72.952764
193.007632 77.563456
199.439060 85.970664
207.080294 85.812880
212.977221 82.393700
197.370007 84.305199
205.343271 83.109075
212.760103 87.369342
209.561091 85.386360
196.825388 86.595739
203.087812 94.065924
207.798843 96.806813
196.717227 86.475435
201.008101 87.869835
205.865452 98.033813
204.001784 83.781676
203.497721 93.145720
203.115973 103.936733
207.535067 105.870509
201.871570 105.475367
208.043021 103.881214
210.735710 100.773376
210.279912 111.811275
203.565524 107.938338
199.356196 291.467569
198.352456 295.601280
196.492066 295.191557
198.687230 286.016327
206.243724 296.097895
198.790574 293.037015
214.174249 289.788912
207.244287 40.236520
207.990792 33.677091
206.641115 30.172226
213.354966 34.152354
209.649612 35.255189
208.357341 35.179706
214.411877 32.991754
214.050799 117.910811
209.319008 112.705683
211.605460 101.612566
210.305466 117.179120
208.806195 117.053596
201.505055 106.577240
204.870012 106.702062
218.851882 298.649768
214.979949 297.898003
209.956910 309.429100
212.110733 290.865412
209.402225 303.739515
211.794353 292.388514
215.277662 313.330766
218.839465 114.563332
204.039809 128.327467
211.448727 132.265515
216.898108 118.781606
214.167568 122.221516
220.229583 119.462889
214.088736 127.195525
216.816917 303.405680
218.038364 300.049933
219.064061 307.131039
222.335501 305.335372
227.771406 302.425658
223.413378 293.379792
225.167549 307.003485
225.736979 133.042559
224.508685 120.221790
222.035525 125.063013
224.958923 126.873692
225.567004 127.056744
225.155631 126.901620
221.999552 129.752702
220.594819 304.458374
227.650858 299.642666
230.048680 287.809041
236.063344 297.184621
229.322992 299.439514
226.377459 302.241980
229.312823 300.317959
235.361814 140.703164
228.051658 139.093330
234.680674 134.788616
226.828648 141.959129
225.792369 135.281098
235.985455 127.657749
239.476528 138.548315
236.525770 144.607182
233.879574 139.142060
239.530937 132.175304
230.056368 143.012752
240.947625 139.389060
235.728008 140.322215
235.395311 148.993086
235.478740 304.638557
232.948287 293.589155
242.326720 293.137865
234.561452 299.757263
239.273353 299.072494
238.059283 299.038626
235.896449 302.422422
252.276636 145.735076
235.739770 149.270974
252.994868 147.133126
250.265887 142.256947
245.319141 141.110092
254.845086 157.403129
249.889755 155.257818
248.528256 301.450865
252.895777 303.565817
256.797274 296.846796
251.531394 303.449706
248.708748 301.469334
245.905393 304.203699
239.552027 303.340902
248.393591 153.011512
242.507483 157.621872
259.976160 155.657914
243.778987 166.533948
250.584022 160.066273
252.254498 158.773657
243.683885 155.213434
255.384482 304.237069
262.239834 314.036195
247.736791 305.692620
253.227774 319.060055
266.462089 310.911869
252.534013 321.339143
264.977423 303.183014
259.275249 151.803350
255.558311 162.011095
258.745350 162.247020
256.418409 168.658291
264.269503 154.517993
251.217962 164.609556
257.947830 160.185617
263.943210 171.995061
263.751406 180.735205
264.936582 174.144326
274.623392 168.881888
271.958880 172.821270
260.245557 173.835801
262.263494 170.716519
268.558681 318.352118
254.694084 319.746543
257.164126 318.654644
265.292618 318.323941
263.935892 316.012137
264.899328 316.988988
266.630328 306.471320
272.568251 179.783930
281.359314 182.523569
278.467879 178.746627
271.907314 175.625462
277.220750 188.008287
273.822874 171.590559
272.747948 175.975339
279.693986 315.694322
264.664182 315.955297
265.930246 319.751176
274.361383 320.477289
275.084561 320.731489
273.719291 320.967859
272.567598 321.807930
278.853463 185.847851
268.959033 185.914202
279.328997 186.427536
279.312374 188.541905
280.989101 196.951312
280.345943 185.192058
282.213520 189.129031
277.663526 332.669821
287.836894 320.172187
276.538387 330.858648
279.550637 329.343672
279.260771 326.012557
288.019817 337.491382
280.543176 332.031415
288.888547 199.511067
288.096780 190.756438
284.291064 197.747430
275.792140 203.985171
292.709319 196.132900
287.802139 201.664199
280.877705 198.840517
295.763587 210.315786
292.326235 205.688809
291.275407 207.441523
283.165100 215.221231
300.424284 207.176293
287.066128 201.044589
290.135255 205.900893
290.968685 333.935563
281.319764 334.813161
284.874095 337.882928
294.278466 334.847514
281.366493 334.794468
294.140595 334.597388
289.012901 321.786097
296.899049 210.431849
299.264460 210.587514
288.023545 214.483340
302.136660 211.089937
296.376469 208.052679
298.416876 212.874339
309.308692 212.436670
304.360909 342.925471
305.278461 350.744162
297.922542 341.363267
297.002846 335.692799
293.671470 333.626715
297.901673 341.816172
296.168277 333.844906
307.928194 215.869020
313.247148 217.423178
302.937970 212.111192
306.669831 212.331821
308.821848 221.188976
318.324788 217.469778
313.134418 223.628585
304.155220 355.347486
298.376549 339.232486
314.338569 335.190246
313.068734 335.794486
299.566782 351.129569
308.824886 342.329538
313.650326 354.261545
316.851508 349.998000
314.002914 343.869795
323.742050 343.955845
312.385194 356.229058
314.136271 356.681681
323.671897 348.900365
321.287720 352.074950
314.991824 210.589201
321.948779 220.268325
317.909212 220.042543
313.255235 212.779543
324.635918 222.584496
320.351740 222.857864
306.156483 217.723223
324.893199 239.017766
314.970320 233.781323
322.856059 247.274958
322.471255 239.336250
334.908570 238.796903
324.957246 251.897140
322.803465 245.124340
322.639291 252.187245
326.223018 250.673277
320.654070 242.970297
329.975479 251.332506
321.578468 260.121634
330.668457 261.160129
320.347996 247.192763
333.195403 359.472499
329.101784 352.637272
319.091862 358.664203
323.279877 349.429386
320.825198 362.517233
327.007288 353.799793
329.607007 349.564427
324.152042 222.281334
327.105318 226.812344
328.023274 219.008140
338.332407 215.630959
322.197239 227.289223
334.400160 213.399171
322.242809 220.295038
338.332789 265.040665
321.650342 264.896139
322.077515 264.827692
328.992924 259.641984
325.797869 265.560325
332.867817 254.021130
331.489875 270.727849
337.461521 269.923038
335.570741 264.954573
323.315839 271.341130
335.590362 270.363685
325.859455 277.400245
336.099704 259.464322
328.738230 260.701718
328.173726 238.386614
338.171311 240.802601
333.012239 229.952543
337.964287 232.140519
325.746624 231.591968
325.140446 240.997283
334.612649 240.124542
335.619112 364.429184
327.339851 356.299885
328.913188 355.594663
340.627743 352.431700
333.882358 360.581200
331.268371 359.806333
331.555047 356.200728
342.881082 281.589730
335.186955 279.743077
327.093942 287.271792
325.270352 282.545221
327.586596 283.438234
344.621254 272.677314
329.751145 283.416253
348.655677 225.199045
333.036263 222.879432
336.095211 223.385211
336.859218 224.152852
335.032389 222.692900
336.941325 223.741351
336.962200 227.878780
333.784800 287.535654
344.536678 286.459604
342.004662 283.764109
339.944576 287.521029
343.893293 296.184222
333.188861 292.547815
339.769355 289.232691
350.682564 364.161168
350.324627 369.357741
340.933910 362.539482
342.982675 369.244543
340.418899 367.394599
343.864642 369.899716
344.379442 368.230684
333.275683 233.986448
339.871140 227.427109
340.076812 235.030451
350.926857 229.755080
345.100172 231.814324
350.785865 229.897758
337.687644 237.826144
346.823577 298.354099
344.089567 295.696735
345.740422 297.641212
341.766157 290.281631
346.496123 301.719096
350.149858 293.168385
348.105857 302.059293
350.113560 306.914154
340.223411 309.677374
350.647598 308.274794
349.438565 300.622486
353.254692 305.366889
353.663871 316.538391
352.673630 308.611727
347.168741 376.187293
350.738549 372.600463
355.098530 376.632569
345.767059 365.854837
348.861358 374.960470
346.913095 381.278006
347.227797 375.897670
347.465373 320.146718
356.561319 322.558111
348.705909 311.572404
356.849673 313.522294
358.710614 317.696739
354.242343 317.055913
358.841123 314.704607
353.535852 374.260833
354.224724 384.661211
362.431324 387.233280
360.995290 372.710167
361.838758 386.228313
356.914950 374.569688
353.079533 381.526098
359.745780 322.189277
360.100632 312.740749
357.337101 324.811639
357.238783 320.069354
366.667852 327.409771
354.504157 322.624568
370.513173 320.017110
360.081065 387.254563
365.792292 390.177576
370.808547 390.480817
369.575711 383.663995
370.635033 392.080532
366.140941 394.157621
375.202936 384.266493
361.982991 416.206863
354.080358 417.881014
354.623828 411.169742
360.355052 417.880152
356.208183 417.396836
369.252103 417.828187
364.105898 411.997087
371.768968 338.387350
364.641194 333.898526
370.951514 339.769224
360.579182 322.695523
376.222618 332.555549
365.657933 333.792312
364.255076 327.352865
368.887014 402.099826
360.609131 393.538872
373.407970 392.314646
366.148104 406.385305
365.087704 403.706839
366.390540 396.272897
372.247630 399.264306
367.527086 420.854530
370.724281 421.367645
372.473946 428.297209
374.703044 422.267662
371.461418 423.395115
369.654370 422.841965
370.846307 409.903062
370.702936 342.807203
378.919373 341.501295
371.964783 342.436548
369.898422 342.658306
369.447613 332.622368
365.487137 351.699279
369.032975 347.166528
381.065857 425.758590
381.403772 438.455218
379.248441 427.566786
363.689773 428.045010
363.267948 430.220729
374.553197 431.050330
363.960936 428.304563
375.861749 441.623459
377.784746 438.466277
369.722562 447.429893
380.051596 437.182817
380.630722 432.936283
379.121425 451.668993
377.928479 439.334558
378.109895 351.874145
380.882095 359.031790
380.806597 355.359102
380.438218 345.383024
383.175413 351.446485
368.106099 355.441955
387.597537 357.447825
380.230248 447.371494
381.328994 442.870161
386.577846 442.049370
392.669704 449.226891
386.323704 453.300861
381.970797 449.799643
382.594581 437.721640
385.288577 460.303459
388.522580 451.882350
391.228026 457.650793
381.711220 466.079999
382.222413 457.631220
380.735093 459.106619
379.405045 457.001192
381.203668 365.875892
386.587024 356.566496
386.436982 364.847013
387.579346 355.514250
387.691980 355.601502
384.347250 356.166125
386.008378 356.579278
388.212882 466.972304
396.593580 464.564751
391.740670 469.047200
398.734918 472.826263
389.255512 461.400562
389.116765 468.654932
400.191410 463.352008
384.461032 478.695059
393.609379 481.858320
397.432241 480.395518
384.616944 470.367005
392.747973 476.742813
392.111855 479.329066
393.398165 474.071075
403.671677 358.722446
392.784993 360.479620
397.915338 371.191835
396.732889 351.590604
388.661346 358.641354
404.683144 357.181277
397.250881 356.210220
403.717671 369.186054
403.677122 365.726246
403.455838 368.739235
396.392431 366.326542
400.647232 368.538042
398.566756 378.897383
404.430818 363.211462
408.783567 411.914639
397.737586 418.092509
405.314275 418.737287
398.914309 424.898396
405.651560 416.124408
399.973958 419.966912
402.821484 421.121393
405.335931 430.281298
409.819448 433.783084
396.515987 430.411733
397.033013 440.074137
408.514101 437.941395
391.844833 427.113685
401.246725 429.892282
403.341805 437.250061
408.983965 441.429247
401.316498 444.466287
402.495109 440.589273
409.733861 432.975749
395.221317 443.474235
400.632822 440.976235
401.473332 478.040458
407.452272 468.259960
403.023252 481.387193
403.675131 475.825699
403.968342 476.646348
404.205619 477.570835
405.515636 469.200364
408.595943 417.749140
404.576670 408.037601
394.852464 402.960524
402.422738 415.131747
404.070762 411.097424
415.441011 404.915173
407.782817 420.324462
412.761631 456.201872
393.518599 447.192247
407.421749 440.553208
406.329940 452.575495
403.730744 443.909684
405.342943 437.543172
405.087160 449.922839
401.917632 463.259313
414.214094 453.131830
409.156384 453.111217
402.379832 458.850631
408.350567 456.058454
404.459027 460.195708
413.650051 460.441408
412.877600 364.644283
408.178352 366.544367
411.288874 366.902028
410.389670 360.305660
409.558093 366.318279
415.825843 361.396350
413.439095 367.095276
414.273593 404.957576
418.427008 408.841054
403.918127 401.962938
407.514064 397.496382
414.636128 404.605267
416.243430 393.283699
417.096851 406.133535
416.104221 366.175143
426.176474 366.430239
421.017048 360.878797
419.088084 354.806969
424.025178 363.283776
408.824005 365.726748
422.708909 370.032892
410.257629 401.281358
416.963896 393.599483
421.474916 395.858090
425.130314 398.324419
412.571717 404.904650
424.725536 401.038408
416.722602 407.926127
428.918950 359.018406
427.735563 363.486969
426.935966 363.032297
430.592886 364.163321
434.039058 362.650259
441.118429 360.870188
423.382710 368.055428
432.019295 398.331925
430.642229 391.678680
438.188137 405.543818
427.221842 393.136345
431.928238 383.303140
432.648694 395.075015
431.719702 395.763409
449.018805 369.259753
436.798283 354.289529
440.810652 359.328008
436.453897 360.765441
432.207595 359.288936
434.059712 362.495503
434.696629 361.906128
439.380922 406.458864
440.432909 394.367892
442.271385 398.074150
443.482222 390.150632
446.536702 394.953070
444.957542 392.578969
451.835567 391.826522
447.661974 373.234336
452.099505 375.388623
444.600983 357.621414
449.002215 369.058624
438.898973 360.353223
445.329997 360.877613
449.524085 359.313724
454.319893 383.443403
450.297177 392.621237
453.478871 391.234234
441.794187 389.096482
457.986649 381.968646
450.552705 401.226195
446.743297 389.480521
461.131578 359.768464
449.454198 358.992382
445.742936 364.888302
456.672902 353.244739
458.063474 358.079666
457.730976 373.774220
461.617197 369.910661
459.977513 387.738358
459.862353 399.124518
451.824323 388.284113
459.840136 384.554611
469.298156 396.674968
455.279767 388.470502
459.762852 388.566357
474.967369 370.656572
461.555889 354.568224
467.812245 364.508612
467.378720 358.354207
479.304330 362.052614
467.619319 358.297020
464.636968 366.550589
470.567183 385.609349
471.455699 385.190471
472.744317 392.555228
464.723898 387.739754
465.309626 391.314146
469.704262 385.720355
479.918580 385.921264
482.370106 365.370818
466.683841 369.343369
469.273128 375.762989
483.817671 366.520001
479.597463 369.653659
464.847212 368.228680
477.095210 372.023493
480.383122 385.548624
485.669656 385.460844
481.434453 384.394238
471.422332 392.778074
482.281545 383.747605
489.778359 383.119559
484.190437 380.751600
