51 156
51 160
51 164
51 168
51 172
51 176
51 180
52 184
55 152
56 187
59 149
60 190
63 146
64 193
66 246
66 250
66 254
66 258
66 262
66 266
66 270
66 274
66 278
66 282
66 286
67 146
68 193
69 290
70 242
71 146
71 236
71 294
71 298
72 193
75 146
75 232
75 300
76 193
79 146
79 231
79 303
80 193
83 146
83 230
83 304
84 193
86 226
86 308
87 145
88 193
90 226
90 304
91 141
92 193
94 226
94 303
95 141
96 193
98 225
98 303
99 141
100 193
101 221
102 303
103 140
104 193
105 221
106 136
106 303
108 194
109 221
110 136
110 303
111 198
113 220
114 136
114 303
115 200
116 204
116 208
116 212
116 216
118 136
118 303
122 135
122 303
126 131
126 303
130 131
130 303
134 131
134 303
138 131
138 303
142 131
142 303
146 131
146 303
150 127
150 303
154 126
154 303
158 126
158 302
162 126
162 298
166 126
166 299
169 295
170 126
173 287
173 291
174 126
177 283
178 125
181 121
181 283
185 121
185 283
189 121
189 283
193 121
193 283
197 120
197 283
201 116
201 283
205 116
205 283
209 116
209 283
213 116
213 284
216 288
217 115
220 290
221 111
224 293
225 111
228 294
229 111
231 298
233 111
235 298
237 111
239 298
241 111
243 299
245 107
247 298
249 106
251 298
253 106
255 298
257 105
259 298
261 101
263 298
265 101
267 298
269 99
271 298
272 95
275 300
276 91
279 303
280 87
283 303
284 84
287 80
287 303
291 71
291 75
291 303
295 67
295 303
296 61
299 303
300 57
303 303
304 54
307 303
308 51
311 303
312 51
315 303
316 51
319 303
320 54
323 303
324 56
327 303
328 56
331 303
332 56
335 303
336 56
339 303
340 56
343 302
344 56
347 298
348 56
351 298
352 56
355 294
356 56
359 290
360 56
363 288
364 56
367 288
368 56
371 288
372 56
375 288
376 56
379 285
380 56
383 283
384 56
387 284
388 56
391 283
392 56
395 283
396 56
399 283
400 56
403 283
404 56
406 279
408 55
410 278
411 51
414 275
415 54
418 273
419 57
422 61
422 273
423 65
423 69
423 73
423 81
423 85
424 89
426 273
428 91
430 95
430 273
433 99
434 103
434 273
438 106
438 110
438 114
438 273
439 118
442 273
443 121
446 273
447 121
450 125
450 273
454 127
454 273
457 131
458 135
458 274
459 139
461 278
461 282
461 286
461 290
462 294
463 141
463 145
464 149
466 297
466 301
468 151
470 155
470 303
474 156
474 304
476 308
478 156
480 308
482 156
484 308
486 156
488 307
490 156
492 303
494 156
496 303
498 156
500 303
502 156
504 303
505 160
508 302
509 162
512 166
512 298
513 170
513 174
513 178
513 182
513 186
513 248
513 252
513 256
513 260
513 264
513 268
513 272
513 276
513 280
513 284
513 288
513 293
515 190
516 244
519 192
520 243
522 196
524 243
526 196
528 200
528 243
529 204
532 244
533 206
535 210
537 243
539 211
541 243
543 211
545 215
545 239
549 217
549 235
552 221
553 225
553 229
553 233
