52.086036 727.049564
60.009539 736.554087
63.002787 730.388263
58.833088 750.358833
57.799962 754.557625
52.730757 776.357060
47.271507 746.590170
50.895967 752.996678
43.291668 760.177840
39.946106 785.788075
40.664095 779.153360
73.548691 780.436962
49.913719 779.566429
40.189042 808.793188
47.456283 816.655564
52.717111 792.732512
45.207595 809.902383
52.454554 804.618504
62.146484 814.326202
57.728136 821.174123
52.121834 816.403979
40.294705 816.805969
47.063144 812.001078
54.319812 846.041616
43.492155 837.176516
41.477295 843.754098
48.992776 848.844423
62.303385 837.209061
57.839039 854.865068
50.325198 836.757300
54.401266 834.160989
55.799251 877.131025
47.359412 861.568253
58.730116 894.867424
51.484474 864.328904
66.365143 873.680134
63.509266 883.228452
56.143571 900.246628
57.352464 730.683295
45.941882 833.126843
42.090324 905.234691
56.635550 720.717808
53.314462 736.966009
43.995886 850.385337
57.522044 879.953307
58.134857 891.819559
70.103165 657.090670
47.412176 653.974170
50.323720 658.937866
48.817795 675.690221
53.865703 675.080514
52.861408 692.139012
53.467423 667.672762
50.574755 676.523969
56.854015 701.612484
45.721178 696.518833
55.070104 687.604167
59.722681 717.986044
60.686160 713.011208
71.040477 716.675276
57.743820 714.436254
60.834591 902.716320
56.490500 916.439453
58.574841 923.997065
61.717747 908.680536
57.327014 929.148849
54.875170 929.566551
49.418269 922.979782
57.305979 937.186645
61.866779 930.449579
63.729821 955.701602
64.106428 971.611679
53.497658 946.198496
59.770718 964.671048
59.299172 950.974721
46.921599 970.784036
64.504854 966.420789
58.451402 950.880617
48.070228 972.499198
53.706979 980.491441
44.835636 1012.273315
72.097722 656.994310
73.421923 655.050576
59.169909 991.649703
45.521013 993.245307
62.236331 992.830494
61.615744 992.183314
65.185338 1002.465640
58.615261 1010.816717
48.900217 1012.604853
60.965435 1022.240913
64.841581 1035.689018
51.778870 1027.495398
67.979736 636.116318
79.651445 599.279812
82.890152 613.094942
70.134599 594.132685
65.237943 620.054873
68.576598 635.374047
65.242200 624.805561
48.848661 618.706967
56.655281 651.523037
64.624228 644.619678
62.653646 651.314654
74.162085 1035.873772
80.377279 1009.120924
72.257795 616.341158
86.048378 1055.656253
76.704866 603.344213
59.208583 1016.714794
71.178539 1035.702576
74.760420 1043.774052
68.848908 1040.250788
68.589620 1039.661607
68.316581 1053.394898
61.966545 1042.994509
80.672303 591.530072
70.293256 1052.571313
72.037152 542.833255
70.461832 520.751697
80.663844 544.130693
73.222456 561.004499
78.880727 552.723802
82.571313 577.365374
62.920962 551.779712
81.950699 552.168089
78.647141 583.428332
84.597363 582.163214
80.842758 575.826845
68.596380 588.748412
89.484218 585.715958
76.936670 1046.715753
86.827599 1075.314942
75.665485 1061.347979
69.386942 1071.634961
63.484898 1087.385338
80.960487 1072.116785
64.477330 1102.063456
75.676960 1103.700481
69.012988 519.143275
79.297088 1107.004073
74.348755 524.022305
81.832440 511.426519
83.867582 519.804978
95.198199 1117.940344
86.801762 1090.822331
84.628256 1107.008350
79.452121 1112.595632
84.746888 1112.806924
91.507680 513.662960
69.273136 471.565886
92.402709 498.376701
94.375262 509.048134
89.627851 484.899589
74.873248 472.551543
79.232020 495.400011
78.283603 514.929306
85.248443 1114.121366
88.002666 1134.327087
106.785915 1106.878483
83.812163 1143.738009
89.578597 1116.904850
90.179946 450.912361
90.076118 487.003614
86.579563 1127.076813
101.071074 1154.366645
74.969775 1167.326480
93.239631 457.257820
100.181860 1132.042216
89.921337 401.543418
95.907109 392.854651
87.548133 429.066867
80.556070 432.975861
85.154236 429.754896
107.614842 440.323518
102.047919 420.108537
91.875649 429.170558
110.025084 447.395856
99.058146 449.935874
91.211503 429.043791
103.905643 478.312257
91.603528 431.579882
101.599784 1164.633845
85.701567 1154.106225
86.321012 1150.550383
103.643373 400.968837
93.932532 1174.579324
98.900345 187.443458
95.781024 202.363887
102.043608 223.532924
99.169885 202.985980
106.789896 210.087102
87.677005 227.788592
98.753274 213.176802
112.657220 232.535272
96.080416 235.314476
97.136173 395.082853
118.701840 412.506417
95.699938 403.450616
100.548652 1162.917907
119.118297 166.686012
99.987685 230.823976
98.645678 420.624179
103.908975 161.426548
115.551672 227.042282
95.286681 243.575075
98.776113 240.277262
97.371540 247.566357
108.761610 261.729498
115.184242 234.031633
105.185069 246.457261
108.657543 234.926722
109.161944 290.806658
104.522536 289.350092
107.450969 298.077494
102.890536 308.477734
103.359147 298.151498
106.391873 324.999585
97.879082 309.662056
113.345764 322.731827
91.614964 330.403100
99.626636 335.130730
114.231601 355.205928
108.016856 392.741175
108.439066 367.149286
102.726423 404.090533
120.681376 369.502359
95.436062 1177.794233
106.680386 1175.292571
110.571423 1167.646529
109.096474 200.475749
108.232639 260.828885
130.017957 296.507108
118.532252 326.385929
112.701443 354.598060
113.616407 189.495746
94.715491 267.299924
104.920043 289.371069
111.071168 291.155376
112.072310 270.793794
93.207839 340.315106
123.895410 330.544464
112.209859 354.119031
100.975894 352.248620
112.973254 331.730313
105.272526 341.946659
111.341450 1197.659010
102.208335 1191.431420
116.281392 162.246242
110.530620 1198.975519
123.298975 161.308773
104.512146 1195.901761
120.866730 1204.096384
124.272100 166.580511
102.419495 1224.779417
120.931715 161.603081
132.063152 1201.694712
111.640104 174.210331
121.847510 1191.120561
129.523600 179.261798
121.457648 1230.376364
134.183335 116.491229
138.996188 1203.995545
123.505724 147.885594
145.391007 1202.207703
136.708568 120.444667
126.356516 135.347840
137.330829 1221.181343
141.393431 151.470529
154.866375 1220.593742
149.168640 130.348453
151.085878 1242.646692
143.813767 123.762360
148.792157 1228.151657
158.927642 121.943625
144.952925 1221.703540
162.090915 118.924937
159.129882 1220.103946
182.572943 95.703172
179.567129 1250.407538
170.287194 119.966526
175.097101 1240.786595
178.109677 109.597788
170.497989 1227.699182
176.065042 109.489187
174.776622 1222.463141
171.564102 92.903641
178.717110 1219.204748
180.522469 96.612325
193.399432 1203.396233
180.252052 96.792091
183.126842 1208.187245
180.212115 108.919632
188.910023 1229.157050
197.372881 64.933967
195.341911 1222.944671
196.016930 83.594253
190.503493 1234.233474
212.151340 96.703640
210.443339 1203.280800
208.557509 97.074259
217.291288 1204.437015
203.588402 89.039154
200.852990 1218.937282
218.167113 45.942307
209.613918 1218.289919
219.301712 90.544332
232.345188 1213.751998
227.311406 85.758035
216.777466 1216.830734
221.838767 93.942871
241.886162 1212.137715
232.121610 82.790278
244.505335 1209.893858
226.060559 1181.054405
238.809200 75.531552
238.288819 1222.120670
234.877420 81.464285
246.408421 842.712007
238.662742 1202.477744
248.121940 1209.669862
242.805716 63.621107
255.245559 834.274645
244.268606 858.957636
248.034648 1192.024992
233.728793 56.592514
245.655002 835.446216
237.552861 845.724906
249.572555 843.236733
240.898997 862.601472
277.256158 856.201433
245.634033 856.314744
248.663917 869.617038
237.615521 886.332304
250.003676 869.685258
244.445273 871.192241
254.169327 884.190911
253.601153 882.559155
253.155991 897.983722
244.520193 909.990862
241.919399 900.828124
259.294162 898.805353
253.622733 914.340418
246.447098 922.116568
256.583944 843.531509
248.389673 1201.440080
253.928357 50.160705
260.332420 920.717158
271.821282 921.068730
251.051011 930.045031
251.326421 936.007083
254.867415 925.952021
256.305656 952.125160
260.111498 946.250579
251.684982 937.208894
257.201727 938.195603
262.106832 850.948988
250.924784 1203.514742
260.929142 46.466383
267.114464 943.026385
247.570922 817.118662
248.179593 964.483266
266.157068 969.460205
239.728607 940.842042
255.141663 1170.259614
258.807148 61.516196
257.304028 49.102570
249.752598 844.998411
259.740833 947.551657
263.153787 1165.906184
263.961797 980.235016
260.701170 992.619171
250.554697 961.522343
248.988487 974.283459
248.088616 978.260103
260.859706 1002.843724
271.507487 1174.391729
259.062626 977.966894
270.157696 833.526780
259.083331 45.552932
253.127201 1161.628489
262.949705 995.545963
279.844710 993.568547
263.330863 982.632839
270.439607 1003.106669
259.641216 1018.876212
268.827376 1012.354476
259.645284 1032.996160
273.125909 1022.120532
281.579414 1020.678729
263.988570 1045.157035
272.310959 1045.542982
260.985670 1131.883109
265.064175 1151.412608
285.928109 1154.467923
266.092994 838.854853
269.609073 41.030861
268.069157 1027.652803
287.415128 819.817920
265.577221 1167.261126
274.137382 1048.999657
282.616988 1067.361640
281.305065 1072.737327
267.404223 1063.860438
269.262076 1057.137589
271.656883 1061.640882
277.724269 1098.527084
267.173431 1114.574140
274.879068 1103.348174
251.964188 1111.855772
272.166170 1139.487699
277.632433 42.032331
276.594482 1082.121929
272.836095 1112.046779
284.640944 843.368553
280.840854 1128.238448
272.760529 1106.920695
276.851086 41.162236
274.420600 1066.599824
295.417014 1076.687537
271.273772 1080.454935
279.142539 1105.164460
268.323417 1099.351199
274.569436 1090.628588
271.540224 1093.998677
282.839339 1147.783183
275.472971 1136.737293
264.908581 1155.132267
279.630168 842.447056
282.629796 860.329645
277.864588 47.248355
301.102200 839.430979
298.247288 44.194331
277.500207 847.707823
277.681591 51.474800
281.521435 852.710275
296.874668 33.253499
302.377152 860.045504
296.779999 845.370133
309.697779 27.165971
305.138326 869.686376
303.246520 24.339530
294.757680 862.092503
308.254318 24.990483
308.604930 869.843696
303.524224 25.194108
305.790734 863.374393
309.882104 25.539136
322.445125 882.996621
314.964561 889.694362
317.951722 16.013101
318.350476 859.507184
324.702346 23.693999
326.102334 891.887578
314.415636 58.689898
326.508739 873.487990
330.157587 30.316727
321.494644 902.340157
333.749476 42.117883
340.434813 913.872243
323.915022 891.654209
346.340884 36.395620
340.917142 894.404328
341.803025 39.190791
340.470854 910.785895
343.735742 17.127396
344.367715 895.441515
337.664268 9.658859
344.272855 879.239402
353.299884 22.295269
350.043261 904.870051
346.791418 28.535319
360.868670 923.348499
358.458936 25.435729
360.049610 877.435598
366.593467 16.658994
369.980691 921.112014
377.135896 933.599017
372.800639 30.313648
360.889472 901.289006
372.968017 47.170140
373.658401 923.825503
375.349812 6.443901
389.373029 925.992054
376.374673 36.048908
395.041000 931.194643
375.732467 28.605232
370.443357 935.452253
392.622388 946.511501
392.662573 34.426594
388.608026 21.599671
391.611364 951.107122
393.851488 8.328821
401.322203 952.268542
400.600169 963.860702
398.314475 11.335979
400.690777 961.248009
404.437342 9.347494
403.611641 948.589549
399.084900 34.759714
407.728666 947.496901
417.676100 -3.177691
389.781673 968.079833
420.978520 6.773826
423.539961 966.489448
440.502266 24.500176
414.639949 970.386212
410.003117 8.205690
425.924036 961.190444
409.365673 7.323933
435.762020 989.792667
428.238956 30.269647
442.541877 991.134235
439.704782 16.446528
425.986895 998.408073
434.148246 9.770751
435.952655 971.604452
440.464927 978.611511
454.232280 11.896937
443.674546 557.980508
448.985445 558.183597
444.316995 557.485233
443.378673 576.984620
459.258813 566.956185
439.970934 556.403903
441.944547 573.053703
442.422209 585.249319
448.049085 595.582867
440.949354 593.344619
457.220745 589.685824
439.584724 589.767058
433.348338 605.934860
455.521814 612.117039
442.223605 618.995847
438.138730 623.739678
453.301676 626.436069
443.120011 638.496125
442.061547 624.931736
447.802752 637.958685
448.865014 4.231549
451.010417 978.200755
446.899309 562.948765
438.241223 554.015151
454.518441 551.915362
449.080027 996.317177
431.560770 550.342507
456.885619 639.673783
454.367244 632.150870
452.110294 656.525877
449.831340 658.411116
453.738706 13.270752
463.515238 645.942052
442.823432 550.391068
432.213190 982.686644
459.241696 653.286404
446.076196 35.235417
454.181475 659.756549
455.516279 653.584565
446.812755 682.903302
451.234329 663.594248
460.304880 548.457603
449.340646 15.224355
467.924505 981.681230
449.314282 692.892591
453.676796 1018.662210
451.365104 530.613157
461.908815 693.331762
471.533787 11.670308
462.471960 693.571004
473.388855 981.248760
451.495958 518.829054
473.118361 28.919788
449.676040 688.012945
466.980719 682.159036
470.697007 666.939916
474.360324 992.090647
464.972477 566.547899
478.334776 27.482343
475.882341 699.429033
462.959474 1006.725296
481.659504 29.609684
461.475885 511.767120
464.071832 709.557982
459.890580 995.741319
469.448292 6.745324
467.800500 523.218635
478.509354 702.124682
467.639552 1018.707950
481.269876 710.459867
471.236342 53.155004
494.682166 552.594847
477.278624 705.747552
479.879908 721.033656
476.282288 31.194974
485.725136 1036.499386
488.686652 534.874412
468.651887 1019.391234
467.651590 701.827390
499.805889 726.996934
468.691492 24.605658
486.736930 735.445098
491.546137 535.201269
486.860515 1022.666997
495.376695 34.774239
488.211680 723.922287
489.984828 747.726857
479.684650 525.519668
483.486485 744.475619
495.674542 1004.038382
501.447775 545.565935
490.753822 9.077728
500.003705 725.137033
489.799737 1016.800377
490.183646 48.199496
505.166835 551.286803
493.901014 739.642148
502.901812 1043.893696
494.730737 35.893907
517.867708 534.642510
493.548449 723.860870
505.083588 1014.730824
490.807391 743.839506
502.145414 26.723844
519.122051 532.503368
502.070539 1051.540817
491.598740 61.275622
519.191249 744.013832
506.200795 536.644972
511.914279 1046.212129
509.041457 47.016505
508.268223 763.018984
509.380932 520.585217
509.660602 1045.129306
524.856508 725.111067
515.285500 57.154539
522.617984 57.685889
530.335843 547.270778
515.986891 738.957311
509.374484 1043.482850
513.284589 72.508152
526.936355 543.964638
527.705814 761.335210
530.680246 1046.495087
528.910544 764.986785
524.691560 24.937261
528.864263 559.611993
529.052083 759.245442
528.116915 1029.875104
530.138665 769.721243
520.665013 37.310249
523.035253 1042.981667
536.346631 562.066900
525.622441 797.576176
525.126015 34.302824
528.609961 541.466633
546.609654 767.669594
544.073665 1042.289423
524.411787 1084.780043
540.756234 76.698176
528.451809 793.828401
539.973809 552.394367
544.034955 786.755741
543.659550 1062.373473
536.449121 34.426355
535.378110 542.799053
538.367904 786.336498
535.003075 41.861968
537.574792 793.070137
547.099246 1049.635156
546.512633 543.031407
530.312961 85.541540
555.251481 768.340304
542.396765 1035.393651
538.442765 551.948024
549.394927 813.270146
562.762813 82.208416
545.761930 1058.262686
555.346987 554.182639
545.026597 54.106347
537.767727 811.368399
555.301294 1064.809445
544.610205 548.475438
557.870507 67.945814
551.505658 816.324276
552.358843 1084.393427
561.110959 78.190363
566.427042 559.877860
564.897198 838.575063
557.621597 1064.002090
552.683844 804.604807
553.612532 81.382976
568.609371 520.631492
568.281069 1061.723101
578.571329 824.383780
570.674345 60.618752
561.822961 527.734084
566.866188 1091.682482
558.355507 832.817663
568.562083 75.562566
574.512459 541.887974
564.531383 1064.102810
575.343009 815.500578
571.449829 81.676438
580.832679 536.547370
568.098171 1062.386596
574.812122 845.531356
577.321255 78.590916
571.542193 1109.682728
581.059671 511.411865
577.745634 833.587454
584.050244 88.550228
580.695025 856.541933
575.703999 1071.135690
573.427797 522.126110
594.035549 102.614054
585.929202 847.232138
578.957524 1110.643660
580.302970 110.424195
579.044555 543.241128
582.679205 836.750530
583.030718 1079.502463
588.447022 88.557551
587.559704 520.884864
596.307653 847.308528
593.325346 1089.466484
596.913963 96.498417
589.101417 542.941515
598.869624 87.836756
606.574851 872.105588
602.075073 1059.134726
590.666714 531.766960
584.015472 1070.438125
590.092735 110.665070
603.246393 838.057061
600.799527 521.098154
612.761926 1089.843784
603.850567 109.016430
597.719709 844.303015
611.452586 119.658952
607.614039 514.676358
605.722667 1132.224659
608.447774 851.944305
617.844199 111.810861
619.606672 499.699141
592.466779 1097.291687
617.500923 874.009739
599.518529 124.321880
607.944367 522.809839
625.835418 1112.531098
622.775885 840.175307
616.858973 113.894414
612.321047 1129.739148
611.126283 524.977286
613.286633 868.081892
629.023647 125.426457
616.558512 1099.972166
629.189106 529.516069
619.132981 860.215720
634.506167 123.706259
635.964872 1117.984782
616.862791 118.592204
629.623198 523.020046
643.381318 890.287988
629.301551 1114.986634
630.640308 118.743398
620.163100 505.720375
622.357392 873.239949
625.494102 1126.247300
625.591218 118.060244
639.146184 877.839791
641.921620 505.871319
625.286607 134.332131
623.812467 1116.822240
630.498115 888.264845
642.055738 497.436022
653.979182 138.914650
634.815563 1112.772332
633.539233 866.518656
622.519934 500.293623
643.533728 1134.575241
650.477427 136.560646
656.107931 882.253479
630.503714 141.018600
652.236905 501.674949
625.810367 1131.966432
644.383322 865.106505
649.799243 126.011117
659.193466 491.665253
643.507167 1108.769320
647.611153 883.869215
647.413812 191.081171
652.558838 492.367008
641.078151 1150.607762
653.186276 876.112031
659.463817 147.019528
654.085460 1128.719237
657.602262 471.344977
655.124856 166.511091
674.447779 165.088813
667.666141 891.351818
647.984375 487.525646
678.180874 1133.714046
659.982957 873.504893
674.583717 156.693998
662.289032 466.563658
652.540398 1138.115094
666.470522 176.703408
666.586834 882.138333
671.723042 456.312882
681.934643 462.969034
661.257097 1144.093170
657.915412 167.513029
671.089748 908.887686
675.804899 168.647252
670.590449 476.721035
667.610305 1132.871729
670.603212 177.027749
677.338955 171.381915
660.207395 900.130177
684.493728 472.691356
670.974723 1146.765207
668.388895 896.486960
664.607265 165.755445
685.641755 443.884005
671.483184 1133.899654
691.569231 911.633426
693.630315 1155.645587
678.656707 202.043031
690.744829 191.025107
675.076593 436.118691
689.951141 449.316725
682.096287 184.095671
683.874365 913.699211
703.019629 1127.869500
692.910678 435.519415
686.972033 198.276989
681.179258 919.925530
691.380030 440.787770
699.283810 1136.035123
684.933403 206.928411
695.886706 905.927301
694.806235 1164.125990
684.263127 201.335229
689.960867 444.630379
698.060746 446.608164
691.012529 214.992296
683.302287 913.677032
693.476244 1158.925540
687.279025 419.368234
698.343083 899.543963
695.613494 187.744517
687.470012 420.246014
702.634132 1131.825052
710.587168 211.406813
695.438343 904.390130
704.150985 408.943145
705.875217 234.921388
701.363659 218.054137
705.933597 406.206715
707.352622 430.227446
712.028543 1171.109061
699.509970 221.756743
699.853939 930.446096
698.845917 1141.788902
711.416356 224.720211
716.452510 401.014806
705.121032 247.321203
710.978537 382.626104
705.616262 397.314171
700.960141 929.355585
703.932332 239.265647
707.080228 935.781939
708.865322 1172.580983
709.913897 375.515216
709.027991 1169.625790
707.467365 241.055925
726.239812 238.574282
708.091375 240.857521
705.184541 371.970584
703.241624 389.630492
714.339616 286.889223
710.315658 911.512435
712.384580 1155.780648
711.605031 388.925305
725.198210 958.582304
708.279795 273.925971
711.292869 251.998889
720.371780 248.956348
708.922059 353.604623
723.999454 372.892621
711.056127 267.302934
719.965605 968.376630
725.849012 1166.880022
722.472230 356.225095
727.411946 277.532474
714.185330 290.775000
732.953496 325.261734
725.558711 335.085969
728.466680 323.168323
707.215782 346.242715
720.186456 349.326968
726.746599 341.249537
715.264491 357.327638
726.330695 259.221344
723.979577 954.834789
726.948918 1191.506249
730.525763 293.481029
720.342213 964.735884
713.986651 256.904071
717.667158 289.818389
727.329284 278.772063
736.678609 314.170482
724.759473 284.800710
722.409926 309.962437
721.546552 319.943859
720.675815 323.135254
741.220565 307.178914
734.365260 331.072392
721.867975 1181.285730
728.931199 958.916853
729.815887 1194.627633
740.638073 946.466413
732.250859 1162.802737
734.662825 945.967655
735.146562 963.619949
729.580333 951.074807
747.890677 1184.054191
738.420145 971.041578
749.176526 1168.492299
734.595644 978.402384
743.211216 1159.137801
752.153773 967.994280
748.235406 1189.502350
754.266621 961.419193
754.230943 974.034314
746.141030 957.692655
746.236656 1180.766277
755.722807 1197.072534
757.281025 967.142975
752.391409 952.030742
763.163147 1168.885502
769.852977 992.528479
763.802396 1162.668403
762.175732 975.113279
775.543294 1190.268152
763.142601 985.894194
771.544642 1201.438141
780.314733 977.077316
778.629660 1161.406822
789.966426 999.343576
790.968575 995.151920
789.916621 1192.339660
780.211349 1001.317516
790.346680 1184.960788
778.866961 1013.376771
780.285181 1175.212024
800.047434 1022.380596
809.991195 1177.167215
798.581786 1010.388708
801.761095 1189.288361
791.634230 1012.229702
804.289468 994.237466
788.469925 1014.152791
809.164729 1180.581917
811.318078 1014.753465
809.378313 1187.765896
787.318391 1050.073610
809.872473 1037.249710
820.226314 1191.839579
810.946321 1022.793181
815.721061 1186.636251
807.130678 1019.883707
797.661730 1070.830569
808.234011 1056.118095
802.082315 1044.346318
817.000611 1037.795901
814.835542 1163.653037
798.104987 1072.003573
822.778347 1051.119856
820.234863 1049.699897
807.610048 1042.750134
812.217378 1157.682978
812.761099 1062.821281
828.421002 1087.290224
826.451659 1088.354011
821.225017 1112.954198
828.214023 1118.711390
821.534649 1118.414084
824.428853 1122.311749
817.407728 1141.255310
821.263522 1141.022921
825.110694 1133.029154
813.230489 1078.276939
834.584061 1128.928147
822.945020 1102.746078
817.348666 1134.970386
814.424491 1121.212686
839.278459 1076.798773
825.328451 1121.844231
824.674828 1134.572070
827.460478 1143.728440
