104.770499 264.904574
109.995646 283.471516
102.101818 315.627040
124.693081 293.070108
120.819903 232.652575
111.079428 302.996500
111.015822 294.574497
110.340077 282.240133
133.805333 256.700438
102.129787 348.774119
108.498099 325.953829
122.741267 307.756116
110.142320 288.939219
107.120354 297.155778
116.067573 256.985694
131.104902 320.518660
116.849915 280.860794
139.390901 321.079052
117.948264 300.721515
139.521354 279.077659
143.929376 247.334010
138.911421 334.686483
153.862325 296.740358
144.187719 271.191883
146.503235 306.249834
131.805407 348.359133
125.386300 262.677503
134.564621 253.968325
136.682719 224.951660
152.744833 368.302569
171.876484 234.396263
147.484876 312.701928
146.793444 258.226105
160.196444 264.298428
151.719259 325.454236
161.658886 262.151414
173.865972 290.296259
143.698814 266.381739
175.093464 361.615871
154.464273 296.695760
174.261703 312.886805
183.349029 269.793401
165.376044 347.054545
158.776502 307.077357
199.951538 330.249671
182.046915 245.696070
179.671017 268.892687
195.310411 285.835597
180.904552 265.678623
198.676456 234.213421
166.547488 246.784975
181.581030 335.355694
173.975032 218.724169
199.792589 210.367319
184.935699 291.906264
206.560695 206.410598
213.901688 354.811107
207.736097 203.565553
199.161888 339.923861
198.213018 201.978671
190.688277 319.106674
209.507630 226.325113
191.830623 280.768460
204.937701 201.830790
196.730566 299.850277
200.933926 194.284760
211.592200 287.136875
210.220683 190.759333
231.268828 210.244103
230.539207 196.336184
226.084251 336.236479
217.615680 169.303280
213.387278 214.742079
220.919678 191.739921
235.195368 168.488212
216.143829 149.292491
207.624340 147.237778
215.026458 310.066747
212.636426 171.667985
219.236780 321.708614
226.890654 540.160776
238.661027 560.164430
231.938582 587.660597
216.683399 611.647331
211.330088 581.431481
227.223661 671.286580
232.550157 619.646770
236.025416 651.437588
240.168156 645.213939
214.355271 609.804937
223.308389 602.476188
204.208302 646.214857
228.836441 176.001413
242.873031 305.081817
214.286306 615.286707
234.052570 580.901474
235.692117 548.961450
237.106961 591.959157
248.828619 578.326529
220.837411 633.241040
216.451527 660.520612
242.303911 685.206101
231.692897 670.774397
234.577114 195.964058
239.494215 311.905867
212.581864 503.888639
250.451810 570.689271
244.659329 619.234287
221.659211 655.591028
232.561753 142.112809
233.073299 313.886864
229.978010 560.121867
230.562365 598.699426
234.060296 621.537451
248.890584 564.803067
248.911313 149.708201
230.911940 259.481550
230.961789 556.578181
236.876265 596.419819
241.088492 638.651603
230.941669 669.208278
230.816296 704.281286
235.066769 659.473989
244.567343 705.060097
246.520029 673.990110
236.090683 742.804925
231.060672 712.840635
249.183140 728.191280
254.265399 564.224289
237.747493 559.518510
252.476461 736.556876
232.307699 114.273132
235.180145 311.450159
251.834834 541.037968
253.846770 675.463461
245.868448 583.756760
240.722151 677.474080
255.432977 546.947120
257.892697 696.216058
248.611415 166.825057
229.556777 364.073544
246.459095 507.889097
262.072341 730.490399
250.989396 541.647643
254.541708 177.372133
251.174432 357.149241
255.294781 718.731622
263.962107 571.120771
257.560900 581.392675
251.296165 542.845748
257.988052 119.335112
245.605036 355.757402
257.906187 476.187926
271.570802 488.290409
264.698867 578.514428
248.207323 754.829695
266.848002 525.384696
272.328395 97.092333
273.881596 259.064208
262.230868 492.395595
277.853822 576.902382
280.578174 711.867053
261.189835 734.311171
259.487557 530.906783
259.751925 172.995167
257.686359 302.439558
261.703289 524.590443
264.246347 505.105842
248.462069 524.482370
255.927409 496.458213
263.473388 761.085962
271.259052 734.684887
257.880928 751.272545
269.096337 714.641599
279.792373 718.935759
279.860236 745.576900
274.729757 794.560120
268.146050 158.787524
264.646225 309.144647
288.719730 489.935144
268.275981 773.191125
272.900648 528.750963
268.412156 542.665192
270.028845 767.202592
285.848092 765.558295
278.382675 105.326001
263.079006 279.270014
263.703873 832.133936
264.020896 778.216541
266.708090 517.060135
278.212883 153.997615
281.822618 312.816777
283.386790 801.781084
290.902147 492.103595
282.722199 111.014040
263.859688 286.284424
274.292126 780.781683
267.501714 545.093264
257.952343 138.698420
274.385909 327.520936
281.215837 823.203850
271.259689 492.681874
274.220929 461.499994
293.016949 788.201878
271.947960 125.626429
283.056974 330.135881
289.496538 468.281636
280.780350 477.535950
295.896943 493.349331
294.120684 816.324333
278.740598 102.196288
297.386160 123.802734
308.529324 282.252719
305.636863 470.701229
292.945473 770.532754
289.237954 149.267406
310.368573 328.100333
298.973914 127.360594
289.528012 447.109361
305.820763 857.630042
290.302606 510.021181
303.495611 307.494007
312.309920 461.545892
296.581102 93.363154
298.951251 825.892555
309.240831 98.485257
305.681411 797.242607
298.150520 796.059437
306.158506 459.783060
301.708089 509.607351
291.097351 552.720106
297.453844 308.520038
295.809860 100.596333
301.489631 821.084110
310.376461 497.938465
312.978689 462.371431
301.252483 446.944895
307.452948 343.374820
313.216088 824.669053
305.755153 107.685453
302.236397 301.924227
301.244714 406.025052
306.908768 433.368745
294.723461 502.445531
331.902805 816.490613
288.407055 835.542315
304.627120 127.682892
316.224781 301.984651
310.310039 485.118884
314.175237 822.388888
325.550993 164.878471
316.330246 857.207196
315.493314 342.007839
313.585675 465.822902
324.723366 85.898636
311.412380 445.732203
325.851212 839.231140
340.105361 350.706802
304.254117 62.655972
327.464096 285.677350
333.847130 467.446726
325.795944 836.595765
328.925119 879.291063
311.105486 79.730620
320.715139 349.068600
331.196081 445.831853
350.922710 800.949989
332.191634 94.427787
348.131414 300.016538
330.027640 442.628346
338.345625 817.181593
336.915235 108.266229
342.636501 352.241772
332.904348 857.713802
321.706376 834.105116
333.657698 409.163945
342.475692 74.905751
338.117838 336.607170
344.138144 889.546801
337.842927 90.749995
341.050087 76.130236
325.962099 464.001426
340.192945 893.634007
348.575045 851.033181
333.001429 378.647002
339.638337 64.623920
343.141153 396.426847
347.688286 869.439642
349.681042 889.470030
344.417390 831.515838
351.746747 859.076631
351.033771 894.548132
343.620602 306.154066
350.720084 91.254388
348.417401 455.330287
347.999155 877.812301
368.651721 432.635781
355.137724 323.081598
352.922826 50.926809
347.819606 418.787309
347.430547 384.782191
368.927955 855.059026
357.514850 404.832986
359.962194 93.638284
369.182117 320.878782
351.849143 422.591799
362.943028 849.869837
351.504042 407.543849
363.288028 81.383759
353.237077 384.185556
368.941089 886.208504
365.039739 860.942509
366.458263 391.668512
352.317907 69.736757
370.675401 301.073285
354.241844 913.488287
364.855991 430.106388
364.527805 53.554225
378.591196 323.199929
358.922292 900.244418
360.297082 401.521735
378.318570 399.826639
375.064959 15.758966
368.090400 350.410952
364.925757 838.862722
388.860903 424.272460
358.243823 44.309408
389.928713 308.266142
381.035356 379.409955
356.531484 388.273157
388.224165 934.422789
362.060724 926.021154
392.376723 908.015839
383.501506 957.337875
370.491351 919.325266
372.513513 1268.600034
385.010095 1311.550133
383.058530 388.474835
387.055979 57.860055
400.163312 306.133413
396.905747 377.664237
385.850412 343.799575
363.120091 1328.068927
376.707030 902.592875
376.341032 939.225209
401.580671 904.180303
385.274315 1297.711590
373.824583 1280.062755
365.065034 330.452117
381.026840 377.231891
381.413032 386.563307
379.531029 1324.219711
390.316274 70.522792
368.852305 408.706915
394.552979 1279.835096
394.604582 1298.512825
370.264102 870.478032
366.115341 961.242117
380.306623 921.725136
403.723622 1274.690320
380.525728 81.807477
366.082025 333.055283
396.736876 411.924466
382.984973 1300.602385
382.443617 402.187113
390.787890 963.836108
388.307536 1255.360064
368.784015 1252.081209
404.322940 1283.000744
394.974658 1277.112623
394.424439 1304.223858
375.526493 1297.404630
394.364890 1329.375288
403.635463 329.929619
389.489945 919.779104
402.278843 887.213418
396.500492 1331.882592
401.193154 41.833463
386.186011 374.980309
401.778007 904.927979
382.478823 1244.540433
396.099885 1337.932760
398.822339 1363.874507
417.732223 347.029972
392.682426 358.235792
397.431227 347.197628
401.992415 1243.768737
402.152598 1236.538860
378.675371 1358.042883
381.975639 1362.527915
383.878264 325.731779
403.963832 98.372092
372.552056 104.990581
390.066989 141.878117
407.784697 113.680267
388.459132 359.461125
388.983279 938.334107
394.536157 1373.281690
392.487158 350.520793
400.129286 299.370882
396.862120 1273.610719
410.405076 371.221500
391.098499 1280.822129
396.319644 74.678245
396.998869 937.979837
395.810027 1325.749089
410.632201 311.942034
402.063896 389.256050
396.127006 132.865822
409.050964 1223.537573
402.353310 985.547523
409.182596 948.014592
390.938353 957.267543
392.555834 929.035841
383.017829 1207.759713
395.662851 1361.920295
387.301833 1390.043678
394.208449 102.164539
401.669377 987.455611
398.598271 1180.361636
395.672873 1350.058565
411.564915 1383.727175
389.856998 1354.510639
409.456843 1407.482988
408.062313 1346.298389
421.976305 1393.055042
416.867526 1390.707025
426.062144 112.165029
399.776762 935.930931
398.638544 1223.144739
420.801826 81.826679
397.718787 962.393809
401.511388 1395.447329
410.695181 1260.130521
412.403458 105.796080
426.409625 946.724357
413.644244 1438.713930
418.971159 1244.436568
431.383604 120.246706
408.475241 1005.526163
407.261071 1402.850336
412.363463 138.654398
405.045583 1227.677823
433.297902 991.021369
416.048806 971.936520
417.253007 994.104701
429.703981 113.568263
441.980141 1396.903735
423.406995 152.908845
433.221233 1024.465891
434.092542 1246.153930
423.817614 1009.149965
443.594142 996.818860
429.996762 965.215513
417.626455 1377.204525
427.361541 1017.966778
431.107948 1005.011509
422.678637 90.878099
441.379188 117.307339
425.463392 145.879044
445.251656 1210.934002
424.528474 154.547170
461.063468 1022.751010
438.988196 1336.336458
421.839282 1000.393790
423.322633 970.432164
445.295031 1357.255027
431.023982 1386.105490
438.034611 1394.240805
438.065416 1233.215334
450.439233 124.808209
414.062591 998.873849
436.277035 1275.669902
436.839190 1319.072488
436.403916 1315.167349
433.611360 1288.052004
437.044913 1277.444146
423.674510 1313.831795
442.252065 1303.832909
428.516951 169.237093
444.170165 992.575163
436.173201 1003.699853
425.217245 1291.062669
451.583751 1411.558899
426.553397 1206.314646
418.600137 1028.113495
441.853995 1274.021729
449.040299 1259.982822
450.968676 1346.371474
440.691524 180.385416
451.252585 1333.086782
443.134716 1376.764553
436.325541 1192.259566
438.516211 1072.185286
446.622989 1040.473204
432.288533 1000.441754
438.364288 1006.438505
439.618864 1055.233148
442.608735 1009.797025
450.863072 1250.329317
439.408548 1300.341579
443.670829 1298.812830
440.862835 1294.362450
443.494945 1299.350736
459.150127 1268.094864
433.935594 1257.832595
454.023286 117.441724
448.587983 1313.988518
443.449148 1393.813118
434.279266 1169.981522
438.251757 1214.021216
445.200411 1327.470676
451.497995 134.162480
445.987213 1033.887894
444.116411 1285.794828
452.827843 1342.982112
447.167050 1038.496435
440.718502 1249.338515
432.653557 1380.249366
455.389432 1233.086423
435.709524 1266.179696
421.286011 1306.313130
458.312491 191.745757
458.967681 1258.726225
438.898862 1375.047981
454.099325 1029.268141
448.010937 1045.999653
466.000780 1076.394189
453.059805 1319.052651
460.079021 1436.788220
445.531242 186.349113
455.026306 1197.608794
447.573301 1300.525643
452.141491 1287.393246
463.808372 1336.048526
450.971810 1119.363384
454.237055 1104.166816
439.738701 1221.447588
465.719919 1297.393770
441.533211 1346.203712
468.257857 1344.526119
453.870795 1416.578873
454.555021 134.562844
458.174189 1286.170221
446.117330 1402.932288
455.642579 1376.907162
448.952249 1064.375498
449.328243 1028.537503
457.716280 1337.134384
445.561963 157.410797
457.497733 184.161747
448.300652 1044.838062
467.919302 1259.363344
453.196799 1240.212457
450.224863 1372.105241
474.566904 1251.323197
455.135007 1417.421861
462.872645 997.603097
470.959251 1059.891599
450.802845 1248.617849
462.181350 1219.970730
449.681392 1316.111876
468.369210 1335.576692
444.600173 1298.931664
465.233861 179.874306
467.312739 1019.654006
461.462115 1238.450912
479.617724 1390.829535
445.903366 232.614688
469.565033 1052.615472
460.628840 1096.441854
478.937409 1273.431482
446.750423 1378.768824
483.183802 1097.724154
451.873320 1065.081408
473.915802 1097.143925
481.849508 1359.957042
470.366480 1369.130724
467.400537 1242.414166
463.940219 1420.294393
466.920568 197.119831
473.192979 1092.834136
465.565355 1298.097120
470.009859 1318.747770
471.886651 1098.428010
462.453255 1300.981784
452.954889 1333.800368
476.096032 1181.971840
458.733761 1272.598729
486.030485 1343.849346
474.569483 1223.831099
479.572668 1430.490082
465.500762 1068.216682
466.245655 1096.196998
485.066985 191.825266
460.827172 1301.077834
482.368517 1070.307203
477.760778 1372.274664
463.561670 177.939965
457.743535 1201.103248
485.215552 1437.796365
490.332553 1107.354683
478.670929 1122.196497
479.347860 1105.384823
480.248455 1328.436173
492.995328 1316.368303
488.518919 1074.734239
499.827609 188.697585
478.568117 1172.395806
490.860589 1378.624922
497.056811 1094.711232
481.592936 1106.412521
490.450120 1124.129802
472.325814 1166.132357
476.471122 1328.297870
488.369279 1093.188347
476.310128 1054.511078
480.199272 1112.229526
480.008400 1363.298619
473.817423 204.339939
467.350803 1220.659040
487.902189 1382.293193
488.316167 1104.893019
472.693735 1368.534787
461.466483 147.587688
505.458679 1222.673455
467.805655 1379.194082
480.634987 1114.866310
477.750401 1438.830781
498.268211 847.253809
478.329132 1305.109198
483.656147 190.899236
480.835501 1278.953003
510.080993 1317.444079
501.443821 1141.569894
490.315207 1431.247944
482.326431 1181.019906
494.849640 209.462837
499.962074 882.574411
478.052283 843.949879
508.660616 1136.743650
488.717437 1235.102368
489.504204 1391.586476
495.727794 1313.748446
518.889645 1158.456427
503.369948 1402.306183
484.234620 200.159019
496.942421 843.229012
475.531242 1175.789735
492.810383 1224.550268
473.646665 1315.583941
515.383313 910.291813
493.401766 1142.744734
495.197302 1134.947857
504.858200 1170.678911
494.981198 1393.869503
498.455365 921.150157
477.813471 1384.960864
498.533218 197.961661
493.876204 821.444881
493.684902 1223.261259
498.256155 1260.786326
513.193278 867.842909
489.389707 1174.449377
494.934752 1183.457297
501.593644 1390.098336
503.384985 203.142225
479.685452 930.591675
504.163168 907.102801
504.104377 1375.169690
507.060782 844.544161
512.413832 821.800361
501.160302 1213.106206
509.623898 1237.213082
495.679183 1247.360309
520.857281 1385.338956
509.875900 1278.533261
498.329715 853.227548
510.133638 1152.725271
500.344809 199.998756
484.023874 884.260744
491.004644 1188.731477
493.218680 1198.305266
501.409884 1300.165773
496.810659 1336.631810
517.091631 909.366554
495.648695 1275.005913
523.124391 1176.809102
507.357484 1197.556736
502.344629 1444.810650
501.325806 792.094747
497.020906 808.335699
514.485857 883.614111
513.199474 1183.392897
510.082399 1229.655084
493.387679 1258.398570
480.967580 1354.057324
509.794739 1358.691210
509.080307 844.555559
498.749918 899.097376
506.627760 1291.809100
523.690650 1328.491444
506.358534 1281.463272
510.964488 190.127859
517.014031 1245.016580
498.476818 1373.886909
512.149126 805.552512
496.414475 878.996315
511.402845 924.159076
507.641799 1379.823889
519.376557 854.933553
523.169200 801.308539
503.686281 1267.246712
507.985484 217.262089
511.333203 880.023396
519.451174 1304.934226
510.731285 1317.420963
512.844101 520.347944
503.827011 1271.785899
495.488798 1270.859730
519.742243 859.563781
534.519338 884.756665
493.139312 881.705185
504.609432 1414.545315
521.978119 788.553964
504.412580 843.437376
512.511463 1191.751173
524.958349 1283.774321
510.470445 226.350318
518.782130 1166.671798
507.584903 1206.559637
517.416858 1221.102651
508.185017 1261.016109
544.679924 1228.287052
530.026636 1224.230542
518.760893 1282.996743
503.196944 1254.326219
495.935424 1386.575889
516.568078 547.689569
528.253988 483.673419
509.729517 908.998005
522.420852 1285.583232
510.750538 509.446160
516.146216 501.601244
523.295088 602.553259
516.681875 873.904601
530.879354 873.635041
500.270345 955.063325
536.059290 1409.537501
528.432766 787.823541
517.263424 852.132829
521.412182 984.758942
528.468519 220.443987
509.922658 936.709981
525.673163 1290.645272
523.934071 1327.757618
494.223946 565.882462
550.395006 939.258193
514.860200 1295.661807
535.178393 1222.270224
530.653653 575.936032
516.244622 893.841198
525.513605 913.977069
502.021492 1280.348382
508.611937 1265.045927
518.966217 1366.573972
531.762993 852.489526
520.814662 877.485770
512.353737 221.452360
538.644219 541.659604
520.147927 935.534011
536.616298 1360.371299
526.836646 527.935856
529.606325 913.989503
537.569235 980.344769
514.878843 1313.584212
502.413669 1401.608032
519.919012 1250.614618
523.734377 1302.332170
516.248175 1300.216655
520.597189 1310.292087
534.044870 1298.570306
511.792408 1268.244018
515.084107 1279.776531
530.055422 1374.941384
524.341020 1345.530599
536.609878 255.219879
524.520472 825.822175
540.247473 533.799337
530.627153 616.675650
538.666294 926.529030
515.047058 968.994438
531.621199 551.269969
544.079260 952.465270
527.672745 941.649628
533.224576 1375.054606
536.127547 244.866412
512.175840 568.797428
512.771192 940.028193
527.051135 1328.596894
538.490438 1277.002380
514.985999 1356.233476
532.071221 1331.866387
532.563274 867.939994
523.097025 1297.726721
516.972419 1325.049376
528.467503 1314.717156
548.184004 460.469025
532.365305 516.529550
530.604851 996.095820
530.347451 1005.015540
528.938579 232.292630
508.011749 243.294001
541.895108 239.939144
531.298819 242.320072
522.459851 245.573658
535.888784 496.934167
527.474620 444.190839
539.832825 481.852657
529.791466 506.449993
518.238107 504.760582
568.677586 559.817078
539.825262 564.869988
532.674338 585.820906
539.405749 945.502158
540.263781 900.361706
533.124718 1374.909913
551.612695 225.781547
532.170633 266.473714
542.604575 553.718053
526.184818 964.409892
518.306114 983.762879
554.841649 582.887434
526.084110 818.735032
536.618373 955.665580
544.362908 492.350599
513.039339 523.363197
532.822240 228.517184
529.130069 437.829272
524.141773 561.536467
548.147613 889.384129
561.253028 1010.090423
528.101320 1389.587322
547.864548 214.392818
541.654882 507.513338
532.481536 1003.422779
528.526516 990.634342
538.162239 638.830160
521.574733 829.610953
532.939023 934.907397
540.752230 231.838536
539.635459 502.714879
537.453125 505.563914
530.034407 475.130845
541.704530 903.178528
541.393131 1374.107349
532.689532 573.005489
553.696071 988.444017
536.565976 995.771756
544.816306 1087.385402
555.793663 574.929339
539.906233 863.138786
543.529146 801.553449
542.558878 981.958417
534.289985 249.881655
559.326860 475.589030
546.456941 533.364902
543.037183 597.241818
540.599068 528.881569
549.946655 1026.799234
544.307852 1378.735060
543.264792 1002.979714
577.448675 1024.640498
548.180179 834.241841
537.113698 240.035673
533.248879 399.806350
551.191814 373.450263
540.192257 498.220162
538.984029 459.326153
551.010437 462.047026
542.686500 406.589442
550.279012 516.874439
546.896517 521.460816
546.670096 620.154284
522.874164 964.283758
537.191213 454.337681
546.243532 528.259985
549.869239 1420.080147
564.833654 257.591873
553.103039 749.307747
558.176396 995.400435
565.423357 1068.806506
555.845147 1423.862677
563.839184 439.838940
548.538484 491.666887
545.102103 517.572836
553.320690 597.989414
535.239915 1001.851717
536.823215 486.689246
537.750216 424.739277
550.114838 802.735451
558.602390 737.852647
558.972331 821.117487
559.250401 937.576736
547.586363 1013.974792
566.594049 1006.035222
556.507901 1065.442460
541.028279 315.103894
546.367720 417.710014
546.292169 1004.348318
556.183781 1011.263760
563.126792 600.256193
550.330888 1031.739663
555.767979 1434.658529
573.882106 448.994142
545.134057 461.793978
550.295873 249.203406
548.432840 777.868726
550.143733 1035.754123
558.126803 982.502031
559.049511 1061.510848
545.272794 1044.304976
545.757337 276.911031
565.793574 291.732331
539.866136 282.943995
557.068082 294.918074
552.456198 306.264325
551.270540 347.133166
560.187645 304.379403
576.876026 290.253430
555.254346 381.516498
553.784346 378.577544
554.857778 376.102001
564.096753 356.301444
560.311705 402.405805
569.845303 369.779838
560.060145 408.318629
539.624296 392.241999
566.594376 401.921998
539.244844 505.824032
559.721011 1021.140980
557.830734 1377.476119
550.994608 1387.471300
562.950142 309.494795
566.793544 637.758116
566.680153 1075.678140
554.391588 1391.355846
559.851349 386.467566
563.308602 446.486076
563.873690 472.424831
574.636230 777.819989
561.304634 390.587837
555.814676 1347.680322
546.044742 461.143479
574.368299 584.562372
574.065552 346.813739
582.501288 350.225269
548.841149 625.858170
554.929799 1055.402078
587.082994 1063.095768
563.953521 1079.996245
571.931944 1063.256944
553.722780 414.246098
569.260560 392.341430
547.965926 466.219393
575.850525 617.688155
552.857067 737.725705
546.338230 1160.967805
557.034054 1401.379956
566.499995 310.953393
565.670552 394.910627
578.575983 383.277972
566.762209 1019.361078
569.727745 1092.623023
568.336739 359.946258
555.720228 365.761453
587.693393 317.133257
578.765435 314.676570
574.387494 485.269099
574.787557 514.625869
553.411305 619.399001
561.866992 620.377634
576.776127 678.506413
565.226462 612.006451
541.689378 646.786425
547.236432 653.095851
585.319440 648.055505
565.189515 680.979578
560.087735 706.714305
573.275404 708.638619
568.128149 680.047171
564.728724 737.349645
571.287603 741.511838
577.188061 774.351189
568.715921 1066.111694
577.787946 1093.936536
565.731612 1153.637483
579.840710 1364.681675
567.480034 638.944830
565.426748 723.738849
575.028248 354.509343
583.370014 379.790077
586.503218 1089.281749
573.604052 431.519575
566.093918 649.596751
574.953540 1063.675055
557.772379 1040.369736
574.236031 429.003124
573.856727 730.689728
572.043375 1145.157099
547.253276 1129.375895
580.778877 1409.575620
587.583739 662.797210
582.024405 715.382418
556.376774 710.491841
589.354086 659.453901
582.633054 1080.319703
576.451793 310.239706
604.829941 364.256160
585.582737 658.510749
577.211901 753.959679
577.272285 1059.163472
574.236083 417.983190
581.530483 773.661203
575.678930 449.174255
570.354824 1083.518824
572.151539 1370.132538
580.285010 1120.975165
583.422704 336.311608
582.043566 678.510681
587.509789 704.489914
575.638871 712.336853
595.569904 734.655474
559.492549 669.566385
580.850739 718.110312
579.956996 689.577644
595.136188 767.751666
574.702548 748.104044
584.964439 738.324141
573.652168 755.160604
584.019897 768.532834
570.675067 1074.538212
584.702928 1110.480013
570.933273 1199.574180
580.187136 1174.084900
575.678435 1161.734026
590.508293 1128.329819
574.458393 1377.547835
562.330564 1161.682290
592.894366 1353.095454
589.014490 1181.469312
576.995015 1175.038667
590.427562 1096.694248
576.444534 1140.013117
570.833494 1347.820883
571.276635 1373.643849
579.521960 1396.038365
575.183536 1422.092354
575.864065 1122.335300
582.763544 1186.937479
578.780897 1173.317030
584.803989 1179.667962
586.187031 1345.007750
584.062684 1129.872206
592.917643 1137.545537
572.671168 1193.882116
580.687759 1192.449410
601.812978 1234.361622
597.890609 1214.115301
585.191370 1253.644876
583.774583 1311.678303
593.449676 1111.333023
602.939596 1133.250622
599.819339 1180.324856
598.015564 1188.887060
590.399415 1211.976682
585.218218 1224.076595
587.644864 1274.117188
606.069978 1279.744738
590.420958 1280.003146
588.268016 1181.328463
586.895512 1330.764586
590.670543 1207.179143
604.214053 1208.812557
579.906867 1214.842409
611.401924 1190.482934
611.298861 1203.684717
606.559887 1292.146401
600.921499 1341.865944
600.148962 1332.300241
610.387121 1164.832588
610.891401 1269.270736
594.054197 1271.714892
596.068494 1265.356735
595.453051 1278.836687
583.554498 1254.903842
581.350539 1359.072380
624.737049 1262.421005
595.591159 1309.659323
579.216262 1223.845992
605.664515 1293.378316
605.348057 1276.557093
599.191044 1197.510765
594.237713 1285.216104
590.971901 1362.086698
603.053290 1214.532004
618.805815 1311.081905
618.704964 1275.566393
588.258854 1265.017864
620.237002 1249.954779
605.999181 1274.694820
624.312188 1310.414514
634.914618 1256.971712
597.411795 1307.386916
608.487670 1242.845456
621.547683 1256.755056
596.506628 1305.982567
625.270856 1323.941608
611.603862 1254.860773
620.862777 1238.474443
