33.620536 291.978954
18.305682 300.285797
62.279169 320.420482
41.488105 321.263499
52.767173 305.095010
30.916126 310.133845
57.646918 297.871869
57.900862 294.032711
58.672899 289.878762
49.343409 325.553909
66.756387 345.204939
80.313236 284.961099
94.584487 280.254188
62.832913 342.427380
58.919401 312.290672
72.948615 286.006922
68.588069 345.936805
81.079754 307.015627
70.643734 326.667196
81.814849 284.197479
65.255752 294.505933
59.603873 337.015448
79.017876 281.993560
101.006208 364.988394
87.602608 307.527088
100.829168 339.472824
77.991348 293.678015
108.826165 328.771794
95.784883 315.525681
78.802106 352.652046
81.847178 322.957136
99.505231 347.696405
100.482969 366.965034
72.844563 357.142494
108.871376 312.541962
111.839041 318.842205
111.683485 368.557257
88.605210 357.309527
104.950055 297.199139
112.452336 365.578999
84.227533 398.490447
112.173520 298.503433
112.278097 370.928011
114.830723 290.174109
82.964059 374.694459
134.562788 316.624703
115.352404 417.312567
79.980399 284.138337
118.353929 400.333241
140.525765 309.431887
125.766789 375.584673
110.896499 402.641171
88.658057 423.393181
114.400024 267.441821
138.998914 407.379137
125.964769 284.450005
135.412388 286.683394
120.107382 322.771546
130.137847 394.648954
147.032299 271.945972
137.172243 379.731457
159.166010 299.341949
138.802680 399.206636
138.699178 339.769915
184.145184 307.742582
132.453745 384.633300
129.429716 344.306358
159.564501 426.509154
146.725357 323.386589
137.076416 287.744941
146.169563 401.157476
140.514963 272.891237
145.303743 375.784893
147.557101 341.303469
161.459080 342.423368
191.061762 417.245561
147.207811 307.723793
142.667376 415.604483
146.831032 428.880278
174.210384 391.898777
172.135397 334.963449
151.816953 424.186471
152.135651 340.753372
156.706856 435.541375
180.287142 309.139331
172.843058 448.721567
194.651483 433.866189
209.806699 328.308731
167.396312 464.006783
183.214325 321.383397
177.622467 424.682035
182.567670 141.516064
187.555910 174.605072
188.954020 195.605342
178.347462 189.979017
189.423176 437.387780
180.522653 319.651829
183.707022 309.493244
175.224975 319.204945
201.651134 124.795579
191.867583 178.203390
180.189247 470.114416
183.426803 221.409876
189.627259 182.135988
208.791127 309.511594
184.492687 175.898963
161.353175 480.947250
185.703197 170.767715
195.228116 307.055978
173.808786 192.957708
189.657685 161.594102
178.893543 347.866910
183.037652 483.776489
207.675692 334.576243
210.662793 189.023670
211.520434 215.007339
188.547548 203.304528
203.990750 242.015922
214.866994 239.927069
182.971958 457.046315
183.861822 166.901858
199.560795 183.502034
221.093647 348.032409
208.816234 263.618912
195.746440 256.338351
187.961958 156.671742
221.375474 243.810977
199.864210 275.137473
201.478451 448.953071
202.546043 193.959563
183.816952 199.598115
201.781851 213.915337
200.729584 214.874796
188.872382 241.429812
171.955801 233.508174
233.661083 205.933264
188.092490 239.954783
200.922446 250.614722
177.471879 273.496531
199.637303 308.315557
206.592012 257.450666
198.881143 302.258014
185.984440 331.175849
194.141287 305.305184
204.398836 301.883149
205.036418 318.180752
174.656768 292.004290
195.844268 325.896170
198.625590 359.391779
221.246005 344.653573
212.447194 339.677449
216.932065 448.983648
228.934692 176.614632
236.190952 166.020710
199.863635 234.003496
212.515971 236.076713
196.101180 338.850455
212.011205 313.973317
217.240638 460.765527
175.907806 187.652761
210.054038 467.436146
201.789096 159.263094
214.585536 458.389716
221.916472 171.152644
204.583948 487.799956
233.541301 180.435885
212.972909 487.194795
213.595916 470.517421
239.051048 466.617777
230.044679 154.967800
224.666553 117.295045
216.371119 470.939423
220.794830 152.426015
207.541705 175.803599
216.076038 497.245758
238.355085 448.311504
249.124162 199.494751
232.461495 204.680592
228.701610 513.336970
265.557720 491.811860
214.510506 185.840973
256.911032 501.398484
265.919148 480.436691
238.888073 181.425834
244.450812 482.206944
239.603734 204.476307
246.772383 495.383673
274.420406 189.201337
236.101224 536.712390
259.099613 182.598069
246.379864 522.987839
231.412846 186.704194
253.439468 535.556956
261.245365 212.380452
257.026440 527.127866
307.252006 518.275892
284.094772 191.136249
271.444446 519.547018
263.059857 179.996746
267.410428 555.111926
271.409053 196.956837
280.473603 521.045198
276.899373 534.638453
276.408953 240.824060
291.044712 523.337062
263.277799 209.513832
277.583977 538.828140
304.600049 569.301012
314.227070 181.495532
276.876213 526.063701
257.175252 200.863552
303.180993 585.674907
311.437465 216.411534
303.361712 559.689393
255.680279 520.154720
301.961271 231.351741
320.553841 541.986940
321.230276 235.127422
288.058030 542.594543
288.977145 575.812663
306.553243 206.479228
306.327456 213.242337
324.921917 573.375142
321.487011 208.420442
289.180541 552.795161
295.806215 204.489363
310.815428 570.497285
312.950735 549.581522
317.320222 228.013308
319.849584 553.844698
312.817353 204.580785
338.586561 525.317706
319.248684 196.437097
308.055149 561.959899
327.875484 202.662929
344.285957 580.245248
336.114018 219.186331
337.777919 568.397998
333.791794 218.167123
363.145438 614.235640
336.017434 238.854051
359.602892 551.034290
329.576223 200.636857
342.015034 557.486740
357.378030 233.896277
356.212030 569.738601
359.314234 219.597703
362.946029 555.754605
372.420068 202.049803
374.250595 576.587876
354.878552 212.503297
384.515652 548.369716
379.628548 251.491233
367.081077 581.704649
363.361553 216.081136
384.699664 232.996997
377.854862 567.487372
370.556450 244.503304
365.584414 561.636605
377.294595 238.785002
400.420799 558.434219
363.382857 221.159003
365.622272 574.215696
402.715853 243.072095
388.145931 593.135062
391.719441 235.463059
388.941697 560.847489
373.888199 235.559843
396.645870 218.127274
358.149358 225.993895
403.779557 547.686653
417.167443 192.534913
402.055789 236.829769
380.655080 205.383929
399.747933 239.542451
415.139377 552.137151
405.129531 194.492673
408.965311 180.640747
411.746435 550.745921
382.324351 181.289817
393.173965 554.285066
441.014220 139.806659
398.200026 138.034836
410.219868 149.921907
418.994690 110.325555
414.191935 143.279115
393.472685 184.714942
353.971302 185.784898
390.603721 214.902604
400.780981 197.300493
414.246566 177.471994
379.535484 139.655088
406.530821 528.968035
412.057370 108.061504
403.899499 164.611863
413.650787 173.596939
430.682965 60.782132
405.185865 87.306969
408.430920 116.715665
412.297637 121.117082
426.704573 107.614106
422.752303 107.364458
424.438350 86.166224
406.043746 126.847590
435.527409 540.945892
427.842466 49.815849
402.194358 83.685386
400.414775 100.236304
412.819786 73.845980
418.730855 91.493256
424.505259 90.174013
413.569744 101.464445
396.318486 106.350736
400.293641 575.836403
429.366555 59.346787
428.036307 520.835440
441.688674 33.693880
414.446217 556.486788
419.856387 22.749043
411.817052 573.265207
444.755101 53.460356
428.136992 591.578363
468.255229 516.863571
417.366540 54.934666
429.574804 574.236428
448.090427 37.624090
454.002269 83.715299
443.349829 72.228344
459.348765 62.358999
446.348813 80.387635
433.556755 86.691820
444.250829 548.233105
463.638399 89.652732
452.868411 550.080774
448.761685 75.772106
439.653185 82.100063
440.569409 562.945483
446.780043 83.749563
461.638285 81.795682
442.407192 571.636660
455.588243 99.928149
435.951989 544.020901
465.449570 95.881528
468.764713 527.242787
463.820774 106.123303
446.915788 93.844508
435.824122 598.576518
454.764446 537.605107
491.115666 559.812330
469.270130 100.153242
459.472579 105.048172
461.904864 573.816904
479.392052 560.891380
464.859634 124.952120
503.846237 613.744218
491.537793 565.346991
497.978871 125.071816
477.449061 155.340933
477.481530 151.641683
488.495784 144.062364
454.046964 586.854017
495.616008 127.338460
486.027229 158.278274
494.957050 547.254253
472.246246 511.577311
494.743470 497.793456
518.496517 134.060739
498.760232 492.692923
481.866293 595.812975
506.193626 485.026060
484.843532 169.281603
500.243666 183.473934
469.243774 134.815946
489.476984 166.776385
491.562600 161.313423
505.763947 199.198289
467.520574 531.201725
490.387970 550.813724
506.942368 518.341978
492.672195 518.721860
486.224171 171.881289
499.940837 192.281153
499.161854 477.468743
511.285802 531.214515
487.061084 584.085638
496.894432 626.261009
501.526040 597.109238
487.128716 163.032692
478.468831 182.387343
494.209168 200.463611
498.992367 181.621104
498.507985 533.520762
494.933432 554.262869
493.836569 531.950519
494.791182 173.680567
474.504353 515.834658
483.625999 604.182085
493.009241 581.548617
471.712072 587.604200
506.279964 206.718129
516.146969 472.363981
483.157536 482.031863
528.718730 489.403295
499.140560 577.946780
492.472150 219.978379
505.344110 600.388146
495.260395 632.462509
480.055306 475.184666
507.225269 504.790731
507.083077 511.680006
496.287926 223.120671
518.447948 571.988667
489.033860 567.853679
502.871374 238.689772
518.887761 567.443212
517.125435 601.534075
499.975418 493.548115
494.697811 627.248411
486.591058 212.564269
527.211332 480.823326
511.994192 479.677046
492.506087 594.501603
541.639004 187.062509
533.188988 592.605504
530.892960 635.823225
504.025699 609.985816
514.136992 455.513166
509.414983 207.752935
491.260577 196.739605
538.838651 241.774553
484.156133 252.431217
510.227341 225.698565
496.180864 461.422676
505.245577 567.067987
520.005617 620.493812
501.649284 239.993366
514.075647 224.297025
508.644076 248.485270
508.918199 253.531308
514.063489 245.925698
503.615153 456.444477
528.114148 582.072802
501.668929 655.116807
518.226424 560.982889
524.793027 255.200980
505.801214 589.003995
519.246450 447.092694
491.538478 648.217679
541.194311 263.651854
532.921453 248.694326
527.585697 443.364028
525.010500 589.559483
519.674034 248.312094
544.906992 627.935709
531.763028 645.348656
529.852043 419.572790
524.106351 618.586740
538.204336 669.545173
535.426828 240.292729
520.721500 252.825182
534.702259 432.265953
548.330579 427.977695
521.444761 437.554626
546.146056 460.902372
540.129015 420.279652
513.209349 600.120629
518.773871 626.544214
531.421301 251.124493
558.673135 664.283179
536.971248 255.007813
528.191393 256.779629
527.026006 423.287874
501.719922 425.750370
539.126500 407.088029
541.635767 621.576801
525.914994 309.289763
522.476675 268.689353
548.034611 307.437623
542.675334 295.439878
532.106323 319.617413
527.667752 318.462511
530.079679 297.753710
548.757455 351.788528
505.716188 354.422966
529.597790 365.608739
542.766751 358.809687
512.368117 363.545427
502.551367 395.086606
513.097021 360.781929
527.972883 400.542728
548.802903 606.395191
545.484902 321.734200
532.963965 361.599919
506.841840 362.165557
546.542351 581.422102
504.599209 385.352986
546.830060 678.600598
534.699858 650.840757
539.850116 337.065492
556.855247 392.933777
547.622468 293.832837
530.773203 289.686611
545.870025 303.002268
525.439537 315.226338
514.998742 328.879524
552.198249 374.358789
528.110931 383.792204
552.300964 570.917812
520.609028 613.017712
533.768961 669.524046
533.497573 665.466974
519.465890 613.695144
535.610579 610.216845
529.095710 673.060266
528.771114 668.741503
549.020165 641.836381
538.034991 636.622034
561.321668 683.779877
535.813011 663.591022
539.069794 628.613385
567.176714 630.988896
542.704066 690.311032
541.129561 614.538210
543.199979 697.810956
538.783223 717.571515
574.219076 721.174381
540.851426 644.908909
573.084924 629.748630
573.965244 676.257115
570.301087 712.696264
558.426465 666.444702
586.062444 650.781559
548.581912 650.891098
613.614727 722.922571
555.097632 674.019760
552.182735 663.155167
577.164502 656.577442
563.583192 735.966720
554.938568 720.630158
562.835214 670.300982
594.125883 673.238227
570.157855 726.752071
574.858729 712.299100
609.646622 696.100197
594.305784 740.147028
575.868105 718.829354
595.069666 684.525820
587.339589 683.607231
611.275492 730.948160
564.391236 675.312549
587.550538 719.499503
568.372966 752.359145
594.293122 757.255845
593.606227 723.209745
606.682355 695.462445
602.071852 707.726281
617.319689 758.846160
598.426537 672.709786
596.863533 716.606997
602.835259 747.320227
627.214508 695.050820
622.319585 747.824739
601.563279 686.692227
611.448025 735.317713
624.373328 706.400724
636.028245 771.280493
609.236546 770.711342
623.492313 770.255740
637.462898 684.014638
644.645358 758.674097
607.073549 669.138463
618.157718 791.744488
643.717824 706.656394
621.114381 803.379833
628.671003 774.507767
635.569063 761.929236
639.773429 730.503193
643.812154 789.562907
632.234836 723.079537
633.361977 800.630201
640.320502 739.133051
611.567547 800.296556
637.899697 753.202667
644.464510 717.505005
647.683625 771.552427
628.090601 730.713672
623.213784 799.716647
665.595859 758.978137
647.105151 799.264628
648.634270 832.539151
642.575788 755.944045
670.214353 766.569154
639.605707 798.862625
658.727272 812.186545
615.787207 762.977596
661.034057 754.121995
671.693707 801.738079
655.557737 823.836571
661.170110 767.205394
649.851942 786.734493
655.967813 820.503627
650.536983 786.634887
649.564983 839.369197
651.537386 802.066529
671.953944 803.150437
702.954858 791.173209
661.696439 841.329551
669.733822 765.970382
674.948864 840.763149
678.593378 779.428649
691.245646 822.770281
655.164269 824.424630
705.714061 781.108624
693.204167 834.740875
673.453805 830.944205
682.121286 823.637010
698.892331 797.193544
690.827320 842.200466
694.787849 868.129423
684.252541 788.633736
671.949044 849.135267
686.379278 801.017115
684.145666 853.639853
705.983433 819.694619
703.633690 852.878341
688.577842 798.684574
704.223460 828.571687
707.179210 834.716441
697.711096 846.682713
708.529336 831.892357
705.447186 864.599708
675.268571 831.857527
707.629581 849.433820
690.311581 863.939824
717.046167 828.574262
725.687745 858.464670
714.885786 835.797896
692.211568 857.935054
707.639313 821.868337
728.862321 843.239354
718.594794 828.533908
703.051339 863.185449
737.370172 818.630068
727.336672 870.076427
719.774813 905.204427
726.587969 849.188265
706.308498 886.784644
734.993747 887.213245
715.987800 835.803096
728.853048 880.076503
750.785204 841.723406
750.664998 870.952661
732.629316 850.443339
723.592816 892.853942
759.290232 846.276948
740.685210 840.968091
771.089242 881.714244
720.040783 853.243972
761.967772 871.096139
733.908227 843.983932
736.816681 894.353131
777.098065 837.586396
782.368076 821.257247
729.731081 868.338405
758.384254 866.319713
761.936136 889.391989
767.066461 867.772014
789.060346 855.237792
797.625307 893.277723
776.098418 871.562289
781.805704 906.997519
