24.683126 261.437503
26.221720 268.174628
21.284834 268.173281
24.567326 271.804952
23.239368 280.806006
20.924809 277.861443
24.105997 285.248149
20.544124 287.024503
31.547316 292.822111
32.912400 293.252538
14.531631 300.198076
17.099274 307.061771
15.806351 308.872523
25.571270 315.547488
16.330925 315.848406
17.864791 319.402215
24.557029 328.547924
27.429575 255.080454
22.057420 242.496888
32.538407 247.085697
25.793038 253.196118
19.119904 330.923989
18.648833 238.805160
32.015741 331.445074
30.448463 334.285606
26.457478 234.089346
36.571721 340.517815
38.882393 233.492415
38.992239 343.011832
46.973226 221.249638
40.893451 223.151296
44.830770 348.611925
49.709611 223.131520
48.306945 350.417108
46.785705 211.567384
46.612934 350.803015
51.930396 360.726957
49.499942 206.169263
40.631876 354.415073
58.848273 199.022315
57.434914 361.079251
53.262401 196.383967
58.306411 189.299396
48.247706 364.762523
63.772003 189.560510
61.492774 361.337017
62.000539 187.414846
71.462475 359.302555
74.459274 188.918779
65.603523 360.707755
78.098480 371.313493
69.777474 188.646291
70.777047 371.362001
79.980263 184.283698
76.747625 376.116599
74.962105 378.684908
71.519934 186.251002
76.670818 383.848907
86.885014 385.286794
79.092818 184.445204
79.293962 389.826528
83.024544 189.941893
91.600198 390.954750
88.156805 183.636242
98.178954 395.500148
96.219001 190.449582
102.980366 393.279650
96.297863 188.138164
100.802231 399.592415
105.491345 186.995346
111.427845 403.766446
108.273894 183.268624
114.466875 400.564427
124.560984 189.075826
116.525494 405.498619
119.429983 184.375879
125.746821 409.543839
121.965079 182.952504
121.274210 410.155551
124.690743 416.621580
127.745774 189.673631
124.360230 419.224913
128.511832 189.447021
139.089677 416.575798
136.727497 187.041856
129.534578 418.915497
136.027800 185.187195
138.557804 420.602083
141.014596 189.002247
141.456535 426.174414
137.928941 186.399826
145.453264 421.770832
138.937761 423.416654
140.716956 187.276754
147.847765 427.046890
150.453599 185.061543
155.695084 427.690138
158.742780 186.782143
160.530844 428.479079
153.303833 182.387192
149.808887 426.767007
169.131271 182.487095
172.117229 430.073646
170.052531 189.233549
165.898519 431.447244
169.431577 179.997943
177.208492 433.780320
178.326197 179.735369
181.245252 436.558640
178.561416 181.296478
184.875329 431.153072
191.699031 176.701839
182.793567 435.965937
182.481392 182.347451
183.225337 426.147448
199.423835 177.823643
201.030023 428.259009
199.331103 181.970291
200.055005 433.050984
196.359758 437.662244
195.128543 185.580802
199.483688 441.402842
204.126930 180.352423
198.031285 439.303173
197.562479 441.642354
217.150947 184.569344
206.407552 443.064070
202.905492 175.840867
216.048084 441.919396
219.038799 180.571983
208.520241 443.006181
218.698817 180.677430
225.512826 448.711326
220.151312 184.061120
219.859328 449.197902
226.618236 183.180666
224.804568 449.194165
232.541265 185.392368
231.122448 444.077128
235.185984 181.677653
238.880200 451.865164
237.021259 179.835951
244.345030 448.308657
244.494686 177.681668
250.673806 450.001381
249.127198 188.045793
246.517665 447.152844
249.096012 179.229319
253.610924 458.793143
251.645441 178.804825
249.902128 451.487377
256.427529 173.858009
254.476568 453.405526
259.042571 176.335859
264.597816 454.211415
262.796572 174.038504
267.684702 452.748204
270.580344 167.019504
270.398120 455.807612
273.401877 163.798792
273.725967 457.062998
274.018929 163.477451
275.646204 455.444042
280.772166 158.740446
288.440277 459.510406
281.997536 154.227717
289.727543 456.207604
293.277551 149.943804
295.445591 460.336275
292.616120 148.442528
289.214077 457.197069
292.299546 150.501132
287.736832 457.602186
299.760887 149.266676
301.872100 451.765833
311.866904 148.220530
305.142409 456.459547
307.169574 146.588458
306.538521 447.681179
309.983602 145.015999
315.672125 449.788045
310.818739 138.473947
324.333719 453.364449
322.248972 135.996482
321.950104 450.742215
323.450535 136.777774
328.674804 447.163069
331.419871 131.391830
334.528279 452.264478
336.784363 137.641726
336.055612 445.393490
331.344331 116.617954
333.292156 115.801199
343.109632 119.496774
341.164299 446.926415
337.756542 114.670412
342.639373 446.943400
336.306200 106.315118
342.928114 444.892227
349.369544 106.696241
346.042544 441.773582
355.410592 107.430248
352.267644 441.398542
353.472339 95.077165
355.771693 101.027602
356.031375 440.237550
359.637674 92.659558
359.358260 57.233520
362.364626 59.964272
367.097514 63.015422
375.336730 67.894150
361.358243 72.975529
366.165619 75.008119
356.887007 77.722544
364.431691 85.553903
359.163287 437.312274
363.968056 51.719042
364.260658 432.319267
373.005179 51.974336
368.028305 435.885137
366.491936 39.383487
372.980412 429.927379
378.836497 43.199548
377.661079 429.279304
382.357987 39.158952
383.492912 430.403121
386.316840 31.599682
384.567330 428.780949
382.690204 34.537174
384.926988 423.183985
382.542375 31.606044
386.392843 418.569771
385.328759 28.688752
392.441315 416.851841
395.380159 25.152865
402.368239 415.013425
399.316250 25.057467
407.262787 420.698205
410.717443 23.072555
414.077292 417.591875
405.863960 22.824460
410.317350 420.590213
415.031416 19.244901
411.238181 416.817720
417.840337 25.301954
421.583159 414.975675
425.242458 20.574009
423.776043 419.256692
422.435124 26.667275
432.089776 418.892472
425.870647 24.506466
432.283357 410.737025
430.095635 26.537719
433.783837 31.735495
443.412071 412.475099
440.711634 36.945834
437.410112 38.298882
436.617375 413.375039
438.927644 40.721043
442.437734 46.298158
439.521752 49.920995
446.527325 48.266869
438.841860 61.090194
445.744734 59.223028
440.501433 62.846402
442.335602 70.447474
447.214775 74.978070
440.675185 415.438485
446.612169 419.272074
447.844664 75.544716
446.758760 415.884464
449.983480 67.878790
450.464383 417.246840
454.223233 64.883823
453.088840 424.630431
449.163294 65.067527
458.321799 423.875228
461.786573 61.706906
462.671016 423.450784
465.430637 61.566134
466.759859 424.329582
475.161002 59.906785
475.707624 424.942762
471.745958 61.251759
467.142815 422.125742
485.460106 57.709394
485.070361 424.704979
492.003496 55.143359
494.698783 431.769455
490.481342 52.863486
487.150709 429.038115
497.242661 45.096533
491.173468 428.687668
494.367033 46.441911
490.916696 420.788511
495.549183 49.609928
498.276308 425.636802
507.592421 51.658536
506.692658 430.440597
511.695601 46.226773
505.984496 426.346940
509.574744 49.021748
510.206141 431.734404
510.353861 47.341285
516.612429 427.799205
519.580425 44.264230
515.303978 430.804002
532.784700 45.914714
526.906328 425.428268
534.794279 49.576387
526.284182 428.224807
530.996392 49.268677
534.740878 429.062204
538.202820 50.692380
540.454221 425.122761
537.643137 50.838179
541.273157 430.984334
546.722466 51.962868
535.088130 435.514647
535.116812 55.300909
553.850015 430.837807
553.503210 54.260729
548.157748 437.955324
548.566173 58.194418
559.709375 444.120060
556.863159 59.426141
556.960474 446.277769
563.934949 53.136296
562.451263 446.859345
568.496804 58.323217
557.643908 454.341433
574.994746 450.056442
566.031252 54.247177
565.642748 456.381227
570.874950 57.871613
577.764459 461.328795
572.520344 58.706201
577.676661 459.214750
583.170449 64.049120
579.427450 465.195636
576.803553 469.486576
586.624041 65.388969
578.134342 472.202761
581.498066 70.482573
597.555808 465.921488
596.971097 73.029391
583.807738 470.471345
605.201614 74.472831
595.266795 475.900063
601.247612 76.830947
598.263519 478.609729
600.150283 478.512263
611.215988 81.969564
607.102693 80.507529
604.804202 485.058267
606.932333 81.586044
601.878964 482.901077
618.726390 85.412949
614.461055 482.759813
609.168832 86.187311
615.214617 486.381107
618.247287 89.368417
624.568305 489.210620
626.603705 95.900715
623.095071 490.522470
628.751340 491.085301
630.492005 93.312773
633.432630 493.102062
625.549272 95.286701
637.095432 489.268687
636.702449 95.830406
637.622153 491.181427
633.578106 101.646636
636.867310 107.362642
642.837101 493.720711
649.864397 105.997413
649.234217 494.140469
659.431839 108.509943
655.329027 492.420652
657.844573 105.986128
654.136344 491.939512
648.468130 119.889120
648.164368 494.523276
665.009042 113.651325
655.986071 495.385137
668.981472 108.721903
668.111154 496.525125
660.839236 114.046477
667.434227 495.979388
667.863479 119.668066
676.184933 493.437246
674.960966 119.182445
678.952355 496.704449
684.462204 124.298527
683.174201 501.733829
684.249138 121.125149
683.058498 500.263559
687.849928 118.491311
688.286959 499.954254
694.175291 120.265502
697.006110 502.982083
691.679744 124.870675
697.404603 501.283228
695.732648 124.355686
696.658740 504.232793
705.733604 125.585260
705.258271 505.889173
706.381314 124.284054
713.011827 504.949176
712.571355 126.559024
720.625060 503.488122
719.838284 122.937491
712.190379 497.398751
714.830068 123.212740
719.174569 506.871422
725.813722 121.466891
723.553670 504.813357
727.079226 125.798823
731.695572 498.938575
724.089942 127.665999
733.475092 501.246393
726.399199 131.417411
730.520157 502.718173
747.647466 127.398224
742.554019 500.151808
744.451156 125.025927
744.193086 498.256975
748.120593 127.577096
750.463263 501.998335
752.829920 120.988079
749.913504 502.616880
753.530057 126.300337
751.725325 502.761108
762.555307 126.424418
757.007423 499.481545
765.244106 129.785647
760.662191 497.715325
763.802835 121.615490
774.038633 500.015259
774.544226 116.336409
772.629133 110.656677
772.367434 498.123457
768.625637 105.223767
777.642360 496.197782
774.075224 103.085578
778.018393 501.447067
785.657253 102.734800
783.314630 498.446572
788.965021 101.474565
785.473277 495.140534
788.736363 106.137692
797.146665 495.966680
806.070989 111.282263
796.906698 494.740828
798.340221 110.994135
796.499399 488.538957
799.958761 109.297310
806.541470 115.005863
799.781319 496.076289
802.008745 116.958572
807.350285 493.908056
800.709249 123.032272
808.356855 125.572827
812.130187 487.136743
818.998484 122.811701
810.445354 482.927079
818.979253 131.234697
817.300634 483.645957
817.174362 133.739940
826.075967 484.600651
822.527986 137.272209
827.986318 475.361396
827.548803 142.127083
825.523149 142.761831
829.241874 144.855742
821.249959 477.411643
831.962968 148.392330
830.487623 470.195716
835.064368 156.990710
837.633439 465.880628
845.877181 156.823916
844.599013 464.053147
853.381190 156.925824
848.421706 462.041251
842.881664 168.427604
851.253746 171.384831
846.102903 175.736518
847.632822 173.986919
845.764225 460.921695
849.814829 181.125663
854.804034 457.587723
852.383778 181.333573
849.501328 186.467770
848.636780 189.648543
850.598728 195.174751
853.243359 448.432772
848.599580 200.630705
856.283820 443.237011
861.017717 203.599157
862.997806 204.195879
861.497648 211.991456
857.126424 245.283572
860.617920 243.641682
858.425051 247.287400
849.859254 255.329448
861.641665 255.596923
852.357968 265.249128
867.933223 435.531243
862.460815 212.124113
864.746696 238.571358
864.976468 267.196338
865.661751 217.755572
866.027159 222.751849
864.524535 231.213425
864.694148 236.790451
865.869354 434.958473
867.357580 435.240786
867.927888 265.781812
872.066452 426.279223
865.542662 272.582267
874.529128 281.494555
864.978002 424.845283
878.672096 280.986730
874.040812 305.085172
870.676595 314.238475
877.809309 312.813146
880.553804 317.284835
878.162349 319.234250
865.307720 325.524719
871.710613 333.644827
864.190049 413.513592
876.831095 420.404363
873.903195 280.329215
874.598892 339.120961
879.425537 407.127808
880.561567 304.045940
875.152692 285.880260
881.882995 291.388718
876.171075 293.607495
882.940341 297.341451
875.201072 336.158597
881.460029 341.132845
874.590088 348.339811
883.467314 346.608765
869.315706 355.440123
880.068654 360.858094
883.680370 402.087565
882.199527 364.384579
881.154004 395.010301
881.883653 367.985542
883.647719 369.268885
886.244409 373.464098
884.887895 375.540255
887.436348 385.336795
882.433418 382.449176
879.545707 390.332005
