46.886766 49.386140
48.069674 46.316008
45.281048 47.186222
39.026536 53.955180
45.539589 49.863227
45.589376 53.232769
43.698399 47.825080
45.754202 52.081026
38.662188 51.190864
46.000000 51.000000
46.989297 52.971726
46.589714 53.598220
44.006744 51.663336
44.692768 59.943650
43.815586 48.341867
49.418624 50.314308
46.802112 55.538408
50.784656 51.967071
39.844749 55.908862
46.000000 55.000000
41.038451 63.632105
50.899269 57.604013
40.119268 58.297443
53.753001 56.655064
46.578702 53.226686
47.908263 61.321636
47.700263 60.502049
43.349464 64.131691
42.212168 57.623774
46.000000 59.000000
45.440937 63.693356
52.429626 70.242397
51.857020 68.044900
49.364424 63.111629
49.931935 57.263365
42.886460 63.576062
40.468337 66.907001
40.168734 65.373228
51.983781 58.421947
46.000000 63.000000
50.437212 43.555424
46.922029 46.413275
50.046806 51.081886
49.781622 51.207516
46.202474 53.972094
49.804806 56.321284
54.570062 53.286341
49.343344 52.209670
45.203928 48.325745
50.000000 51.000000
52.035900 67.381502
58.602741 68.500628
50.840921 68.345282
59.368769 61.809720
55.968623 68.864798
45.574739 65.623872
50.390714 63.609927
53.234369 68.144060
52.049409 68.526032
50.000000 65.000000
56.978218 68.009855
51.115840 68.933682
54.296355 62.906184
50.605537 71.554706
55.049754 66.123420
50.920097 69.209268
47.027100 73.729638
44.632633 64.468331
49.556745 68.782968
51.000000 69.000000
48.793430 72.825576
44.311617 77.620817
53.050784 70.967980
46.573483 73.348704
47.239971 69.647482
53.970411 74.438436
44.869860 67.949423
50.238346 69.531032
51.592206 75.191491
51.000000 73.000000
44.627380 75.391882
46.168265 77.195640
49.360051 74.566691
56.348188 72.062300
42.728188 78.473996
50.044302 79.214306
52.993746 78.447744
45.502873 83.426033
49.805869 81.666306
51.000000 77.000000
44.826587 74.748092
50.447257 81.128419
48.560034 80.979298
50.093733 83.207484
48.596739 75.842941
42.720157 79.334833
55.135671 86.664318
55.085206 74.528977
54.318057 72.528138
51.000000 81.000000
55.003153 47.937372
49.194890 54.955059
56.230000 45.870118
53.493200 52.967861
51.029133 48.905011
50.842958 49.306425
59.280644 53.004294
53.494077 52.713299
45.131138 50.569563
54.000000 52.000000
58.507326 91.261227
60.082254 82.135328
47.655541 86.021330
56.382784 76.119970
59.498950 81.810120
63.283077 88.074911
54.431442 88.579745
53.315600 86.830496
49.318560 84.121271
54.000000 85.000000
49.559808 101.270305
61.917154 91.872087
51.339901 96.830390
54.741169 88.786500
56.528620 93.044034
63.401737 93.901426
53.406641 93.317497
59.209677 100.038534
59.212878 99.486607
56.000000 96.000000
54.314124 60.204440
58.929955 54.196181
55.589135 52.745169
57.170981 56.131646
53.445303 47.795415
47.384072 57.044330
57.449757 57.487648
58.414657 54.371672
60.110055 53.398517
57.000000 56.000000
58.524084 90.959667
59.963659 92.552502
56.790535 86.729154
60.353109 79.952062
54.979351 81.771903
55.834075 90.099370
58.451025 87.575563
58.664251 87.435476
62.776503 85.515977
57.000000 89.000000
57.514954 98.413033
55.164681 96.465481
65.727629 98.444816
56.999055 96.856478
63.764779 98.508971
59.694455 98.484489
52.874588 100.911845
56.794137 98.412738
57.922731 101.303578
59.000000 100.000000
59.992847 93.010301
56.094774 83.935774
58.221743 102.173054
61.250167 100.923869
62.767646 91.527328
67.042187 85.934708
57.599914 93.553253
64.113185 91.483267
61.632011 91.127649
60.000000 93.000000
62.350982 61.518095
54.438951 55.580749
62.275555 56.504551
68.095806 52.846212
57.983349 47.755413
56.381358 52.118369
60.869215 53.477050
57.535707 56.028843
59.192037 57.147267
61.000000 56.000000
66.354484 103.245364
57.185842 103.425268
56.127314 110.489949
54.887583 107.745936
59.633196 106.259330
53.648745 108.031202
68.171080 103.399669
65.795416 97.375986
52.091658 103.863444
61.000000 104.000000
54.184269 109.541001
59.308174 108.900962
65.207288 110.098229
58.608606 114.015736
61.461296 108.108718
64.738202 99.624121
64.689102 111.544311
59.233294 113.809389
64.710726 105.500611
61.000000 108.000000
57.254885 119.136757
61.845188 111.165672
63.299833 110.650976
56.586209 108.831841
55.622398 105.534436
59.347572 111.855147
61.420602 103.280903
61.272242 112.405073
63.934700 105.114578
61.000000 112.000000
65.297040 58.314970
72.153226 57.842608
71.649199 53.086582
69.298604 52.647194
65.501494 60.097334
56.514956 60.403016
67.539244 61.650994
65.351089 58.850729
69.198296 54.821627
65.000000 56.000000
73.768228 119.434450
65.161680 115.374134
64.355858 122.627522
70.255417 119.060627
66.194509 113.217288
68.881352 117.235607
69.366883 115.434197
73.729557 110.389357
62.784682 106.603253
65.000000 115.000000
61.569149 116.028602
61.858026 117.958627
63.862615 113.252992
65.461444 125.584535
65.839897 116.001979
68.127540 122.005789
65.777449 120.548215
66.160648 121.283743
60.772129 124.202119
66.000000 119.000000
62.675403 124.868921
73.073721 123.827510
65.850226 115.997453
65.323897 123.549846
65.726147 122.802813
71.535929 117.964418
61.690553 130.176454
65.706264 122.560801
66.177748 125.494634
66.000000 123.000000
67.459509 134.697970
70.918393 123.142834
61.631673 125.093293
69.211925 128.412499
66.327946 127.853627
68.713786 128.398555
61.615828 126.507673
66.795094 129.863857
67.411276 124.271199
66.000000 127.000000
60.501250 61.740763
76.889503 52.510613
66.614920 58.002181
75.825775 59.155163
60.628072 57.126879
67.731861 47.925453
67.510443 56.181256
68.870963 57.375000
77.131478 56.344257
69.000000 57.000000
70.772879 129.795458
66.326042 136.480555
77.699668 130.419165
65.370231 135.726677
66.475359 131.423737
63.369711 123.178278
69.064843 128.005575
69.993064 130.002349
69.742616 127.681448
70.000000 130.000000
71.996621 142.412350
63.157533 129.319205
76.008240 130.497303
75.829145 131.299269
65.468550 136.710858
63.247273 135.597352
70.371285 133.105944
71.014017 134.324714
65.674165 141.972628
71.000000 134.000000
71.048203 138.169539
70.457537 134.629431
68.645339 142.299268
68.930735 143.908550
74.949299 132.233543
61.696037 136.701661
65.788671 141.986170
73.601497 140.637380
72.384883 133.985029
71.000000 138.000000
71.001231 142.001454
75.944961 138.914188
75.102776 139.843203
75.228557 139.228237
63.846977 143.191047
70.763294 140.660073
63.578103 147.123565
68.211298 141.276572
67.814506 136.306351
71.000000 142.000000
68.814687 63.161066
65.728498 59.631098
75.434588 60.100129
72.449399 70.821087
71.914604 61.005628
67.876802 54.603184
66.919705 56.890904
74.804045 58.861512
67.497306 65.403405
72.000000 61.000000
72.854404 143.255844
72.037650 150.180937
74.956600 145.951906
75.272457 145.347285
80.500106 151.394375
77.693991 146.055556
74.958103 145.034345
70.292293 147.913878
74.977753 150.000745
75.000000 145.000000
72.188671 69.053279
84.809136 60.266374
81.246701 55.645548
75.199770 54.787579
71.625112 67.298703
70.808287 53.205915
72.125317 58.227099
75.472225 60.081653
77.476687 60.692489
76.000000 61.000000
76.998391 148.184415
67.177809 152.622978
72.355744 150.311083
76.072567 148.953123
77.645238 149.483463
75.392746 146.704948
76.116769 145.208169
75.636124 148.902759
80.261330 145.374379
76.000000 149.000000
80.150706 147.945556
76.428688 155.752295
83.294858 158.881886
76.108350 152.258733
79.062351 144.269479
83.981751 152.103198
78.556322 150.533893
81.477785 148.614056
67.501410 154.730520
76.000000 153.000000
81.162248 163.096668
68.513456 152.422853
71.949101 161.574672
73.607380 161.612963
69.561207 156.400125
74.652430 155.755740
83.253690 162.965615
75.902844 152.312155
81.820690 158.173110
76.000000 157.000000
76.447944 70.837534
81.232313 65.726783
74.314918 66.242012
75.181432 69.580223
76.956678 61.375635
78.552803 64.845022
74.320060 56.767784
75.028087 57.373436
79.390695 62.252452
78.000000 65.000000
84.456207 66.077456
79.181250 66.157382
78.047618 67.869763
79.962798 70.161947
71.600748 71.201523
74.753250 71.878102
82.270332 71.974841
78.606970 69.560389
77.185938 63.625773
79.000000 69.000000
76.464515 160.972368
72.417722 154.959910
86.341976 158.336481
78.341236 161.933547
80.531469 168.560628
74.634357 162.255350
83.588234 151.620828
88.604935 157.116930
84.966087 159.855932
80.000000 160.000000
80.361067 161.223697
73.790069 163.888133
76.668754 162.994873
81.629117 164.418818
76.571980 171.893684
85.088553 158.354247
81.150831 165.614075
76.573098 155.999493
73.923786 160.028091
81.000000 164.000000
84.546384 167.456119
81.735126 170.643446
82.310486 169.960657
87.762584 166.442649
81.213588 176.655215
78.853193 170.685211
80.324668 165.007986
80.508662 175.988446
90.005721 169.063981
81.000000 168.000000
79.743183 172.826780
83.272833 168.517656
77.503353 170.365505
83.805675 167.942399
74.884867 173.364472
89.130040 174.202821
77.996785 169.188496
84.709870 180.554628
82.213176 173.913575
81.000000 172.000000
81.396942 73.504125
85.100735 62.196324
84.192412 72.375572
81.415360 69.498586
81.310337 70.131281
76.796911 64.168317
91.152020 73.081205
79.475292 78.830107
78.408369 73.093965
83.000000 71.000000
79.341194 171.364780
85.188311 170.172596
82.847600 170.244833
89.675602 173.608145
81.988927 168.364290
89.173300 167.137973
85.132155 170.540566
83.360436 176.601932
87.914676 177.445978
85.000000 175.000000
78.852550 172.385415
84.061349 175.872908
86.293521 178.776547
88.585312 182.132498
90.614711 187.068554
89.382893 182.864861
86.005506 178.846280
82.996268 177.411805
91.730817 173.947994
86.000000 179.000000
77.184754 186.394302
83.409815 177.942432
91.631753 180.302369
86.936986 188.471359
82.006239 189.278137
83.968183 191.033902
79.124654 181.504329
84.019751 189.820811
86.222808 173.702895
86.000000 183.000000
86.143479 188.032122
91.076939 190.062840
85.217881 188.799990
86.807420 188.236262
84.454016 186.760977
82.472245 180.720098
76.773263 183.306184
82.477860 185.328923
92.155401 189.148830
86.000000 187.000000
88.459229 62.004774
94.041912 77.623680
84.883121 71.286715
85.132208 72.434899
86.891734 71.009977
84.612544 69.435399
86.729244 80.558537
87.424750 71.486299
83.928234 78.636788
87.000000 71.000000
91.116218 192.547254
92.087119 180.266815
95.043921 193.424264
84.970268 189.910762
83.550570 184.918551
82.729443 187.795744
90.811069 185.352364
90.353750 190.629595
89.435543 181.194687
90.000000 190.000000
87.907571 69.516434
94.570897 70.740798
92.419728 62.342935
96.815108 78.889099
90.644848 71.038629
90.200121 72.326649
88.235218 65.127625
86.714878 75.340555
93.215578 64.547133
91.000000 71.000000
96.748039 188.865450
92.832173 191.308232
90.922956 195.452142
92.747042 193.686108
90.986868 194.056808
88.518677 197.399727
88.867125 190.371933
91.551441 194.158507
97.189468 197.689727
91.000000 194.000000
92.849454 196.289148
91.021858 206.387647
91.092373 200.936240
89.325313 198.604595
90.710835 204.161873
84.935049 202.160507
89.562907 198.672145
84.446130 202.234176
92.300693 207.161741
91.000000 198.000000
92.786160 214.332661
87.019493 207.023704
93.516375 209.986475
82.033520 204.573996
90.213058 206.257144
92.451693 201.701365
84.625880 204.126397
89.659225 212.669596
88.558147 204.570059
91.000000 206.000000
88.727038 215.903737
90.849750 221.702442
92.623242 222.430223
90.550052 216.710748
95.659955 221.199023
92.393332 215.297935
88.888061 219.145183
92.413196 222.516216
90.646294 216.324166
91.000000 216.000000
96.262197 208.032471
87.358903 204.958557
95.952610 204.899635
93.710886 208.506523
89.617178 204.306980
102.301809 212.397106
94.130454 209.375130
94.227528 210.189927
97.040565 202.604354
94.000000 210.000000
89.519962 219.389147
90.130827 223.063889
86.087239 217.084501
90.952835 217.028036
95.272647 221.373014
91.360437 221.162313
87.870961 223.068111
101.998599 219.490929
90.287288 219.407307
94.000000 220.000000
96.372866 75.515933
90.909296 73.309833
90.938825 73.344413
100.199988 75.417639
94.609980 69.145378
93.017037 68.887108
96.097147 78.260083
95.155718 74.020939
93.782472 67.124234
95.000000 74.000000
94.790188 200.086869
87.693641 200.480569
104.462509 203.003878
95.004436 209.216808
88.180173 203.234962
90.729176 202.288167
97.485034 204.503116
92.561836 191.242117
93.430135 201.364106
95.000000 200.000000
92.266311 199.443013
92.669393 208.696826
93.898772 204.411188
95.044254 208.606308
88.895105 211.067155
97.178951 206.179657
92.652256 202.641925
95.153697 203.728596
89.488497 206.864069
95.000000 204.000000
93.475834 212.497800
95.660458 211.653002
90.455835 214.740675
95.326725 221.479473
91.906125 215.283277
89.450601 218.401693
85.599444 213.097576
98.620000 217.521941
86.581342 214.086011
95.000000 214.000000
88.225196 220.399923
90.474065 223.454538
97.942025 223.840053
87.215940 225.523205
98.754032 226.987183
98.259959 216.154721
92.722407 226.055736
102.703717 219.016950
90.526914 225.100109
96.000000 224.000000
95.890478 226.979507
97.671646 227.620604
96.058637 226.178760
92.616572 230.160848
101.724535 228.630467
93.461488 228.789746
94.276211 227.774029
96.242226 227.588330
96.401322 227.284448
96.000000 228.000000
94.881002 230.324977
102.906039 227.311616
97.229945 235.347186
96.709499 232.092890
95.252759 231.489278
89.008187 238.359404
99.233374 232.460128
96.936630 234.665993
96.615283 239.674485
96.000000 232.000000
93.914865 239.394098
91.240001 237.537337
90.635898 241.426212
104.703378 237.422005
95.106772 234.702347
93.675016 231.380649
96.890065 237.509693
92.731685 229.072072
103.777996 241.385554
96.000000 236.000000
95.827979 72.930651
101.979580 83.470053
97.905763 69.480392
98.838918 76.528633
95.176446 77.087110
99.950673 72.553262
94.616278 68.798362
100.305931 69.050893
97.587738 76.776571
99.000000 76.000000
103.378970 247.935681
106.270160 238.749387
100.674427 237.399622
90.458443 242.688486
99.280441 230.458128
99.469436 239.977462
97.260214 241.399793
102.950191 236.356756
103.641926 242.461914
99.000000 240.000000
103.623629 242.604385
110.238278 246.326759
108.598055 247.562311
102.770460 245.938228
104.568354 244.843020
107.267664 245.347477
106.035840 237.785912
101.284649 244.497216
95.964917 242.576879
101.000000 244.000000
97.664205 252.357367
98.319793 242.557835
103.699837 250.137930
103.839707 241.442338
96.906328 247.574887
99.610443 249.438492
97.642912 245.288067
100.742984 249.021275
97.551519 248.026763
101.000000 248.000000
92.368094 250.556476
101.175168 252.056518
100.689284 251.921139
101.661153 256.911801
98.049441 249.422875
105.095116 259.519801
101.668622 252.004795
104.451504 254.127259
99.901376 251.688957
101.000000 252.000000
104.873913 256.638889
101.534662 247.766930
102.737576 259.658600
102.604775 255.858051
91.402374 255.064476
99.852743 249.890184
105.581975 256.517135
100.181477 254.221305
99.436169 252.203521
101.000000 256.000000
102.907080 264.003179
96.899675 263.524180
102.962537 271.496155
98.553897 259.735427
99.278666 275.097962
106.141000 261.752182
101.162707 266.775333
98.052383 264.437498
99.336129 270.434270
101.000000 266.000000
101.369612 272.159380
99.975233 271.575317
98.197081 269.025062
101.417619 272.186028
102.159180 278.603003
101.184862 275.033362
91.282530 268.972130
97.185905 272.079419
95.912916 269.572082
101.000000 270.000000
102.094343 284.184296
108.722805 283.611560
94.591510 285.434306
104.043521 273.396135
100.928614 282.330448
92.911805 282.675492
102.172181 279.405523
101.214391 281.139858
91.362716 280.566274
101.000000 281.000000
94.894589 279.996886
110.410751 272.335845
102.456142 274.164588
101.639006 272.953584
98.162045 269.200952
96.346591 279.238713
100.250678 272.791748
103.966040 275.030664
100.784164 272.737625
102.000000 274.000000
101.125923 76.408591
101.993430 79.962399
99.412278 81.084679
105.184372 80.439994
107.030906 80.359399
101.962073 76.232779
104.193062 73.905457
104.086807 77.032230
95.224293 71.993020
103.000000 76.000000
103.015436 255.124810
106.232245 254.253774
105.424206 252.961223
101.601466 262.828021
104.680122 256.246578
103.012601 259.814892
112.469223 264.674423
104.137543 259.045988
100.867201 259.901601
104.000000 260.000000
112.764662 282.250582
100.270385 290.386206
104.070055 287.533024
103.016206 290.403767
102.187181 287.237917
104.005594 285.033847
101.059149 287.842187
103.865515 284.995868
95.173669 282.018160
104.000000 285.000000
100.883523 263.388844
101.924328 266.918334
105.450414 264.142616
103.205637 266.997204
104.686616 264.039125
103.807939 261.948738
104.715002 264.207188
108.599807 272.981051
102.784896 264.862655
105.000000 264.000000
96.249998 281.282954
112.935995 282.304449
103.369487 278.817376
112.862850 284.005592
110.145165 270.606566
105.337317 278.661208
101.900190 277.066272
100.881017 275.666194
104.625377 269.012949
105.000000 278.000000
113.393777 296.849596
105.888104 295.733837
105.575258 295.826961
106.574296 295.296324
102.648659 290.944770
104.460778 300.429726
102.770653 293.330851
100.717329 302.932300
101.883894 299.902636
106.000000 296.000000
109.371690 83.080644
100.817987 75.986314
104.900355 85.304859
111.960531 68.510164
107.804637 79.079862
107.980436 75.502196
110.971571 80.810475
105.631499 76.133916
105.296991 80.252962
107.000000 76.000000
107.258788 292.077359
100.394006 283.931934
110.449710 287.701536
102.185638 289.521384
108.372737 283.303227
105.338970 293.496323
108.740980 283.515919
110.514836 293.713529
113.893656 292.457791
107.000000 289.000000
109.194279 298.140502
112.933477 306.530757
109.003302 300.000198
114.578158 296.779770
110.681066 301.270933
112.264149 301.242989
107.342951 296.736958
115.111510 305.479186
101.958439 303.158071
109.000000 300.000000
107.015317 80.349200
107.907072 80.477654
112.118356 78.557646
105.109117 88.663846
114.809080 84.933996
103.194714 72.828283
111.858683 85.695507
111.827012 74.489357
110.110025 85.204041
110.000000 80.000000
106.294563 291.177437
113.790481 290.692852
108.567378 291.810967
103.122904 287.121740
105.461763 292.180260
107.968987 293.008344
111.197492 288.782725
112.655416 291.345257
112.184588 293.171877
110.000000 293.000000
104.230270 299.194511
108.551120 306.478025
111.149014 304.204048
114.651828 303.947945
101.686971 301.580306
109.978406 308.101602
114.880300 301.151312
103.932832 307.377234
110.763523 304.785765
111.000000 304.000000
114.577235 298.679553
111.699356 315.856199
101.578141 306.311078
105.238635 309.988083
110.693292 317.937484
110.908915 307.689948
105.335329 307.463555
119.916766 311.066280
110.464427 308.143902
111.000000 308.000000
107.249670 306.160068
106.898087 306.587897
109.163287 314.788960
110.556281 311.840819
111.356943 314.807267
105.017130 305.644007
105.829091 315.571538
106.022585 307.331183
115.298910 315.699483
111.000000 312.000000
111.641987 317.395377
112.022773 315.776180
112.684136 325.372028
109.952771 318.084077
110.260031 317.088341
103.877855 317.784421
109.103240 312.393843
112.610532 314.658556
114.672202 318.460913
111.000000 316.000000
109.313022 313.529279
113.799269 312.752548
118.254982 324.965586
111.017389 320.011845
113.935996 312.389167
113.155378 316.448132
103.701647 325.475024
106.401682 326.758386
119.361058 325.095285
111.000000 320.000000
112.009921 319.997398
105.952112 316.755637
108.954059 325.032231
103.437942 326.774749
116.394806 319.281371
109.603661 328.449037
111.548205 324.792226
108.412304 322.830893
111.211338 323.600281
111.000000 324.000000
103.370148 329.524502
106.739571 335.562085
110.254808 325.990029
111.969498 329.501276
120.008468 330.192798
111.745944 327.663997
107.465078 321.317088
109.615611 331.965963
112.265918 330.862645
111.000000 328.000000
116.147017 83.483118
107.163337 88.950173
115.306489 81.529195
106.732592 80.854335
110.611754 82.897539
116.117967 82.401711
120.188364 84.387987
115.332869 84.826988
105.771477 76.653545
114.000000 82.000000
115.285000 327.969256
110.789672 330.513074
106.587827 330.060800
116.408494 327.111190
112.073873 335.362234
116.836500 330.343825
120.874643 326.844410
113.543002 328.462961
115.219374 328.747510
115.000000 328.000000
116.354876 86.484841
116.462866 86.717051
117.011144 86.006987
116.291826 86.029770
120.771107 76.883350
117.274404 85.725492
115.906808 81.798360
116.738955 93.454056
112.093641 92.804576
117.000000 86.000000
110.735891 329.983354
117.681643 331.081177
114.193514 333.633521
117.077333 323.745986
115.818742 327.596675
116.426678 323.668322
116.271453 331.298752
121.960219 334.441545
126.791605 333.574946
119.000000 329.000000
120.528105 89.364695
117.972378 90.930730
120.037395 88.710765
121.912105 91.041423
118.692711 88.011817
128.170433 92.975078
125.762218 92.129334
117.217215 89.872895
119.242104 88.317842
120.000000 90.000000
115.123901 334.686183
126.572404 331.918788
123.664326 332.710013
119.381115 327.843256
120.077346 323.308526
127.776273 328.637776
116.670600 330.389096
117.973190 341.388703
122.220030 336.683468
121.000000 333.000000
128.278232 95.080232
119.406380 88.373064
120.242093 92.935913
121.057721 96.859527
123.304999 90.487000
125.922608 91.975155
124.444672 91.254713
126.532258 83.798215
122.345114 86.518097
124.000000 91.000000
126.973806 332.393495
131.057389 329.871439
126.259815 334.004387
133.219323 332.923281
124.485514 332.857385
127.774768 335.090242
125.506908 329.145315
125.626871 331.628182
125.050595 333.068577
125.000000 333.000000
129.311112 82.611946
132.132937 90.917476
122.861385 84.373502
122.030655 86.333241
127.860960 95.505196
118.691513 93.004932
126.718032 85.895113
130.617842 85.688745
128.804221 94.690083
128.000000 91.000000
131.451516 331.855105
135.485278 329.510392
129.721315 328.596257
138.300723 336.276231
124.869544 336.554640
130.613740 333.962119
127.931554 332.862392
125.759490 337.342851
130.590116 333.620088
129.000000 333.000000
123.656060 92.800634
128.457929 97.283713
122.131832 92.550571
128.129355 92.456187
128.323408 82.026374
138.176855 85.147656
132.494093 84.328433
131.026627 90.176884
135.391117 84.196408
132.000000 91.000000
131.242990 334.836521
138.926893 334.574222
135.592109 331.211717
132.470638 333.670069
133.793505 334.660570
132.900334 340.211593
126.698619 327.758985
136.766196 330.488416
136.532188 334.946140
133.000000 334.000000
129.009200 100.603879
143.542522 97.941335
132.563512 89.999280
135.778507 94.311073
142.402426 93.489245
136.437793 97.638785
131.214948 98.224536
129.895438 103.013005
135.274744 95.483708
135.000000 95.000000
128.380309 336.737014
135.316921 335.823031
134.412072 337.730190
135.985126 337.372704
142.351212 330.632877
131.435508 339.233092
130.796707 337.420141
133.804865 343.654619
143.579813 332.835149
136.000000 338.000000
138.772429 91.699988
137.408851 91.459924
141.947967 92.601419
139.272217 95.099734
139.849082 95.778038
139.816645 93.507148
139.176020 96.042859
139.239559 96.228997
132.674564 89.359157
139.000000 96.000000
148.642126 341.646605
145.047319 336.262171
135.488334 346.268419
133.715929 340.349032
143.570754 338.477047
137.618667 336.443948
140.515769 337.168264
136.675543 329.269903
141.940937 343.639768
140.000000 338.000000
149.738446 94.957737
145.312905 101.709998
142.681912 95.289074
135.755839 93.123260
143.067643 92.843500
142.545956 94.263155
141.366163 99.062167
141.855876 101.465395
150.145764 89.878121
143.000000 96.000000
149.204764 334.737741
145.318902 347.044962
143.525496 338.106701
144.636182 338.498066
137.804079 332.672929
137.486855 345.570049
149.652761 342.789591
148.716275 337.878730
148.588361 336.068922
144.000000 339.000000
148.152931 97.167629
143.854569 107.293148
148.370108 103.953770
144.873547 102.465300
144.604225 103.459390
150.017971 108.214313
150.696647 107.704316
144.797759 98.673897
139.842340 106.247564
145.000000 100.000000
152.361853 336.332828
142.434003 343.291929
138.646405 347.610570
140.927018 336.437075
144.113090 343.551571
140.570996 345.821561
137.111631 338.679411
146.061841 343.053890
145.763986 342.408450
146.000000 343.000000
150.147150 106.464870
141.324574 99.770794
143.390764 101.357241
141.644607 100.094136
153.715562 94.294926
148.768520 101.818832
154.618904 107.456502
149.230754 101.814961
152.525483 95.293313
149.000000 102.000000
147.134464 344.947135
149.370821 344.572341
156.649391 343.185292
148.422682 337.936280
148.970723 343.076564
143.184505 349.776717
148.541374 345.472381
146.351874 343.066611
158.011467 342.857033
150.000000 343.000000
153.237004 105.078701
147.035676 111.862355
151.561515 105.955147
146.599474 108.610980
154.218671 115.224991
149.167725 100.756304
145.561878 103.571958
151.566994 105.961683
152.778352 105.718567
152.000000 106.000000
154.738494 341.507072
153.222173 341.484670
153.832334 343.900387
160.704620 338.206326
160.454142 339.424353
150.604032 347.958804
149.343028 345.864899
152.902800 336.224164
147.132871 343.773377
154.000000 343.000000
158.964921 106.416601
153.083775 105.606507
160.575531 101.246227
156.864268 106.856714
155.502268 113.512318
156.228120 105.744847
154.085323 105.126521
159.079373 105.863170
154.369186 107.775431
156.000000 106.000000
156.785358 343.565185
159.440749 343.394680
152.576520 343.717189
165.192808 340.871186
155.633917 343.109562
167.007925 347.768913
158.617573 345.133523
159.373232 351.336323
158.333701 344.154545
158.000000 344.000000
163.541281 102.874684
163.367883 108.690179
157.525451 114.019723
160.320675 104.609683
161.148563 107.715031
160.649610 106.299364
150.312293 108.145971
165.785216 105.302246
160.321911 106.312427
160.000000 106.000000
161.285184 347.549447
161.794865 348.852715
159.590636 344.895954
168.487656 346.613742
165.423288 353.684488
160.975880 347.972487
153.812294 344.007228
156.916356 351.053184
160.774409 348.699871
161.000000 348.000000
163.611347 107.799479
169.492281 100.521808
171.631043 105.155324
166.654063 112.101781
169.228581 103.654542
168.026015 105.577015
158.132047 102.033309
160.625531 100.790920
165.724463 101.647250
164.000000 107.000000
168.909895 345.082897
164.278491 346.275431
164.234745 347.719456
163.416774 350.534410
158.200131 346.070755
164.829709 348.631292
169.553889 344.707960
162.400495 347.001578
165.930572 351.090552
165.000000 348.000000
167.028709 108.548121
165.676746 108.518637
169.148278 108.994254
167.067281 111.010318
171.349955 112.956221
168.838812 107.949897
166.539655 117.449953
174.240679 110.168230
161.649818 109.342724
167.000000 111.000000
169.098951 346.454868
171.643386 349.542812
166.983425 349.022482
159.524114 350.637428
164.205015 350.469170
171.560980 347.785191
176.225954 347.902629
160.055426 343.794636
166.393939 357.292456
169.000000 348.000000
164.252881 115.945595
168.108695 118.027700
170.008307 110.820882
165.855322 115.716138
163.887030 114.709157
171.927945 102.102005
168.333582 115.883945
171.520632 105.683547
173.940678 112.033537
171.000000 111.000000
167.124088 350.203393
174.307268 348.039891
172.782086 349.612105
166.154265 354.421646
176.717741 350.359110
164.212584 352.036713
174.837987 353.069852
170.478364 340.469515
174.947315 340.045071
173.000000 349.000000
182.454726 109.379357
178.696685 110.672111
173.649392 111.326133
176.358352 118.382233
177.976021 107.858683
176.215209 119.983838
181.372993 121.382941
172.954684 118.466086
170.057422 122.107225
175.000000 114.000000
176.629464 352.147164
178.881095 352.596048
168.707296 351.358594
176.018878 352.426219
183.608408 347.268674
183.927495 350.649259
168.852460 350.337805
176.666220 348.558515
177.004628 355.828676
176.000000 353.000000
177.089211 118.385635
176.685730 115.199806
178.869522 122.834138
176.588766 120.336383
177.103664 119.637709
175.471102 119.415700
176.427621 111.366329
180.223419 119.537183
176.988216 125.092380
179.000000 117.000000
178.410063 354.740976
178.004905 351.512168
176.961404 349.325637
174.293678 350.226512
180.916517 346.884337
182.576720 347.738967
180.007522 347.924698
177.809922 346.277655
179.232868 349.181449
180.000000 349.000000
181.043046 118.403409
185.281987 116.717097
176.645538 117.559890
177.531399 117.628734
187.883534 114.766215
177.835364 126.115085
183.421510 122.228989
186.750924 126.854177
187.444436 116.456312
182.000000 121.000000
183.172012 341.403282
180.832920 347.693516
182.917313 348.320028
181.167390 346.695785
188.572556 344.224442
190.646834 346.243854
184.726347 347.774262
185.640901 348.833211
183.964380 347.934020
184.000000 348.000000
177.086943 124.316038
187.329701 122.603548
180.687406 112.860568
183.640026 130.537328
193.013257 115.989845
188.901557 114.866460
182.480159 119.630474
183.294092 115.735938
185.831907 122.144289
186.000000 121.000000
186.354744 351.282761
184.042086 356.365485
187.442571 348.452397
181.933741 352.924750
187.367439 349.542198
190.026864 347.543030
188.155546 348.994073
195.536289 348.933110
182.254835 345.901494
188.000000 349.000000
192.142261 125.994573
190.653822 121.618206
187.800966 118.608254
189.877855 125.115450
189.834046 124.279172
197.027050 128.360038
187.996534 120.913103
191.238347 125.376337
189.684406 126.748331
190.000000 124.000000
191.176523 353.844984
187.882982 345.226500
185.353168 359.473494
189.423792 344.588431
191.856488 353.113900
195.542235 361.491158
186.607009 345.097634
192.457697 359.872294
193.039900 349.669152
191.000000 353.000000
196.736339 119.588014
187.094373 122.384144
189.559256 130.205477
192.410750 130.219073
200.945045 127.312628
193.813160 132.517327
192.925066 127.588032
195.596036 126.427186
191.920588 132.502788
194.000000 126.000000
196.124992 362.178564
191.553328 353.575872
189.824998 348.206891
196.488232 351.707707
187.842096 359.680124
194.621012 354.166781
193.512897 355.104013
202.250152 358.017989
190.610281 350.859029
195.000000 353.000000
201.352485 123.525731
195.677430 123.930446
201.377838 132.057669
199.578824 125.838423
197.038358 124.966869
194.600791 130.538268
190.916263 127.612370
199.207365 126.927250
200.671861 122.992180
198.000000 126.000000
199.750762 350.009409
195.486214 354.305260
196.145705 349.920209
203.412428 348.807776
203.033438 356.449103
201.022786 353.457150
191.558387 348.227477
198.827206 345.549195
191.654205 347.289116
199.000000 353.000000
199.879268 123.568859
203.138839 128.854062
199.535550 126.986686
202.089172 126.411829
193.432270 121.400321
198.335444 116.836651
199.949348 134.438726
201.263919 133.641847
200.527756 124.541985
202.000000 126.000000
202.133426 354.562203
200.989968 363.650405
205.589539 347.200688
198.683712 361.674719
204.960734 354.451741
201.170329 351.461201
204.865621 352.279957
202.988470 355.695989
206.812606 351.905534
203.000000 354.000000
212.014389 133.045410
205.823934 131.500057
207.144165 126.971635
201.571718 134.793819
208.190382 127.520049
206.505269 136.253391
205.755465 136.725088
200.358557 124.823954
205.193724 129.944046
205.000000 130.000000
205.229940 357.192114
202.149626 359.403883
206.881827 366.282275
201.777694 351.235245
205.290079 359.990163
204.919240 356.988204
206.399222 352.311059
213.123581 360.931248
205.345057 361.852792
206.000000 358.000000
210.744196 132.317666
211.046761 134.617730
207.424436 132.623319
209.138095 131.090692
210.014938 136.199616
216.241772 124.607707
210.448626 138.622960
207.664834 129.856041
207.390692 129.578267
209.000000 131.000000
202.362944 360.799718
207.471280 363.912505
207.153948 360.751324
213.930885 358.737122
209.900954 357.960736
205.588912 356.437654
214.534857 349.089637
203.683450 353.916014
210.920171 359.720510
210.000000 358.000000
212.989057 131.130316
216.956505 136.349387
215.134411 132.233257
211.557796 129.250512
219.569834 131.697365
212.471199 124.812715
217.039284 130.850286
212.030936 131.353377
213.252246 136.296241
213.000000 131.000000
210.664927 133.132374
210.533947 133.815481
212.321009 135.517201
206.089641 137.803436
217.364699 136.944558
213.251864 134.640429
210.394296 128.658333
214.240711 130.482839
214.297615 140.464102
213.000000 135.000000
207.930477 134.760684
217.643067 138.577966
213.242584 139.034354
220.775906 141.735658
213.982846 145.531726
205.620648 141.044441
214.749554 140.309719
214.290476 139.448631
221.140843 135.119152
214.000000 139.000000
218.498250 350.465354
213.538807 352.835739
205.404195 357.334957
210.474655 357.801660
215.148746 357.989992
214.390647 357.738263
214.566032 359.579335
208.230937 357.328573
207.982424 358.978904
214.000000 358.000000
216.655192 141.872702
217.708018 140.783661
209.706885 140.286438
213.194239 135.087665
223.044762 132.778826
216.825370 141.574513
219.233533 139.830894
219.893409 142.887325
219.023365 143.329353
218.000000 141.000000
219.434790 358.039360
217.556751 363.108432
216.077524 349.641052
217.636132 357.620330
217.220113 351.778191
219.966668 355.044741
222.309301 358.443185
209.094316 355.173080
216.272140 350.511857
218.000000 358.000000
220.998848 138.500833
224.232543 145.690275
216.892424 133.062164
218.413127 141.537285
225.726876 149.466450
220.145427 143.112813
220.925244 141.286010
225.091856 146.303300
221.084131 148.714696
222.000000 141.000000
216.606800 365.776009
222.210103 357.066273
224.147206 358.017662
225.745069 361.276348
222.295603 364.384727
223.104417 349.743813
217.616036 357.660924
224.837201 356.846682
221.321993 357.082500
222.000000 358.000000
227.828725 143.221337
228.288166 143.836300
232.497879 147.385564
219.538117 138.193620
225.774804 141.665833
226.440803 140.491130
221.766476 141.314371
230.693482 140.637352
233.827221 146.177746
226.000000 141.000000
224.404619 357.937595
233.645286 352.970746
218.485944 355.965456
227.536492 358.596141
227.806669 357.216943
232.590629 360.108533
226.234996 357.784079
223.568357 353.316038
225.590947 355.038769
226.000000 358.000000
223.999053 151.066742
226.937375 145.825991
230.649563 140.692137
231.501075 145.673257
235.669544 149.464933
226.119584 143.592495
234.155170 135.623924
228.674493 140.124900
233.059791 145.536051
230.000000 144.000000
221.168620 364.538130
223.574957 357.413116
231.536299 361.525528
228.919052 362.961233
230.770819 358.911251
233.284448 351.491512
223.126569 360.899209
230.938318 360.666707
230.053839 356.552873
230.000000 360.000000
239.628852 143.546246
233.898908 150.996200
237.665348 140.378028
230.347935 151.204281
233.650739 146.699238
229.077253 148.077887
238.586758 154.593357
232.332188 148.834742
229.343369 144.105008
234.000000 146.000000
232.006286 361.514754
225.664166 364.030717
233.331842 357.570126
237.711861 356.327099
229.180840 353.516502
235.405873 359.069016
235.228270 358.820286
229.650065 355.626092
230.134887 361.020319
234.000000 360.000000
239.551895 145.268221
235.015235 140.281901
238.734899 139.487438
237.314151 147.716913
237.728522 145.784878
237.748245 152.642461
239.427069 146.713383
241.052128 151.453651
237.956614 146.211568
238.000000 146.000000
244.696542 352.989079
237.181219 353.615863
239.777410 356.617649
229.659633 360.712070
239.198957 349.820418
236.632432 357.670263
244.992454 353.437992
241.115680 360.499283
237.135255 355.390509
238.000000 358.000000
241.581690 145.533406
239.414261 144.668088
242.795898 148.378598
241.757206 145.627557
236.993262 154.547882
236.543688 148.624100
238.234617 152.872264
233.708708 143.309647
232.492036 145.740710
242.000000 146.000000
240.413370 358.018445
243.999410 357.955140
242.855817 350.102634
247.833227 358.773414
245.988032 353.870745
241.962695 358.109857
241.534565 358.448926
239.753050 360.660908
239.675772 363.674474
242.000000 358.000000
245.750095 150.844933
246.270869 141.698701
244.890155 149.900437
245.159273 150.104723
238.012804 145.361988
249.240599 141.021462
244.769591 149.941579
244.466525 150.273807
246.329951 150.457846
245.000000 150.000000
245.255414 360.257875
250.165939 366.657090
252.444545 358.278938
245.308498 357.412258
242.684799 369.349106
244.028087 371.311429
244.215107 368.727716
251.248254 365.140762
236.470236 358.971767
245.000000 362.000000
251.156411 150.066181
241.939672 146.922027
250.762383 149.187997
239.801693 149.389087
249.765401 160.811956
241.941972 154.524823
251.745789 153.383033
249.459017 152.087087
250.034538 156.727243
249.000000 152.000000
249.441927 364.200587
244.649906 365.137200
249.055526 363.136652
256.832074 366.182955
253.844417 367.447832
247.834330 359.098038
249.489113 366.408753
252.215173 363.196961
248.857704 359.539835
249.000000 363.000000
251.232303 154.031828
248.899219 165.110052
250.109193 154.575483
248.031420 164.762048
259.467895 153.975828
251.694427 165.516193
255.254563 153.232536
252.598485 160.920652
249.293301 160.951792
252.000000 156.000000
262.776112 364.079593
255.272301 366.130358
254.182707 360.116431
252.252915 358.285571
249.951476 353.893122
251.490520 368.822728
253.757341 361.226448
247.315590 360.873560
253.336822 362.621119
253.000000 363.000000
250.366703 154.216186
260.450984 156.909357
248.883856 163.355847
258.246725 161.710033
260.749222 163.463086
253.322780 160.115256
254.982420 159.978484
250.716892 153.139624
255.289754 159.774913
255.000000 160.000000
256.880630 363.121479
257.565009 372.283701
257.318234 361.175111
256.589729 370.933453
256.147774 361.818641
252.072821 356.505444
260.997506 369.572077
254.921969 365.189891
260.765711 357.803598
257.000000 363.000000
263.501128 161.568114
259.869852 163.783853
259.151798 160.772916
258.994181 161.066944
261.026534 158.174809
256.347917 153.502684
259.093070 160.585249
260.679243 169.235828
259.705939 169.645261
259.000000 161.000000
260.130390 365.968385
259.000526 368.256525
261.361916 374.758488
264.317627 360.115868
265.139330 364.152166
257.144470 362.978414
253.020758 372.918814
260.039619 366.969323
267.107255 367.175892
260.000000 367.000000
260.141497 168.622851
268.611830 157.491643
269.912985 159.356911
262.550514 165.050998
258.690180 156.567721
262.339907 153.288241
259.729076 159.945783
261.914554 157.897074
267.163991 161.798501
263.000000 161.000000
254.783013 367.352551
257.112208 375.047788
260.014091 366.057825
261.511536 366.063177
256.290132 368.534195
255.820912 366.519849
263.911334 366.313126
270.487712 364.929149
263.141117 369.304273
264.000000 368.000000
264.041709 166.418197
267.713204 161.876595
265.610458 162.464629
267.658716 166.749939
268.923740 165.698011
260.062473 159.392363
261.764486 156.823767
262.748342 152.378850
259.398352 167.154556
267.000000 161.000000
271.170332 365.399897
267.556145 368.210548
267.493262 366.915836
268.397633 368.102026
267.724484 367.851178
267.483412 376.842041
277.294017 368.932132
267.778344 366.835104
261.415403 360.168080
268.000000 367.000000
272.629169 156.071597
269.107884 165.411332
272.430847 163.954376
272.601791 163.946747
268.873982 165.520277
272.500285 174.512685
269.954107 167.327158
266.169799 164.997322
264.714279 166.134932
270.000000 165.000000
273.824706 361.147373
264.152547 367.878376
270.816264 370.503395
273.081384 354.246219
280.278539 365.945223
275.038460 366.153433
263.026291 365.237867
265.549462 359.405991
271.709205 354.775985
272.000000 363.000000
274.125377 156.515032
277.004806 170.276877
270.676859 163.879889
270.970249 165.253284
273.339359 161.787467
277.300665 162.348046
274.510500 165.910520
267.938518 160.938587
275.820793 168.726389
274.000000 166.000000
274.946890 367.041338
276.951762 362.448264
275.131344 365.023262
276.188227 363.058667
270.151430 358.291526
269.601366 362.308598
274.958980 367.002888
279.112681 361.556557
273.315119 369.648793
275.000000 367.000000
284.535463 173.559136
271.301017 171.285779
283.831096 173.398183
278.016917 162.005151
269.670353 164.820443
278.975211 166.774362
284.611486 164.943008
277.613498 164.565842
280.302599 166.162723
278.000000 166.000000
284.354092 368.191181
278.706440 365.837992
287.486689 364.400518
277.002717 367.981306
274.171926 369.257761
278.652493 359.112672
278.973670 367.251707
282.217505 368.865730
281.062135 359.087526
279.000000 368.000000
276.785079 162.381658
285.156876 164.172039
280.584572 162.928565
277.361298 169.983031
274.484618 163.490709
281.943846 170.138091
285.463506 165.798154
282.664398 160.263310
278.976215 166.162522
282.000000 166.000000
273.900678 172.653656
286.431438 171.285312
285.128310 171.806684
279.477871 168.896332
290.840790 173.856822
279.390544 176.667292
282.683112 162.563520
288.461341 170.105883
281.357122 172.729085
283.000000 170.000000
281.473115 370.276314
284.708122 363.698106
283.341069 369.557233
282.786763 363.132224
283.786567 361.746359
283.153647 366.346067
280.157346 368.237443
283.744405 368.114842
282.798565 368.884145
283.000000 368.000000
285.106177 172.871536
277.480376 168.684635
286.748932 181.149789
284.288794 169.721588
284.402488 173.040007
285.933321 166.703687
288.434966 174.332157
284.010599 173.782825
284.215695 174.537467
284.000000 174.000000
278.838316 370.884671
285.550528 367.860437
291.116764 365.480034
286.505078 370.201772
291.670065 370.128293
294.818141 364.217822
288.398088 370.212091
286.829922 371.993108
287.895319 367.792445
287.000000 368.000000
290.488455 172.088766
286.951445 174.091360
284.041724 184.607012
294.887298 172.974168
290.102300 178.972124
286.934733 167.620270
282.882935 182.869646
295.058687 173.782835
294.210852 175.453774
288.000000 176.000000
291.159065 371.926856
280.528484 370.723025
294.532658 364.942476
289.049886 373.318353
292.251924 378.031587
287.986561 374.792606
288.447274 372.587312
295.266454 369.576997
290.044952 372.098168
290.000000 372.000000
297.848613 173.751034
295.430890 182.431639
290.219088 170.255376
293.181640 170.036797
300.617886 176.234944
288.982864 170.131252
291.368490 182.752398
285.298164 177.270262
294.319018 178.730406
292.000000 176.000000
294.297635 372.135981
287.335002 376.891729
300.410344 372.491820
294.849836 360.820180
297.523177 378.221194
296.920567 368.496040
298.991659 375.845504
297.963255 378.057648
297.431827 371.277263
294.000000 370.000000
299.521409 180.208243
296.237753 176.769834
298.594373 181.429966
297.431650 174.710882
294.692963 179.755225
294.162674 171.880023
296.965810 187.347576
296.574579 179.229828
303.849803 178.354647
295.000000 180.000000
295.994568 374.453324
297.085696 370.726233
298.833666 368.508000
296.138192 372.728079
290.545058 370.237533
297.938871 367.243195
297.318142 364.094602
303.402654 375.310183
296.481228 371.850610
298.000000 368.000000
289.887380 181.329931
305.150437 176.189994
299.395477 175.672269
299.139264 182.879490
292.467674 184.474467
296.676762 175.942104
296.105637 176.607676
293.526253 183.312133
291.194073 180.332845
299.000000 181.000000
305.419738 372.878078
305.191554 363.722078
305.608584 368.854889
296.094563 373.682073
298.776576 365.558817
301.176763 368.959745
303.441602 365.536442
300.300946 371.387488
301.468730 370.608218
302.000000 368.000000
310.262990 176.562492
296.779393 178.083675
303.497958 181.356724
302.299961 184.083567
297.606208 186.015849
306.434130 179.924934
301.221366 181.607863
295.137864 181.875170
303.760707 183.164530
303.000000 181.000000
306.116621 370.030756
301.922983 376.234338
303.908708 377.495884
308.074371 366.557799
301.775284 381.312455
305.876004 375.339817
308.702486 377.296828
305.284299 369.004256
302.530218 375.877321
305.000000 372.000000
308.420071 179.039911
307.617407 189.295342
307.040119 189.750727
315.741713 181.349031
304.606796 185.262158
306.931377 186.692144
308.694333 181.252027
308.250326 185.156183
304.477773 181.115469
307.000000 180.000000
315.513498 380.520457
310.406373 372.884409
302.000159 376.782782
315.466298 371.068664
309.580076 367.674609
306.082791 377.113524
310.326905 374.924388
309.275523 372.709847
309.256984 375.370156
309.000000 373.000000
317.198164 172.479735
313.655799 174.953603
314.640501 175.181319
306.764320 179.290002
313.228933 178.847395
305.669863 177.764907
311.749419 185.848859
311.114578 175.910101
320.018045 178.762152
311.000000 176.000000
309.692110 373.850572
308.125946 373.959816
307.713259 374.463766
317.565494 367.057506
313.148264 373.998232
308.606917 372.861495
314.652264 376.491710
313.225009 374.809535
320.649041 371.035839
313.000000 374.000000
319.953557 172.516291
313.345677 172.983316
321.523888 169.422915
317.559442 173.802704
313.641878 174.320092
314.650369 175.034616
313.096808 163.284290
314.582257 171.923815
319.670076 169.895330
315.000000 172.000000
309.665822 376.581210
316.901288 377.102031
317.602959 387.675668
316.689679 377.962479
316.016648 378.668899
315.696645 382.858881
317.215552 378.676006
309.827967 374.464066
315.807300 373.668735
316.000000 378.000000
315.549202 173.749441
315.345071 173.428264
320.307350 166.809429
319.047677 173.448455
320.862071 169.888698
318.968101 166.636487
320.878436 171.802158
317.168862 170.307775
319.544261 171.475593
319.000000 171.000000
315.381996 386.151206
314.901468 379.323228
322.661268 379.739335
318.367071 375.342323
318.486053 381.003207
316.079550 376.090756
314.548389 370.114997
320.591944 383.490042
323.609250 378.459183
320.000000 378.000000
317.444499 169.245473
322.956663 170.311691
324.873052 179.502177
314.682912 166.570343
326.063658 168.260207
322.058533 176.565223
317.737886 171.849968
328.701775 173.245627
319.713940 170.630138
323.000000 170.000000
333.584075 375.999453
328.551452 370.188020
318.232438 378.854504
323.715207 378.206424
324.820222 378.150697
324.494244 372.265422
323.530557 374.827119
323.851802 378.016574
324.594073 378.116634
324.000000 378.000000
334.816343 164.678951
325.243942 160.557954
325.375757 159.856519
334.332482 162.529142
329.059185 160.629813
331.509050 159.771818
332.954287 164.162845
323.008669 161.177775
318.566989 157.506400
326.000000 161.000000
332.333196 167.055449
328.987492 169.151529
322.581564 171.878571
325.638187 174.729714
327.992234 173.309751
319.913129 166.297963
324.122926 164.835894
328.288278 162.399051
330.036495 163.212762
326.000000 165.000000
330.548728 384.210850
336.908444 375.184831
322.416660 380.046152
327.996957 378.030215
326.387973 383.043754
321.914117 383.963911
324.400702 377.761339
328.484815 375.897365
328.660703 379.297909
328.000000 379.000000
326.117675 169.382250
331.905486 167.260777
325.531448 162.066882
325.078763 153.476238
329.601697 160.231651
334.542620 166.208059
330.087988 161.057170
332.827488 160.590361
330.145055 160.758742
330.000000 161.000000
331.399279 384.194379
331.864362 382.662326
327.615579 390.321697
331.601829 382.715937
324.931810 375.747284
339.352683 385.311754
330.984264 382.987928
332.471317 388.620631
331.503060 382.554667
331.000000 383.000000
330.338081 165.678723
332.716278 158.139787
331.270866 158.562288
325.921040 163.668483
326.890131 158.431103
332.808482 156.232554
329.104724 153.869842
333.742231 161.800823
328.202370 151.786311
334.000000 159.000000
328.406686 379.269579
334.907649 383.121328
327.446674 381.174735
335.362749 380.693036
327.158494 377.081630
334.402944 386.429245
342.928224 388.651614
334.013319 385.415995
335.023676 376.449473
335.000000 383.000000
334.687257 156.557670
331.789127 155.811470
335.414795 159.219517
339.793843 154.861319
338.266616 155.367795
343.388653 160.368219
336.625432 157.253364
334.471815 159.444312
344.428682 156.696575
337.000000 155.000000
345.721054 376.777515
339.342367 387.756061
331.980799 382.119076
331.166322 380.237301
339.625594 383.158412
345.807581 379.574771
339.298183 382.611482
336.205001 385.955946
343.435889 377.664228
339.000000 383.000000
340.613490 146.124149
340.232885 145.434059
344.893870 144.907268
344.707417 141.619005
350.477889 147.076084
338.007351 143.285914
342.973324 149.074535
338.837572 150.515417
337.274899 142.419024
341.000000 146.000000
341.581516 145.084283
348.476740 149.358057
342.127195 151.591054
335.208216 146.922170
334.034747 154.671498
340.438962 147.850472
340.383617 147.708921
339.110918 150.395236
341.363408 150.223975
341.000000 150.000000
339.953688 382.039261
342.462614 386.065657
341.678171 383.502979
345.367391 375.083200
342.669380 387.706835
336.560364 386.527649
343.797629 384.493968
342.140041 384.027044
350.831446 386.697405
343.000000 384.000000
343.888428 148.629933
336.613976 153.067581
348.404182 155.269267
338.063820 147.575821
350.749150 153.167098
345.335015 149.301368
336.010107 144.691056
348.817392 154.084819
337.324635 154.662490
345.000000 149.000000
349.199727 389.116717
347.006076 382.063896
347.485356 386.001295
349.470245 393.986735
339.173814 389.525837
346.593240 387.796713
347.683310 390.185356
346.407149 388.245562
351.377174 390.100370
346.000000 388.000000
348.824090 154.610924
346.188547 144.231425
349.571831 156.958701
349.650240 150.793384
351.674583 147.784701
346.948257 150.869310
345.435590 145.185899
348.629861 154.810068
348.776505 148.096385
349.000000 149.000000
351.297957 379.275035
350.031970 378.641259
352.471155 392.808387
344.326160 390.933567
353.193025 384.882043
346.549734 388.883811
351.135492 382.550019
351.271224 386.361753
349.312135 388.003261
350.000000 388.000000
352.390272 141.071143
360.025915 145.056597
351.456427 144.577980
351.503814 139.491566
351.758277 146.251677
349.539612 141.615228
346.776344 148.293694
349.744894 140.018901
350.559830 141.147741
351.000000 141.000000
356.057664 389.065696
359.667643 394.242792
358.676123 392.725798
354.819588 386.219677
358.203262 382.504820
354.711923 387.527299
354.066632 388.997114
345.768073 393.332697
351.693125 394.088584
354.000000 389.000000
356.840365 128.603665
357.553117 136.572408
356.215699 137.258058
348.708517 139.272127
360.380420 139.709036
354.560021 137.018590
357.529264 146.339454
351.204926 133.129803
363.272546 137.152173
355.000000 137.000000
353.765398 392.732887
353.765663 391.142633
355.639484 400.257061
357.595669 385.229528
354.696421 392.141208
349.888826 393.399851
354.410266 393.014590
346.793752 396.804221
357.230718 390.445613
356.000000 393.000000
357.591168 134.198744
360.935363 135.154006
355.970177 132.987185
362.165731 128.486258
358.862200 133.643589
366.009946 127.083236
359.983461 129.830244
365.085680 128.830926
354.006246 128.366294
359.000000 134.000000
361.593288 396.796307
360.366391 392.702539
363.641285 391.000068
362.323731 393.653980
355.541393 400.941103
361.047911 393.109846
354.863106 398.656355
358.543960 387.868402
359.744541 384.897648
360.000000 393.000000
361.789247 129.867403
360.787725 136.377654
362.210847 121.137154
363.045188 129.010011
353.168974 131.334552
358.190562 122.839255
358.258291 127.244925
361.547245 131.813226
361.141510 135.527263
362.000000 130.000000
362.031708 391.997971
366.877021 387.199299
366.235909 395.626455
360.753616 393.903443
365.275619 392.420098
358.479140 393.258889
359.042354 394.103597
364.134053 393.304730
364.216050 394.025868
364.000000 393.000000
367.203983 127.180482
359.864135 132.954057
366.872756 124.420735
364.741318 121.700888
371.765615 123.221739
366.367877 126.811790
368.872043 120.275341
370.326005 128.125967
360.530880 123.167781
366.000000 126.000000
364.343009 398.264198
368.726960 393.784622
366.001200 402.688967
367.150196 392.993130
367.825308 394.346867
368.275793 394.173872
366.326574 402.552625
366.392741 394.349010
364.298907 397.602472
368.000000 394.000000
372.026726 131.828354
366.658642 135.117891
369.809803 123.094575
365.873687 129.297124
366.707966 121.653209
371.694367 127.512087
374.281456 130.713915
374.240825 128.218843
363.893317 127.016268
370.000000 126.000000
366.342563 397.916327
369.206216 393.781982
362.454881 394.656730
369.909464 400.347259
364.052489 398.278968
366.084182 397.083924
375.177604 391.600549
372.302260 393.000146
367.252501 395.411766
371.000000 398.000000
362.123057 398.153312
371.491661 401.962501
371.204201 408.542925
380.176634 398.520309
363.829909 405.608858
367.152212 401.046498
364.235613 397.296311
380.369939 399.023637
373.591106 400.911324
371.000000 402.000000
376.405555 132.824154
372.406796 131.512419
375.685005 124.612945
370.988344 122.710762
373.619559 126.950184
372.627394 121.610667
377.898799 120.958300
371.813896 117.471099
372.487919 125.436574
374.000000 124.000000
377.323390 403.632484
382.224759 396.998782
371.594288 408.909013
371.967519 399.086092
370.547014 402.625740
370.315990 404.229944
377.874417 410.817971
374.003376 406.176307
382.390352 405.555022
375.000000 403.000000
378.730633 118.591151
377.549477 115.394387
376.849599 115.007309
374.722662 122.485284
379.260318 110.676417
380.438508 108.106402
381.411277 122.417939
367.114919 118.939718
375.792730 118.521045
376.000000 116.000000
387.805745 407.436490
376.854239 401.366665
373.220328 398.236814
374.127771 411.310001
372.158788 397.168553
376.115922 411.653631
379.997325 401.382934
374.892454 406.332313
375.696082 406.113057
379.000000 403.000000
382.550218 111.183234
378.440530 113.234925
372.338188 106.058321
379.035072 117.096245
373.994302 110.791836
374.534528 108.344162
379.566304 112.205609
375.484291 115.420119
380.160338 104.994029
380.000000 112.000000
385.554870 403.751710
386.620474 402.639249
379.887189 400.605910
382.714671 409.286084
385.051330 399.437748
387.363674 406.996116
379.422342 403.632138
392.677847 401.819089
382.943520 405.200361
383.000000 404.000000
387.719702 118.954767
389.100929 119.199283
380.421664 104.352387
385.400855 113.813696
386.769387 115.920374
382.106134 109.436500
389.893016 112.136877
382.551850 110.915414
380.623387 112.620268
384.000000 111.000000
379.493066 406.062197
383.882546 402.085209
390.398332 410.516208
385.897353 399.614700
389.924504 408.008311
387.450358 406.574143
386.042039 413.038116
392.049262 414.813369
389.778011 410.567994
386.000000 408.000000
392.513581 113.981318
393.773985 112.120561
380.988512 112.714363
379.504690 105.357734
388.396655 111.951216
386.175657 113.864359
387.573507 103.113865
378.731611 110.108589
389.828033 103.813703
388.000000 110.000000
388.477558 403.810848
394.599500 411.171077
391.255782 398.191712
389.634296 407.539488
391.323649 407.616437
383.769338 409.937131
386.516467 407.775963
391.953859 408.042176
389.453711 406.927567
390.000000 408.000000
400.013782 101.154674
391.154451 100.155987
390.000009 93.942761
389.916991 100.635481
392.443177 98.447413
392.397225 110.804858
389.971773 101.358290
389.474927 98.104745
392.364872 100.897011
391.000000 101.000000
385.431294 105.893770
381.562019 107.887857
396.397708 110.886219
389.020967 107.074211
388.664668 103.682795
389.523248 95.677677
399.349263 101.254951
391.796341 99.150229
394.323198 105.171874
391.000000 105.000000
390.763066 403.754667
395.722322 403.208623
394.668153 407.835918
400.401816 407.178784
399.606317 402.758207
388.107002 413.430821
398.832812 402.640702
394.557683 404.651507
390.740703 408.151262
394.000000 408.000000
395.841464 96.149768
392.763920 103.834163
394.108894 103.430468
395.856477 99.258109
394.070496 108.447413
395.912371 107.236546
393.913579 110.521676
396.953860 102.229133
394.617317 102.915736
395.000000 101.000000
402.148741 401.508844
398.128615 409.793121
406.694682 412.503522
401.745192 414.879822
395.158372 405.186324
401.678676 404.451431
397.581733 407.622959
400.515552 402.582086
404.233657 414.101324
398.000000 409.000000
402.780997 99.424336
397.631576 92.014543
404.202016 96.889319
395.641253 102.684156
398.272739 95.836541
407.878606 94.856808
400.085575 101.074621
400.461089 99.082736
399.259457 99.232931
399.000000 99.000000
402.539675 416.521665
401.839445 412.239309
398.618944 411.706998
395.380905 417.038783
399.251098 413.652458
402.307728 408.120784
401.205834 411.521906
400.492752 415.188952
407.344089 413.682175
401.000000 413.000000
398.992816 93.557683
402.354365 95.017663
404.725455 98.299768
398.885810 95.332249
400.407135 98.160190
401.842338 104.591796
399.118425 86.827746
393.452184 98.683330
399.201905 91.855521
402.000000 95.000000
407.836379 415.916586
403.624922 418.856596
407.969449 412.200447
401.646799 421.362978
405.533662 420.632636
404.525616 410.417041
403.918824 411.360721
396.840143 409.266978
403.925317 414.678408
405.000000 413.000000
402.859065 82.634332
412.034008 87.818152
403.805104 83.836655
404.002972 86.170551
414.111790 82.026406
402.623688 85.344524
407.700826 83.569358
407.659509 78.616782
407.282209 86.729243
406.000000 86.000000
409.798672 97.783630
407.947705 95.276697
410.830635 82.960202
404.232198 92.074028
405.718911 87.621667
406.164322 89.881801
402.756813 91.982704
403.564000 85.072580
411.102758 97.578133
406.000000 90.000000
413.636014 406.530945
416.521738 418.354081
410.182841 416.874626
414.011977 412.131663
402.604438 408.456808
410.616411 413.563898
409.757473 414.367617
400.024463 413.684027
416.578734 409.952964
409.000000 414.000000
410.565302 95.045131
412.766891 82.783169
408.554766 86.798413
414.025511 81.408077
409.984415 86.004220
402.608171 90.037878
406.133139 84.435910
418.745079 86.579130
413.573799 79.686987
410.000000 86.000000
403.986381 421.006006
404.000872 416.542086
405.500780 422.122198
415.680561 418.799643
417.169176 425.180302
410.157113 418.836164
407.398367 421.788367
419.398381 414.901514
410.360891 417.078012
411.000000 418.000000
418.181262 90.625866
411.942603 89.997357
414.510295 91.764093
412.271986 77.964701
423.449604 80.957121
410.477478 77.252404
416.568651 90.087492
417.045676 77.328167
414.889469 90.666809
414.000000 84.000000
409.993051 419.244226
415.079484 419.840021
413.309731 427.642044
410.223279 417.445059
421.575250 411.450870
417.192535 415.409754
422.834263 413.520822
415.573570 418.187330
413.268943 424.049583
415.000000 418.000000
417.171939 74.312629
411.053472 72.584456
409.125810 80.132055
408.554289 73.594305
419.651996 69.479469
416.689574 76.122285
415.061843 75.691736
418.330088 66.475244
416.758524 73.507824
416.000000 76.000000
412.370384 418.127550
409.507796 416.316526
419.026979 418.020766
417.041984 417.899689
419.810451 414.498493
417.156891 417.014740
426.172528 424.781245
418.404907 427.189501
416.613616 415.924182
419.000000 418.000000
412.688963 74.820285
426.627172 74.400906
419.841185 77.353178
429.251627 78.956191
416.508339 78.795357
419.336705 80.085243
413.006919 86.017226
420.850947 82.040223
425.670083 86.529728
420.000000 79.000000
421.476669 417.886533
425.133453 420.271150
422.961551 418.615937
425.453646 427.640279
421.657808 416.201906
419.751492 421.807430
425.458180 414.589546
422.235423 418.906458
414.840610 415.812304
423.000000 419.000000
428.931682 90.660918
417.071152 81.490777
422.679840 84.194787
416.836902 77.251955
431.697843 80.652965
424.072652 80.567570
422.349312 88.642517
424.253932 87.515145
426.601124 79.726091
424.000000 82.000000
420.628528 424.197416
424.849100 425.607087
417.914188 425.326790
432.412708 419.535743
424.769930 425.215884
425.144724 417.890575
419.049397 422.124902
429.987450 422.214554
424.162496 421.392699
426.000000 423.000000
426.668599 88.082022
424.186756 89.217724
423.925678 92.298886
427.488580 84.542567
423.989591 90.121428
429.703872 86.018731
427.981553 85.576372
426.837863 83.467094
419.418028 85.542155
427.000000 86.000000
427.877177 89.669239
432.629844 87.500558
429.874864 95.640763
430.507637 92.577310
427.599294 89.964996
422.447971 94.490877
425.556404 91.634647
422.381277 92.238457
429.805785 87.601624
428.000000 90.000000
430.434653 95.931044
427.962237 94.069279
428.108317 94.100012
429.079666 96.783328
426.763363 92.399297
433.052666 89.779214
433.345528 86.912791
433.157904 95.016540
428.080831 86.210802
428.000000 94.000000
429.485558 97.611433
429.102303 97.809129
420.503008 96.509003
430.403628 98.849183
429.842244 93.402706
430.740322 97.159877
436.433361 98.766037
427.764511 90.109315
422.632298 101.369176
429.000000 98.000000
429.671732 423.401236
426.390349 424.590458
430.109512 425.201595
439.373553 426.301090
427.005108 422.103580
434.514956 419.139347
427.300539 426.924028
426.363870 421.095132
425.006866 424.761415
430.000000 423.000000
437.957353 103.351159
433.582795 96.677964
432.751657 101.235969
425.176292 95.761208
434.383683 102.212881
432.797479 110.669980
424.957059 103.519295
437.777818 103.241820
431.990948 101.550056
433.000000 101.000000
430.364624 103.004704
434.071860 98.882679
429.810899 113.242552
437.957808 98.501816
427.109943 99.188453
429.182513 104.045818
430.439888 110.215978
433.000259 105.064671
433.724755 104.818112
433.000000 105.000000
429.806326 117.569607
427.967560 103.048376
425.284541 114.665488
436.681349 111.296749
435.564923 117.640761
430.593155 105.712108
424.259001 105.548123
429.277532 115.621755
438.374403 104.282403
433.000000 109.000000
442.480512 108.481545
435.294757 119.506660
432.913865 113.808175
434.287029 104.022429
433.802447 114.845094
434.049794 110.905936
442.114214 110.595158
427.935421 118.162300
432.093656 111.163308
434.000000 113.000000
430.388142 417.356697
434.426775 423.793738
436.290794 419.570718
434.570033 423.846936
429.047519 421.742706
426.847098 427.258689
439.253725 417.806036
434.325889 425.131238
428.551322 418.710652
434.000000 424.000000
433.378853 422.230779
430.829038 424.660097
437.229459 428.910684
438.222964 427.079905
440.501919 419.948076
434.949426 429.568058
433.746193 427.722871
430.659613 422.875470
431.691060 425.243380
436.000000 428.000000
445.757439 115.594321
437.663683 116.219521
436.141195 113.947066
440.983041 114.726564
439.835403 123.786591
444.871540 118.326856
432.997533 110.374271
438.850594 113.084118
431.095060 113.186458
438.000000 116.000000
433.829001 121.501898
447.538621 122.494555
440.726328 119.284386
443.271472 120.499214
446.291065 124.215974
441.816959 128.390708
432.012383 113.041182
442.874190 112.385410
436.823163 123.743472
438.000000 120.000000
436.970711 116.392659
436.017218 124.923216
438.345993 120.701849
436.115777 121.009460
435.678062 116.287553
441.424737 122.430216
442.353841 122.716073
438.396794 123.972577
440.171063 125.673187
438.000000 124.000000
444.254510 124.946976
440.488601 134.155531
432.106002 130.980270
441.660575 136.241518
433.265921 130.125980
437.691248 134.017844
446.115549 123.494420
444.530855 130.168249
435.195195 124.801244
439.000000 128.000000
436.130990 433.071899
438.984920 431.279093
434.164468 434.821292
432.194217 427.085052
438.429087 438.460974
448.462860 429.107546
439.939178 429.650317
436.070255 435.700262
441.978663 430.828790
440.000000 430.000000
439.219396 127.697978
439.606792 130.119233
443.582060 129.321851
437.257413 129.941433
438.652100 123.189151
434.008443 128.457087
442.450846 135.389220
443.345300 125.776497
445.833617 137.988034
443.000000 131.000000
443.067945 135.645233
443.950999 134.785174
442.217640 132.739691
448.182063 135.243957
437.804350 127.284881
439.450997 138.019687
443.560865 133.438928
438.384530 132.724343
442.835129 135.056245
443.000000 135.000000
444.058157 140.732840
446.204126 139.543916
447.604197 142.359184
442.701608 137.195349
452.088518 143.053640
438.179771 142.122655
434.358831 141.592651
443.855963 140.076097
436.501740 141.782334
444.000000 139.000000
441.581818 435.828650
445.161975 435.596436
437.708023 432.441753
440.925303 437.752686
444.180629 434.402163
443.904184 433.080797
445.452130 430.006774
439.203611 431.439123
442.246494 440.781210
444.000000 433.000000
443.815145 139.681197
447.167050 133.446373
444.834311 137.713175
452.143584 132.437271
453.521458 145.783869
447.922963 143.724856
439.424937 138.371684
449.229661 139.088884
445.770253 142.919549
448.000000 141.000000
448.616380 137.644110
442.630042 153.334737
456.950201 148.522313
446.213179 143.087071
446.021843 149.603115
448.164236 145.040251
439.224529 145.194488
443.583350 147.522572
444.868711 136.501052
448.000000 145.000000
450.423638 432.728010
447.904763 433.153826
440.726582 436.467286
443.258796 433.752825
444.945326 439.990706
449.679348 428.814139
443.838504 427.831969
448.091745 433.515941
447.185045 434.368740
448.000000 434.000000
447.617532 156.253143
452.152535 142.745743
455.883562 153.596393
445.584970 150.564332
454.891945 150.026153
441.823761 145.654736
447.191976 148.095090
441.816390 148.807563
452.767755 142.856870
449.000000 149.000000
453.276996 435.358585
456.696917 434.476972
451.140980 438.175860
456.848269 438.462786
447.561805 445.922282
446.200876 435.207588
460.092165 436.244304
451.551804 437.847931
448.417715 445.092510
451.000000 438.000000
449.172434 149.685321
446.346537 157.570201
450.961774 144.023148
451.605383 152.366770
452.930279 151.299422
453.289494 154.343551
459.160335 143.528604
453.351937 150.580890
451.021701 146.263353
453.000000 151.000000
454.392829 156.681978
445.396119 157.205975
460.453732 152.406782
452.616168 152.456210
457.354670 150.929758
446.617451 156.719322
450.738465 150.709432
453.675464 153.517465
453.490381 154.465155
453.000000 155.000000
457.314407 161.117782
459.642780 161.445424
450.259690 158.966599
452.959425 159.085016
455.742777 160.305326
461.447758 159.505873
455.274965 158.370591
452.975970 151.537720
457.315713 151.939028
453.000000 159.000000
456.730436 157.797360
448.084649 160.644044
450.389021 154.102686
454.753094 157.424293
452.297257 162.679425
452.368545 169.397576
450.308405 160.728437
459.126560 160.372972
453.265397 166.441220
454.000000 163.000000
451.287172 442.667431
458.605221 432.194243
449.944866 444.251024
452.315837 430.428086
453.171314 430.639046
449.258699 442.358438
449.918705 433.349132
456.357472 437.489604
462.063681 439.490748
455.000000 438.000000
458.285030 165.262237
460.099906 165.791771
463.628856 168.744860
457.752112 166.880910
459.023693 160.710577
458.552123 160.860867
455.757915 167.788084
458.066697 166.307120
459.669048 171.221605
458.000000 166.000000
465.988798 171.996718
457.952034 168.561797
456.329570 171.997082
456.150686 162.647576
455.617963 167.891469
466.598368 172.050032
457.366762 169.954703
448.926559 168.289298
458.614551 169.829801
458.000000 170.000000
458.430985 172.700222
458.774735 175.186481
452.802032 175.873806
460.473911 178.593435
453.399027 177.563553
454.243354 171.843889
450.074085 173.530958
457.705051 175.426338
457.985060 173.983315
458.000000 174.000000
458.921140 177.179395
458.849464 169.679667
460.590057 183.462050
452.968876 170.459064
450.047035 181.458671
461.057994 178.678602
460.763026 172.039174
456.401807 187.176202
463.488445 186.064775
459.000000 178.000000
465.059560 437.580119
459.007290 438.250066
459.751839 436.369349
464.162805 434.881792
458.366087 438.592301
454.128265 435.057714
458.840644 436.534528
455.533584 433.984077
458.663752 437.328902
459.000000 438.000000
460.458957 178.541215
456.738782 186.048017
464.600274 172.340511
464.200991 177.311016
468.173835 178.620650
458.307532 183.002843
463.488646 185.587251
466.765449 186.019470
460.686172 186.468925
463.000000 181.000000
463.020468 191.576094
460.024426 192.963895
459.189513 189.120286
467.687352 181.888387
464.236622 186.777442
470.910784 186.850564
457.754535 181.708284
461.873400 188.596458
468.462882 182.800656
463.000000 185.000000
459.323766 440.212936
461.599363 441.721475
462.155083 440.686957
462.873466 440.513730
456.533445 436.020508
460.092697 430.661300
455.977028 434.823888
463.367038 438.469652
468.803222 433.913551
463.000000 439.000000
458.858487 188.663529
460.852786 192.822905
461.259777 189.762166
459.292547 197.046819
464.876623 189.842329
464.205213 188.861602
465.244328 189.821598
457.192409 192.096756
464.355367 189.350446
464.000000 189.000000
471.023814 444.948020
462.875457 444.788163
472.613224 449.995206
463.989746 447.718902
462.309050 444.955495
472.457573 442.749978
465.237375 446.253053
464.987342 434.793713
473.869218 447.406873
466.000000 443.000000
468.908741 190.397894
465.221365 190.306396
476.310881 189.636342
468.294092 191.188412
464.150157 190.752970
460.709972 189.290559
467.411722 200.543583
467.091987 190.957100
469.305974 184.990561
468.000000 191.000000
462.882107 200.757167
474.150633 200.098798
467.814553 194.902284
475.304929 189.897917
465.417586 186.761086
465.377384 189.187358
475.209412 191.225092
476.765539 193.883356
475.720553 190.329909
468.000000 195.000000
474.999035 194.084440
474.339668 199.756604
467.910160 199.053177
465.198958 197.500118
467.220659 198.488157
471.811666 202.651408
466.541289 195.894519
471.904545 196.726280
467.300549 193.033629
468.000000 199.000000
468.685274 203.340015
468.669929 203.158896
461.602691 205.868177
467.178416 200.837084
471.178411 203.925697
470.687233 207.310099
470.005718 203.590793
464.354239 205.224516
473.636265 205.527878
469.000000 203.000000
476.555429 442.436718
464.059629 447.551585
477.303609 446.904035
466.254935 449.287006
468.344606 443.466497
474.009723 445.902205
464.303376 447.797856
469.943881 437.080663
471.405508 440.427089
470.000000 443.000000
469.608315 201.899792
473.277662 207.004594
471.168637 198.945077
466.544410 199.255388
475.022786 207.235017
470.160608 203.500600
467.881102 210.152496
472.152331 203.957659
474.010015 201.346954
473.000000 206.000000
476.330797 207.836439
468.858680 204.424889
477.889091 201.858403
468.186280 202.447578
478.740508 206.457480
473.100638 210.692674
474.182029 204.964576
474.149946 207.269836
468.013858 205.815917
473.000000 210.000000
475.525687 213.239598
482.105585 213.184854
480.264923 217.827788
474.660672 213.779396
467.636887 209.803281
463.478319 215.358442
474.870049 212.978787
479.591865 212.113985
471.863802 212.055139
473.000000 214.000000
475.370534 222.545425
473.880535 223.997030
467.043393 216.122046
474.156798 217.300077
476.696642 216.638975
477.610157 208.908732
473.001417 217.626641
473.893817 222.138547
478.593803 213.803027
474.000000 218.000000
475.384592 438.922620
473.649100 444.086900
479.748554 439.006864
471.592383 443.823209
464.496470 440.823252
466.440643 441.740069
475.807213 445.069476
476.688952 445.158471
478.631421 444.463041
474.000000 443.000000
476.892133 219.465106
481.516201 221.361616
479.224464 218.430990
476.192041 219.279682
477.538866 214.351270
477.607456 221.092105
476.511884 227.461299
474.161767 224.772645
471.947878 214.732479
478.000000 221.000000
477.207041 226.982437
480.171030 223.030712
482.355380 223.414858
478.288330 234.882026
478.584273 223.247326
473.585491 222.395503
477.881016 223.722995
481.525330 225.038731
478.418768 223.885378
478.000000 225.000000
482.676249 230.867012
470.848710 230.711969
477.776318 229.156396
476.186205 230.247452
478.326856 229.824919
480.162117 233.382859
477.714211 227.046035
474.415864 226.777324
485.240285 233.814608
478.000000 229.000000
477.804091 224.780915
469.785687 233.394299
480.837113 227.426898
470.240400 228.393100
476.945585 232.963534
479.115626 228.842676
477.986253 230.383923
481.971558 233.435798
480.719611 234.209727
478.000000 233.000000
478.139692 235.169902
481.174480 238.445814
476.024753 237.430880
473.247903 234.542729
478.649842 235.135109
481.709076 236.245507
477.596123 236.738093
480.168871 235.478033
476.486212 237.879238
478.000000 237.000000
480.406760 438.120063
476.908965 434.489302
478.436252 443.734449
469.081686 445.077480
477.205158 439.381930
479.756187 445.933631
487.351417 442.390751
477.627857 446.164457
483.698820 445.638912
478.000000 444.000000
483.722156 457.345283
483.014297 448.444896
481.758513 447.664640
483.191707 448.856289
477.965667 447.569990
482.451863 447.107800
482.489855 448.587466
478.792241 453.489782
488.282848 444.360044
481.000000 448.000000
483.642948 248.981266
479.785431 240.122681
483.838512 233.152612
478.018854 241.478567
479.743707 248.387646
481.761853 243.747285
483.927731 240.832555
475.986771 239.962922
487.990368 241.207007
482.000000 240.000000
485.536941 456.134694
491.378364 443.593157
492.899789 447.060786
484.079796 448.165090
485.596339 455.882046
487.359889 447.524594
482.801336 447.659025
488.746235 452.502606
481.728364 449.062745
485.000000 448.000000
494.057442 239.169492
478.816602 239.194372
481.383089 237.517652
488.399742 243.846733
477.712598 242.339291
483.752280 237.740962
485.524892 241.810749
482.907714 237.055379
487.709590 239.323751
486.000000 241.000000
489.401068 447.583251
489.351194 448.108408
491.255290 450.639876
488.935246 452.286533
491.534349 449.833528
489.165572 447.719160
489.715359 441.215970
488.473374 447.889854
489.830289 443.891247
489.000000 448.000000
493.365335 232.808225
489.825211 245.219917
485.217087 232.634388
485.388992 248.133234
495.184037 234.029359
489.572802 241.135463
491.069331 239.738657
485.886743 238.536446
493.606073 238.970399
490.000000 241.000000
493.013768 445.521920
489.530047 444.431120
492.631133 449.330651
499.465531 447.386685
492.734221 448.730167
495.280525 444.585102
497.776145 454.013563
490.438076 450.761715
500.256930 444.508970
493.000000 449.000000
495.147042 249.528770
499.818704 239.028633
491.326501 241.960712
495.476620 240.874998
491.632452 237.201107
498.192409 245.976674
490.677166 241.795870
492.961814 241.055482
486.757575 243.942215
494.000000 241.000000
500.982909 459.387803
500.792585 458.684648
496.535531 448.688306
493.864045 455.066541
495.673108 456.195135
496.495356 453.239834
493.595934 459.128037
501.577742 446.349357
502.848883 455.090504
496.000000 453.000000
500.037452 250.252733
497.800193 239.482729
504.720488 246.782865
498.333185 243.392073
497.932251 240.839318
498.678820 242.027556
499.598433 234.285825
505.925055 242.142638
501.395917 248.951300
498.000000 241.000000
506.343930 449.398885
499.477273 452.539907
503.376619 456.494891
499.676821 453.114857
497.220035 453.930072
499.623241 451.665559
496.236878 452.816971
496.764708 453.796144
500.548615 452.274298
500.000000 453.000000
502.023418 240.720769
498.592493 235.478061
497.820830 237.836080
502.309467 232.685566
505.010190 232.402629
499.615905 247.561451
498.442103 243.303274
499.752751 235.440917
503.895620 241.555647
502.000000 241.000000
503.464031 453.577738
500.709934 456.185151
496.016374 458.432187
502.415219 451.576076
504.143325 448.643042
495.087824 454.736330
499.476913 458.145298
500.085394 449.570340
512.100509 455.180202
504.000000 453.000000
506.005863 241.002889
508.371044 243.323359
506.526877 234.450814
502.411155 241.577402
507.271936 243.168808
511.795693 239.701551
497.147902 236.536552
507.251558 242.651605
503.984373 240.486057
506.000000 241.000000
507.492870 456.156959
504.502562 453.841317
509.121015 452.882754
508.940753 451.333980
507.735742 452.477227
506.867301 454.794749
514.635562 455.184438
500.231624 451.784715
501.638149 453.980529
508.000000 453.000000
507.115747 239.783106
509.339206 247.319711
505.083973 248.286791
517.936665 246.328599
510.484462 241.526173
511.973936 237.601236
507.289404 243.338539
511.942786 250.513439
506.576515 245.166303
510.000000 241.000000
511.993084 453.604566
508.754203 445.397588
508.474910 451.789161
506.842409 451.503597
510.364179 453.660910
514.632326 452.577506
515.895567 449.058722
507.931729 450.708494
509.590613 449.518131
512.000000 453.000000
506.287150 452.250030
513.383942 441.239606
512.504511 449.209116
514.465725 446.565495
514.132041 449.365404
508.748061 451.207674
513.980835 444.668827
504.729502 444.070130
512.066150 444.895417
513.000000 447.000000
514.078496 240.746055
517.142384 232.375424
516.399830 248.964320
513.941562 240.971476
518.466222 249.738634
509.531907 243.167375
510.492076 238.062213
513.036961 231.992443
518.707330 236.624317
514.000000 241.000000
513.861660 446.378730
518.654662 434.869131
518.322678 443.516040
515.363976 444.541477
517.593121 443.988411
518.039051 442.938417
518.071264 442.730264
524.446068 439.679539
516.669868 439.061789
517.000000 443.000000
524.962112 233.919605
508.646615 238.370397
510.040013 237.197148
513.448388 240.836959
512.785227 239.706391
516.580144 241.108557
517.421107 233.386748
522.344221 232.418040
515.075421 246.343359
518.000000 241.000000
519.937401 244.531154
519.963490 245.013359
517.358849 251.679053
516.626748 247.704996
519.525429 246.109868
525.475347 240.358736
518.214629 245.358104
519.212320 244.790743
525.929006 252.975762
520.000000 245.000000
519.312562 438.088080
515.088039 436.428972
519.691847 438.683482
517.846271 439.580343
513.286253 443.118123
519.783616 434.902287
525.561615 435.101599
510.963576 438.183863
524.965051 434.437207
520.000000 439.000000
520.934730 240.043527
525.847255 245.117287
524.764340 241.975134
516.026238 245.166627
520.284636 239.844786
518.588034 238.302204
517.521522 244.663855
526.527756 250.356442
531.618840 245.675881
524.000000 244.000000
524.499667 433.950384
519.435755 437.718228
526.241679 439.603999
524.465659 437.744574
527.415129 439.809874
524.202094 439.251560
514.328686 441.365678
522.795772 439.598149
530.348711 438.521996
524.000000 439.000000
521.698948 435.349306
521.299828 441.851026
522.859625 436.533285
527.943469 442.242209
523.712675 439.574819
528.268025 439.418023
521.127078 448.449187
526.069561 441.987213
527.971936 441.464674
526.000000 443.000000
526.553248 242.142018
527.261329 240.904247
532.330239 243.390710
531.718351 244.101304
528.582303 242.099692
533.882440 239.235190
532.035851 240.863222
526.939475 239.792924
533.158978 235.323944
528.000000 241.000000
529.645484 429.530480
531.175524 432.822136
531.189550 436.712121
527.469966 425.806532
530.904238 433.008837
528.729495 431.252366
519.393656 429.581591
529.211725 425.983556
527.948878 431.372861
528.000000 432.000000
528.098581 433.207885
520.887921 433.447445
524.532102 444.671190
533.478929 437.892994
526.140042 432.970632
531.714929 431.239003
530.425300 434.647084
536.794455 432.232447
528.141271 436.239104
528.000000 436.000000
531.994268 237.653453
528.966927 233.690602
525.738297 246.158204
524.974244 236.711546
525.273617 240.889386
538.769565 239.855358
531.083737 237.643085
527.122815 243.018308
529.604502 236.001639
532.000000 241.000000
532.189658 437.347649
541.856613 427.096685
528.622676 429.086644
529.889625 429.300697
528.539014 436.240235
532.007960 428.028433
537.536180 432.707257
539.007652 432.452898
534.418858 431.611888
532.000000 428.000000
535.760701 245.208888
535.323839 245.590711
544.302022 248.378275
528.574175 245.230929
532.987096 247.894353
536.855674 247.691426
543.586445 240.506918
536.358911 246.881786
533.791765 244.344422
535.000000 245.000000
535.517391 421.756814
535.171034 427.113190
534.925278 426.108850
539.117230 418.512942
535.061311 427.134579
528.217701 428.482528
535.780953 426.021465
535.740389 427.875767
527.941727 430.142299
536.000000 428.000000
539.191774 421.319332
544.237665 429.150429
541.071955 426.395425
543.060754 427.705696
544.073784 418.632960
539.099279 426.816701
531.338945 425.252153
530.502975 426.719740
535.678559 420.265002
538.000000 423.000000
543.697838 247.365144
536.474794 242.915858
544.156237 254.340079
535.483729 253.639297
545.576807 247.638811
535.658017 254.560305
538.898137 240.315141
534.272307 254.403354
531.208265 242.641234
539.000000 246.000000
546.175754 412.466652
542.305575 424.210166
542.010224 411.953021
549.340912 414.965285
546.946586 412.805664
545.264898 420.982931
541.901856 417.088551
539.136219 416.493330
543.756382 416.927183
541.000000 419.000000
544.720020 243.982848
540.088505 250.131456
545.863249 249.092893
541.477639 237.567715
543.073545 242.827909
541.013549 247.610111
547.011490 237.346443
542.796113 252.225513
539.280705 244.890521
543.000000 245.000000
545.074453 416.295655
547.707177 419.568854
539.887660 420.312256
551.355392 423.822874
546.567145 417.495184
544.928574 418.161736
545.327108 417.937990
540.164891 412.840648
545.434051 426.861806
545.000000 418.000000
545.749966 240.994265
541.851801 236.354027
542.939811 241.786456
549.925756 250.022626
545.053401 241.384191
554.419712 241.768130
544.125375 238.506914
546.650440 231.720044
540.774039 249.088270
546.000000 241.000000
548.259314 410.448576
548.227048 418.587902
545.445716 419.733955
544.921900 408.184874
557.451431 409.408283
546.842467 419.481815
545.909896 407.746854
541.996717 405.529620
547.345737 413.282015
548.000000 412.000000
549.991890 244.147415
545.956942 242.056532
556.182069 251.131584
549.308784 250.759183
548.540241 246.584627
549.484839 234.907293
552.442572 238.730771
558.814974 240.319803
551.697202 243.570576
550.000000 244.000000
550.710271 407.130192
552.028134 408.629530
545.004279 408.724251
560.216455 403.853020
546.749795 405.528461
553.927181 406.739978
552.386831 401.788914
549.271833 414.720762
545.579018 407.611319
552.000000 408.000000
550.270801 251.038220
549.660946 244.738281
555.922767 241.302390
551.103029 244.581822
563.323621 247.884748
549.464436 249.657548
549.832209 248.369435
551.433616 246.731548
552.144041 244.724317
554.000000 246.000000
560.849916 408.389620
555.415531 407.451728
554.993001 406.640168
551.444167 408.171664
560.175415 413.401282
560.939007 403.054239
558.455318 409.164845
557.875336 401.934148
550.274988 409.857173
556.000000 408.000000
549.194186 242.246765
557.997678 244.880082
558.861052 248.631416
555.203939 246.153708
557.767991 246.178027
557.542534 247.848000
558.756286 249.565528
549.448414 243.330941
558.002487 246.231419
558.000000 246.000000
552.086818 394.438892
552.179242 404.776545
558.653880 396.450338
554.695960 398.442982
562.934845 400.483696
562.694915 396.918090
564.205535 404.140373
554.180850 398.725425
563.760775 398.674854
558.000000 402.000000
562.802505 238.850346
562.007038 246.943936
554.921693 243.851909
568.904360 245.265127
562.039063 242.711524
561.046811 241.884030
561.916442 246.213160
563.574687 246.410742
558.165143 239.661735
562.000000 246.000000
562.167831 397.873816
557.981743 390.967836
561.294194 399.454408
561.444337 397.303505
568.309765 391.090780
561.241806 402.971111
558.404285 389.848336
560.705956 400.572891
565.520131 403.699651
562.000000 398.000000
564.466978 390.569531
563.619969 398.267201
561.934599 400.185167
567.048107 391.638518
565.947179 393.513501
564.508249 394.775928
564.957036 396.762115
570.435373 392.390963
557.853548 388.246984
565.000000 394.000000
560.947608 250.867534
558.669154 247.523247
563.163350 237.033038
567.236405 241.377516
565.685467 242.584638
567.270423 246.640167
570.651794 249.541430
575.386242 243.072358
572.218853 248.003395
566.000000 246.000000
569.814492 383.006599
571.553038 390.320439
569.741015 394.189501
563.603905 386.188620
567.895234 388.712841
562.893169 379.448414
564.514257 385.771361
574.999875 391.609865
575.808490 385.692268
568.000000 388.000000
578.480169 242.744697
572.854967 254.422695
564.264922 247.733430
571.220109 250.648610
571.273338 245.927902
570.300090 245.358135
573.065077 243.182804
569.603885 241.668306
560.781456 244.350933
570.000000 246.000000
569.377475 377.102631
570.248560 380.976648
570.678396 381.096968
570.761302 384.023685
573.498160 383.958068
563.090544 379.454165
569.686552 388.993564
572.646745 387.189344
564.898530 387.213283
571.000000 384.000000
571.161970 247.745913
575.648855 246.893845
571.727020 249.956617
570.049795 251.809585
575.469609 245.466541
576.654044 252.666852
574.248107 248.403665
580.737050 244.498553
574.046352 245.687899
574.000000 247.000000
568.359790 376.965294
578.022783 383.636542
565.428165 377.380674
580.712536 377.008522
576.637487 383.132785
575.401355 381.368376
581.506650 378.203224
576.762137 381.819423
572.374060 372.403260
574.000000 380.000000
578.972238 251.906333
576.295290 257.700022
572.115267 248.789034
578.450917 249.038442
577.111771 248.030942
578.586130 242.883574
580.125998 245.308854
580.448072 257.029053
576.498858 251.983373
577.000000 251.000000
580.559037 377.697138
577.421416 377.185632
576.836664 384.885292
581.485033 381.098619
579.098088 376.193283
578.237423 373.723214
573.472072 374.576669
579.428102 375.375055
577.844630 376.724645
578.000000 377.000000
578.418712 247.695071
572.111506 246.831314
571.209958 250.837001
581.821119 240.146675
576.751621 254.313331
579.575480 240.073239
585.162602 241.589956
577.630687 249.821460
580.977198 246.996403
580.000000 247.000000
581.270502 375.725668
578.024548 367.900498
581.779524 377.313239
591.452402 370.797772
582.088758 372.175381
582.287221 373.085531
591.352963 373.735174
576.812004 365.151620
577.938649 380.028499
582.000000 373.000000
584.426257 245.510487
584.019395 246.220677
580.889745 243.458130
581.420709 248.178593
582.355801 254.015429
577.166109 252.453860
588.163954 241.233270
589.329601 242.010880
582.346915 248.521673
584.000000 246.000000
583.631695 368.220365
584.886169 369.239841
586.861711 378.228438
583.366632 368.285534
587.716848 372.483815
581.806555 375.566842
576.517926 365.545435
586.744160 369.497772
580.787282 367.189905
585.000000 369.000000
588.283334 246.302604
590.505291 238.430038
589.857916 240.542563
589.699699 241.546243
583.763600 241.316302
586.902428 244.147374
589.685949 239.558081
594.462661 249.604085
590.240648 248.668964
588.000000 246.000000
589.651178 359.291060
592.002655 361.997869
587.909585 366.964271
589.070678 361.954685
588.128819 371.385648
590.149015 356.738459
594.240135 367.817404
583.239302 368.934838
590.352675 364.368910
589.000000 365.000000
590.396533 249.773226
592.065099 247.966360
583.056234 252.360659
589.986490 249.890438
589.594941 246.852130
589.374658 245.916927
594.170093 247.761294
587.355261 249.253466
587.521539 250.794790
590.000000 250.000000
592.967984 357.402639
601.169208 359.183236
586.282798 358.091403
593.022560 356.493202
589.197221 356.442075
598.583290 356.928311
598.813167 350.322581
587.685106 363.282557
595.560474 355.820010
593.000000 357.000000
591.633085 354.255092
591.530805 360.255379
594.659313 367.427651
597.814330 359.537786
587.265807 354.908322
598.221638 357.833749
592.180596 355.810120
586.719825 356.392890
592.150150 360.159148
593.000000 361.000000
589.746167 253.078269
593.875032 249.029405
600.388109 245.936904
590.034558 251.680524
597.628086 247.985840
591.844032 257.012300
593.252646 251.918780
596.874821 246.416058
595.260958 246.570403
594.000000 249.000000
603.881321 347.844027
598.006469 354.012380
596.006109 361.689947
593.035876 346.022992
594.041856 351.035985
593.163313 357.649613
587.779977 355.945709
594.637233 352.389668
590.162721 354.860451
597.000000 353.000000
605.706396 250.481015
604.262516 247.071008
588.921403 245.823047
595.922671 244.509115
598.309639 250.769043
604.130315 244.240090
606.106959 250.448108
599.676371 248.412919
597.834313 246.231422
598.000000 246.000000
601.416163 352.154808
600.836490 353.200103
600.243121 345.987263
600.714727 353.290410
599.383832 351.705948
596.374847 356.513774
600.638534 355.364650
602.456027 356.066896
600.895652 354.313428
601.000000 353.000000
600.463039 242.688966
606.551733 245.502474
599.968785 246.914626
604.401981 250.247127
597.214613 248.156534
603.790112 245.142818
605.545829 240.657031
602.476829 245.802028
609.259923 250.916284
602.000000 246.000000
601.481359 342.668876
607.484509 345.259800
608.579152 353.084109
599.817221 348.886237
603.131671 343.993456
603.386949 345.376177
598.488534 342.528322
601.070328 342.469016
606.889949 346.701072
603.000000 347.000000
604.862670 241.617896
601.810565 247.651822
597.890069 252.127246
598.766617 253.615106
600.532268 252.326156
611.980623 251.840425
599.954589 246.881303
601.451316 257.422694
602.815990 242.456500
605.000000 250.000000
605.169612 346.140067
605.800076 345.230010
606.929133 343.112834
614.958663 342.159856
607.322054 343.150168
606.845758 342.940297
609.335184 334.297672
606.763857 343.237620
607.059825 336.139031
607.000000 343.000000
615.324655 246.329631
608.373285 244.013036
605.726901 249.152777
612.145126 250.182766
612.842893 244.626175
608.855722 249.065426
614.173676 251.785649
610.855880 247.199674
607.246484 247.294030
609.000000 249.000000
613.973831 348.742759
611.021956 342.327651
610.903705 351.876069
608.758069 343.344050
617.544711 338.023740
610.574351 342.919352
609.652273 339.447191
618.237088 348.388554
615.480759 347.825914
611.000000 343.000000
616.834971 244.138054
613.403144 246.172769
616.177643 249.308974
612.280552 245.980726
611.279756 244.923380
614.944092 248.531259
611.623168 252.878585
622.928963 245.579596
610.912713 247.475475
613.000000 246.000000
614.524300 345.660456
610.926745 340.517790
614.682886 340.613396
620.503427 341.784561
616.560452 339.091828
612.420108 342.621805
609.825716 339.026365
615.043092 339.791884
610.235190 345.625777
615.000000 339.000000
612.987778 237.305826
615.167851 248.502030
618.696004 242.462849
613.619796 245.370428
617.695669 238.433850
616.049403 245.730878
616.750256 245.051120
621.726457 252.687398
609.360721 251.937560
617.000000 246.000000
626.672353 329.189121
617.481252 326.840028
615.306264 328.274639
622.785175 334.405593
616.795080 331.639394
611.564348 329.648195
617.966327 332.012163
618.684770 325.609013
625.598483 331.488633
618.000000 332.000000
619.984633 250.606888
613.308607 243.916557
619.513922 249.634410
617.371937 255.143063
620.318670 247.211087
623.055773 242.585376
623.766072 245.202724
618.386990 258.940133
620.123928 258.831911
620.000000 250.000000
622.892385 329.844401
620.938848 330.885786
620.183956 329.572064
624.144269 322.357721
622.290744 325.214340
626.925240 321.038564
624.871641 329.860759
614.817605 332.810085
615.962084 332.301933
622.000000 329.000000
623.154807 251.288222
621.797238 253.152858
614.736424 250.690085
618.551930 258.338911
628.091802 248.403066
628.705224 246.976994
627.350431 253.083753
626.983359 246.334637
620.153090 252.138376
624.000000 251.000000
622.585607 323.100488
626.480236 327.131354
631.332864 328.120739
623.334150 330.907539
632.277042 320.804409
623.072464 318.549423
621.419802 323.269707
623.217813 332.600980
625.241552 318.917352
626.000000 328.000000
627.906755 247.942794
626.434203 240.608999
627.738869 249.774083
621.768493 246.002766
632.759658 249.550657
630.899138 255.279578
629.638137 256.614386
628.274870 253.021017
627.743695 257.037284
628.000000 250.000000
624.113900 325.715037
632.142829 317.251368
633.497714 322.110968
630.842132 323.759969
628.076201 323.091631
633.548038 321.835581
628.448295 323.358232
634.315322 322.506033
632.845245 319.361738
630.000000 324.000000
640.071071 247.505639
624.586399 248.842938
622.884538 245.758984
630.500517 245.424989
630.328610 245.996351
630.815517 247.607530
627.807975 244.902176
635.372018 248.086410
635.784069 239.246275
631.000000 246.000000
629.675920 316.699367
633.833187 327.789531
635.622060 319.190766
642.390227 317.577335
635.965320 319.295311
632.151391 313.945947
632.029920 311.661810
628.226858 311.850989
628.773709 318.735736
634.000000 320.000000
636.970474 240.328770
635.181424 247.221713
638.444154 257.502405
642.141841 246.557772
636.503398 246.957252
634.544668 242.781453
633.979539 251.277586
641.042392 244.022518
633.758705 257.672032
635.000000 249.000000
631.647034 315.636592
638.448633 312.831043
636.349078 325.074010
637.862078 318.320277
637.078859 318.912237
646.033294 314.828537
636.249779 318.127560
634.057926 320.398970
641.247781 320.016077
638.000000 318.000000
639.376881 245.891126
640.735396 246.945300
639.774051 249.951924
636.982598 247.928532
641.271170 251.172518
637.140016 251.506176
635.114514 256.757270
637.872141 259.525230
641.123889 253.657511
639.000000 251.000000
639.248853 317.958621
637.191600 323.677554
644.960743 323.230528
642.294943 318.169885
645.942425 315.164683
642.250111 316.977685
642.077092 310.754144
646.988334 314.209637
641.859837 318.034018
642.000000 318.000000
637.256035 254.970536
637.519363 256.451339
651.220366 254.686637
644.341407 248.525612
644.348249 255.763729
642.312205 251.805485
642.716280 249.808714
649.967727 246.883304
638.398211 246.880205
643.000000 251.000000
645.086390 305.395485
639.255097 309.407316
639.982909 319.521947
642.070646 303.470717
635.606932 314.443425
646.162408 308.320735
651.440932 314.495191
650.336147 313.622691
641.022992 311.499461
643.000000 312.000000
652.276424 245.856548
649.941124 248.928034
649.673418 254.449902
646.150436 260.337192
642.666231 255.539613
646.830363 250.782019
642.409219 252.484696
652.064803 256.398264
652.761767 243.839041
647.000000 251.000000
651.470109 301.618359
644.977631 311.021687
645.313084 314.288454
646.907759 305.668195
647.044045 304.511325
646.284752 300.365645
650.261058 303.723409
650.514149 303.562989
640.884978 310.192802
647.000000 308.000000
649.488703 251.675835
653.270717 251.480419
650.393332 249.883243
651.693229 259.001009
641.448266 251.826482
657.757999 257.579107
651.132035 253.280424
653.042642 250.235233
649.749794 244.021689
651.000000 251.000000
643.191295 306.695441
646.660454 311.950828
644.672835 300.782908
656.102166 307.490100
646.521839 304.049949
659.053677 312.759417
649.752307 312.759350
654.321884 300.697102
643.926962 307.238047
651.000000 308.000000
660.319295 245.411318
655.655518 250.218210
656.597898 257.168450
656.641325 250.098134
656.930474 252.321534
650.936033 259.817729
656.563220 253.783959
655.238965 253.824828
653.442264 245.318364
655.000000 251.000000
660.488693 306.709457
657.930846 300.843472
653.337990 308.912447
651.476353 299.295029
655.043016 311.986807
655.303805 307.197681
651.111915 311.067130
657.980102 311.169087
656.770888 307.905974
655.000000 308.000000
658.263382 295.540101
665.757411 302.280166
660.985169 301.940827
650.303797 297.447983
656.481960 301.548172
657.351202 292.245550
658.897543 295.851890
661.155696 307.699799
658.204982 301.856425
658.000000 302.000000
660.433632 251.041528
665.615517 248.240610
654.788145 254.266020
660.775282 253.231875
662.349160 259.476956
659.013443 251.269364
659.391719 253.552795
659.715042 250.328943
656.975551 248.788857
659.000000 251.000000
658.874915 296.386710
662.296173 299.188521
661.216887 298.412326
662.696252 303.219937
657.379332 297.361873
662.613218 295.991306
661.882695 298.485619
661.795920 293.799441
663.216260 302.282162
662.000000 299.000000
662.529482 245.358729
662.383003 246.135702
654.131093 250.233674
658.611821 242.254705
663.146810 250.778417
653.446276 252.772799
665.980405 247.726378
655.736387 248.971942
655.361663 255.796874
663.000000 251.000000
655.907614 292.358347
664.259610 291.782589
671.237754 293.843099
670.680833 302.087896
669.785882 292.943134
667.505773 294.866830
665.076846 293.542669
664.042199 293.393725
668.122901 294.785592
665.000000 294.000000
664.597510 258.014282
671.947586 247.518600
663.700064 252.519283
672.745252 253.757269
666.190432 250.313182
662.758883 248.889460
664.687829 253.832059
671.890344 249.287920
668.993432 250.218490
667.000000 251.000000
668.444791 292.096883
668.278715 283.550291
660.310101 296.517145
664.696436 291.538316
674.257149 297.812287
671.602576 300.916466
676.073716 293.604602
666.085143 294.299356
673.435310 291.286514
669.000000 293.000000
674.158361 249.414345
674.456155 244.488766
669.157378 250.753367
671.290119 251.390734
666.370535 255.341484
669.123658 260.625328
669.440782 256.766881
670.766786 251.259424
667.156355 247.950680
671.000000 251.000000
672.689913 287.734659
670.617502 285.950749
667.116617 294.984970
675.795908 282.586760
676.321740 283.282444
675.561803 290.834989
678.073692 286.211979
672.286533 284.847549
673.780633 287.161635
673.000000 287.000000
673.149898 292.710331
668.048309 286.900239
671.800452 288.850212
677.022004 291.652278
673.616228 281.307577
676.628581 289.501240
663.330280 292.529046
673.631306 291.343917
677.055467 290.937325
673.000000 291.000000
669.631164 250.496065
673.042593 249.596282
677.007419 248.783623
679.747548 245.864643
672.335696 248.089774
673.474856 252.339926
674.053191 244.700551
674.816481 249.845149
670.570030 245.063128
675.000000 251.000000
676.349504 283.390329
677.886214 285.991253
673.539073 277.668534
684.181935 278.747237
672.191131 289.309359
674.701038 273.730953
676.020267 273.183941
677.098592 282.391296
679.304638 292.167161
677.000000 283.000000
677.835596 253.492186
680.149441 244.329724
679.263125 250.491518
678.696009 256.713572
677.730337 249.973108
683.396470 252.921587
680.379838 259.979572
679.229891 251.456960
679.362926 247.093386
679.000000 252.000000
674.703946 278.210002
684.724131 277.193608
677.852609 276.538011
682.605682 274.326671
675.267794 286.513924
678.631561 278.923864
679.249870 279.342414
683.277632 278.507755
674.351403 283.913609
681.000000 283.000000
683.162710 254.068522
681.431130 257.420703
681.789060 252.326050
682.458643 253.899774
676.944228 263.210698
679.874017 254.386375
684.564451 261.146198
673.643142 260.360024
681.357368 253.520957
682.000000 256.000000
684.922895 249.243685
684.611133 254.103224
684.433800 247.046853
691.567120 248.200098
686.700105 254.793536
693.524764 255.480404
689.205356 255.173824
685.166546 251.759960
683.889735 254.973036
685.000000 252.000000
683.730273 284.349095
689.976811 282.096545
682.171493 287.404835
686.949886 284.164885
682.372136 286.664035
677.752691 278.630723
683.487912 279.874945
686.019186 283.378346
691.073606 279.132536
685.000000 283.000000
686.801879 281.668305
687.793015 276.444560
690.787150 272.387305
691.636864 277.671560
689.549792 279.575229
686.524321 269.572233
690.872192 275.106635
694.291554 274.090770
681.418573 282.368951
688.000000 277.000000
689.502826 251.653943
690.128810 247.360831
686.694456 246.642532
685.964726 248.066539
689.113285 252.791935
698.047851 252.172770
694.667397 252.734927
688.644624 252.031988
691.312035 245.868377
689.000000 252.000000
685.024708 260.776671
684.444442 256.121243
695.966955 253.546429
687.055433 255.542561
692.668098 256.664878
686.232854 262.762167
684.602264 259.061298
692.843631 261.279729
693.032359 260.513759
692.000000 256.000000
693.894296 274.242770
682.337598 274.799037
692.089269 267.453782
690.863507 275.157376
692.022216 272.715342
688.367715 269.366123
691.181439 271.510109
692.236856 273.183882
694.344199 274.609599
692.000000 273.000000
693.118425 261.304022
696.878882 269.495286
694.837891 270.104837
693.047013 270.308597
690.000102 260.774741
696.349818 264.117774
687.757772 269.476182
699.752898 269.949455
693.670258 262.021229
695.000000 269.000000
695.677950 256.005511
692.687719 252.809025
695.698656 259.290833
693.935191 257.156918
699.688380 253.883852
692.607821 252.235238
695.886718 256.409368
702.194973 251.118855
698.989798 253.520502
696.000000 256.000000
692.054541 260.595599
695.250034 260.570796
702.605407 256.728394
701.897633 260.302012
702.311252 269.394916
699.316418 267.031896
694.291266 259.848352
693.970506 262.345441
700.803357 274.650415
699.000000 265.000000
704.165234 255.188899
698.211673 252.240361
700.601472 248.072206
702.488549 247.056529
705.477292 245.478626
698.249177 249.846578
700.221432 252.578529
699.418041 259.051501
691.513641 252.266812
700.000000 252.000000
704.055321 253.638345
707.175035 264.673449
700.620952 260.008323
706.696203 258.651113
701.469776 272.105762
707.027310 265.574422
702.304542 260.113017
704.078106 264.330948
705.105565 263.390689
703.000000 263.000000
707.212516 259.925483
702.771426 253.894664
704.064998 248.281395
704.417929 252.806711
705.822529 245.714641
703.506790 258.515347
702.268371 260.515371
706.245787 256.018569
703.533641 261.640242
704.000000 252.000000
706.371592 258.009348
707.466792 256.039426
706.765010 255.891584
708.536593 259.107498
700.451905 250.574949
707.173540 256.135109
707.225759 258.131540
702.564256 259.425651
703.998140 255.963180
707.000000 256.000000
709.351948 259.639718
702.924509 271.570635
708.163149 260.015116
706.363462 269.511956
712.612354 265.732667
708.744772 261.641738
714.348683 269.253022
714.850206 260.318035
707.448926 260.502966
707.000000 263.000000
708.324414 256.077611
712.317326 246.667418
708.072878 261.906138
706.328270 258.454331
703.995287 260.808567
715.918685 257.380899
713.708706 252.030169
711.520907 250.976303
716.296113 260.892506
711.000000 256.000000
