53.327963 453.609126
69.929837 459.390929
33.884787 446.370745
82.756567 424.032149
68.715720 485.339345
47.168473 483.447338
68.639247 476.068002
88.777058 463.622939
76.965401 414.161230
62.322653 427.366875
56.325328 442.719101
72.825906 483.219585
50.460059 438.432537
91.607486 386.846611
52.582041 414.103483
53.663676 412.422165
81.420134 399.632427
91.730121 409.684998
104.575871 462.959353
74.384805 409.132170
83.426843 459.666658
124.842195 404.552883
76.472479 484.149396
81.883083 394.709628
92.642669 399.267881
74.143990 486.860145
101.563292 395.778840
100.185140 388.828893
77.684327 389.077555
86.715863 343.572058
97.406214 488.726071
78.771916 481.327987
113.458785 385.596646
76.865267 384.541596
81.207229 488.593318
100.983654 524.771725
88.996147 535.876264
72.240596 468.603386
98.116536 351.021531
97.889070 527.625527
98.565064 491.679582
99.220766 537.166561
97.407395 375.125059
96.839991 499.913631
100.621558 376.180072
112.836236 487.768974
119.460694 508.174028
121.322322 382.141669
101.056298 524.306967
124.880398 340.036724
107.130427 525.687249
121.839367 381.689894
125.418768 521.544463
111.142229 382.171274
114.872327 506.894212
117.340872 344.510708
133.311935 522.050027
141.835210 367.929299
135.893146 508.904713
109.459511 366.677739
135.323872 510.323176
135.126035 491.494807
134.495320 386.068740
128.067381 505.738507
117.550348 329.848767
125.718802 536.885086
138.909529 351.956111
123.399545 516.070048
142.809028 379.796225
155.517542 548.584372
140.378042 342.095331
143.338565 523.928059
156.390630 322.768155
151.618238 538.556060
145.880169 386.541137
141.064592 557.493955
186.320649 320.110873
159.234565 504.900647
162.652510 346.861286
160.035698 560.887655
166.106637 365.892823
176.777023 524.787313
183.427283 322.430597
175.987556 547.137225
158.811389 321.410878
177.464784 550.029298
167.455563 526.834214
167.975490 353.464222
173.838583 561.039075
183.145359 338.693297
212.005338 571.180461
175.354233 363.010700
168.502545 349.555550
204.794930 563.282477
181.158934 339.301661
206.466721 541.237806
195.680726 532.607470
184.949790 358.186017
188.753008 539.230317
196.053664 332.094864
195.669624 531.558552
178.104616 340.025384
207.139784 537.840460
206.420757 354.264512
180.347617 551.513698
182.891322 351.947101
219.713510 575.964222
191.489931 327.074667
241.913108 330.222037
215.325440 540.144373
216.943724 535.189382
217.737051 344.692856
233.756842 343.831965
214.903336 564.580658
227.401492 355.641800
239.912301 520.357692
215.519899 353.322016
254.431181 545.159148
249.668614 545.840075
231.460724 555.420221
230.160138 332.353030
235.164709 535.805528
235.238180 366.123072
240.239623 565.377188
227.972060 340.867791
236.347932 563.304824
240.681578 574.083587
237.969065 351.107147
214.732823 540.635270
238.715071 353.491007
231.777518 536.203512
253.131884 344.322444
268.384170 560.320348
237.366180 352.896406
252.352660 566.764366
255.539365 352.447737
268.290279 543.464889
266.854552 345.612806
264.182032 349.355535
270.632429 315.200180
263.258256 539.503837
261.489637 325.519592
234.467880 541.642333
247.721295 342.164982
286.666651 564.122544
275.864434 341.329908
284.057808 368.134172
259.556714 542.005616
281.732396 167.217435
280.875983 208.525557
290.063953 186.670067
274.849164 212.539948
294.140378 189.326761
265.246229 203.428991
269.372944 211.110686
253.640790 224.016904
283.108173 242.804593
280.543024 240.026320
281.439662 255.025897
256.853265 270.800043
281.534896 291.210321
268.946774 834.231599
276.551055 345.613603
288.365692 349.610085
300.558847 248.765588
282.005868 283.148877
288.457368 273.938231
261.525567 359.354060
298.089788 495.335316
256.176916 856.508013
271.513490 166.178709
280.087644 229.508059
265.059465 216.642812
295.182932 254.791594
267.817708 264.784295
273.276145 852.414484
272.260283 166.951281
278.591367 221.697357
278.144486 230.507249
280.058418 226.659236
269.674600 221.540092
273.295787 248.154319
268.265108 278.992539
313.555733 309.132796
274.571161 838.780599
304.942492 855.296843
273.550021 820.763016
287.969063 873.413992
263.437838 377.147455
290.200931 550.579367
280.296131 205.356096
283.016308 848.906743
294.133867 154.834561
270.961717 157.153195
258.446794 231.055299
287.665829 258.807865
295.495453 334.205404
315.445445 835.938263
305.853889 840.145967
290.478109 828.413797
299.768207 125.380875
281.041220 142.860940
272.814859 148.276140
299.405658 139.339277
292.497803 168.507715
287.196563 180.492268
274.908565 360.549700
260.507659 515.120384
289.249080 134.528803
287.639297 184.987898
307.106728 285.363149
304.932848 268.224159
274.210955 284.041836
283.357131 824.090477
287.053353 857.535578
297.573820 154.013940
276.600261 348.928801
306.036615 113.586206
306.050214 301.472966
289.024729 310.962308
295.344001 298.692385
289.657057 326.731168
285.771098 308.448750
277.601398 346.476080
298.829148 319.959536
301.486966 495.278472
289.248175 806.022648
302.385451 879.068832
274.850017 320.111820
302.441990 384.015995
296.979090 134.035082
288.359193 304.875519
311.428162 284.052837
293.408584 519.206894
262.820267 805.148867
287.460412 821.868584
293.893813 873.402178
280.448057 324.812009
304.881135 370.709459
334.246823 108.461923
333.842097 518.390496
322.685086 797.710850
289.803027 878.047654
271.436429 108.220809
296.815580 122.242513
307.823572 134.651679
309.699901 139.189458
316.364580 361.259823
313.302656 379.590642
296.237104 526.403017
304.363490 847.313030
295.358851 874.917980
317.967458 106.277399
305.902054 323.741938
302.811564 83.906755
288.456647 415.829811
294.629375 883.024230
322.885760 565.880739
312.449382 805.883670
326.912008 312.985249
288.799145 89.820782
303.324141 361.757958
316.581187 538.020320
306.485173 863.831500
309.686208 804.514937
313.845953 345.745823
306.226495 90.078069
283.029596 375.549430
309.393605 499.055464
302.630307 875.883078
312.907694 354.978058
306.588648 342.564817
300.107878 801.804955
311.182663 891.444721
326.320034 374.181295
339.038804 117.441672
312.041948 498.118950
325.923585 356.100801
323.453943 805.024937
328.097500 881.721044
314.855296 76.581408
347.546504 363.834668
313.424824 357.866735
322.938561 401.006183
329.802827 361.211546
298.925557 519.225015
337.597525 507.800547
338.741583 797.114413
326.047481 873.090793
326.528794 77.533315
315.133577 806.249252
344.412227 517.033229
320.229634 867.456795
330.047893 86.774777
327.820845 813.365457
330.652414 70.941422
334.275262 523.782650
336.721554 804.648100
326.832407 873.257364
335.467933 81.636439
327.836504 544.060946
350.543888 805.274018
354.371683 49.827380
341.846516 510.439048
347.256936 537.216658
322.542755 500.205658
328.762273 844.983669
333.872093 816.301364
323.755220 84.390723
359.529647 523.044161
349.031929 852.556020
363.700432 783.950773
345.371631 770.559337
353.445750 786.068058
342.121081 62.925663
324.413075 533.364061
348.363434 860.366703
354.126803 767.174420
361.904610 763.901227
366.165073 57.141049
336.514785 529.995686
341.366039 870.016791
349.860524 776.225927
359.305472 778.170254
337.918292 740.425988
360.391665 64.465210
348.983521 549.827347
374.177357 860.362261
341.752097 542.877445
362.268084 735.239299
354.509141 57.850597
379.483944 544.392932
386.916020 554.761369
341.084406 530.722752
358.695484 514.825924
401.879651 544.139924
346.979371 734.040863
373.055274 725.414850
352.738554 730.535990
326.136152 861.743663
382.233783 83.641938
352.278517 553.146423
352.314426 747.905853
373.094804 870.129803
365.704990 600.894341
375.137337 610.587392
341.646703 621.068258
368.041474 616.047978
383.859521 628.988715
354.814936 703.147702
372.621155 697.847618
389.434294 723.661238
370.042121 76.874052
362.228730 551.917127
344.501753 628.439575
364.644719 870.114311
373.174318 587.804416
347.912972 620.816957
355.379928 624.359111
377.239978 705.133817
370.737822 545.874314
364.922292 578.866068
369.088100 621.983973
359.532876 589.330225
359.710837 608.943125
386.810096 608.120601
381.064401 653.076838
379.288785 668.239832
376.866028 631.289309
370.843830 643.074374
370.255637 664.960953
359.347195 683.554190
362.381434 54.554023
359.779199 852.972874
359.668229 635.969769
356.336378 679.758085
374.395164 715.351095
377.597987 40.102909
369.577566 587.400990
369.537666 593.049129
347.378054 650.846497
361.149100 562.190159
385.319099 554.275349
363.756136 563.538892
378.888896 575.491176
368.316462 669.357569
386.928735 701.594039
361.942998 687.239494
378.963544 712.480926
395.838902 853.528397
378.998781 71.823099
378.895781 594.838652
381.757017 594.690408
366.569639 700.991255
366.193489 696.153882
364.754439 663.865832
345.866262 703.418588
372.255123 893.448362
358.814217 67.333614
370.566001 856.149911
390.138020 54.075757
385.250249 61.269561
389.446278 896.373298
384.913391 73.169464
402.182840 89.526585
381.698335 847.039761
360.446111 46.200241
416.950934 81.070821
369.654426 59.223886
376.854414 77.457889
387.342575 889.842381
400.921230 72.532856
398.831646 860.275103
393.968390 61.425429
412.612517 856.975882
410.623119 84.344318
403.534392 856.468299
391.405043 75.548706
397.698750 855.538303
406.328510 92.813536
411.227961 65.161468
407.481693 864.523859
405.553642 66.358519
413.359838 848.433662
420.872728 64.019951
399.698915 840.047226
405.109055 697.756518
424.273764 740.053228
420.412484 42.656499
398.354771 863.202050
423.720957 632.624712
401.047966 728.057049
419.676554 702.754089
443.085075 723.161187
428.892951 721.206314
416.400158 749.142032
417.314235 79.792889
412.341486 648.034243
425.959486 649.719497
423.513228 746.371903
425.842615 838.172784
449.845038 78.033909
427.331405 641.057976
440.000537 679.315765
442.760164 697.027681
430.781369 765.702867
451.551488 632.285885
431.490870 628.693893
427.892099 623.806645
434.675396 681.944248
426.003333 846.770188
427.916932 643.925534
427.199935 763.073264
443.332399 102.526809
436.880258 874.886076
440.550637 584.924801
443.384182 719.879276
434.920717 681.198849
429.482192 696.699249
442.680558 746.719771
421.147565 780.540821
437.376653 809.363165
462.221299 728.628369
423.362515 90.184800
428.818894 622.334020
444.316313 669.007736
412.996963 827.416337
426.898739 707.400833
443.366054 655.512484
427.289935 673.259377
454.022835 768.937816
460.285088 795.601723
422.590226 756.956047
439.285662 797.688651
422.358681 793.130027
424.514280 110.136624
442.191306 119.282657
421.985930 556.690812
448.095192 542.059144
433.000989 528.561557
455.040801 596.863292
442.540982 584.659498
445.350117 590.846821
419.205327 597.052533
430.846922 590.407681
443.144819 606.756926
435.461522 604.086571
468.394102 628.057147
424.881685 634.754036
417.034241 696.974843
438.114919 699.454872
448.493514 685.263178
442.063403 716.622319
436.728393 713.175949
446.894481 778.064542
419.174606 752.909600
433.765252 558.097559
450.600297 568.279587
443.360951 581.701282
417.778228 766.119625
457.525614 865.197970
434.963457 112.444836
431.438283 555.313402
446.617615 587.477779
430.639966 557.000680
426.715747 809.272225
430.438099 870.005927
439.280177 551.551877
459.326041 792.720636
416.616206 78.410361
445.178413 869.334320
426.805579 522.870217
467.447950 558.836547
431.346376 818.453084
460.066439 110.105868
447.473574 848.990891
461.202622 559.328838
454.988787 550.518421
443.641294 796.539739
447.657600 116.480709
443.820083 568.200853
477.131002 97.663209
457.832368 861.661540
458.893986 541.178422
484.583848 836.352261
450.365858 127.314474
453.379464 126.857352
454.340188 123.247726
459.250926 860.033359
449.056282 542.876680
442.426410 791.004300
485.459882 113.809158
468.570936 146.260322
473.284953 153.765441
464.872077 123.901231
461.740191 866.880861
468.487888 117.059498
471.734690 399.710488
459.780986 340.006153
457.447174 549.400950
451.446866 769.024481
457.403612 865.416641
456.779778 144.925531
472.601993 134.493495
464.781370 798.141462
459.842724 343.439974
470.060079 364.270601
463.651499 547.031080
486.715980 827.122610
484.052136 867.131201
473.612043 161.251588
454.401266 377.010015
494.115421 379.627611
479.505963 545.632844
456.564116 154.555066
498.394116 146.475105
468.945453 239.503998
490.827214 332.274124
457.349693 338.397696
471.135060 360.665216
483.810107 341.989605
491.227636 850.240821
462.943470 155.644593
480.522052 814.870437
469.338681 558.681905
474.829973 368.093682
476.187022 362.026235
462.465098 218.760561
490.083713 201.862825
475.295924 349.185414
483.538301 328.926807
467.668953 359.058882
490.619059 775.288186
467.921308 844.135028
482.304300 171.121893
468.030171 177.781384
468.072212 172.550765
474.331944 151.768591
476.286537 200.951464
494.160371 191.221756
504.037828 185.120619
472.682866 193.648405
481.528687 196.823571
484.999379 169.273861
451.103728 237.281447
478.676533 236.087869
490.259867 214.208550
487.632540 765.514438
464.243004 550.171512
460.690301 820.759669
488.106005 256.872074
477.610616 400.111998
498.785985 842.278862
459.392702 208.606150
482.345323 329.403684
471.785444 591.653175
477.257576 211.712959
452.868869 245.770042
472.393426 267.816152
457.493155 267.603849
469.681368 302.929798
485.138939 793.186320
479.397124 830.656210
492.611197 221.528972
465.529939 305.013649
499.930295 325.792531
442.027796 339.300267
478.899476 801.042252
497.031625 873.381330
494.072731 510.172180
505.342468 378.086350
489.387318 837.917886
474.240343 261.123703
481.172322 246.907594
471.850354 302.817371
514.307523 300.469537
476.717073 333.478999
490.470243 295.304319
506.693952 279.322780
506.202787 315.216719
483.015285 299.595463
483.493803 827.206677
491.996227 520.585236
467.206709 306.005613
505.630119 368.418730
492.794257 842.390304
506.560687 222.332053
493.908140 301.825695
462.833701 310.130344
485.515571 540.140157
518.110943 835.478716
495.801292 263.917660
490.065933 273.515629
497.157964 294.356152
490.102541 305.492071
509.560171 289.720328
479.636621 845.437139
473.438499 364.912139
479.322587 556.797986
496.360158 818.289900
495.259165 262.798640
502.932587 853.659294
500.238099 323.359343
488.323977 551.810208
505.477425 799.645471
501.513429 864.366303
485.628025 343.958205
514.250498 525.220946
508.769034 836.304575
524.246117 828.034964
522.677124 810.007005
518.311619 805.285560
483.105009 849.117237
490.633191 535.721344
513.954576 352.397465
509.833171 846.568426
521.057193 831.400474
496.538533 561.880926
509.010630 817.111361
516.356545 353.760278
536.165437 548.135203
520.889723 371.601101
533.376921 558.500256
524.640239 339.778337
494.217028 534.854833
524.054046 315.154228
526.329680 556.856676
512.584606 353.299115
513.421240 526.893583
565.382941 339.042304
547.755357 552.832734
534.797812 343.332910
541.129786 528.115964
545.593773 314.287044
545.145401 513.934565
540.363238 353.419896
546.513230 556.013357
522.766324 324.826325
536.171581 511.470167
570.187310 319.201860
579.481882 522.709102
562.087323 318.725217
574.359367 536.323948
553.422810 362.923927
546.414696 545.242252
581.626658 371.466941
565.507365 551.016404
551.484644 310.360991
583.191631 331.077284
564.411433 560.167786
556.397770 543.729246
570.340087 353.934431
570.615916 317.994658
567.138842 529.476104
565.282160 331.113692
569.199989 528.965800
584.496803 340.628023
569.347608 525.647143
586.547037 348.640480
563.559262 545.782515
592.438254 324.778675
560.503636 525.930207
592.636010 536.421526
593.557581 362.026692
625.218563 523.675712
589.869825 346.225367
606.252174 532.177132
593.549338 314.686010
600.830181 505.826564
604.220505 333.046901
597.150873 538.259864
594.759047 327.275039
608.659896 528.764562
598.324425 313.410579
604.790946 521.194344
607.506676 327.162883
612.244637 525.571983
614.889550 303.393414
603.281697 323.203338
615.050167 523.684851
622.404050 512.840552
644.698657 341.090714
641.033975 502.987152
634.143048 321.608099
627.991955 316.758287
614.819059 497.656936
632.077687 326.243729
632.829734 492.435921
608.161390 313.158313
645.141575 499.498302
648.867264 309.160886
657.221053 522.914782
633.395889 331.722607
653.387875 334.878642
655.270559 520.668065
639.736087 339.644869
628.973025 525.295330
639.143022 355.550919
640.531619 513.391241
657.630627 344.692617
673.872218 470.376146
667.654327 333.075360
657.172870 494.472200
682.031023 377.708092
684.822530 489.761770
657.369457 363.268004
647.324670 524.169519
673.022512 359.990889
672.018829 469.261036
667.135742 467.357806
680.536804 463.142247
660.135407 465.316353
683.587269 375.809334
655.978060 486.878870
673.835468 492.057597
678.543409 346.644846
686.113903 446.448837
679.341310 346.371919
682.663293 475.010227
664.757062 381.905997
676.247581 464.105783
688.652933 391.216970
691.817167 472.064758
685.133945 386.106519
699.624240 464.637345
705.492301 356.089167
698.064473 455.142118
705.273704 360.307623
701.889702 504.560782
700.771337 357.654805
700.281126 448.707893
715.997580 382.630122
718.944064 467.369645
707.414086 465.352187
723.096734 378.059189
692.199240 460.139630
698.087104 377.873086
691.965851 440.557522
702.271822 458.151900
712.301216 444.326047
709.837558 443.215070
697.107319 459.392383
714.548442 359.992417
723.634438 428.170662
718.098837 383.116427
703.837588 412.272257
736.771693 421.802435
727.644649 379.721865
708.720523 369.268935
698.713428 428.548595
724.709820 420.419410
720.867318 400.570012
719.715747 360.620736
710.517419 423.109477
737.701080 430.180549
714.173073 363.023522
742.760472 418.378563
722.554827 397.034521
726.452634 401.501066
739.503037 399.339873
