48.702300 567.460864
56.320328 572.011484
49.206215 588.871529
55.095566 588.048198
64.069618 587.856197
52.327500 575.124722
58.162844 581.622943
56.451246 566.790230
67.179597 604.733821
74.001048 563.427522
68.605179 579.569040
77.061504 561.493479
74.134538 599.818588
67.320058 551.888096
74.793631 592.305159
77.922155 552.673721
71.773790 583.978029
93.342071 545.069407
94.129332 586.808286
81.241029 543.070499
96.815516 593.688233
91.784681 531.455422
82.943602 589.931156
87.754534 542.665605
94.880652 604.424275
102.858078 523.606020
89.333471 576.501478
98.980120 530.435224
100.547771 590.275770
108.726364 531.524576
112.728674 94.716760
103.336370 100.851064
105.952111 104.049936
100.579545 110.798262
117.696643 124.797573
101.440899 603.098772
107.390744 527.313550
115.542001 82.816814
112.184020 124.738758
113.695429 111.134501
111.096537 592.289681
108.889094 525.479582
119.977065 103.403555
127.376314 119.332350
131.405383 590.107582
121.911077 508.295742
120.952440 87.058525
120.455703 119.099284
132.767722 583.674251
124.530667 522.961063
121.640129 92.285528
135.717996 125.570393
115.934073 590.534854
135.573124 513.853495
130.264614 82.459778
136.693746 131.100732
135.551006 131.110706
132.990941 576.338732
122.020188 516.531345
136.541844 80.145579
131.261026 137.496551
131.951884 573.739347
126.777087 499.996901
133.776878 90.274116
140.817468 125.222829
140.960169 133.028684
141.988600 133.934490
127.830050 497.958118
114.951030 581.124890
151.643976 91.398609
146.916203 94.390267
142.736590 158.401426
158.104376 496.831213
137.950711 577.762175
149.999204 125.193355
140.218813 80.250535
157.194328 508.494738
143.046771 554.965059
146.895602 152.066034
147.750159 80.527996
148.943339 509.279562
150.181669 570.377720
158.442448 150.486730
155.488964 159.062648
149.766750 161.514982
147.352182 503.994957
156.891149 580.358469
159.458606 72.331251
155.934606 88.925701
165.309324 168.897790
162.679640 497.885075
163.887369 577.197976
166.286430 161.491650
150.457065 96.844208
162.403051 489.029236
158.393490 567.992009
167.559191 156.869696
152.511781 183.174612
161.980884 102.425677
158.439771 488.783225
155.639413 576.602308
164.914062 179.685984
171.200719 101.624058
155.362626 486.202661
167.130928 553.240358
159.998638 108.448850
177.515546 112.672651
163.323268 175.565479
163.153788 120.901610
175.041975 472.691855
168.869597 566.789357
174.294093 189.115843
163.436147 107.272510
178.932036 473.231629
169.840878 557.901143
167.824332 190.348701
173.007190 190.114344
170.356110 117.225047
169.500393 480.327234
172.126199 561.610570
170.594465 195.536564
177.535778 124.024524
184.576697 193.567338
185.627729 482.589295
189.732661 569.784509
168.890744 128.681128
182.629387 200.899802
187.744851 473.300991
186.739549 540.400892
195.059568 120.382684
180.873658 137.039254
176.898275 220.704316
185.367644 479.536027
186.477948 555.105368
194.305892 204.572089
200.138251 133.439236
205.962743 475.501178
197.239207 541.278691
189.142561 208.156854
204.681277 142.077413
195.439171 458.371371
198.561457 574.175406
196.882505 207.052544
200.095624 147.289103
196.984460 228.414571
198.315133 219.786337
202.647035 472.295894
205.136874 552.639987
208.305754 140.689177
213.984238 218.734805
204.741818 465.425926
214.560309 548.245223
208.020918 230.080503
216.376357 150.413333
208.609437 457.865293
209.176571 545.807518
206.077796 222.270997
218.503317 145.676470
219.160866 449.143705
200.401504 543.529850
222.938021 160.912398
209.183109 228.813347
232.939136 536.574643
217.272800 237.113371
222.750274 448.003718
223.778561 157.244794
211.010689 553.652618
228.941214 251.462769
218.633267 252.425464
206.828949 441.468480
223.098400 162.542960
225.622174 247.753996
216.843740 549.225339
216.873393 169.311483
233.962549 453.270246
226.009151 251.742997
215.987156 541.585551
240.739131 167.239430
241.062372 446.929655
231.220361 246.179300
226.311135 168.630692
218.777214 535.960741
242.818019 438.413792
242.082535 179.100835
233.836603 269.841566
246.849527 533.574786
225.923424 266.504097
230.234089 449.290414
247.016704 178.381127
230.074435 532.921842
238.724081 265.111460
243.627240 446.050364
250.879202 179.831679
232.157395 518.985251
255.529149 169.842315
233.079135 281.677060
245.625766 436.065052
234.007500 270.557769
258.302687 514.225075
252.319226 181.263343
250.266406 439.626833
250.733591 284.479857
248.573451 276.958869
254.558744 198.343203
242.418906 536.311536
266.708607 443.242664
259.537909 285.142473
253.153480 510.125352
246.394343 180.861082
252.496326 437.876702
254.572106 283.129706
254.017334 532.311109
275.398489 186.115198
257.904048 443.685885
248.025804 284.075253
260.392145 288.291874
263.721133 527.043356
259.708097 197.614857
264.394997 446.013742
263.779486 292.231921
256.544902 522.255511
259.826032 200.572082
267.515964 301.564410
271.037525 413.923042
275.797531 514.820550
274.522447 189.017882
274.166147 313.239047
277.046172 439.315248
269.052420 519.053445
268.037933 190.701039
275.091430 300.671024
271.550934 316.562057
281.040421 312.847869
276.925008 426.389910
275.450169 519.102656
267.202839 194.212944
256.995468 308.191762
286.718856 418.541824
284.892537 534.785049
276.507629 201.930426
287.640860 319.708385
274.579142 411.368143
275.281503 323.159797
293.125486 531.003435
288.653370 205.002806
279.457073 422.730475
288.193075 205.407795
304.034280 319.521157
276.545339 514.720013
293.518401 430.499138
291.372262 328.230517
293.400376 199.708215
294.448264 506.137304
299.420508 423.097706
302.011404 336.416066
310.511786 205.939136
295.939846 518.071365
309.764995 408.327498
296.243223 215.513099
298.801417 329.462124
293.527681 327.545668
303.069142 517.751464
292.650482 404.621119
317.418597 204.257579
302.000060 335.269010
304.008844 386.758728
314.377794 507.820775
313.715410 221.168131
303.004298 223.889228
312.744173 347.346876
299.186916 409.271156
304.828157 505.403190
312.750181 217.165322
310.965555 345.711988
319.799000 406.160732
318.909290 496.618814
311.635088 406.993494
305.424560 220.669137
323.210306 221.340225
326.813162 339.191920
316.793172 495.854819
316.866075 226.976375
317.242623 347.857728
307.097054 399.812182
309.241009 501.074853
327.641472 225.393307
328.108193 332.876615
331.529849 398.367177
317.631310 487.919196
328.071371 231.365332
321.978082 350.797536
321.984091 392.685544
331.602652 496.714713
317.300262 232.745428
330.153802 355.135226
332.066752 405.723063
336.726855 489.814703
343.898096 239.523203
338.598775 358.555565
347.330787 397.217032
345.689120 485.914511
321.860769 235.746691
359.909137 349.533869
337.175765 234.721706
329.199176 492.878969
333.395997 383.148426
352.752630 351.850802
349.555577 240.693945
336.870327 491.833130
358.960858 373.045168
351.709544 355.581224
348.065337 248.067722
327.949468 481.382305
350.465126 383.840720
342.067489 247.390198
348.123717 351.968085
357.985051 367.537872
347.023546 485.634072
343.466741 252.941188
353.106542 486.872580
351.888242 243.030762
368.782549 258.678661
361.916963 476.982492
366.942797 260.474481
356.967064 477.129640
361.332855 266.095908
370.978073 466.476100
355.241779 268.330087
345.786964 474.777305
382.746510 266.965310
373.789073 470.532972
375.413908 274.381475
379.378419 466.203494
383.038714 261.151243
415.612203 460.226885
396.913266 292.714716
380.933767 463.975620
399.173206 271.451365
396.746069 453.019664
391.550312 271.164167
408.666368 473.564926
388.782793 292.209653
404.462098 466.785120
404.659863 287.734359
410.007951 473.122568
412.787057 278.580016
410.772920 468.281617
399.417348 288.808750
420.845913 456.115434
407.516582 289.989737
430.005475 266.716035
409.545997 453.013466
416.078488 473.580680
413.711169 481.874066
411.577286 292.444073
413.935076 477.142405
425.551429 475.332276
417.745610 498.313014
434.625614 483.480412
429.604474 283.714166
418.130327 496.533721
424.467347 282.497052
427.631527 492.350154
421.649076 498.812776
418.590828 503.694850
436.613468 514.170571
425.915473 518.000513
447.798888 269.878230
437.624133 509.103357
430.907746 510.032840
450.003977 279.025205
429.873296 505.712083
424.779027 530.519775
427.147328 530.651988
437.324871 286.565147
428.569998 533.688652
427.977894 271.667702
445.437907 283.732492
439.215455 528.378741
445.599000 533.010358
450.251245 260.621828
461.833886 540.574506
441.836167 548.280468
444.115938 550.199943
452.535583 557.427833
450.489085 266.974171
456.733128 555.274938
455.357517 563.742612
445.963292 567.436753
453.217465 571.348528
440.022417 258.439254
455.992643 572.289355
445.727682 258.396860
454.697031 577.241180
450.571424 594.265936
455.972745 580.169893
437.846691 593.582803
450.793055 594.607995
462.013673 587.632041
456.095645 597.936540
472.089937 601.799662
463.718851 251.402017
452.780060 600.865795
461.430702 604.816044
465.891430 610.712687
454.997745 611.748424
472.314217 264.588702
462.431257 610.052483
463.850793 631.150569
466.964262 618.901986
462.445890 623.108832
452.817311 249.805692
470.906589 628.940819
468.709681 235.075482
461.703664 636.305098
481.705544 641.648443
462.895394 650.520640
479.365263 639.289163
472.211281 648.063124
477.389375 231.810497
469.041469 657.715516
471.623056 656.831896
477.862962 653.632792
495.483038 686.616249
467.203142 223.275136
483.236804 678.683491
485.487106 681.339881
475.771690 682.841334
471.269148 683.925788
492.336986 781.046732
481.556413 778.362078
487.171797 790.135657
490.584277 782.201705
499.928396 789.788272
497.098223 797.812942
469.038129 794.612802
479.769870 235.435108
489.084521 799.865775
491.580366 691.803754
467.448606 751.195288
490.995701 212.921634
475.132896 709.107260
493.816988 706.515099
488.496815 710.267729
485.567194 689.282561
488.738053 702.090071
476.011826 710.055428
485.677762 714.397849
485.892732 710.618461
490.498012 729.491212
498.318696 734.659024
489.234026 728.608214
495.220702 729.062315
490.702877 749.128072
496.071460 747.188179
498.774723 751.735305
492.864780 753.802030
493.561517 744.149678
473.756576 760.033388
486.087068 771.796129
476.350643 805.813819
480.850668 813.945180
492.571143 818.141487
496.366098 226.833207
494.131651 816.386630
501.766096 220.974095
483.906791 820.814608
503.049319 220.409584
493.416943 810.540269
513.941763 220.831473
500.425524 811.858011
498.088536 802.493244
510.026030 214.481764
514.981305 801.434729
519.214443 448.682985
521.591207 456.529836
494.703931 201.322694
512.428545 456.412754
506.431526 444.458354
518.672328 791.357221
509.309726 219.316729
517.939482 466.814743
523.068354 339.331752
512.695934 474.918445
514.459796 479.147779
513.713967 448.380566
519.949759 477.456248
514.995369 783.771630
513.843816 205.209964
511.626484 437.230895
508.482559 334.603996
519.087360 338.753754
519.296305 487.204787
529.371983 475.824243
521.122514 779.622439
510.619742 767.129858
528.084221 791.967368
539.763908 779.990949
525.740835 773.025495
513.451495 352.534893
520.742247 466.949153
530.005343 201.012011
525.116367 338.488895
507.689655 454.144889
514.876224 763.756746
522.255329 367.035589
518.829965 490.501944
536.739438 499.100358
513.158412 747.577455
517.839239 179.303042
526.369785 327.794766
533.387598 440.960713
517.044083 496.725277
520.821861 191.758970
522.906959 351.024810
532.331208 756.744772
524.967872 327.160361
528.479603 456.998634
530.894508 496.613340
519.438200 499.908129
529.781550 759.802398
541.424871 506.567086
508.086064 351.469668
532.372099 171.401318
536.768785 331.514262
541.979332 447.700811
524.357273 754.645426
532.992376 520.263703
531.788457 529.737377
533.086552 514.424741
516.215873 516.451544
540.152020 530.162524
533.104239 521.804028
519.277879 714.579905
535.241106 704.260663
534.187597 722.743866
524.839685 730.635951
536.921574 733.388531
530.848266 725.845694
528.418722 744.938925
529.365398 356.450396
534.495591 184.382806
529.227885 326.380238
542.960656 449.251824
535.312365 531.697637
532.741214 715.726596
538.390117 353.173702
551.240089 532.928264
549.742656 549.982470
551.969689 541.230620
534.301284 538.646692
542.524008 544.528031
532.180369 551.959228
545.565867 557.714326
545.611750 563.740921
537.143150 712.931220
530.763130 172.572612
540.122530 311.065087
530.654279 465.836396
554.892208 351.082886
545.417305 570.173775
529.461400 699.317269
533.936928 163.609078
546.042394 321.539671
539.184102 462.724013
541.090751 562.297136
532.752749 577.257210
543.901290 592.610204
546.893744 580.831232
540.607248 597.058728
538.906836 613.359644
548.529516 597.980961
542.324690 608.323489
535.300359 611.896785
546.982270 614.429326
531.105857 625.217399
541.399815 636.428669
556.148807 622.446720
547.473048 633.913242
530.186085 631.772305
529.494725 635.686469
541.796123 637.408083
530.625792 639.040534
538.104970 642.527114
538.043150 647.535856
536.037050 667.114555
542.962547 650.818841
546.278356 656.187411
538.719095 650.450594
547.614676 676.786080
543.543530 660.425558
529.407371 681.216600
534.384407 683.028489
547.335992 688.332128
547.573745 684.192239
540.998683 690.739580
535.330552 569.229659
544.453514 363.812481
543.457134 467.113595
545.032331 166.337636
540.577707 319.341332
550.955973 352.504583
553.209897 308.892254
548.543868 457.812317
546.118898 162.269370
550.855684 456.607014
546.424386 353.359119
550.157476 313.312825
554.938656 158.894588
554.620002 463.329588
546.664963 358.795124
567.480549 312.310717
542.902260 155.617766
555.001293 300.511651
565.688806 366.767466
554.836945 472.945860
562.427607 138.965343
553.906894 270.230485
557.135691 286.697526
564.316438 359.416944
564.722510 475.355461
556.829465 490.023750
572.680850 164.115913
569.235411 281.116263
580.980619 363.267882
574.927805 287.380596
578.032259 477.910768
573.777890 147.090265
558.378572 370.891650
587.592800 279.991270
558.967561 483.522160
581.530773 142.087919
574.304305 371.292511
588.741215 274.341003
580.584365 262.329628
578.869566 468.538047
583.169462 139.894002
583.732482 372.416723
578.918075 474.354331
584.023508 258.866463
580.394238 148.399228
578.222427 375.704799
592.988028 259.886493
588.314942 484.226494
583.675955 141.946857
588.753648 367.133728
588.967344 260.344708
581.008544 487.374775
585.888906 135.167123
597.171390 370.871359
594.112401 240.733748
601.223809 480.737920
580.805275 152.278016
600.064569 378.548362
596.042215 245.591133
597.996200 484.834047
598.120498 140.769581
598.875343 362.701628
602.707512 249.777917
593.077178 481.474969
605.295596 129.971315
599.127312 377.723628
609.278769 245.468928
606.166700 379.542504
608.337641 484.958696
602.324944 132.363254
602.080849 240.433828
608.668113 376.031447
614.825661 474.636845
620.011608 137.171929
608.557578 480.294234
612.764069 229.491589
619.689476 380.165590
612.993930 112.475981
606.998068 476.034026
603.585013 231.911187
616.135426 374.370361
619.720894 134.219530
629.320215 476.891089
618.640111 226.785468
614.192253 398.401839
611.529744 112.702598
618.696539 474.626511
628.721009 222.701692
616.950490 401.085130
614.302898 126.204204
622.279746 493.972921
633.433150 219.282499
622.003821 376.775454
618.744022 120.316892
610.909533 400.573028
622.117023 502.452048
637.521846 217.929468
624.764610 112.219553
634.886964 396.571296
621.776320 484.791306
648.404224 215.146832
629.563004 123.165083
640.063837 387.917631
647.371509 487.071786
630.631108 208.127948
640.360828 388.823942
638.409416 104.345673
643.246427 505.108747
641.738857 207.431633
649.775368 418.335699
648.713863 103.666825
642.821939 490.596884
655.825218 208.159689
649.570690 386.133920
655.653977 103.639092
646.689848 482.848704
642.760450 192.726746
649.425481 423.470792
658.462043 104.548214
647.517357 494.117147
637.418041 188.515852
657.010585 407.319073
652.106741 102.949894
668.435907 403.176826
658.024917 495.770069
639.091134 198.777556
660.109598 510.159879
672.747752 100.589981
652.937307 401.912516
662.919134 175.730626
673.203642 495.723167
664.830425 117.750502
669.394302 175.880807
663.327554 423.483363
657.880984 513.818225
676.654138 92.957802
665.732428 170.510616
674.159445 418.535793
668.270736 507.998246
682.382115 102.662979
676.607127 177.420342
667.074272 193.816703
662.609272 418.358196
671.585962 417.847415
668.302592 504.041530
682.626000 108.291040
681.748376 168.195664
669.431083 404.492100
672.633038 486.946882
672.646269 172.241141
682.288460 91.191433
684.007227 417.602691
686.953681 499.963040
678.673304 165.206848
683.813358 86.642493
695.057573 423.606606
694.284385 502.738934
681.686821 172.821915
689.405118 174.762136
687.661291 84.687550
692.488163 424.328092
686.868275 510.218912
687.418035 154.223797
695.429850 78.614336
699.829204 420.064395
697.468731 504.877639
699.508268 168.141105
694.950080 93.964956
701.861851 422.217748
689.885573 509.821148
695.332729 144.434142
699.970913 439.706452
694.293732 104.521590
700.084315 506.576662
709.605294 147.039700
703.346039 444.054401
707.667926 90.589302
713.320923 496.923583
707.906206 435.732697
695.005733 151.904530
718.212170 88.926176
705.241079 513.253746
711.180249 445.977508
726.669523 132.325243
715.832584 90.170771
719.107280 494.417209
713.159180 440.139757
715.204546 89.979853
717.432333 152.044277
718.970867 515.974230
720.444691 447.545414
727.472394 74.667779
738.040690 148.666055
731.694255 510.045973
724.431548 444.237372
727.615125 83.492974
731.262205 133.060022
710.648298 528.392402
715.791855 422.396139
717.012485 72.680022
732.151958 148.200694
733.982000 507.328912
724.026535 448.387549
742.938253 71.041057
738.819037 149.044872
717.833579 496.078719
724.413571 114.024040
725.467927 438.675397
732.697569 82.832103
726.895665 519.122603
742.478957 113.066731
744.121922 425.109297
743.519510 75.550301
734.675819 506.354415
752.658738 130.200721
736.652139 444.790698
735.549595 77.355055
750.803160 133.532094
746.284942 532.150477
743.059933 110.574534
750.668659 445.509269
751.627726 71.148768
745.366537 125.939886
746.431037 515.918234
748.429276 453.737572
746.322938 458.349658
744.111177 78.601468
755.288143 122.146902
740.599426 517.939734
755.991122 460.048236
746.955964 67.046435
759.242388 108.726062
757.594692 510.707628
755.929856 450.849526
759.914862 72.764487
763.595956 96.330114
757.445632 520.303665
753.825259 455.910503
753.548911 70.566503
759.390816 100.665357
760.473503 513.297512
756.165170 454.100973
758.936276 71.596650
769.855066 93.519104
787.066672 522.837214
777.059275 74.912332
760.700208 65.454103
762.072253 87.718938
764.860541 76.245145
767.383608 90.946919
771.858583 451.649907
768.431379 523.286910
774.685809 462.826930
769.017465 506.697778
773.489165 453.739022
775.826520 519.029241
770.185485 453.612423
782.123164 522.579076
789.740063 462.429116
786.801783 507.765506
794.172168 460.500960
788.602624 512.768491
776.913855 469.760727
801.366604 512.723391
789.984582 466.319842
808.169348 529.621121
795.797344 458.905610
799.719166 514.872924
802.310631 473.460006
812.243079 510.476939
785.962795 456.040890
813.853183 511.868838
811.779824 467.166097
814.922913 455.406103
801.216007 512.951534
819.458103 473.205053
819.694463 525.373493
826.016843 474.848784
822.533565 521.291887
834.299901 474.641171
824.274112 503.573884
827.619203 473.186004
835.247083 505.774239
826.047307 466.822417
828.396638 482.919853
844.033815 526.861988
825.154970 485.512407
822.120627 510.036163
850.484454 475.788599
836.072391 513.085094
860.088609 473.553626
834.350939 498.042551
860.345641 484.904425
866.588860 517.974707
847.554279 488.266467
849.781006 503.300049
857.021883 480.814580
856.775934 490.739763
859.818612 504.514830
847.061818 498.322003
