42.775079 764.123376
43.697710 729.876443
43.447985 741.886191
39.073465 781.818839
36.248869 770.981842
33.622573 785.126409
75.286519 767.101935
31.354424 778.825107
56.332317 784.988116
46.354884 798.301957
69.467839 826.144929
37.806627 788.773607
47.338196 786.249235
27.699473 766.368796
56.788319 722.295305
18.325542 850.786748
54.707143 489.461314
44.420991 498.025519
56.038993 474.817478
25.192368 496.827844
21.522080 477.999328
48.869104 480.401153
59.269451 497.438726
26.849181 478.274185
51.172471 464.908282
39.800884 537.290574
64.115567 507.728249
35.957434 503.428161
44.638065 506.337739
16.261855 505.726770
72.833783 538.275302
32.934564 535.831748
38.788164 504.304492
36.839462 497.203640
49.303383 543.834964
64.832103 542.857742
7.193027 719.584006
70.211510 725.815650
44.674024 803.058059
38.566530 834.007302
65.415931 856.136703
65.114826 827.832721
64.165256 826.337770
64.822504 478.198595
44.858293 538.293397
42.676082 735.368935
55.229460 444.539676
61.048594 453.985324
56.602249 444.022585
36.092635 696.965767
70.852294 719.143569
62.904588 802.703918
81.524309 844.817505
69.857502 550.151074
70.216737 437.925845
51.138685 691.051784
63.637969 852.520914
84.741419 498.275150
69.001053 418.335134
65.874222 552.394109
63.234793 751.436107
79.174471 797.032424
64.675967 438.848835
53.142575 550.898108
93.633059 710.948811
101.817107 414.239805
43.386462 670.815065
72.548806 716.899346
67.917353 883.488279
68.227083 547.815533
47.891978 429.032457
50.975952 684.791606
55.816045 828.315719
71.968553 569.189375
85.824683 863.049131
54.328491 413.257400
49.384272 652.968006
37.756884 542.295218
82.096860 843.498813
80.625192 877.259244
54.083838 405.704899
93.241042 651.338527
68.957922 567.962190
89.570209 874.960525
55.353815 389.850154
84.942491 543.925039
72.263062 864.350018
94.383399 872.034821
80.553321 650.899166
51.573547 458.089944
90.745774 593.260869
120.920413 896.382472
81.183822 382.736360
79.038013 648.485099
98.038852 883.130837
77.246383 863.896002
70.200473 933.407533
85.745109 578.097175
93.348311 374.326378
94.821206 680.328862
123.684150 891.924992
102.637067 601.737509
94.249662 896.780665
75.353456 912.831211
116.255823 399.782710
96.277559 668.922233
96.501508 566.465101
76.463574 887.275492
108.889964 377.389223
104.220070 908.756495
104.403622 685.682357
73.368308 544.132958
79.656709 374.927070
101.875617 553.964299
83.742639 906.912126
102.083712 748.527519
78.972714 375.466955
98.017885 584.096263
122.881190 930.152243
122.475530 694.131600
71.264573 930.488247
75.521074 928.412943
122.383216 402.935589
137.553182 570.602213
99.330371 709.380189
104.406859 968.441415
110.382392 581.265267
98.533661 922.910865
141.023898 906.881667
110.411074 365.696619
132.332662 679.325314
106.820969 602.241587
123.871873 944.152075
107.338622 392.903256
108.603998 675.363628
107.284786 925.661513
119.604047 608.663390
136.539513 403.587984
116.547512 714.301683
94.682520 937.188554
106.544129 948.677828
120.357184 576.389838
124.183518 354.581145
159.334580 961.829995
141.319253 686.861766
123.593891 609.727706
134.297413 957.305940
119.277317 366.616330
135.651994 687.149651
118.169968 601.966805
117.219531 954.100245
140.686452 394.847218
139.644636 709.541958
131.307898 596.150468
157.992525 735.172825
128.762956 951.215812
159.790221 364.038750
137.899904 563.074042
168.530534 711.506522
137.282301 957.156035
136.297990 395.119817
132.592223 620.354315
147.697646 687.700953
145.805496 954.519556
123.647993 340.463516
116.587900 713.744847
166.627239 611.029605
129.885475 995.176967
138.890873 378.236764
135.886685 725.845516
162.489377 423.193011
175.219932 607.572788
158.564563 936.496424
129.384095 713.026706
153.331769 388.122856
147.334887 588.334790
139.153663 952.672931
118.221046 717.705145
165.613981 409.319737
175.576796 588.595387
166.763596 966.885710
142.874257 702.526474
190.268253 389.268984
175.770071 596.061680
171.595145 953.680362
170.812120 727.676859
157.644452 737.982591
161.301462 711.988232
199.323087 386.823175
164.126001 601.059626
178.404315 761.125495
166.097201 946.411534
173.026120 614.137765
142.453746 397.093672
149.842738 604.116997
161.584373 740.222727
155.107800 967.903381
160.036653 1001.236529
187.449566 599.976248
171.155794 774.115896
147.987597 396.584533
184.372574 408.634040
156.107015 403.652665
176.781594 763.418953
197.383389 983.299216
176.493638 274.827504
184.652553 232.798450
196.683176 279.055756
166.214842 287.615758
169.951023 282.668099
159.023372 301.579874
189.324339 292.160417
214.368142 290.889308
174.398613 306.257890
153.470764 265.814310
162.622449 340.984992
174.189482 261.704151
198.823216 288.420774
178.754844 313.502615
175.868442 327.808431
193.143796 297.185569
185.843319 636.302324
196.964619 612.646354
154.368752 396.225305
181.856904 419.448588
175.737651 761.860504
208.585677 334.266325
159.848765 433.974525
161.284051 610.236625
185.637704 744.560926
173.533613 969.965152
171.449819 263.705903
184.409972 246.797836
163.959374 249.346203
163.869607 317.388425
176.953966 614.982327
201.220927 426.925837
187.816115 387.483344
186.733599 434.742587
176.527673 745.560278
166.133229 957.674756
202.922046 434.359518
185.698654 258.059613
180.985316 227.774468
174.366055 343.873874
192.176556 656.135967
179.383298 764.946442
210.099783 988.348265
184.022358 404.518039
184.254330 443.378765
188.843642 436.339717
170.664668 207.284518
165.982930 318.802647
197.044201 611.189842
164.804940 746.682029
200.433594 955.146665
189.251782 481.748747
186.480537 440.160149
179.293623 224.800835
213.069108 328.341644
207.540828 457.710419
189.384778 629.849776
201.826003 749.269619
181.788353 970.843096
203.449092 226.826705
192.307949 733.225090
206.572936 326.604752
207.160018 418.234115
204.914408 609.104498
210.174294 985.880498
202.972028 228.340559
201.304922 812.558546
208.060173 642.569067
207.318324 338.291175
192.392217 452.890812
204.859817 799.432361
184.735354 983.934335
203.774258 219.374330
229.654873 776.130691
189.930498 642.883758
194.191493 325.991539
209.009088 425.408894
204.181127 620.820749
184.061067 677.145840
199.646903 608.113420
195.516548 630.671514
183.478462 210.274830
214.732373 1002.324808
220.089257 802.915559
235.078963 678.450670
202.563787 310.940708
218.718319 472.374183
196.216830 785.322165
193.877162 179.649476
197.032531 659.316281
187.766040 687.536303
223.756747 678.744740
210.698487 991.692088
241.524957 359.406396
228.389870 459.652162
219.461803 798.815786
210.707043 208.417728
197.616756 650.429438
208.098045 985.264908
210.278336 696.118088
225.562586 682.291156
240.183920 689.021936
201.443159 718.916000
228.490478 673.096587
199.064719 688.707920
218.491725 715.462567
174.351266 743.102191
193.509387 704.335007
190.055302 618.606380
217.306086 717.435078
211.733833 726.524683
215.133063 708.763543
209.688080 730.548446
172.785266 699.151131
226.971884 715.724622
209.366563 752.657801
225.461192 726.046023
210.516336 769.965428
219.633336 796.094430
226.277228 773.596649
216.231709 782.661200
184.971669 738.555825
219.973285 790.036026
253.913219 763.125306
211.402805 773.169799
230.952428 750.554773
202.607629 310.582727
223.965370 451.930820
181.608470 192.226760
204.192041 976.687259
241.398542 308.289281
229.594884 466.413732
182.096867 179.798340
215.537626 960.890665
225.775594 196.934480
276.655976 343.621882
203.941471 418.407164
207.994635 979.680865
230.528186 149.640483
229.043956 301.054288
226.562339 455.099957
238.224774 956.304960
249.792671 331.143050
244.258415 200.749254
223.575396 426.812175
218.589452 975.698852
233.678751 353.405564
262.604743 166.188191
236.722264 442.192231
252.565598 996.666129
242.808873 332.021906
274.187895 186.549881
264.851509 426.348917
242.127286 994.472314
254.038547 321.273263
245.954574 184.753338
249.937719 395.876661
212.484177 996.778969
253.140967 334.838713
247.634269 204.730302
234.567147 479.233944
256.500556 958.879116
270.344382 348.907338
254.700629 185.816068
236.595299 434.107457
259.402267 972.877155
226.921083 167.980433
257.241603 312.275534
239.744009 443.654467
249.774990 961.713732
251.777860 202.413228
251.268299 332.605552
276.140807 342.473000
266.620927 358.109371
257.541251 424.641181
267.860384 976.802862
249.359158 158.870005
261.329923 328.340996
236.663009 437.144430
264.224137 966.695914
243.836468 335.225430
253.365654 360.877015
259.758301 187.730187
272.064171 415.388406
284.204338 990.016562
240.180488 347.738935
269.964600 181.332251
276.216197 364.075266
278.329790 391.962046
282.762607 463.246641
262.459342 957.460707
241.584852 190.050908
261.489670 371.661245
276.668101 387.106740
280.920429 405.197611
263.740909 423.674754
256.287029 937.729766
274.755030 194.214335
291.127964 366.867219
300.756347 414.748405
286.528189 942.418050
276.781574 146.444470
282.680717 394.309611
293.935894 441.916835
286.773868 964.127888
275.949681 186.242984
280.894105 389.133403
293.923539 429.476676
303.191281 999.274436
300.223201 159.605421
275.255131 390.550941
268.394125 126.024474
314.898690 106.832881
316.251128 99.041897
311.409436 131.586990
321.339040 151.050320
264.493864 159.813820
286.081660 146.542357
279.720994 92.742051
325.319876 151.974226
320.158716 150.818300
290.798913 150.860155
278.916611 154.634715
280.440926 146.385482
285.681694 417.273122
295.429248 430.758154
323.035558 972.345180
295.326738 119.986880
296.941978 42.048723
261.885887 78.953960
314.420294 89.416043
300.752385 96.014392
327.590037 108.916361
311.115666 368.226708
288.886309 409.369096
293.810233 955.136564
307.874519 420.834088
280.842626 407.303259
309.581579 81.777414
321.475424 919.280577
310.692919 69.005763
261.164689 46.619683
309.889859 60.860012
296.345486 409.981660
327.233452 402.310057
303.806838 408.365855
318.375980 414.301505
326.842148 417.609124
306.891406 951.238550
288.061871 63.701252
328.418737 83.765046
329.476354 944.316557
327.323465 71.113702
331.160577 935.854820
284.666654 45.106234
295.699723 912.041285
347.412966 63.627672
331.793757 922.622147
319.929145 23.253383
318.574653 902.457813
337.598218 933.605072
318.330075 53.823497
317.675934 944.475187
317.631350 916.181242
325.235370 45.428003
333.732765 941.574076
333.027072 49.244359
322.598063 915.361849
362.103945 87.766466
341.962007 928.816448
345.132178 31.318722
363.225786 934.984277
365.143270 67.458415
348.758231 906.981708
330.770178 71.695600
352.621002 901.069432
353.500238 13.584730
353.789345 894.713046
383.972182 61.635192
375.102356 54.642313
373.836887 904.208101
366.679900 56.858778
377.309523 946.069561
365.895972 886.327291
356.300266 60.842086
398.467216 90.923298
407.261582 37.552988
356.591252 926.646190
370.665911 68.651384
399.104381 897.191090
375.809143 59.530476
388.660784 924.032727
353.910629 68.874979
361.289580 933.211388
391.394534 51.971123
423.299361 64.094474
371.395146 896.403652
382.148990 69.600843
371.321654 909.342261
419.414171 97.265496
400.779376 926.105988
393.660975 93.911191
383.946481 945.884411
396.140183 59.428226
371.583289 881.579415
405.415388 83.967160
410.092704 912.404514
407.735962 950.747671
411.461389 92.131057
419.315975 952.793023
413.675685 79.784903
422.657115 935.067839
406.770552 83.085729
401.880030 950.475145
405.929417 97.721325
418.370636 932.170576
428.169267 85.599876
393.517467 931.817242
426.805507 105.510338
461.924098 911.668974
443.537923 101.897406
472.179392 951.654903
430.205892 83.749103
426.954708 918.290392
468.615401 76.137967
409.576118 973.288289
443.000179 94.814474
460.117211 962.674893
432.780880 76.709682
470.317264 947.205554
435.922369 122.851979
448.169501 924.850461
424.579370 86.764320
468.862433 956.029184
465.354525 92.341101
480.923780 944.463428
461.531655 73.079218
471.019210 969.908463
488.350962 77.364847
480.018558 902.770115
474.677390 80.817449
463.397159 938.965718
472.052877 87.787103
450.131849 924.193257
463.315240 80.849352
498.404091 957.227682
482.807188 80.952432
489.481283 941.530871
493.772280 80.257109
510.597719 947.700566
503.188164 128.125164
491.344697 964.882520
501.138687 50.593679
489.615805 935.776722
500.991379 72.429253
500.223746 932.294665
521.911139 75.951164
489.787506 947.671800
491.977521 88.235456
506.460627 990.600816
532.108423 46.063363
505.996337 918.219101
531.575554 82.476279
554.488053 958.977640
539.832444 71.443083
510.439299 973.599836
549.298378 69.625042
516.356064 941.520854
531.022342 51.247555
525.928104 917.530788
568.887285 86.594424
527.304931 972.917206
552.082267 924.279807
565.913999 928.557669
534.413314 65.602802
569.280063 948.125837
523.498619 897.644106
555.733249 61.852929
571.338240 890.982394
575.078997 94.267242
575.896924 940.977822
563.222992 85.901173
540.698266 903.387404
538.069333 71.394821
548.159715 952.505045
562.329353 53.773990
572.912580 903.961520
578.262798 38.232983
552.988054 922.625847
563.663180 53.731069
566.424253 914.763722
564.786206 60.246878
558.753556 961.188608
572.651710 45.154843
584.203719 937.909518
580.581140 40.001685
580.400820 919.904754
568.340227 952.578103
590.332323 932.157162
592.105154 50.287047
566.705762 921.364950
596.221599 78.574768
612.858195 952.094175
562.234224 71.769047
596.188441 956.174981
610.486400 81.538890
564.861157 951.569952
571.028661 51.556722
583.447906 936.418328
604.118981 30.478282
569.522345 957.290771
581.752441 43.310800
616.475825 954.416360
582.556012 101.069568
607.012286 97.114487
625.023266 951.178407
586.601135 38.679232
624.003706 87.367928
619.289317 91.801345
617.810838 925.628583
621.335789 91.034966
637.020690 102.972883
611.898982 318.728086
602.734519 339.806674
614.136858 278.279680
598.752802 350.813681
624.929978 376.000702
596.736578 333.084336
612.777400 373.051299
621.221908 316.200537
615.378314 370.552138
609.753270 388.416308
623.560025 361.713313
608.814062 399.714772
592.413342 390.304612
595.774129 389.939767
617.924296 370.898954
621.180709 343.097816
577.426482 398.136453
609.111034 358.287900
623.999578 381.974021
605.338736 387.745232
628.753566 951.618184
647.246087 109.076015
610.533511 396.443044
617.640985 949.830925
604.493564 318.407668
611.254000 93.652780
597.999258 439.313866
621.188374 71.724690
582.962696 411.249996
621.546563 946.339204
661.495576 313.067282
618.901481 116.808907
625.956192 404.073511
599.977669 944.751309
600.808518 366.808145
632.752862 957.589100
634.264266 135.858652
614.751316 445.660373
618.426431 329.842231
614.261779 114.178917
638.079125 429.054182
598.293850 965.461822
626.662420 327.891062
644.719491 142.435499
620.721558 448.659814
642.249598 989.686049
640.974809 128.502345
627.158913 326.178098
613.499988 109.301704
635.219221 426.672215
615.175959 934.184035
678.480858 125.037802
638.725505 329.445046
649.801738 954.478498
600.381379 407.007927
651.719386 113.495903
638.186550 139.758508
637.868918 322.297990
648.835711 982.832872
650.686206 389.544959
636.956037 988.121079
634.333084 138.201131
665.723100 336.591684
640.147357 422.140004
669.059828 976.653399
633.901853 175.312923
650.776690 140.014740
641.859325 156.785179
648.760364 339.487751
635.781800 147.924626
671.551829 410.289484
653.932135 974.861124
643.670901 327.052314
649.060229 171.466998
659.678284 395.514955
669.747232 1008.164689
640.900831 149.460997
642.793842 311.285956
645.365573 441.211918
648.925274 1000.321454
644.738732 199.169193
681.890227 295.553098
667.346519 401.743626
685.956680 977.831689
669.496014 161.805034
688.386289 319.047063
673.033936 157.964303
686.747528 418.661518
672.197381 1012.761692
665.967429 347.649072
692.290007 167.544036
656.097973 429.454950
684.895245 964.405629
692.266804 302.930709
687.475674 1039.998778
700.524030 177.715159
677.937222 451.233295
676.183860 285.658207
655.423805 990.169178
677.427737 171.311351
690.948355 407.696922
702.662074 305.588906
663.302428 992.655742
651.345289 142.429871
670.378724 442.608708
671.163322 1016.802046
695.433474 289.266705
692.766462 179.744226
702.597499 448.554092
685.712439 996.105547
662.475761 175.955122
679.004772 266.134393
696.330788 178.336057
681.349873 191.429773
671.688229 212.229879
689.705628 220.378688
707.389469 325.617972
678.508074 210.593168
680.781379 381.464177
677.093251 984.138703
683.030188 250.059318
687.974293 218.605586
705.909576 275.367161
696.594307 225.408309
694.170335 244.244680
707.988704 272.674279
701.286726 275.677799
709.570027 316.849811
708.099796 422.573202
718.395991 444.978905
695.623869 1023.329859
681.176324 416.595678
708.592155 228.424032
711.323741 993.977945
701.007492 260.963648
707.484612 165.152265
690.069628 219.819517
716.369203 196.461276
701.373742 214.132296
722.997131 237.368529
712.527292 230.737642
702.931759 234.606527
707.699463 227.594969
693.688509 242.632867
706.534103 427.045508
718.042261 413.738922
696.688701 435.166929
726.340861 987.097019
726.408660 423.283617
720.265186 457.771947
717.543508 424.225420
719.851909 989.779782
701.222639 462.701300
697.999398 1016.275842
730.183009 449.054018
746.501674 1022.264249
733.873127 487.793415
750.695812 1028.550248
723.822347 501.555848
748.818754 465.035314
728.806065 990.133664
699.484579 453.223541
721.903162 982.264820
729.348731 476.161867
754.356395 1013.108809
741.047287 477.298628
745.404609 1014.203835
712.764995 449.109936
735.118575 475.981835
717.397677 477.129449
762.980435 972.254388
740.856838 470.622305
751.199873 501.831373
750.142260 1030.022929
724.156389 496.949607
748.333796 997.320921
755.217632 513.830953
739.934187 1011.632865
757.111390 520.222898
734.262102 512.812022
754.974116 987.562411
794.003352 971.394750
777.574698 495.389331
748.534179 995.881391
764.185691 483.540477
769.441132 1010.763195
789.774343 498.302736
766.729248 501.165122
744.432750 971.736390
766.931282 978.946229
735.829176 511.814966
756.176663 969.830158
785.352693 953.455219
762.698392 523.967283
765.428007 932.475881
764.025486 524.713202
759.862740 507.544569
776.848343 559.729807
786.149163 949.467480
798.883106 935.552192
781.159278 945.557639
763.288352 968.490890
761.164872 957.721527
786.006939 916.822852
762.134875 961.433138
786.749436 543.382038
806.715456 939.417909
788.807025 522.711508
773.289602 955.908608
819.429630 538.762186
786.026277 896.463803
766.598198 934.180614
797.422256 545.817106
782.661422 912.986214
801.742672 518.762150
803.120373 883.950123
809.285201 882.900934
808.528977 867.266759
815.171247 557.222175
806.026946 874.886559
803.444925 564.514222
822.249216 844.038703
795.908754 563.496728
780.754191 855.450000
816.718887 894.382883
812.001394 534.516589
836.232001 558.139831
803.845766 880.574891
813.419963 845.603768
833.665144 550.489836
820.824217 833.492554
804.768489 539.638374
819.261968 848.903772
817.588304 571.205020
802.234180 583.171673
825.853405 844.871508
828.574487 613.726599
812.780778 817.040496
827.096101 594.916625
837.939093 826.435679
814.942704 571.838399
829.730784 823.313165
850.750676 824.307335
838.735996 598.118703
841.295960 829.272989
855.383311 587.181383
834.264127 733.023785
834.815830 753.746387
843.334503 819.242709
841.577670 810.279007
830.910542 604.577702
840.755053 680.337472
821.415598 805.099881
839.879598 739.487241
837.329304 680.390934
805.570260 765.749128
847.842692 579.344650
867.099972 727.349783
868.081080 722.708336
871.095776 754.648284
833.354403 800.729799
860.171177 597.424751
849.240652 689.289899
833.499050 746.757628
832.803857 790.898067
855.205566 718.484585
843.130991 568.422164
858.037125 678.471530
844.977765 744.451925
845.108137 588.454280
853.594923 655.211022
874.446177 723.209578
860.920338 732.531766
869.671755 750.233870
887.903872 789.870823
818.850839 739.127032
839.333134 607.807061
863.606874 737.137478
867.746265 692.489429
871.246681 774.260996
868.247179 612.783590
847.642495 581.050735
863.559243 604.336769
852.469722 639.697665
853.456155 609.550584
842.307120 625.080696
863.535553 609.691589
859.163467 644.785467
875.049313 643.186527
854.210101 613.545994
872.039867 639.702462
862.639843 662.222631
852.134391 643.189391
848.972649 641.936534
853.205003 706.138645
854.355382 618.546749
845.972847 685.927306
874.790265 784.410261
881.162707 729.424112
866.777918 773.190031
865.187892 797.124799
