43.943755 152.761604
41.540224 161.834793
37.968403 158.007401
50.289805 154.704044
54.455838 165.920511
47.660724 173.441078
41.382364 169.796024
51.797018 169.829035
47.885070 190.105518
45.036810 190.938388
42.892906 193.225222
33.049599 188.379168
63.913110 143.400172
61.211688 140.744088
52.882839 201.338388
45.291832 150.603845
73.891703 135.794131
62.130881 201.403888
62.300292 141.445270
65.063266 202.202637
59.979238 133.860680
79.720231 205.757502
69.284986 249.325788
84.377663 261.488312
57.676521 254.044333
69.894474 263.511475
64.484445 267.397426
90.824457 271.671004
64.099335 280.412553
60.702102 287.668070
76.463098 281.947037
79.061962 295.048188
63.133158 283.164009
67.977129 296.055420
82.076635 302.149484
79.488366 310.449434
62.366453 134.622017
67.799385 205.060398
101.964108 250.920601
83.102480 301.017375
73.862330 241.515521
72.149549 309.609967
83.387250 316.224720
84.607710 126.332245
73.863447 203.059127
85.330471 238.052368
88.749502 312.845683
75.851185 133.288208
100.127481 205.263018
86.435437 320.420000
90.057079 237.710555
79.888828 136.647091
96.563017 210.638026
98.139857 316.979236
82.076638 239.235557
71.974668 121.880823
95.267859 213.933665
97.906379 317.350560
100.718726 235.523501
107.931633 137.755655
96.921406 210.590975
75.241939 317.358833
102.613425 222.087737
89.042610 136.368805
99.902295 211.427742
84.511576 324.746295
106.601346 222.289379
90.131776 136.688396
84.681438 207.699741
98.316085 323.402762
95.877404 233.935032
105.631832 136.103228
94.416823 199.558902
110.697925 320.700800
113.626411 221.738132
110.438429 126.720596
114.041290 206.236897
84.906835 307.201707
113.169930 227.524524
127.930251 123.801401
125.977807 213.612165
98.547573 310.534929
112.207954 229.932184
101.864050 202.422374
116.949856 213.304766
120.975852 224.305710
128.779040 126.624728
105.759067 307.667075
129.408703 315.099525
111.288833 137.329843
111.718100 314.036980
138.282974 128.969694
122.765080 319.480528
136.903950 127.436012
132.774167 321.010995
129.980994 321.041583
145.234578 119.825671
125.569939 321.777342
156.692968 141.710727
122.667494 333.892769
138.633537 137.001250
139.163525 327.099654
143.497745 128.151191
140.524798 336.171727
148.246013 129.455804
134.550105 331.876350
160.055553 118.724798
142.527270 322.280051
160.202056 127.603654
168.667027 331.097835
159.534992 119.957620
156.047558 326.915866
153.738833 117.221280
171.541297 319.243614
173.367290 120.356104
179.403349 320.290688
154.870965 132.165729
155.661584 305.266809
193.182088 127.771419
173.707718 306.607844
185.322321 299.072869
184.826082 107.461024
179.532457 307.129359
167.477552 125.477494
179.211435 299.786632
183.033782 117.908197
195.570757 304.041481
179.274291 136.133208
184.729558 112.378733
177.964031 306.662910
198.270714 119.990283
204.107086 299.993353
203.133394 121.895385
205.541695 307.035323
213.190576 116.196181
206.832887 310.700259
208.238004 113.117311
210.239280 309.947608
227.909598 121.709889
203.619177 304.999127
208.541722 110.497803
240.773673 294.727711
222.880111 124.990983
239.271657 302.785059
214.934326 124.805265
226.113958 303.790214
229.007053 121.422018
237.616655 294.988377
227.226742 123.594729
255.255586 299.074394
239.358357 107.551203
250.390217 301.775612
219.129018 107.876818
250.509874 116.502758
251.315058 103.932968
236.120123 300.336945
238.178909 99.483846
243.612077 309.250058
248.779392 112.680873
240.650888 292.993842
274.138312 97.609066
253.732185 99.672418
261.294341 302.441315
261.337486 96.008612
261.053343 305.541168
248.552802 102.305956
269.609666 305.458858
257.603713 83.074612
275.342193 86.165777
238.461912 88.671051
268.042445 306.956904
272.661073 80.370405
261.459637 67.442092
271.271830 67.305289
274.519541 304.103819
281.746843 51.486429
276.736735 56.948936
285.988278 310.362575
287.550593 54.691942
270.591456 307.325429
279.213073 49.616213
275.184896 302.393707
292.364623 49.053616
281.981069 298.137902
285.547924 54.862355
299.611463 305.030565
302.834550 54.900993
294.600359 296.992119
304.485334 63.188427
303.306156 304.790427
299.865647 52.108784
314.090600 305.886155
300.422834 309.405931
309.251117 49.733105
324.654837 299.304740
329.749402 46.632885
309.916548 317.556703
338.490895 62.094398
333.346791 311.905535
315.443017 322.547211
328.382103 321.248745
321.552724 48.793372
319.731433 330.149051
329.696237 62.394242
340.260881 327.484930
331.799669 52.560403
340.912014 325.986781
342.182212 47.845681
330.516773 330.603728
350.760490 47.668581
321.127766 329.320520
339.669528 52.025134
353.051820 336.285550
354.692391 51.131325
341.873706 323.559166
347.548627 47.302045
344.462766 318.975456
362.137965 47.273992
368.369949 319.625840
361.997718 42.189253
364.216794 308.119710
341.155076 310.694542
358.121656 314.909550
363.926506 56.299203
365.059903 302.514663
382.145936 51.609283
352.395026 293.597226
367.454444 47.238431
367.086881 295.579263
368.906721 51.800025
368.264300 310.170596
369.793520 43.781529
382.440416 296.378135
391.025011 64.479427
389.200732 292.571624
381.629691 56.456922
385.958550 306.537205
412.626725 63.949303
380.274936 284.846396
404.106602 56.422371
387.801258 281.910142
413.719611 65.676286
411.845313 298.071816
391.367446 59.973535
399.538706 288.071625
411.998684 54.903380
399.338534 299.790026
397.018849 61.919846
396.336024 301.414790
402.117648 56.865062
419.842947 291.059066
411.422461 64.625552
430.423087 296.973147
430.027018 69.359662
425.740763 299.100717
419.040599 66.264331
432.050258 79.927247
429.560202 77.271571
438.738734 294.628773
417.010971 85.132348
421.991316 83.999042
437.749643 92.740959
442.956835 103.412632
427.956681 100.011276
416.745093 103.871325
425.933422 108.697426
421.913163 107.874238
424.443752 111.686528
427.069261 284.101045
438.153809 116.184796
435.063076 121.558274
418.996516 292.344011
427.622440 116.334174
427.199610 291.557803
437.134934 124.694506
441.087825 124.650448
432.410562 299.703603
437.342926 135.541128
448.378704 299.487769
463.058384 287.059580
449.120186 313.846196
453.562253 319.221540
455.024593 306.293712
443.280179 140.723680
465.753345 310.649955
441.487100 139.977045
455.323695 334.505676
463.730591 137.779590
459.840935 319.318677
462.841481 136.205470
454.464107 320.648530
458.812961 144.734049
460.873870 327.813680
477.349346 157.342337
450.282318 333.224726
453.884367 144.848817
458.985572 151.775280
463.218036 340.651714
470.356811 154.479147
476.540503 155.382687
462.733645 163.037762
474.125842 169.525076
466.546423 326.990127
496.301293 166.058793
476.154537 175.016135
473.883031 177.189043
474.709879 337.510250
473.613730 178.027468
491.581926 341.286168
495.106336 184.385345
481.339164 327.197954
487.668839 183.793568
489.421732 324.647998
500.991338 192.719156
491.440920 325.885920
470.627177 190.018965
503.202938 330.619868
513.116368 188.827950
494.113667 187.589135
509.715199 318.784302
509.111622 202.482448
500.022707 315.228023
491.304316 187.726892
508.158144 316.893478
526.832846 207.863271
504.186097 312.753462
529.279345 256.626534
519.683339 254.453345
507.694404 262.703595
512.588470 275.641851
512.354403 268.980263
502.988150 277.403266
510.157997 284.499956
518.368949 285.242699
517.329101 292.064447
502.828939 295.898814
501.403547 300.841746
522.278030 309.373567
514.085445 220.580824
523.355197 252.313937
513.755305 210.244634
514.438287 248.465914
528.265024 191.883772
524.761311 254.765312
507.487493 205.966096
525.758911 242.759678
511.699846 208.091576
551.286838 250.521609
546.399924 209.336318
550.381740 263.169249
538.315590 212.582383
533.408052 208.045336
539.019476 250.447148
531.022647 212.461030
547.375943 255.371730
528.527173 208.650799
563.306280 214.083445
538.801765 246.262730
547.301894 212.828621
546.652818 244.859371
552.743681 226.496234
544.710661 225.125090
552.384601 233.490614
552.150431 242.619038
