33.330730 65.778451
19.596467 88.494951
38.645254 98.655291
33.503408 109.559357
30.571136 72.616599
18.053202 72.848649
19.805919 118.423567
44.482578 125.827754
18.783447 68.345431
36.773817 96.450779
25.677266 58.202598
22.167207 116.741738
11.366320 81.521873
30.669174 108.682051
23.488020 58.297888
40.715386 94.132991
34.693935 83.892420
37.960113 90.579873
71.531462 63.008689
47.196759 115.040055
54.388269 67.091439
46.021424 102.991868
81.355351 68.816653
48.720276 121.183049
41.572453 44.799102
96.622626 111.311829
62.974358 45.870392
89.778076 134.161155
83.552788 39.336411
48.847330 87.282317
62.430969 67.833122
78.033348 94.317245
57.183172 59.416319
74.428385 100.286981
82.841884 71.244439
45.985592 91.577962
76.837657 55.890281
78.498180 109.274414
84.545759 56.608378
50.511881 94.941342
52.775848 67.267569
96.519794 86.738344
117.026522 65.977614
92.502316 115.639612
66.267807 71.305974
78.197232 94.279256
85.594621 104.004153
97.118134 107.993179
98.844939 53.091897
106.621470 86.520858
112.714411 76.298150
103.356923 86.732301
105.321035 61.287249
110.455386 86.890831
90.545945 63.792560
111.782453 91.129436
118.817059 58.701723
87.204778 51.675266
126.543888 51.863996
124.393541 79.170647
137.930208 58.509391
100.876824 83.476003
138.656237 54.711867
133.764663 88.218628
135.583493 43.627539
131.606700 80.298855
151.005935 52.941415
107.403207 82.305042
130.918283 32.115948
108.841046 68.476946
154.216862 59.300736
180.049155 92.084983
131.981061 43.184763
147.517634 92.367353
136.882520 55.120883
173.159577 68.979013
137.136247 69.369742
181.711465 87.668270
129.587981 46.121903
165.558099 85.545000
165.038072 58.998159
147.358396 93.585280
159.044519 64.751282
171.021374 85.894945
158.193076 590.703962
149.897670 599.039162
173.518722 614.452835
144.432889 606.447838
158.996137 590.442907
144.361586 605.248675
157.808727 631.202250
156.996328 611.753146
168.630807 613.725779
160.258538 66.139568
186.915812 117.044996
189.953903 79.877991
171.935395 598.758048
180.649640 652.803165
164.484830 66.383501
165.044301 535.165472
165.285050 557.644363
171.518968 537.651000
192.573196 546.321365
171.622977 558.275805
165.328738 581.822808
175.523224 583.005228
172.347068 575.126585
155.960839 567.342912
174.715859 584.924936
178.310081 643.674041
172.178557 62.836662
183.174417 60.805969
186.050665 526.690591
178.333147 506.462601
189.911978 507.044841
175.069094 527.313430
161.094142 547.060243
168.967381 530.652645
166.981121 527.074936
178.661147 535.477425
175.664561 546.762929
203.304950 503.950673
202.747043 549.751613
174.770534 629.626609
174.214165 68.839666
173.127997 92.833180
178.746800 495.499108
178.186584 632.977239
178.063374 80.234779
199.895102 494.408996
170.931930 464.365229
174.485849 83.505311
146.677771 637.341390
193.597747 65.604548
196.069136 493.213210
180.321078 447.468295
193.551065 475.404526
207.237190 610.823920
187.264955 95.749087
194.358133 72.321811
173.350974 102.281296
154.040289 451.444370
168.545778 641.394440
186.976401 446.749715
196.380513 92.376436
206.122631 118.517183
206.216510 623.821451
195.141171 62.548302
183.383867 468.366060
209.901450 84.230009
171.727312 436.290295
231.544123 433.000465
175.079552 455.060621
173.391099 623.802331
183.091210 96.918089
219.824852 81.206552
181.686121 434.462118
214.404123 654.316625
205.818291 81.595573
210.418955 104.876877
209.494678 428.202108
213.531458 76.170470
207.532060 126.899844
205.226657 419.784891
227.723385 618.579610
229.911253 106.550644
233.278062 114.596145
197.674383 425.559620
175.694071 626.124755
229.583690 617.821875
205.453440 57.082937
217.033795 106.361742
226.814099 419.627305
218.695728 101.068741
216.707369 122.153206
214.979373 414.807543
217.480758 398.761918
222.632385 424.370494
215.994182 409.280301
244.420269 618.287209
234.634783 75.425935
222.848587 130.712003
232.980866 383.850687
248.166477 628.574469
212.646230 390.031195
243.635395 119.995648
221.258072 115.396785
228.731777 631.324764
213.817800 398.304878
215.292154 132.970776
191.275817 91.831874
223.702596 657.362605
227.871337 378.398164
236.112030 85.173470
252.070229 113.472855
226.743886 674.586928
209.126976 385.644480
265.325568 111.559617
230.381720 127.556439
215.215268 383.728817
221.323842 383.532936
234.372562 668.229429
253.917440 102.898412
225.121911 126.989684
246.621443 370.517896
253.936717 653.792108
230.774974 103.802209
245.162954 122.047259
249.285333 360.221139
259.366285 660.490380
244.184969 86.101751
250.688665 112.929705
225.162643 358.084589
237.493137 325.028017
241.232521 362.452084
259.848428 355.610365
247.198274 373.929279
252.536644 380.063794
237.347940 144.820737
234.398882 628.598400
201.397007 78.267360
240.039446 343.614379
259.547851 155.558196
225.243216 255.821134
253.469930 261.604734
285.128215 244.915867
238.861574 242.870736
244.626822 263.601964
263.194612 239.068219
261.252265 264.002031
255.683916 112.251681
254.302736 256.589314
273.763144 656.391059
238.014142 335.966437
252.207899 150.129068
281.994948 229.086550
270.498601 655.292716
257.875310 96.219898
246.920230 147.639601
285.066756 132.750936
273.758183 246.533151
230.415026 257.692499
266.318118 278.380258
256.221177 272.582697
244.711723 327.287958
269.954329 279.736841
256.265092 101.040980
242.665298 108.435113
257.819963 660.786847
262.995606 146.485517
256.334001 246.581960
251.423860 325.453790
271.284759 122.465364
287.115570 145.058560
272.057778 173.121502
244.660166 299.885049
253.880182 274.611850
254.237801 283.702520
267.202929 303.995134
267.376540 106.840878
285.975394 633.717758
270.483907 181.541403
230.704131 217.723524
278.195235 311.517199
259.816569 134.566901
235.469169 159.242479
287.805331 209.798367
276.029078 177.099251
269.386376 217.581981
259.166049 314.526202
282.235282 166.656205
264.002538 669.587930
283.108267 228.658161
266.403346 308.177533
246.849729 135.649107
256.813043 189.320879
268.869237 193.760382
270.115854 293.214290
269.943061 183.789839
269.885038 190.638941
252.736917 208.814559
272.856851 211.497384
293.109065 293.064594
279.129027 319.543232
269.903781 307.735440
289.036647 337.462719
282.695508 669.148334
248.808503 153.190579
271.526418 232.618353
265.819738 210.101971
253.222816 629.596063
281.414123 111.473706
292.541410 224.219393
280.286527 218.891094
273.015670 629.917417
299.014648 139.668344
271.505585 195.348650
274.414725 227.322316
296.267199 678.892700
260.351163 136.119942
295.289179 160.314168
291.495882 655.781246
277.882255 143.730237
291.510440 664.007724
287.268683 131.594572
311.276793 650.642812
325.461444 141.746261
308.165000 143.251047
291.525393 160.810563
313.201788 158.194456
309.982465 652.401624
278.547906 159.210893
298.636307 642.559713
288.702967 153.143161
285.931515 661.263684
293.104573 154.705568
308.778759 662.283910
318.993130 178.475570
313.788021 655.350119
310.356721 130.103315
346.187148 661.195713
331.435334 167.599240
329.644859 635.548441
326.540527 165.520303
328.162380 650.640288
332.293405 146.474731
337.534072 663.500522
327.946948 164.665305
351.966363 139.981656
336.194223 649.482960
348.946698 173.635468
349.070027 645.518985
337.624585 133.031047
375.992074 135.002830
341.633925 164.797140
326.413613 660.444086
324.150747 165.292491
342.116406 632.513197
338.969478 153.315156
355.666436 187.464121
346.073991 186.389837
378.632658 663.978559
354.424431 202.669942
329.935445 649.099171
360.988828 209.927595
343.841417 665.810251
343.996027 169.040463
374.318726 193.582743
329.631441 634.921574
371.531037 167.870770
387.735120 673.183185
368.737725 184.917089
351.619310 676.691361
390.705948 151.145614
360.016697 663.099022
388.688392 170.747226
390.982765 674.851571
380.210516 154.739833
386.258535 657.571080
395.665900 160.982343
415.462323 665.020361
409.013528 184.409434
419.039780 667.489925
388.057202 672.576204
399.090591 184.512268
384.386358 657.544290
392.673882 181.017762
408.622561 656.575717
409.572951 160.178316
415.466759 667.960420
387.553796 166.255768
429.211434 695.868071
407.699130 185.467324
431.558728 177.394701
383.095028 668.458694
402.458395 173.694510
401.278602 683.971013
426.387333 227.101205
400.814523 655.449723
423.278706 189.275848
436.698794 665.951591
424.941718 182.625475
421.723901 678.433293
424.442209 208.068298
409.385521 189.010695
419.170622 201.117114
423.081091 202.363729
459.494170 683.301306
450.588853 221.186188
434.776826 674.673337
431.609307 665.046834
468.001002 188.301515
437.244155 229.140716
463.993529 654.953050
411.816338 197.556232
461.831984 687.400104
455.362130 222.143521
452.164575 675.635543
444.974879 200.047131
459.148949 672.230781
468.338249 236.771153
462.572294 684.733621
436.525156 216.486461
463.860404 682.443629
465.247192 217.464949
457.581234 682.246624
445.296865 199.424079
466.750162 691.037510
467.704791 214.315833
459.927193 669.268914
475.348614 220.026138
493.783387 667.341364
498.551951 212.033799
470.856539 687.314885
506.926115 233.097683
491.545573 685.025389
496.348456 240.972980
480.938173 693.949976
483.027959 224.035743
486.254097 682.839460
488.864358 222.656109
476.463146 211.778329
506.948669 680.730664
481.437250 206.409127
493.366163 682.542947
498.711446 238.422731
495.452080 693.250481
503.363191 243.513132
507.700323 688.680774
502.174222 219.862630
516.666599 671.623830
522.785509 227.918828
523.234679 710.923156
531.870230 240.836099
534.251118 686.821746
536.132461 228.157900
529.619346 663.176511
533.787688 229.868685
531.252909 666.589101
512.708877 225.625219
529.394919 704.242445
518.214165 214.098305
521.632007 703.831074
559.000506 233.454775
540.364930 691.928127
550.304204 225.953661
562.624515 685.626453
517.216489 691.896625
536.692491 219.188258
555.751059 705.575208
543.048954 211.022413
560.767738 689.132314
559.751354 241.662479
551.315734 716.173518
572.144002 223.630518
546.694736 702.987622
578.968184 226.951033
565.366970 709.328038
563.321292 709.377165
570.903245 233.877055
534.939832 724.325210
571.440187 219.988446
578.051392 712.823075
597.156558 247.708243
583.189004 699.594030
589.953213 237.479105
583.944200 715.873597
599.873100 222.229674
555.727471 715.404915
556.306598 726.156337
608.105033 252.895387
617.112188 726.609327
560.338618 215.302325
586.182785 717.507739
585.217973 223.148221
576.018469 683.621970
589.382636 694.617460
563.739058 684.327481
578.272952 698.052282
588.998232 699.248020
604.507363 678.755754
580.503315 695.757718
581.590668 241.322199
601.574027 654.991453
619.434137 229.702132
595.417701 661.105709
604.949636 654.675495
582.112208 642.570896
625.916815 255.814968
599.151873 648.836626
577.886089 643.932776
621.190033 643.772571
608.116805 228.924746
590.867946 629.004475
622.455463 228.746728
626.383530 638.370408
619.488808 254.384471
600.301692 631.453153
629.125348 623.906776
637.020616 244.255308
609.948869 621.373960
623.530150 612.071010
609.968754 597.107147
644.012106 605.628041
610.715257 270.989853
631.004912 607.793296
633.413544 254.717922
650.929528 580.142356
639.508225 253.323121
633.507946 572.898545
642.531053 250.290380
630.792547 596.390177
639.820843 245.245723
650.070810 583.774503
629.733551 260.410165
643.075807 541.681357
645.751597 559.949124
640.256078 578.064300
627.113841 575.328162
616.328739 580.745389
650.841570 255.420091
668.077924 550.088310
649.893416 554.146426
648.025014 254.640074
637.751990 552.940863
658.768334 546.901119
673.017912 269.364603
657.739202 537.140452
658.678442 549.168709
680.384468 543.751491
684.984989 537.043520
667.658152 239.624440
669.993657 531.040285
667.312127 260.860539
654.919079 487.099028
656.871402 500.887826
665.064991 513.616229
659.103471 261.583521
681.191962 508.204879
650.971482 482.424034
671.961425 489.162378
651.432044 242.073294
650.497398 478.226799
677.132023 258.674932
667.029181 478.330100
662.062177 473.043488
683.258925 470.779547
672.599356 283.598021
664.640824 463.158834
644.791924 257.046409
677.113854 471.219838
690.371777 284.117918
667.975893 456.106738
678.563231 431.656698
670.200443 457.721345
671.675685 275.056636
681.637794 459.294621
710.509495 272.283282
681.274521 439.638172
677.478465 276.419133
697.824083 431.661642
686.091950 278.534226
652.290614 449.245525
717.145224 271.825868
715.013362 430.368394
737.882720 281.395478
713.085141 427.981240
723.108963 300.033750
728.022277 409.041920
690.821444 279.263309
711.191921 412.883341
690.199307 269.062465
701.574113 439.727250
724.513741 302.084610
716.114124 396.094338
719.341246 429.635755
726.043260 282.589533
734.069377 412.717248
720.725350 307.290939
743.761533 406.175112
725.555427 376.466582
716.428147 397.423451
733.511657 304.768751
722.359553 374.578960
723.732625 391.648780
737.403034 305.097104
731.221090 364.392113
717.994376 378.113537
732.506771 363.221028
721.849199 286.532618
767.866696 316.972105
775.472915 347.700852
761.040820 380.157625
735.072107 351.338698
763.290593 322.335189
747.369743 356.218381
742.777422 308.466234
762.556111 348.309483
768.789625 340.338694
743.021090 335.369554
760.850602 333.921662
725.208532 338.183722
745.658233 288.523057
760.551946 330.402554
768.074485 335.164187
765.702475 302.180104
