19.978838 345.183218
33.271306 351.466776
38.742772 361.580305
35.982949 359.994695
22.745249 369.620770
49.730149 359.655412
17.876898 375.699349
28.059175 341.703465
30.895796 378.134794
30.173916 360.942886
31.616399 374.274685
28.409276 388.096782
47.653993 324.246636
60.697924 374.227617
43.960111 339.669956
57.574157 391.922731
35.046177 349.159839
44.979996 383.378679
40.959822 332.592770
53.692037 384.065353
37.509095 399.880681
55.795420 411.320357
44.562982 328.457851
65.482891 392.197309
62.211822 317.137672
64.044214 332.944802
51.538219 402.459205
70.892991 317.552179
67.633217 392.144423
68.041767 317.130883
74.212490 420.863145
56.506419 312.028699
67.605183 412.949486
72.216642 434.039698
55.188355 428.357577
68.444398 295.691563
79.811644 294.991979
71.555120 309.870658
69.048720 315.831025
65.248038 306.743964
66.765190 411.959257
73.876260 405.432356
59.708265 424.339695
66.597990 421.177915
76.993709 290.532533
78.462286 397.304281
69.956799 406.869083
69.517913 418.910730
79.367683 277.359836
81.056204 271.668156
81.817635 287.733389
87.022044 443.777289
87.088595 283.098016
71.278416 442.282912
101.281652 262.448666
74.690072 437.702089
103.798698 258.968982
86.033177 261.936630
78.456519 279.973663
89.301299 448.679483
87.050567 269.015547
98.456231 445.410428
98.528187 259.172300
93.956709 269.915433
88.385930 448.945004
100.939388 423.063580
111.175435 249.945620
102.914870 246.241489
109.060228 438.080861
106.292544 239.531158
112.652655 450.187872
109.221624 254.416716
116.628295 436.425526
99.437405 242.634624
124.288327 223.085561
109.826593 238.379123
115.088554 456.265286
134.197955 227.866242
133.819481 432.100721
121.661724 229.625265
137.062214 445.837432
118.356092 237.462869
121.884187 440.274729
119.853834 213.184447
151.674990 451.160190
134.017672 213.127626
137.484852 226.695260
131.274153 446.890355
141.684726 206.135376
137.309395 438.751042
140.699953 198.371797
154.854073 455.580131
149.859664 209.006723
149.084499 448.958095
139.757015 213.992845
140.373496 445.467463
142.308032 467.093548
182.906328 215.293268
149.548773 472.838613
161.620420 203.566313
164.681530 459.820417
156.814012 204.877651
183.680146 194.516724
165.660879 460.545718
164.621436 200.899998
159.522231 454.864662
189.482449 432.494458
181.902446 440.965420
174.486838 196.236304
166.580594 474.978323
182.939949 428.321789
174.824110 431.876498
175.481349 186.571784
177.053166 478.170385
175.657752 410.811766
189.749558 426.085906
182.136138 202.453767
177.500771 458.100669
185.977753 423.429949
184.308851 183.823028
192.937676 418.733309
180.671359 466.091244
202.348175 443.452148
192.056562 189.037239
200.563149 422.324810
181.256563 462.604655
193.586092 446.742103
209.408912 202.597986
189.898843 425.499423
195.190366 472.574373
207.604740 414.410464
205.873592 193.545973
195.309725 441.675874
194.605197 470.959441
199.455320 445.596399
207.193700 171.112901
208.325762 437.395941
200.389509 467.916930
202.719521 440.554557
214.562917 192.404313
209.559055 426.198395
200.556763 464.677113
210.934637 465.105026
205.487003 175.248719
211.748335 441.649265
223.092220 476.464856
209.490030 444.861784
215.220559 183.497662
216.503989 438.252055
214.859859 488.063092
211.497210 423.883743
208.162070 172.055885
217.646334 419.024866
209.089800 487.105805
219.865630 423.120022
214.116597 444.368888
212.782072 199.787961
225.901476 474.099214
228.129367 423.999683
217.277992 441.301376
217.606550 191.715701
224.823614 475.800510
216.892873 427.220514
220.450963 443.202409
234.458498 176.075660
224.814183 468.156788
238.746239 429.287128
224.497953 446.686991
236.196510 186.725024
237.724995 473.286127
239.115195 448.509588
225.029453 438.861205
233.993772 186.693372
221.395093 452.205242
250.975085 482.133343
238.727465 436.298825
250.371839 457.902520
236.391427 159.845324
240.648573 443.434195
254.214250 477.387469
255.855594 448.985688
244.186653 180.239103
246.157364 442.198701
238.845881 476.440475
251.390078 448.602509
241.328508 461.385756
233.682222 184.209156
249.026432 439.261820
251.794444 465.314927
242.229646 466.420526
262.615286 186.245797
266.754612 446.323786
248.887091 458.045619
256.910231 466.207801
253.316685 475.674804
236.023504 456.979419
265.834080 188.671889
246.909976 177.307060
265.278075 437.313179
271.465066 180.809722
266.814428 459.914007
280.036915 185.286879
276.939200 453.458131
277.689964 459.775279
266.075075 191.340731
274.718412 468.179409
276.761890 187.441829
288.762418 463.922035
271.982128 187.624307
284.212549 463.955176
277.024467 197.949999
286.072859 452.860560
272.346355 199.924381
285.035618 456.501020
278.950543 477.087960
296.274587 190.116422
297.630148 472.779872
301.960633 190.090941
294.684848 463.754074
305.580719 193.082597
304.499528 459.524116
311.161965 207.808488
298.985328 478.979559
310.953734 184.370721
309.144270 473.976542
306.455138 192.976458
313.515717 476.894600
323.049456 94.272814
307.911933 83.264846
310.781763 78.675973
305.175833 86.513511
312.899811 104.435679
308.066418 194.080285
323.463251 480.018190
315.306649 73.615581
308.363329 98.944696
316.280065 197.848697
318.396076 98.912471
314.774810 105.575246
337.954637 480.360466
307.140185 63.125505
354.371717 209.106866
326.446817 107.241050
321.801515 473.135984
334.141739 121.866098
324.858216 105.576420
333.365469 128.110503
317.902903 61.635852
323.813124 209.478338
321.399389 467.334198
327.031122 65.659015
343.305980 122.648341
331.847943 123.052904
334.964762 130.451800
312.636474 129.455576
318.562912 139.158679
320.398620 133.829976
322.413058 151.042552
313.967767 197.987687
337.875399 475.769775
332.218539 87.447373
349.680760 215.278116
356.080408 140.022135
326.609104 159.852071
330.028791 88.984261
328.407763 482.987318
344.316847 158.786430
336.321669 188.557336
328.802392 159.526557
347.256064 151.576345
336.631856 74.475384
340.871032 173.039652
348.274700 157.247324
341.632241 470.797317
332.994502 197.234721
335.992990 101.942389
325.236697 167.550410
327.449155 466.732672
336.121003 483.863674
348.145276 478.161273
347.243716 165.308113
343.747789 211.155668
348.539541 87.471767
346.190687 206.428152
347.861449 487.274212
344.627470 184.825742
341.552167 181.985029
360.752263 88.242865
342.885806 182.823960
355.821475 219.458863
356.785277 488.293077
365.981609 86.601693
356.349890 45.454513
361.954197 44.009564
365.024784 65.462533
349.472967 52.486833
360.475536 52.435044
353.368436 68.791244
351.660207 80.214997
350.404609 86.550788
361.386422 86.517544
356.385495 87.924868
358.816073 188.257499
353.276410 183.048073
363.876827 493.691267
350.739319 208.790319
354.171686 94.617747
369.555044 57.404769
344.262865 85.804261
360.999237 197.014856
367.963569 490.600087
354.900326 222.147557
359.730635 109.745030
358.483108 500.266239
369.678995 41.650581
364.135390 91.333415
366.451086 196.614783
354.701726 111.608690
374.864286 209.241337
361.388813 97.191809
362.524875 96.285578
363.341136 205.936319
367.461583 503.833911
369.952063 49.538533
362.673688 108.502421
362.146524 213.254685
375.157836 192.448280
372.658762 489.589871
363.962791 38.836842
366.587903 205.254161
381.270640 231.107890
377.711118 503.508556
379.521424 235.811480
380.462373 50.299583
382.079944 189.038916
371.410786 505.368808
382.245849 220.772352
393.497222 56.827331
384.047718 221.431255
386.201900 515.769583
393.712760 230.622920
381.501817 230.852771
397.431107 517.788502
379.529087 56.185827
392.563832 246.311824
398.257430 203.998974
377.332264 517.661205
388.936388 44.489849
385.789179 239.594461
394.487460 60.857116
388.633747 213.656490
391.004912 516.916695
390.366672 224.965202
393.681487 251.737939
378.856406 517.976334
390.634068 61.075853
384.897925 250.936187
403.848068 238.839063
376.855245 523.630349
388.123931 77.425077
406.272567 255.439684
398.424540 67.768638
398.559566 222.747034
404.628255 530.327297
391.813125 240.618763
401.342747 247.273228
389.182385 70.781738
396.544619 80.945316
409.060126 517.988388
403.123984 262.064238
407.721593 227.674160
392.595313 240.590450
400.056368 237.429580
415.334999 261.846811
402.790701 241.316847
421.675019 77.375044
406.619947 531.914001
419.561968 255.428204
403.269664 531.762874
419.919942 78.797559
416.062711 83.905364
401.062622 84.909139
412.621275 537.170609
416.881556 89.823071
427.130433 97.325835
433.963243 87.174517
426.737073 532.214312
430.429043 106.887267
421.223980 105.483604
416.477808 550.339030
424.941985 117.816217
425.363838 518.255278
441.687230 95.653337
441.258060 483.882147
433.291125 482.243846
419.770272 474.091351
422.306766 496.035822
426.262011 480.055037
424.604826 114.332870
440.571087 530.960293
433.818664 477.307547
432.004350 122.699970
422.153966 475.440315
431.058311 113.674955
429.637375 464.814086
415.835396 540.154103
440.726945 494.234464
422.164431 117.049620
426.756273 121.631107
443.634737 451.652722
437.504501 140.651325
436.308401 539.856401
432.788648 489.772621
450.526876 455.853258
436.873664 142.064421
440.856011 130.932634
449.790247 543.416769
444.390967 139.604352
431.350880 489.639971
455.663312 450.028045
435.875236 495.601230
446.633066 536.717356
454.982511 150.536219
442.242904 436.866533
449.102984 144.406345
440.929517 490.664121
453.890396 533.275830
456.664677 144.845625
453.280201 442.598299
455.034581 166.347360
456.653442 507.920512
452.973804 543.236336
444.056467 540.960857
442.600039 453.704235
474.201413 511.877919
460.760937 164.515554
468.704068 160.821071
462.494501 430.713115
467.755092 171.947113
447.993568 518.653934
465.746318 533.870548
459.565967 437.137670
460.542804 170.340120
460.964644 186.642384
445.689278 179.475837
459.425535 175.264506
465.146329 515.058216
465.888633 533.749960
465.038172 437.808185
466.427540 189.760902
467.614667 181.259011
467.183543 196.746236
470.190376 203.071969
481.353487 206.907608
469.841289 204.932412
464.560716 215.208228
476.622555 508.143677
459.233594 544.445890
464.104494 208.380607
452.603177 426.618192
483.460181 518.292835
488.622535 536.782750
484.386446 228.626333
462.618081 434.231189
464.310423 524.273195
476.376138 199.261594
499.211857 536.185566
476.098282 437.309498
477.236120 405.582205
481.179141 416.845179
475.846496 521.597756
478.007849 519.695625
474.958657 213.517245
466.530564 537.133269
474.310466 541.852693
490.141327 217.050396
478.324204 423.279871
480.480803 399.511649
475.488882 409.792515
491.792278 537.531533
490.219694 544.671102
476.493740 243.566218
487.243584 393.125050
497.637875 229.437387
476.596717 382.236064
490.668894 239.123621
490.028940 408.557501
488.223679 236.828281
494.541322 387.882107
503.548614 234.469937
524.520249 404.262616
512.394460 241.023735
515.373511 237.704625
506.096406 393.333799
509.499777 259.984924
542.978847 402.813192
505.277170 237.692357
528.626476 391.403814
516.836784 240.960274
528.353680 396.945364
518.253859 256.564806
517.652529 404.828221
533.246892 262.194056
540.045000 257.328194
525.369075 398.915957
532.550232 263.694876
534.338403 396.816008
535.264914 271.336588
538.483713 392.274677
539.126719 259.021989
538.547713 389.735850
552.102248 272.825175
546.400910 259.706297
533.655284 383.769228
554.106943 264.539457
547.930228 385.217987
557.306306 261.641794
539.960445 274.412276
557.892611 396.513984
555.269740 275.555724
550.654529 291.935229
548.520648 381.761672
566.495019 297.579669
564.146124 294.698293
562.692100 289.621931
554.498222 370.050030
572.603078 299.503290
556.959784 302.258561
568.356870 314.398635
560.221659 303.421340
557.981156 326.490131
571.375124 377.654204
566.788336 374.761950
570.318832 372.851114
577.683208 326.663456
568.330895 330.836095
563.398596 324.383002
578.921783 339.215092
562.164314 360.741317
577.201340 338.514405
557.369695 365.673997
578.457797 365.149934
564.635886 340.160206
580.128197 362.723138
579.898015 325.507798
586.820374 353.356863
581.581415 361.042561
574.580844 366.127077
