58.923922 701.992266
69.962131 687.269177
31.213092 704.902278
46.079157 683.840252
64.047967 704.857788
79.721393 698.028342
92.379686 712.506179
72.060656 703.257825
71.445325 683.693096
58.791027 650.217642
55.701434 680.925651
53.314699 672.071890
66.502051 707.084410
65.229905 722.468581
62.285576 713.145358
78.399378 728.340368
64.544302 736.008989
72.208648 733.123656
64.263289 743.646977
92.210224 663.140844
70.791541 735.838614
80.983001 663.889162
74.945719 756.203593
100.292475 652.710830
88.978791 647.067173
85.471732 643.514674
64.217764 756.342847
63.493932 760.597909
61.853038 762.861746
51.528165 767.065970
100.703656 757.855008
61.285948 759.995076
94.705245 756.528132
55.579298 765.292932
81.534543 770.818052
51.494280 785.499204
70.691751 808.940631
60.465173 781.086687
64.215089 797.857577
86.879771 799.717607
84.933840 796.575633
98.941101 798.458995
77.275538 793.078751
90.903765 822.572980
79.057110 817.169017
80.764491 838.756196
83.028256 830.244368
83.687520 650.865102
79.914761 831.716707
78.176181 861.814617
63.511232 837.711705
84.583689 853.090055
64.459882 631.651151
86.165619 849.036898
88.279233 650.137555
82.367000 840.481511
95.677170 845.391810
85.960210 843.104615
97.669309 863.057073
90.381410 651.048279
84.219711 871.458327
97.058284 633.477339
73.335513 635.435098
93.736207 857.574564
88.402964 637.522922
99.873250 878.185435
128.915369 646.552541
84.623239 847.144654
99.507141 631.260602
130.355384 866.563502
122.576775 622.178357
95.324342 617.737146
101.787654 857.773913
122.371484 620.217867
120.297567 871.481306
128.214449 633.748217
138.353224 877.758991
113.967963 861.288778
116.129652 613.925176
134.617537 865.472731
138.267555 602.594638
136.178855 860.005169
119.546554 607.508373
132.556242 879.388954
145.051353 614.611195
124.686569 877.800272
128.288483 611.671115
125.275191 878.675893
134.275177 610.465767
142.225612 859.980112
151.953870 600.382159
140.584970 617.298852
112.519796 590.680655
159.782074 867.882376
141.805814 593.030842
140.459467 854.567811
142.394073 599.861546
164.131493 868.813517
169.250910 595.019987
152.697394 870.815899
161.668774 581.072173
163.069531 597.964540
146.871034 875.642976
172.645999 594.099500
162.607195 886.711525
186.881966 582.929162
165.087587 874.720477
182.635230 603.657010
178.786104 886.832728
163.031912 882.342126
195.649722 579.192206
196.569733 882.806561
206.396647 587.826198
182.501881 889.301485
202.556364 603.457742
187.337297 901.735816
184.454785 576.896402
171.204014 890.998781
185.566818 586.459979
195.772180 912.823155
171.412692 566.391023
195.575867 884.029697
210.439265 573.011615
216.593166 905.321229
188.834561 583.951835
197.715670 886.536939
217.718176 900.528265
197.973058 571.634980
211.210518 907.195799
206.792298 580.561449
214.818721 899.213227
226.765545 592.553326
224.641299 897.757922
229.781628 568.365895
200.330775 914.687052
220.541006 586.245928
230.700942 904.511088
243.862726 583.943494
239.384417 890.193384
244.756322 579.990637
234.939303 918.698558
222.330724 580.127719
243.724578 575.232107
206.944193 907.535262
218.734164 563.708261
225.622573 885.785192
241.247766 586.736698
245.283970 908.660650
237.660122 581.416140
236.038231 900.243505
246.723330 552.353964
252.529518 913.994262
276.941086 917.103741
246.930012 576.296077
260.959030 905.686579
254.791165 926.728548
264.853789 564.267116
262.661682 560.174407
253.758100 562.779812
259.825414 923.997957
286.055008 545.908396
281.556476 947.197745
275.270126 571.683912
267.314686 931.316344
312.919037 547.703865
277.128491 916.938873
284.273306 562.509803
271.069847 941.233961
300.820157 535.979122
270.393235 911.404861
259.343485 538.640934
304.931837 540.995692
297.190640 555.503435
292.899601 537.418598
288.837004 919.564206
291.338765 531.958529
273.455481 518.918633
284.878702 521.228213
294.359843 935.480921
291.046702 520.970773
288.338940 938.855368
300.696767 507.873393
289.284388 923.086638
284.239878 502.173670
286.524649 508.793142
309.111790 508.055076
311.726098 922.234520
314.912658 503.586762
326.785437 932.916148
318.915685 497.410844
306.150844 943.325385
312.244099 509.741071
308.079227 937.656471
326.312341 502.695941
315.535227 938.286776
312.189384 485.265048
320.008734 495.492917
317.465130 929.959093
322.561392 929.122265
333.848523 497.378394
325.134433 934.683461
330.007233 489.643809
323.931126 949.943990
335.717899 476.525473
342.380977 934.392051
337.665746 935.457869
334.565970 488.038854
331.319173 932.029851
363.583110 479.835297
338.446679 932.786716
333.799607 476.622386
353.343558 946.673468
330.973302 492.159021
332.015990 959.624075
370.403661 960.579869
361.262373 484.591495
368.770304 951.646587
361.299211 484.025752
368.495087 948.467226
369.248240 476.906431
382.290930 950.816319
371.900712 481.381500
344.058707 957.037662
377.152708 494.555804
394.085199 955.426220
378.442676 475.605838
374.701615 975.224073
363.368714 476.331720
391.039968 950.301119
388.810685 490.478673
380.943418 964.707023
389.902305 476.607014
377.976735 470.579656
387.660874 946.582286
388.987745 475.391615
397.829719 952.184772
388.479053 960.642983
401.354792 468.681635
402.207206 973.115803
380.269247 479.157836
411.176784 954.684514
410.566756 470.303396
425.499176 948.389665
387.177460 464.551851
408.561773 466.705442
418.410638 958.313411
401.522171 459.707094
404.468291 980.347628
382.994479 466.968063
402.293317 975.100715
411.895095 474.175833
438.576810 974.811780
418.762368 445.348976
436.540216 971.706769
436.495106 441.303163
438.834450 965.355900
434.539159 478.487237
442.369838 955.822410
410.069123 460.927171
452.777723 962.013029
430.459039 466.180939
450.803005 959.152870
458.509076 467.365376
433.402627 955.792974
441.518857 450.186077
446.833981 973.585883
436.910276 444.167152
444.868398 956.738333
439.486557 449.242060
459.179305 991.715640
469.104164 449.843746
449.120039 963.838630
456.461244 436.061133
459.171820 965.088464
472.150696 448.605334
472.889671 441.667162
468.603659 970.883973
491.565965 429.881125
461.611161 218.815201
468.966091 227.283196
466.531558 223.225913
459.493773 218.108071
468.073424 229.413124
470.880113 971.131934
486.542439 433.643362
442.097079 202.294137
494.358017 214.755958
454.022561 961.896712
485.056085 440.073210
476.390267 208.732413
470.806679 218.229181
489.612297 957.855643
477.030455 215.163919
468.460043 232.119199
483.524612 219.164261
481.837422 234.189605
471.586398 453.304000
482.200942 972.536111
464.222203 250.117925
486.146177 200.106581
452.996479 442.737064
503.469891 968.195478
490.854666 259.848650
500.736905 186.074328
484.793410 444.988895
510.924680 951.056924
503.148451 237.950956
484.943112 191.033517
493.064272 447.845207
485.878128 240.660570
480.414878 978.633246
507.979333 269.635445
509.672712 191.235649
477.251225 451.271399
492.412107 266.968175
512.571347 952.992644
506.716618 171.289542
506.490472 187.018260
512.507664 436.700542
503.833159 247.836314
523.378584 975.624324
499.463237 205.059551
504.753317 447.918283
496.313557 248.544440
485.029786 963.732455
495.187830 964.349858
513.359651 193.544016
501.261488 456.484712
514.281484 253.849292
527.776511 966.512739
520.413680 179.520960
503.000944 435.328876
503.069891 248.870194
504.353700 271.231856
515.902297 248.812046
515.072614 961.511839
497.756369 165.067584
516.892602 435.229286
513.996638 261.432798
522.915367 967.761106
530.226357 191.402539
526.684444 438.834303
510.744764 266.126133
503.954445 948.487775
509.068451 180.717389
526.949003 438.897668
518.279357 285.296246
549.711849 982.539330
514.072216 200.515660
520.926488 431.159118
541.403485 268.968022
522.715025 951.792344
495.656204 179.001767
530.521790 426.942593
549.754482 271.540299
538.924661 950.682779
546.144346 182.354120
545.248464 429.603399
549.548183 260.394540
527.212267 975.969294
525.290462 191.293914
567.604948 453.734884
577.511803 280.103606
554.009704 957.581660
563.244917 177.552068
538.143198 439.786810
548.926276 269.962364
557.205193 964.307343
566.235353 172.170868
562.725209 433.811415
548.602937 270.856817
553.672344 969.762054
550.859116 175.684702
551.223586 427.143873
557.968595 293.828057
561.191821 963.990133
554.405058 183.701825
567.572349 440.357202
554.000194 283.857692
575.398297 966.227863
565.633839 197.193501
568.990229 413.904294
562.216413 268.529967
558.002432 969.812409
575.260329 177.684811
574.269766 438.491132
582.479640 275.628593
586.189420 973.942927
569.539253 164.198649
560.464238 440.494676
595.203253 267.904043
582.183933 963.144509
567.950775 172.979539
580.444541 425.396012
584.354399 275.588471
584.337811 966.175347
576.769769 172.411201
582.321367 448.117846
587.068810 282.333699
569.892112 964.873916
579.912085 162.130273
544.911961 432.825793
596.087924 254.337226
579.796054 951.313515
584.958833 164.808994
591.904731 439.239560
582.502095 281.679852
609.255095 950.546637
569.861498 164.879259
588.047313 423.036577
596.683596 283.187656
595.063803 964.684109
596.655270 186.335759
607.148196 437.620985
605.987394 268.935775
606.010607 346.708577
608.716535 342.065958
598.433030 341.400922
592.897492 351.879528
605.518792 358.117651
612.129231 345.974924
598.960799 366.016310
611.319710 371.804490
594.342871 376.731005
588.964940 368.970590
591.633613 366.508847
580.987106 379.852220
602.388708 381.987238
590.762036 388.519968
600.631234 391.163688
572.515947 393.976077
603.288881 397.495069
593.694755 404.183908
598.161741 422.923298
590.123904 408.063640
590.837607 407.738437
602.365786 420.743553
587.629340 438.825424
606.577340 441.462634
581.237938 961.358759
604.879291 167.473267
603.952513 290.529917
604.811988 324.399556
613.461540 960.648512
605.648593 164.560528
598.749303 317.658589
590.534931 307.310168
625.613028 269.728314
585.295023 976.579825
596.421933 165.019857
591.694584 318.415025
614.232524 280.572408
631.128755 954.253703
618.387546 157.135134
576.269343 302.771425
598.911593 53.807745
583.331153 44.644435
583.395148 51.032450
597.307177 71.941332
613.261236 70.550253
597.894753 79.641812
622.876728 69.895182
617.001435 77.596511
600.704361 81.653016
612.532452 75.414497
619.738429 104.327345
622.834311 91.990057
621.569821 111.620667
594.785649 92.101708
621.671520 108.385740
628.081614 121.725472
601.379435 113.799036
635.765861 136.783668
605.622761 115.075978
614.182112 130.159229
624.021110 124.874149
620.526221 136.778509
595.822654 126.684634
615.615518 141.356726
622.517743 142.859299
618.877211 142.136123
611.362589 145.928454
585.304446 161.047139
619.881998 151.225973
612.926849 278.142601
627.334694 254.530916
610.788565 294.756293
625.015029 293.401086
623.467744 280.387787
605.076904 303.146889
625.047849 292.266661
599.061012 293.768776
583.325865 311.311420
630.427448 324.166317
609.463670 967.964698
607.319059 46.383853
602.414468 962.416819
622.802030 60.106620
604.990427 955.427888
619.652985 58.128431
640.114125 950.561170
628.860068 41.784092
640.239629 967.100034
621.025154 42.930863
644.715273 963.692367
653.809992 36.889286
641.028213 950.049426
627.768262 39.182082
639.633728 971.345556
654.280524 48.069176
658.641700 958.471867
643.499110 55.738910
641.787197 950.123396
657.255845 40.505309
646.076733 964.397822
657.760335 35.170859
663.447686 955.623055
655.686984 50.231496
647.659189 957.423701
670.334437 44.370117
648.227960 967.394472
640.553035 53.052908
671.043497 976.946951
665.203750 32.015190
667.704668 967.007175
685.877685 57.907636
685.397371 937.992890
674.351857 54.837007
666.476067 955.067093
696.581059 45.205249
703.446621 957.202158
681.564069 29.728216
677.914983 958.400047
689.858034 64.781933
693.361923 956.800627
695.012924 52.823540
672.833463 59.294046
669.656838 77.097476
697.930406 69.002585
691.840298 63.943078
706.949910 88.073722
694.830673 89.709964
692.010338 84.511604
690.790260 95.336980
708.378263 100.708730
697.844859 87.062705
700.705808 87.841267
700.961888 116.602562
690.810256 108.529061
701.149760 94.890920
692.461837 116.007976
710.792535 100.894861
686.607603 113.731268
694.079883 122.719275
693.739340 127.695630
664.532493 147.713310
724.569973 141.667977
679.643781 149.894425
707.996846 150.134808
714.580278 161.507328
687.212646 143.854338
701.862700 144.101291
700.109140 169.580344
685.467368 170.436209
696.689583 66.166364
712.840084 189.847016
711.276504 953.690913
693.602103 168.572419
681.161856 953.443081
707.777738 156.257640
702.162571 957.117704
719.010429 169.473645
716.084548 956.894735
707.853215 173.182111
710.845070 956.816251
709.745305 274.973424
715.678625 289.583649
720.922112 302.423073
701.843103 308.133592
701.769602 306.419316
696.610706 313.894656
713.113187 314.151581
723.063974 322.872036
738.830286 300.913023
720.759624 319.344698
708.899842 345.028800
713.411589 343.517468
713.844440 341.545180
733.070370 341.064014
713.471473 350.091202
713.637478 354.832015
712.312414 353.021306
725.174292 347.774756
713.053386 368.299456
726.484434 364.602627
703.506043 370.943110
698.291883 379.112736
730.583718 382.017050
684.749894 378.960450
735.589471 380.710618
718.213291 393.875436
694.105942 393.942561
707.616051 392.149475
709.286320 391.734241
696.927773 412.529894
705.597473 409.193293
709.238908 407.847160
711.942747 438.649599
727.834923 430.110372
737.896429 428.861945
726.789063 440.083817
704.448338 427.410784
713.340313 175.669773
709.306979 440.207126
726.011873 956.010456
709.932744 300.723366
722.634372 182.322619
710.763358 456.308360
724.473373 969.132999
713.195440 297.413767
712.181642 170.393081
727.692762 276.074930
714.562915 273.042246
719.383544 277.139768
715.994200 442.416706
722.084120 959.671836
720.065456 267.456781
706.686527 178.975657
729.600142 458.768913
690.932429 268.169980
724.402834 952.211677
724.837629 181.571340
758.712853 263.827224
726.009806 448.573749
723.805616 949.855804
731.578893 152.083299
736.917555 266.755227
730.418442 452.288426
757.802364 969.637583
739.268472 177.229124
732.329860 261.702733
727.832848 430.750888
749.350223 973.917070
750.529919 171.096666
732.673891 245.230186
743.556525 449.397886
744.494829 958.940959
750.656223 185.456130
742.068260 253.915232
760.346315 433.491503
728.926183 948.312757
724.455526 188.780236
747.873250 248.767146
739.952240 449.600816
786.948982 955.003839
744.646420 174.270492
764.213430 248.792916
766.988602 429.079119
750.804011 945.086410
787.299440 173.437874
761.075320 241.527781
781.393404 456.120736
757.778530 958.281333
780.408693 181.760197
766.495023 264.780893
746.905234 452.165707
759.324281 950.900472
771.513469 169.767647
769.988481 229.742756
768.275088 435.301091
776.733320 222.807476
778.865593 949.179424
786.819226 176.064795
786.466611 446.395023
768.032991 247.134509
782.680999 970.062195
783.857824 183.798811
784.420723 440.027888
774.516188 238.818262
778.241453 951.566254
761.941165 164.117297
779.770866 432.141146
780.653221 225.079053
772.725084 955.746936
781.547465 171.516937
767.786327 438.954448
793.734298 242.546440
785.570186 942.772536
785.852853 183.102290
785.503119 442.245407
780.143705 245.700454
784.521795 953.042875
774.951790 182.634066
804.272698 426.106688
779.972873 239.142131
790.695740 966.750114
802.266626 956.833580
817.081683 196.971885
794.629966 448.521864
793.829065 246.546107
792.560941 946.265166
777.758464 182.036313
786.843480 461.395538
811.392880 249.348021
803.760303 946.153838
806.328739 180.422453
803.999967 187.063166
799.237829 429.774898
799.810963 180.032954
816.463208 236.838149
803.949890 948.600141
797.613185 437.377701
809.630478 200.529203
819.061844 235.524355
807.455055 950.278995
823.250236 428.249993
780.990920 190.201408
796.292065 219.607851
821.076618 941.579702
795.999152 441.363704
816.934957 209.410795
818.097309 243.780548
819.555315 940.465280
819.975497 417.216322
794.027605 197.231073
826.252287 237.830906
842.715641 928.977072
820.374049 187.663000
798.445562 204.649746
819.720070 227.991738
812.936455 220.867029
826.783575 231.079219
837.055480 437.004799
833.116419 964.702342
822.102267 218.491778
822.467771 217.127069
838.610151 424.243677
824.794202 938.162079
820.988273 209.113100
837.677584 230.966533
825.076612 423.508153
852.118850 932.562945
838.075497 195.074030
835.758160 429.149161
815.133646 949.464604
821.216396 929.988630
837.572800 430.205223
835.812753 919.831471
869.114697 439.313947
837.215720 921.041941
844.836825 444.369758
839.520387 929.632501
842.176666 440.586685
858.662721 934.449736
857.768366 428.422039
873.606066 934.484272
864.865563 442.343655
849.648336 920.245252
856.054975 432.164482
872.491982 926.777228
871.968894 453.148579
840.068291 441.902086
893.513837 441.954610
844.354905 923.749614
872.573601 435.274618
863.283852 914.164886
876.896787 443.888889
855.243530 936.276459
882.133480 452.615404
889.607700 940.758270
891.145953 464.930907
889.819891 929.806354
890.232542 436.040542
892.964721 930.324063
877.327103 455.870448
864.347062 920.387899
917.964037 441.933598
890.863460 926.018507
899.162691 443.625337
893.012613 932.352505
910.506770 448.035522
903.332144 925.129154
903.968467 450.892293
906.075597 921.598112
901.911829 450.458341
905.432783 919.610450
917.813229 442.307786
914.224133 939.371554
910.800933 455.049104
928.992684 930.952350
933.658296 464.980645
919.602296 458.972709
932.888381 919.055351
923.369892 470.832889
952.946177 915.593030
927.627726 488.896801
935.616970 932.752462
927.156701 475.814238
933.199450 918.710498
940.900733 459.772812
953.768949 923.645975
930.621136 464.784007
944.230559 926.982062
931.377667 462.071244
975.918804 466.360587
963.263223 462.660343
948.343237 914.032421
938.698822 458.786668
955.407523 912.278425
965.058201 477.080431
971.347592 919.680092
964.711186 474.515709
950.588891 936.628839
941.700155 481.090240
963.865170 921.494555
946.734152 486.812168
965.967528 933.618577
982.103674 498.469106
987.059106 920.740907
985.293227 494.311704
982.789211 913.344210
980.266050 497.202171
964.600554 919.595887
971.678594 482.150256
976.027568 501.096569
1007.634172 501.531515
998.259888 908.039440
981.325305 500.572554
980.759607 915.359530
984.275723 493.378557
1003.453389 901.127169
965.489843 503.945606
1005.475650 933.000753
983.648758 522.992095
976.064504 911.130522
1008.277932 511.317436
994.542154 520.979768
1015.254635 505.818420
1008.447605 924.634008
1003.446131 529.576597
1007.787586 903.257648
993.604711 515.265945
992.373931 910.492087
1014.722098 527.848264
1000.287549 532.018723
994.349855 509.274540
1011.192762 890.413495
1032.076265 532.889154
1011.536516 913.654800
1017.939086 545.711010
1026.110002 904.126281
1026.915595 527.006145
1029.778297 896.657685
1055.464227 549.230973
1026.458119 909.466917
1029.836861 546.078684
1044.051548 547.877171
1020.131084 558.612950
1027.249971 544.777303
1018.172300 907.142305
1046.524462 565.884527
1068.179325 554.748660
1053.756152 576.367901
1050.878737 560.623665
1035.341746 562.890163
1052.684461 587.979512
1045.280748 573.173378
1060.543651 925.078178
1029.543958 574.283002
1037.713064 904.220292
1033.868737 588.515624
1044.671460 918.282683
1031.148482 582.143922
1036.351856 904.350900
1034.548413 575.982248
1062.401492 899.315645
1058.721097 590.620047
1047.397226 904.713588
1067.180035 576.848197
1079.530256 900.666475
1068.720538 589.804866
1064.326206 912.252451
1054.897935 603.891735
1076.694233 903.096432
1066.223481 581.770614
1053.119657 901.116295
1067.426333 605.946853
1072.788641 899.596188
1074.742092 583.874524
1085.849421 883.028377
1106.054560 572.094740
1091.003754 907.394409
1085.730652 582.218314
1081.583480 889.647636
1085.786141 588.314428
1093.696887 595.365797
1110.337684 881.829962
1099.965396 582.405249
1082.129305 887.194949
1106.874930 579.330216
1108.501012 585.849851
1113.300177 885.059059
1097.937538 609.334404
1091.082240 897.895562
1134.630233 603.652956
1116.017877 896.119776
1109.450672 615.467803
1123.893132 892.508717
1114.376606 607.232601
1105.449438 876.794275
1132.489256 618.440566
1106.534979 884.832656
1112.187314 607.916661
1109.840603 868.516186
1139.643637 616.123348
1141.637254 889.840928
1136.466779 615.194324
1140.901451 883.753872
1155.781521 614.887119
1149.616690 869.579697
1136.037445 602.797475
1146.706704 867.297102
1144.287426 850.239134
1125.906475 612.732326
1153.480748 868.134523
1145.950892 622.955090
1152.774522 867.653549
1150.950737 614.413920
1122.112729 629.554314
1164.236465 873.007356
1144.662933 628.376885
1156.649839 868.356902
1164.954361 635.037694
1155.063293 851.642616
1155.143231 626.319671
1177.604430 842.195215
1160.214690 855.526921
1159.447542 634.887398
1176.506870 835.446618
1176.963520 633.026503
1175.902167 639.118639
1177.610208 653.061627
1178.433095 850.766108
1176.884220 651.349477
1181.340308 843.971919
1189.450318 650.924109
1174.463771 853.540855
1165.389201 653.821803
1213.656598 849.387695
1164.461822 847.100436
1169.598930 837.556908
1176.212525 644.517048
1187.105871 820.382460
1188.489747 651.573390
1198.448955 827.516255
1188.121394 653.312888
1208.341135 810.951359
1199.584215 643.263133
1193.979571 662.450147
1221.985112 832.814854
1231.050260 824.278290
1207.413987 654.574116
1188.994692 809.639844
1166.863920 662.423164
1191.497834 818.091957
1214.115826 655.569336
1210.462906 668.513361
1213.838935 817.850623
1233.986091 663.412764
1182.942083 670.301840
1199.059801 685.553686
1214.826941 799.622637
1211.105577 810.070858
1222.559164 673.849577
1208.497870 785.009297
1222.062965 684.773883
1229.646603 788.651399
1212.777053 689.966821
1212.031379 693.477352
1222.987949 692.463803
1214.980434 792.811498
1227.929103 697.739725
1221.009029 783.983560
1216.668392 695.526382
1251.945258 700.824524
1227.886551 715.632376
1217.859590 724.275286
1258.197257 777.601638
1232.556162 790.023091
1220.945400 791.742693
1258.798675 698.430921
1237.809862 774.897008
1268.305154 705.472651
1259.321131 768.686826
1261.433641 730.666162
1224.712244 730.337868
1257.883491 739.102684
1251.890240 736.637636
1236.894941 733.257887
1248.079530 724.592126
1231.046271 747.091034
1246.087272 752.773646
1231.077452 751.594328
1226.559253 747.928578
1238.110085 762.477057
1220.935836 784.014178
1260.795387 768.529034
