19.169097 293.849149
23.230335 291.677284
27.471321 283.513380
44.967165 309.597520
35.861677 271.853927
54.410571 310.397787
49.015834 267.113146
64.846082 294.340354
53.899674 270.088165
55.928030 308.720529
59.429203 262.322585
82.207419 304.402690
71.918642 264.071529
85.159720 315.149096
87.233421 263.425275
90.068330 317.294698
103.682153 262.097701
89.971007 310.348214
108.349480 259.261657
120.313961 312.044257
118.412068 262.417676
113.600255 309.463622
126.957395 257.388865
136.103464 309.285438
129.839760 255.798448
140.438052 301.152060
155.371970 251.270629
168.482787 304.543527
150.323027 256.801393
169.394227 311.396924
162.374846 255.500836
167.255806 230.988966
184.933897 236.863316
178.735447 313.070870
180.595216 320.001167
184.008330 216.503661
185.225839 334.486915
196.641126 225.766894
198.199842 331.262445
206.301903 220.216950
200.458978 336.731433
212.116414 215.440928
212.425632 349.322683
235.832977 204.866916
231.594075 361.434408
231.013862 220.099179
230.588966 359.319822
240.819814 219.189656
238.581977 347.651221
256.040160 204.093041
246.522532 357.721301
269.195031 211.140226
258.669846 356.391044
281.658639 197.529929
276.431920 351.958879
278.859740 200.455407
279.364196 348.854616
296.426208 181.954350
288.332543 178.703379
287.658109 353.938569
296.507259 157.350137
292.980266 166.323240
296.167136 367.146529
310.365881 144.142591
312.700948 362.460625
312.904161 133.196574
296.130565 376.842197
320.110037 122.957014
318.833704 377.992296
322.188580 117.317582
340.669849 115.465500
337.434109 391.599697
338.815852 102.668677
340.944380 388.868489
349.741768 95.706195
348.921195 401.928463
349.227985 90.296687
352.393294 408.080219
355.317503 73.933801
357.179956 406.938957
354.612368 67.268855
380.591748 409.826208
375.226732 52.318436
378.391670 425.733865
376.018204 43.859433
387.019646 440.010481
384.615878 38.898601
390.985241 438.705925
386.138478 32.247666
394.254143 441.908594
399.462830 39.674192
406.607519 449.141085
427.726357 28.019228
408.774475 453.131469
427.276982 473.422332
417.545404 31.588484
426.807016 43.641794
432.146711 485.759350
423.148425 492.102220
446.253681 52.429750
447.269193 494.286262
450.109045 53.176351
451.278266 61.585095
448.821175 502.268329
458.287536 73.665505
469.535104 73.784404
465.468198 498.792926
472.033172 85.413288
477.020117 107.086834
474.979754 101.184904
468.454476 498.493665
477.816960 111.587604
483.572136 120.456028
493.308359 499.391184
492.185286 126.110234
491.720164 131.194753
505.540899 489.900448
500.268945 146.376764
500.057542 152.959883
508.171111 484.443529
497.030430 165.069786
503.366771 479.604264
507.388333 177.018644
516.484657 157.716270
509.135827 440.914718
506.165016 440.603597
511.776475 453.886447
523.144066 458.194232
518.509844 144.405691
524.821463 407.849979
528.710106 420.151911
527.629138 390.981279
529.933319 391.188864
527.463021 141.449292
522.925286 358.294185
531.802857 372.698936
533.317820 134.825249
533.973270 356.079342
539.711290 119.330615
551.579345 373.223422
552.982963 110.151441
556.308890 226.120232
552.530376 249.511848
556.313828 381.700316
557.957184 109.065999
554.170000 385.955484
550.311780 233.697457
560.766954 271.042078
553.509515 297.300788
553.879306 296.968860
564.142459 227.086896
566.226360 265.514363
564.742147 103.101489
564.196294 393.230297
575.698759 271.305528
562.924829 299.905727
573.890975 224.637837
562.623865 265.316126
569.115066 395.736851
582.458788 94.938051
573.199963 276.608881
592.177544 301.756290
572.758415 401.947359
589.198547 214.564426
582.522353 253.813802
584.758227 106.479186
579.844366 305.169364
585.218704 409.460026
595.745461 205.296148
588.993537 104.087073
602.403484 120.368885
607.116297 192.174938
594.280572 189.578407
607.190770 303.856170
585.816514 308.975006
601.306732 412.155422
604.802798 129.997627
612.294737 186.380600
598.934624 314.688108
612.778813 418.067843
610.610924 133.274838
608.535833 180.572537
613.745409 140.526890
613.131087 325.655517
621.421138 403.910504
621.288271 148.748644
622.264637 167.656502
628.132577 345.264270
623.602187 160.685807
629.000189 416.065061
631.621050 334.948122
630.270851 352.468057
641.519888 411.168699
645.596487 366.999439
659.944592 369.309149
638.069073 382.236048
641.217101 405.078678
639.327059 404.347740
648.951448 359.887703
