18.485160 470.880968
19.072748 458.252155
19.345572 467.796137
0.464189 463.802699
28.805610 468.875898
41.979779 478.025030
17.338515 482.966321
30.023942 469.095387
8.458237 471.401431
25.788923 462.503604
20.505407 472.879258
32.943243 455.133447
17.731387 474.406410
11.320189 436.833587
29.749537 445.576687
41.534319 489.188924
46.961553 478.899572
42.508386 430.995972
40.240365 436.845316
45.016070 458.029770
65.429236 476.512404
53.381895 452.029403
58.703647 465.537819
55.397038 435.184370
49.107211 475.125806
41.852854 462.104463
46.797798 477.556108
29.015673 484.568453
54.839094 491.524202
67.253794 495.385759
66.150118 469.721947
56.454928 439.277316
55.238029 508.678636
75.958715 463.190994
69.530174 486.293328
58.425283 476.278803
70.992304 485.473946
73.882300 428.787836
72.155450 459.660026
68.439419 492.578479
61.706822 498.389939
62.260336 442.093720
87.552780 481.729586
91.072820 474.144916
61.965489 494.352696
62.763211 451.667540
74.534507 471.378102
97.333973 451.026408
60.385881 463.469958
64.370383 486.180283
103.522185 447.110828
90.801502 460.145707
68.668398 471.146398
78.526156 508.239889
89.334394 443.598214
84.878235 494.999440
76.166896 467.331451
90.761355 430.539982
76.648149 464.790516
69.898813 467.979476
99.881853 493.136087
97.091095 474.198901
78.692424 434.879919
81.048606 469.171496
77.798209 475.592202
107.541780 493.867238
85.573400 526.716346
100.937528 517.146461
98.133669 505.293157
77.941023 453.298386
80.004433 491.064353
87.837063 445.854892
83.480808 452.804545
73.264802 511.534251
89.618727 504.818210
75.057819 516.304167
90.489748 489.369450
98.316559 417.790656
88.961217 465.830724
98.619525 491.458154
98.857389 516.998819
105.253297 422.789125
115.771320 456.526003
107.807574 527.416793
114.447138 477.860811
101.458449 416.181040
120.633679 476.216976
108.867845 156.462088
123.016319 155.587485
106.156792 482.151593
98.520871 470.919744
103.678597 497.866756
109.937644 498.902269
127.903045 153.088572
84.756997 511.177534
97.909066 447.739270
108.869693 121.840598
95.382280 529.388389
124.031083 132.549945
130.471829 153.280795
112.852062 421.383465
111.759463 504.122031
151.414245 132.701215
104.883587 152.656246
121.232216 439.646451
133.630107 505.185581
104.570541 514.121107
149.341263 138.160142
124.486531 150.613090
129.388367 509.580880
140.754575 411.290610
117.228925 503.720836
111.195982 525.594233
102.886579 525.277132
100.055056 515.325252
113.631140 140.085780
119.019980 143.921824
124.974494 499.996604
127.004088 419.287623
113.784461 491.777398
119.128699 114.282663
124.844938 505.307593
128.788789 548.937114
126.406684 136.543002
122.997281 505.172398
129.962482 399.930507
149.401140 500.516045
117.030513 502.460770
134.991975 122.973826
124.902589 493.055691
150.370327 509.368726
137.249637 58.367880
138.189301 38.903708
125.316824 174.645962
120.777329 418.344217
112.068741 54.208003
127.170423 474.708573
124.745069 482.984552
135.769204 120.506729
137.992631 511.985118
118.108165 80.301176
117.003622 135.595956
132.593849 392.025892
127.238132 73.532997
134.867430 119.670005
165.555349 512.293327
143.148629 79.078911
153.656678 129.478191
137.854651 410.994884
142.366174 98.493797
156.118216 129.953645
145.669131 71.043496
138.533933 86.663641
145.791183 393.910885
134.168070 547.932382
153.786894 63.375963
130.236813 145.578221
133.136085 126.093852
133.719619 87.739375
156.925826 396.752662
143.627098 165.158352
135.738938 158.488806
155.182388 392.035083
154.327116 506.530087
145.202778 64.910176
161.369099 115.686624
132.555175 135.253221
142.687204 168.624144
153.152196 79.104177
152.168178 143.661741
146.794284 382.300223
151.938830 509.122988
141.999827 34.235483
151.211401 74.726480
152.278620 124.209900
150.797772 146.357076
144.711980 156.828940
161.581905 164.132742
140.551367 67.129480
146.227697 477.340447
182.153286 474.767566
156.178556 468.046777
163.192416 505.095766
160.748663 491.145387
156.316605 521.596223
147.381836 71.035034
146.226071 391.877583
169.196253 86.500188
130.377511 113.533175
155.159447 122.996982
158.483525 133.958782
153.765650 166.841673
156.486128 478.749332
156.455205 82.132445
149.728267 392.044518
146.705985 444.506830
143.318718 480.973359
156.785847 475.812594
162.877752 500.187321
174.764654 37.650168
152.629022 432.163534
151.267808 432.228882
170.646133 427.088972
138.429482 445.382543
157.397377 459.722628
161.738977 489.891244
161.816193 502.233158
148.844211 498.875813
153.820012 500.429333
140.388450 122.071098
164.597950 155.685283
147.550327 99.271458
172.664159 381.537609
169.115706 60.402258
171.030711 430.960684
154.613277 123.768764
168.447376 171.868357
148.332861 410.463264
163.809409 411.234652
162.122327 427.827430
191.867529 81.555341
162.157346 113.142031
181.269916 380.302924
172.597920 124.235893
176.418014 413.342462
144.352158 159.800466
183.386935 57.684420
178.660992 98.840705
158.082135 381.798970
165.640666 101.831143
179.758448 155.845772
143.077535 404.610469
169.107826 103.251200
170.848374 118.011442
173.464638 72.530972
153.452489 371.681635
179.070806 169.162749
182.578926 422.507274
182.007913 173.421578
178.564261 183.287518
179.093016 73.071595
169.811843 368.784250
179.122060 419.082924
172.818835 64.788282
188.197345 151.227777
192.148983 174.621941
200.000996 175.186495
166.131395 355.400724
174.234041 411.983373
190.641470 65.412601
179.995545 189.271289
189.022945 373.984972
188.882829 403.732528
211.796059 62.054747
193.341993 181.908670
177.417049 348.303268
191.913676 387.331137
185.402049 175.790230
195.269906 371.576029
190.104590 73.555374
190.131846 418.188785
188.850505 166.438915
199.929522 354.513386
198.324396 68.775626
201.387471 402.852235
192.304009 178.746519
198.024521 178.597180
202.621834 359.071029
204.153819 68.547329
207.379643 410.528482
215.621627 154.781404
196.112638 352.540283
210.511778 90.504328
191.309954 409.265686
208.829456 173.642064
201.943181 375.796332
203.160764 80.220485
221.830657 144.540308
215.285903 400.034546
196.096923 369.454996
224.377690 76.184846
204.642862 162.250127
217.559295 396.189914
225.837386 139.300259
212.100578 150.825700
231.780213 370.471144
216.106941 408.633439
205.323901 82.538240
228.343918 154.546403
211.588463 360.666865
214.153486 427.949084
229.030617 78.755183
206.980984 154.538634
230.535254 139.816206
216.291423 383.848352
215.674571 412.871704
207.984272 78.925842
245.485772 139.571030
224.437445 373.569574
235.886410 493.283319
243.541955 527.759444
215.489260 514.449289
209.488151 539.416866
235.901468 525.170942
205.127966 530.181775
235.674613 535.727805
213.902900 581.876186
223.246383 602.385398
226.628457 74.344539
223.972566 130.577562
221.111646 399.812210
217.234462 510.589465
227.380791 364.575768
243.216030 553.721389
228.511392 561.986332
233.362258 601.031196
246.137480 53.133322
229.410533 493.293817
263.132584 512.489296
223.951190 569.893826
246.791474 535.260551
220.324929 600.615336
219.145468 126.759587
240.430458 228.974219
236.178857 213.135056
225.860447 246.404982
227.459915 257.725782
222.074702 407.974148
225.227570 503.006615
234.492842 557.489192
222.929388 545.530030
247.592544 563.948297
219.559064 599.469383
215.782765 611.502909
236.171873 592.574164
223.365085 607.443093
227.383023 629.431634
227.046545 234.086789
233.641602 257.779492
236.698905 575.018342
242.768104 596.899563
244.377393 367.093576
238.271758 77.688004
226.847791 614.983412
221.627650 115.744529
253.744127 218.178201
233.713133 242.760120
233.355649 417.568894
229.483059 494.106101
249.579266 570.983458
245.067354 563.719141
230.430510 615.116200
239.867137 622.902815
243.100257 224.965584
223.254298 215.978602
238.654282 206.563640
236.395613 254.795835
219.492784 497.709481
250.943929 630.991707
230.445773 623.444908
234.324493 640.172162
238.833800 380.756488
221.233559 83.469913
254.869450 124.071980
231.473711 406.806915
235.677504 189.455483
227.634526 236.946862
225.768681 481.797384
237.816673 642.563163
241.782844 187.873254
231.475236 359.417891
223.002581 412.991018
240.713868 472.915093
240.806416 650.896067
234.679596 67.907943
250.456003 271.153739
236.815534 121.380924
237.124704 645.174354
237.722532 661.684976
238.681687 192.656514
228.187265 382.296709
249.344371 420.229074
237.214049 452.394895
246.667061 640.759857
249.259749 75.302673
230.224342 185.441311
234.778756 236.841949
243.970053 127.289921
230.994589 669.278562
253.032276 385.130341
248.149430 416.651371
254.378292 459.403420
250.625973 75.241503
258.780922 174.434976
276.861415 261.636974
268.408230 113.338054
256.732961 407.475232
261.865187 439.348384
238.923926 631.625434
254.464887 375.763190
236.023870 474.258068
266.621775 63.387703
241.757797 185.891400
271.495589 266.463996
257.597803 118.809862
242.288936 423.803389
245.332661 679.666989
242.589613 149.056938
256.467851 463.439835
264.187696 377.320609
260.833154 483.867382
243.468255 63.990848
262.524988 295.341236
242.607855 105.591172
259.384016 413.030738
270.303187 479.205374
232.743230 663.688976
251.721406 165.637142
253.786043 467.209383
253.788704 176.301716
271.536257 152.393479
276.696410 280.074900
258.482324 363.394203
280.015111 354.954984
260.988382 425.237291
272.264854 452.272424
271.115202 436.993231
253.271031 76.907090
265.022622 101.522011
270.856882 662.875253
250.227790 425.665776
258.963210 468.588130
250.543908 149.769895
269.367210 259.930756
250.616908 349.616187
245.997264 96.446215
280.043233 447.890275
265.612813 451.755748
256.137925 663.179547
258.429491 107.497559
273.574553 137.619183
264.277180 273.458447
264.892051 370.205833
280.555395 59.412173
260.246739 107.847993
265.713948 649.184935
278.541770 152.156708
269.047591 271.041470
269.624760 346.906921
282.088921 353.888592
268.886282 67.757762
267.566583 106.068789
272.122500 354.680200
291.095679 648.537266
278.633476 151.629975
273.916663 134.277912
277.600317 686.870798
281.363480 252.952631
260.002634 67.591452
269.452265 86.044435
251.545771 356.143413
290.859536 142.865560
279.447568 662.147321
263.623266 268.065927
289.047903 347.598630
274.774780 340.232541
283.235114 337.622737
291.425264 347.462301
275.500225 84.749667
285.333722 125.597572
274.695579 152.583537
285.428033 666.227954
289.201388 88.822680
275.831890 269.359738
273.274958 356.920590
286.631750 56.407552
278.003454 133.958487
301.177287 359.345902
302.471019 661.487820
280.447820 110.347448
298.305783 273.665275
290.734643 68.983789
299.594235 131.968458
282.786888 321.268037
308.633854 660.097041
294.588573 305.474513
283.186865 327.267819
299.192171 346.762413
303.929442 332.577752
301.996700 122.866963
297.172292 276.556643
306.294833 57.881571
296.913227 142.002319
306.409682 662.595677
294.353162 319.867708
298.460342 328.275695
284.791190 120.717035
303.715419 297.761948
304.284517 73.126820
292.311115 279.808324
289.577755 59.506296
307.397617 664.576399
314.300018 71.046896
291.047782 103.435325
294.952580 120.643218
293.261804 314.745795
280.953981 252.086149
301.278686 276.556058
291.011308 670.084180
290.877496 664.677574
321.439324 68.867472
327.086290 90.376640
299.447502 108.007224
296.406667 257.260959
293.855312 286.388328
301.959544 45.430965
298.487692 262.668321
316.413268 275.244020
285.929962 278.021024
295.344370 636.470134
305.377202 100.283987
299.418496 120.229412
323.360168 59.388585
298.538292 263.273833
295.805371 266.773542
315.326481 635.642280
310.252942 82.284804
320.566064 95.010290
333.776649 52.178848
299.299316 93.193869
329.383984 648.277569
315.681725 102.787133
321.503324 101.519335
316.737062 53.651740
305.340499 120.148636
327.110410 657.603942
318.542482 104.165402
326.827806 64.265301
331.742982 96.491678
325.236069 640.821293
315.983164 106.827959
310.363285 54.741909
330.038403 654.326093
307.601791 71.431105
329.502027 659.117986
342.580850 62.543395
344.657487 642.201819
322.995983 67.505618
328.188300 635.982984
339.891701 40.498610
352.415357 622.217057
357.917461 627.067728
336.267077 42.898436
352.755169 622.162995
341.153640 59.818782
337.388401 644.085130
344.346891 49.180951
354.011082 616.432563
361.307623 58.213192
348.223874 632.770247
373.874878 612.170074
361.261460 72.368401
350.861342 620.602656
349.262862 66.036112
367.072142 625.154282
368.189909 617.056534
362.993573 79.726790
381.724165 79.095503
375.021168 610.839501
379.855520 585.668437
364.422241 69.085461
373.459215 586.031655
377.428597 589.316421
377.913738 573.222706
380.070306 592.842845
372.739069 80.292349
390.608515 752.326969
381.008729 554.833209
360.392569 573.988201
381.906346 47.565140
376.718767 771.309864
379.307355 567.421173
371.905731 761.312215
405.450161 749.073864
391.430234 554.777218
389.390805 795.019650
395.272768 54.663072
402.073034 552.925352
378.842415 743.297556
373.586158 57.637189
384.277813 748.765486
395.132216 782.222415
401.971647 562.301201
369.933789 530.244310
386.026985 786.020298
388.851577 46.835911
386.111369 762.698099
385.921511 734.884415
404.353908 542.308446
405.639213 776.100022
394.577916 49.232323
412.663732 553.885784
409.661042 738.723734
402.667489 777.195932
399.975383 59.611421
397.241445 769.561848
413.856145 534.184088
426.930370 739.481132
403.722231 726.248446
393.349490 769.910245
426.036885 67.958306
408.530930 546.463386
425.896959 763.912339
396.976402 714.368818
411.836428 68.581109
398.695522 555.670013
435.025889 539.290637
403.476498 759.679874
413.549259 731.631179
425.243775 57.108540
394.450741 562.341249
425.771147 722.246740
432.445748 716.834650
429.581368 711.258262
427.466317 748.565032
415.313550 563.957008
417.411973 51.073201
419.705918 61.710519
436.695919 695.108330
427.862713 736.992709
421.198812 551.465462
435.307977 457.142646
441.569681 725.425175
388.174184 75.961472
425.289908 696.014254
432.513155 560.443208
442.665933 698.787231
423.725282 686.482301
418.898434 711.021105
429.153873 746.968462
420.262250 749.546209
420.788493 774.560213
419.015308 758.699933
410.945442 785.892167
420.508826 777.926502
419.010494 791.761239
432.207727 479.052149
441.563556 475.976316
414.467548 555.573612
420.962093 78.047602
449.844123 748.668814
435.130310 466.303222
419.754505 762.568284
424.706814 73.214230
434.284379 670.136478
424.223282 747.266487
419.469651 750.216556
427.761440 785.012918
412.967286 477.117249
423.375072 568.679974
424.436214 541.805831
421.423638 583.488706
421.063618 745.451369
425.776759 565.748023
424.569370 724.497338
443.900986 466.517491
435.183040 499.915242
440.671534 482.306930
427.866912 505.690685
444.459140 507.277505
416.879403 68.568864
430.003686 489.671888
441.784344 688.584836
433.901008 789.434824
425.278490 728.105376
443.718803 763.368983
424.133955 594.825816
433.799770 589.741079
440.470440 588.969367
438.272528 569.651178
422.863742 594.380319
433.800108 599.846952
435.838327 683.416164
433.608961 738.415604
429.744554 745.054215
425.376406 771.826104
436.483265 459.996808
441.073010 65.096526
422.763914 516.761716
432.815704 528.644487
445.164739 794.842941
439.903395 517.988540
433.895748 618.584499
454.676414 727.395050
433.763760 79.251428
448.565032 607.688965
437.873192 593.400583
464.015385 672.515047
429.108122 730.369277
429.410464 462.651692
440.676980 601.996910
453.326238 606.789694
445.568840 630.095347
439.959074 657.690231
446.527193 658.184242
440.052187 666.068627
445.285155 667.060470
467.218623 665.463441
450.978038 775.324910
446.108250 518.513937
439.998502 777.351347
425.492301 69.436314
436.405705 456.024795
434.946370 519.387145
470.280017 616.886219
445.891824 654.694823
434.927833 653.943542
412.633799 633.492448
464.619366 649.654878
457.084552 621.183332
440.230544 647.010508
447.325140 762.576670
453.462179 64.491539
440.102213 527.455926
442.335374 532.784214
447.537068 542.045499
423.864499 746.733501
453.526669 771.814059
447.334471 468.274284
433.243990 85.587781
455.089693 536.696451
458.389637 758.028537
450.076366 754.963064
448.040472 775.461130
455.736857 445.227797
454.181883 460.513733
449.924497 755.528699
463.705354 79.638817
434.100618 546.593527
441.181043 772.294939
458.430765 451.643189
441.316927 743.314043
457.007265 84.654267
457.617143 551.092618
456.940206 435.568395
454.342725 529.494466
482.198049 429.763091
439.800740 742.769963
455.886873 743.575554
463.464533 769.616614
460.580920 429.219537
455.850288 741.927317
462.737164 749.274256
475.425086 62.666714
462.765048 429.066421
443.819862 535.149145
478.524231 782.621160
450.643727 534.461014
462.388941 68.906655
483.837742 418.374795
457.796000 771.208084
462.979784 776.290061
481.628069 70.356384
500.723692 553.196678
457.226390 561.456905
482.073596 556.712613
468.926059 88.408361
489.955591 417.151831
465.461236 431.944238
477.445461 595.137164
478.055263 759.183610
473.028352 89.306253
461.858630 415.713452
465.800176 556.589687
483.209950 572.878272
487.534120 588.019442
482.280072 594.192305
465.062601 575.604532
465.751287 566.107363
472.974867 601.738080
480.703179 591.404759
480.681660 621.563211
470.464961 648.646607
476.761494 615.683329
458.774749 659.171730
469.043157 777.387224
476.806016 74.966686
461.022613 411.674852
462.548046 393.010248
493.681190 403.893904
488.267073 594.205698
482.441762 603.776640
475.771317 608.437144
471.952222 645.596266
458.552667 617.365225
482.833720 636.637779
467.086880 629.934806
479.164179 652.824180
476.217733 752.427819
455.698297 750.398543
489.815419 743.754631
477.002227 746.283395
486.982461 760.232739
485.360236 778.554068
486.803484 798.769815
485.352773 795.105607
474.158712 627.908932
475.941321 86.605632
463.593950 401.072789
482.309309 652.453788
489.826828 647.650447
494.376279 654.496617
481.042392 639.875855
490.657987 745.687205
487.239827 748.924026
469.053976 754.531558
478.688334 87.740444
468.715182 664.573860
482.514843 660.202001
468.464397 668.082919
499.045389 680.374943
492.885567 680.934305
489.126517 113.235227
467.902678 683.881532
474.367542 390.116900
479.033062 743.843186
491.124758 94.687148
498.786874 684.836534
479.429840 689.220334
484.314719 674.120557
507.257347 698.985119
479.140607 698.514850
471.265951 396.254625
491.988775 717.898893
491.270926 69.759208
488.368889 732.797913
500.569581 739.789768
468.299222 755.410018
501.277057 755.768827
498.300444 754.219823
491.556115 707.413638
479.252578 688.440505
488.862257 98.639709
488.673470 105.629489
485.177407 412.231218
477.224753 790.311973
496.960195 373.473536
509.354790 412.596409
477.851916 412.573006
486.100444 713.359921
493.197428 393.528042
488.689425 123.652941
502.522064 726.154111
503.849998 777.445861
500.819433 400.918974
489.845205 403.256214
511.873900 690.377634
503.658577 410.490746
497.201258 408.670720
524.110916 93.666203
498.157501 748.451071
488.445341 725.933188
493.931132 774.239002
495.365357 743.006924
519.145097 112.142298
506.275000 421.867580
514.189973 757.815379
506.989064 725.903488
521.109359 737.587112
502.318488 713.304458
511.078276 117.985690
498.709651 423.486770
518.333922 740.755128
504.891466 757.000954
520.996967 428.225570
500.292064 427.493278
506.739230 89.996155
506.750955 726.629347
515.363852 743.258194
519.478397 771.053327
503.063170 95.643802
524.349374 422.372674
502.274660 729.594086
520.652878 765.430931
529.006225 110.291862
527.216201 444.439144
508.485350 447.862639
541.080906 435.072445
525.000307 116.493446
535.654466 122.262404
536.720119 118.026726
537.665225 436.551802
534.897984 447.787899
543.317800 133.228999
531.869374 455.434951
536.394249 448.722010
550.122325 445.387430
528.645677 132.964823
525.086018 454.999474
540.644027 110.210285
542.100204 439.659773
516.703499 143.764022
532.734489 457.310101
531.497953 124.889115
564.092371 128.791364
542.152180 456.535098
535.565132 129.905863
546.686535 461.811528
538.077666 434.905423
546.427183 133.438345
537.870731 464.222796
544.535986 128.068901
558.457198 450.643640
558.929796 134.905085
560.079798 436.223398
550.720567 150.522028
558.700394 448.369634
570.554724 146.466197
565.432828 447.726621
569.554373 121.674562
577.889278 448.467584
572.639033 152.409962
567.779962 147.857123
576.596331 135.561855
586.194079 429.810199
577.553322 149.370979
590.315356 440.281190
600.951952 176.168370
574.315522 436.575227
596.875510 427.730570
583.929043 176.762059
584.763811 159.703910
566.486684 431.820558
575.597684 402.352597
600.974492 161.206506
599.078868 413.069358
579.487697 166.979926
603.695347 397.740267
605.918178 160.426103
599.097290 387.641002
608.473227 174.401658
606.028662 393.351911
617.663478 193.740427
588.045848 406.173991
604.999887 163.388814
613.560449 400.126654
615.009941 182.055270
590.709222 195.166505
614.383005 386.382733
620.290556 383.528552
623.494080 381.794588
632.733227 169.110848
613.452837 182.145078
615.947699 211.853727
620.638909 376.012347
623.002378 376.314221
620.298720 358.957822
625.702183 362.257149
609.313062 365.967853
637.686852 374.668024
615.526207 199.938541
610.481651 497.948288
607.983117 507.035517
606.599481 517.125458
585.553703 502.179249
627.097553 360.714055
627.094403 205.440707
625.389774 215.721001
627.814271 345.771068
604.539169 480.183740
618.430788 520.667817
604.278477 362.702714
613.852718 365.736431
638.080918 439.248047
642.096973 458.273982
623.867348 452.692903
629.696828 473.283271
604.685571 476.027943
627.431610 470.757867
605.035211 505.433227
612.330775 501.521477
633.973290 222.809003
619.954335 214.943372
618.312968 227.707170
622.659068 220.120800
614.684223 240.396773
623.374447 249.161739
639.103829 367.990606
609.543404 377.940963
621.732083 436.980208
615.537160 361.989246
627.708471 432.164360
626.470183 437.327418
633.488671 494.056497
619.587586 379.073684
606.516274 362.198120
613.659026 380.883092
633.284908 384.496836
639.018023 399.057927
626.869748 412.143550
611.090785 420.946153
624.547318 436.795783
640.069099 448.395992
623.156936 454.000994
633.954971 218.729796
618.996130 240.353935
642.033646 224.185542
640.129191 249.043745
630.926274 386.464143
615.119288 416.583636
629.490583 427.621310
620.780757 512.591993
627.996120 396.634349
628.807468 419.536726
639.497096 412.296894
629.558691 244.163906
628.248952 236.182838
640.347666 526.199408
636.898304 491.381229
623.405723 234.536049
635.034614 502.120310
637.209626 253.453090
637.541571 499.258466
618.509617 248.546172
639.551705 270.879415
644.962304 261.044344
656.022485 451.716485
641.119234 481.355494
653.161016 498.176861
630.205002 269.177848
645.178208 479.702228
658.990151 487.728434
633.709277 450.635324
659.194366 285.913039
640.481827 271.129076
638.949193 466.783869
648.274335 476.360503
643.056753 274.818536
651.596545 435.481906
648.481471 467.792855
640.328297 279.521362
661.807424 477.182600
648.086214 279.209221
647.224786 470.216222
657.621593 457.431592
648.851309 472.986040
631.289035 310.518566
663.024029 306.031035
669.306808 494.448301
638.344199 482.089002
663.536522 289.837657
663.115454 310.992199
651.906537 307.167124
653.671673 493.472396
680.584794 504.167629
660.789537 517.559780
658.590089 291.264739
675.199302 327.972180
649.734445 316.592611
679.888749 318.518976
651.336185 512.768995
665.624870 312.069981
676.766084 316.202423
663.177829 338.011817
681.840783 344.027665
649.685915 507.353983
688.387307 354.665926
680.098546 337.927476
684.862021 341.173400
688.479979 493.662948
678.340282 518.794180
701.841205 335.756789
680.664594 485.483929
696.941129 467.753678
683.162124 479.868038
685.672460 352.514385
685.372806 368.459521
690.388800 368.721395
678.601131 345.997777
682.467615 350.168864
686.534257 491.166493
681.048911 486.544157
687.195012 510.791592
678.801060 497.287908
695.666174 485.947626
696.892080 352.741442
687.406381 349.212002
685.054776 400.014274
697.420105 382.076986
699.049329 473.096070
697.230497 452.719841
707.470455 482.714000
694.793940 372.346081
696.283229 393.200788
693.288478 401.551286
703.644037 502.603865
701.869407 507.133674
689.443358 501.956602
703.064255 507.509529
706.842258 419.447249
712.640257 412.039355
699.037607 497.836921
704.204880 513.528922
713.517541 402.172233
690.995852 413.328979
693.724771 395.411552
706.673860 508.160534
702.611363 412.819797
705.488457 443.408462
697.915413 457.189341
724.391722 463.816355
723.749018 481.046880
694.115529 452.194504
707.853310 516.371396
711.981956 417.867882
705.622868 425.856806
715.465784 451.527048
717.970193 483.543726
719.682435 510.028499
708.147993 475.566443
713.827990 431.580140
698.801531 462.875430
722.070309 443.624223
702.239514 493.829617
724.559293 486.822921
719.074312 475.999351
714.007552 511.535339
708.812707 528.017613
717.800634 433.060790
728.307562 439.378470
722.674847 484.995316
736.533061 481.652086
740.643238 514.695514
707.793477 432.981043
734.242797 506.647130
728.959435 506.805915
697.609484 515.029098
728.398354 464.031620
700.199508 444.967726
719.781406 433.132661
717.046083 436.800648
731.392322 443.407894
723.805116 445.088406
715.414864 462.318570
724.674197 464.052046
715.631466 485.590974
734.700799 456.775244
727.327913 471.081095
732.368496 456.737019
