57.553467 184.724109
55.796279 185.746844
55.156015 181.750074
56.810345 185.713261
55.662100 184.568667
55.186402 183.510551
55.671634 185.499992
56.000000 186.000000
54.622346 191.337096
55.723250 185.445757
59.884894 186.580970
58.586112 188.147724
58.460968 196.301613
56.098328 190.175540
60.591601 189.681906
56.000000 190.000000
53.145505 189.597803
56.395373 194.405679
54.328518 190.571625
56.138232 193.919714
51.892890 188.115275
52.522891 189.909192
61.699655 193.053228
56.000000 194.000000
56.002416 199.568503
56.562711 198.154285
55.536650 193.717126
60.485473 193.409606
60.342446 197.528289
53.053542 199.652387
55.904146 197.728434
56.000000 198.000000
52.130003 205.623751
51.382590 202.239883
55.409425 201.576010
62.218903 198.809727
58.220263 201.028400
56.449703 201.758412
56.030781 196.467106
56.000000 202.000000
56.511072 202.428646
58.315028 211.762514
50.074404 201.604914
57.652912 205.523242
59.107191 211.902068
60.790278 210.885580
54.940472 210.328028
56.000000 206.000000
55.992364 209.812160
53.459559 207.785047
52.980189 209.804817
56.691420 208.232769
59.212405 210.046162
57.092584 209.441132
51.961870 216.094271
56.000000 210.000000
56.624141 213.138497
51.223477 212.626741
52.187148 216.718236
54.758506 217.957379
56.047361 210.373489
60.593023 209.629476
57.363256 210.119926
56.000000 214.000000
58.133527 222.649508
51.662361 214.826437
57.369461 215.267617
61.027730 213.587448
55.979890 217.788085
52.410668 218.994443
63.100599 217.205688
56.000000 218.000000
59.999051 184.078820
57.993102 181.285652
60.287102 175.193717
61.330561 181.418932
57.162366 182.261434
55.234054 186.731991
59.998607 178.844455
60.000000 182.000000
53.869730 216.046115
61.052688 220.061160
55.912273 221.476128
58.128309 218.082670
57.775810 213.557079
54.110674 218.011199
56.169764 221.379128
60.000000 220.000000
65.191925 180.540546
65.675748 181.736485
59.628546 174.879573
53.810797 176.440870
59.426346 169.345227
60.609547 176.276847
64.124943 182.256324
61.000000 176.000000
63.501889 228.000730
59.639288 220.520501
60.144046 221.571313
58.038243 224.095769
68.279310 221.196126
62.134963 223.135341
64.520586 224.309065
62.000000 224.000000
64.974925 177.257654
60.444610 178.819057
63.250360 177.308330
70.036632 170.497017
62.775375 175.665565
66.911068 175.694372
63.408656 178.821584
65.000000 176.000000
66.210108 226.976627
71.505915 222.622221
64.086575 221.569260
66.978811 226.519081
73.208008 228.598722
67.473162 223.047409
69.067198 223.332795
66.000000 227.000000
64.276743 168.189503
68.608728 173.158183
69.966580 179.809463
68.663918 178.701894
68.963624 177.068501
68.377357 170.847908
66.591977 169.032577
69.000000 174.000000
72.293999 227.062779
69.798204 234.052706
66.820577 229.292050
73.129530 234.379234
70.846064 227.114145
69.109733 226.323308
70.010104 227.947958
70.000000 228.000000
75.007052 168.547436
69.088594 168.322807
69.020578 168.349404
77.997906 170.123270
79.844003 169.443447
71.643295 171.541483
68.836469 166.947469
73.000000 171.000000
76.274420 227.079763
74.529548 226.539527
73.007937 230.557262
74.131024 220.948982
74.594280 227.537295
73.429708 228.388081
70.767508 229.311396
74.000000 228.000000
76.783245 170.845150
73.470044 171.127462
76.352960 171.268295
77.719057 169.585578
75.926897 170.865936
78.670000 170.111668
76.986502 169.963348
77.000000 170.000000
82.609036 231.144601
82.576018 225.150825
77.804219 228.205405
76.244297 231.736991
78.864757 226.602467
81.381990 231.710593
75.777232 228.663302
78.000000 228.000000
76.981830 161.570133
80.323611 161.130639
80.760565 166.137926
81.372933 172.902816
84.945775 163.388551
77.414690 172.161044
78.242510 163.784311
81.000000 166.000000
75.501404 280.672640
86.383654 275.820721
87.331133 282.572281
80.193862 278.461906
81.283362 276.955427
84.188594 279.552401
83.377342 278.053998
81.000000 281.000000
83.144026 231.687992
83.078076 233.998434
86.841061 226.832217
81.608534 229.261297
85.034716 226.842726
82.754638 228.213268
83.600202 227.817044
82.000000 228.000000
87.633847 286.300158
84.290696 284.746791
84.116858 284.236965
84.557289 281.065036
86.133142 286.944264
90.206597 286.002758
80.519439 287.049363
84.000000 285.000000
83.017968 162.917320
81.945082 163.233215
83.805214 166.965750
88.476726 166.694773
91.193511 162.755605
83.413724 163.389339
85.707747 165.777357
85.000000 166.000000
83.905854 279.938606
79.872044 274.762171
82.505960 283.186376
81.377149 281.867183
82.278881 279.488358
81.757730 280.181356
88.775853 282.091305
85.000000 277.000000
88.241100 226.624740
86.483104 226.565396
86.779214 234.320371
87.528952 231.039052
89.179538 230.413416
85.012411 227.278401
79.640920 227.510099
86.000000 228.000000
86.110244 289.686156
79.891809 292.511879
90.836578 294.136340
84.024807 288.044843
88.136353 282.428651
84.857235 288.374064
87.725304 292.257260
86.000000 289.000000
89.265891 297.123633
85.741352 293.000624
80.947719 294.041052
86.260707 296.749047
85.867049 292.871505
88.430117 289.043881
86.006158 292.995741
86.000000 293.000000
85.865708 302.031514
86.551171 300.997465
89.550085 294.242123
85.988627 297.956371
85.869620 298.011727
84.956019 292.606239
82.301232 294.997382
86.000000 297.000000
89.962495 297.465666
87.299036 302.720479
87.188841 302.050865
85.742085 302.339601
85.658194 306.017935
88.771180 297.709408
78.638021 302.058799
86.000000 301.000000
85.837631 305.402383
87.142880 304.324190
86.202414 301.494170
90.187940 299.367185
87.578668 311.707648
80.167155 307.452958
85.594661 310.638921
86.000000 305.000000
86.399638 309.025028
90.465926 312.086654
86.077144 307.132124
88.315379 303.918673
85.724042 311.758143
86.654963 307.368178
87.890156 308.834124
86.000000 309.000000
86.018685 312.485054
88.827363 310.946135
86.018564 313.032184
85.995632 312.091600
83.196975 314.465728
92.182983 314.902676
85.814169 313.559651
86.000000 313.000000
95.666867 166.969806
88.432692 163.084534
87.537722 165.332409
87.277905 163.417915
94.054035 161.464294
87.488979 160.924536
88.578614 163.839992
89.000000 164.000000
93.302719 276.360567
92.190670 272.014206
94.121389 272.413389
87.868663 271.230845
92.777327 269.143627
87.163168 279.053041
84.558236 270.213911
89.000000 274.000000
89.460163 223.680323
90.938140 228.259489
92.391658 227.790005
95.233868 226.411433
86.875996 221.562611
91.214779 223.593724
91.235523 222.340861
90.000000 224.000000
94.957957 319.973079
89.067123 315.541893
89.234302 311.493831
88.248077 313.242657
87.465837 317.853380
91.823745 316.205487
90.149182 314.041208
90.000000 315.000000
90.648938 316.577792
90.583813 317.072751
91.768379 321.534070
93.198591 325.091691
89.899347 311.654546
93.406983 320.463012
96.177089 320.333223
91.000000 319.000000
91.275230 323.080094
89.367692 330.070725
97.378160 322.980961
95.124573 324.759002
91.510800 322.495140
94.794282 323.146911
89.382034 320.152744
91.000000 323.000000
97.857638 329.541739
89.808715 331.994424
95.463417 324.257377
93.334032 329.304363
90.929920 329.012321
89.019692 323.995839
92.763516 330.083583
91.000000 327.000000
93.056201 160.762096
98.753844 157.335504
91.355412 161.784817
93.038916 159.436803
90.278645 163.779366
93.607481 160.100620
93.307349 160.305061
92.000000 160.000000
93.496700 269.450715
91.070842 272.593717
96.373475 268.003682
95.380013 269.369222
97.865326 267.537777
92.186411 271.198208
86.874073 267.352872
93.000000 271.000000
92.310554 225.952624
88.010356 223.132202
91.351009 229.652581
93.413954 219.573737
88.736298 223.332006
93.701986 222.457191
96.906252 223.976525
94.000000 223.000000
99.717600 329.994239
91.952948 333.640764
96.041310 332.019800
98.860779 333.388454
93.454507 332.810563
95.405332 328.704793
94.289331 329.798510
95.000000 330.000000
93.881162 152.085490
98.248809 154.852627
93.696991 162.131569
95.808866 156.066238
98.166747 156.800077
99.489858 161.103038
98.050494 157.350465
96.000000 156.000000
95.115484 274.052925
97.553992 269.106352
97.203941 267.953531
96.480489 268.708827
96.759019 268.654743
97.096002 274.282920
96.553444 271.470738
97.000000 270.000000
96.298570 332.767220
97.396276 340.006997
98.764866 334.732302
91.241724 335.438621
90.400775 337.257636
104.088307 333.930025
98.250184 334.644093
97.000000 334.000000
99.890326 223.752983
101.995289 222.475706
97.957267 223.075126
100.115012 220.356921
97.105252 221.597127
96.497480 222.781121
99.571668 224.487813
98.000000 223.000000
100.333519 157.976919
101.347247 149.797889
104.864059 150.315997
99.619787 151.012237
106.848390 150.113431
97.340194 158.961149
102.292261 146.910813
100.000000 152.000000
98.847710 259.911525
99.928791 260.441290
96.444122 260.961932
101.068877 259.920375
104.090576 263.298263
104.334080 259.855969
103.113500 263.682598
101.000000 261.000000
107.982128 267.620390
103.874058 268.233151
102.725473 267.241664
99.761603 264.857487
97.189745 260.588514
100.301342 266.549769
98.087057 266.235951
101.000000 265.000000
96.037734 335.686913
102.589291 339.854091
98.971244 334.269769
105.684027 337.141961
100.287619 331.787426
101.446669 336.499482
100.113111 337.769547
101.000000 337.000000
106.465381 217.033197
101.262991 225.838856
98.528900 219.076449
100.789905 223.377909
108.475508 223.788966
101.335251 223.033198
104.121576 215.977887
102.000000 223.000000
101.353367 155.319714
100.829375 155.368889
110.064675 150.449998
106.624452 150.337012
107.094976 144.655588
108.233261 153.009338
103.848613 151.994578
104.000000 151.000000
107.438428 263.602902
104.309288 260.030747
102.808734 262.116107
104.098552 261.263113
102.361440 259.945574
101.265329 259.727145
103.855556 268.196589
105.000000 261.000000
108.423149 340.883905
104.328758 338.102137
104.150229 335.402724
103.003018 332.731248
104.806960 336.852580
109.203250 344.070004
105.456586 341.396043
105.000000 338.000000
106.799981 220.078225
105.139313 223.966360
105.391275 222.895694
100.150098 222.253013
109.726362 220.730941
110.473661 225.619096
104.205213 225.294953
106.000000 223.000000
106.504696 149.739160
106.447543 146.335709
105.159722 146.400365
109.765298 149.128223
105.747472 143.936618
107.831720 150.095021
103.621847 148.347323
108.000000 150.000000
111.556547 263.715870
108.197890 261.082452
106.390233 263.288599
102.618498 257.773605
107.902954 267.059176
113.641123 265.310586
110.054839 259.725857
109.000000 261.000000
108.207865 337.025525
109.369668 341.749697
105.838309 337.655640
105.445342 332.838872
107.582048 340.386025
108.826292 338.023385
113.512841 343.258302
109.000000 338.000000
111.373470 224.058685
109.770755 223.369836
107.015027 219.345295
110.607641 222.980522
107.239656 229.795620
114.987664 220.316818
107.415011 225.946501
110.000000 223.000000
109.417674 148.371403
110.351513 146.640172
111.003148 145.914733
110.992677 145.933185
111.355542 146.266122
117.476639 149.194524
110.679289 142.044744
111.000000 146.000000
111.125253 261.247968
115.411874 262.876597
113.519559 260.267987
110.757556 262.461198
114.804657 266.772040
111.003328 261.743901
114.952668 254.229811
113.000000 261.000000
114.493595 344.624001
112.083681 332.015414
117.095678 340.685576
111.912872 345.245847
115.947450 333.675961
119.467714 334.680293
114.934974 336.997029
113.000000 338.000000
114.629021 224.239756
115.339263 218.289273
116.765365 226.950803
117.846455 224.659585
108.009377 224.211345
114.555797 220.059000
116.823928 218.118663
114.000000 223.000000
113.971990 148.218125
114.609937 145.776176
120.300311 148.037852
117.153745 146.643468
114.370739 145.959854
116.974650 148.668097
108.671180 149.334931
115.000000 146.000000
117.325537 258.539352
118.059941 257.753185
117.438333 257.914475
109.775315 262.223414
117.151505 261.335041
121.397505 259.675779
117.207528 260.454242
117.000000 261.000000
115.231279 337.159048
118.015931 342.873796
117.763731 338.297193
118.508171 339.642791
115.212383 340.264187
114.017434 341.634383
116.766045 337.876398
117.000000 338.000000
120.357962 221.088484
118.459028 222.974690
113.306780 228.356740
117.168312 223.307658
119.802399 224.076942
118.009508 223.773192
112.800031 223.098880
118.000000 223.000000
120.612008 148.826347
115.996823 147.424382
119.506188 139.570781
119.257960 146.061630
121.833448 144.167901
117.770174 147.981090
119.226988 139.230147
119.000000 146.000000
120.019197 260.617729
120.516268 261.094516
123.580867 257.317448
124.968657 265.306124
119.517033 255.374126
120.354578 264.191651
117.603449 261.485460
121.000000 261.000000
124.675877 338.408048
120.190836 338.965801
127.656423 340.189812
118.836976 337.555469
119.765743 333.673562
116.382433 338.379474
121.436410 337.951443
121.000000 338.000000
119.933443 222.251746
128.747991 225.124413
117.313485 221.950700
118.481426 220.580032
123.394624 222.531401
127.962877 219.078819
119.157200 225.010580
122.000000 223.000000
125.116273 145.835186
122.603213 143.546057
119.142799 150.339471
117.772727 140.433771
122.841838 145.190790
125.759621 145.406218
126.759860 141.699684
123.000000 145.000000
128.985588 250.843272
126.657205 256.811459
129.677937 256.300624
122.895918 259.326746
125.890378 254.587045
128.541876 262.102457
121.044844 259.318315
125.000000 257.000000
124.551145 337.626344
124.081531 341.304120
125.282357 338.189319
129.658609 340.252716
121.301459 338.030740
125.594947 340.200445
125.390595 337.812744
125.000000 338.000000
125.815919 138.875357
125.650578 140.642458
127.940016 147.304150
125.917612 142.101619
125.818126 141.122349
127.706811 145.384552
127.880960 143.575197
126.000000 141.000000
128.198745 218.626116
130.423598 219.730724
122.393376 218.760641
131.058274 223.144138
123.561319 227.050458
126.512719 222.633774
128.864474 217.034108
126.000000 223.000000
126.910022 255.039002
128.758175 262.566635
130.168084 263.173834
123.629064 258.991877
125.212313 254.063436
128.967857 257.917396
129.158667 255.835924
129.000000 256.000000
132.562032 332.672468
125.013715 342.919683
135.956897 338.571720
126.069405 338.333200
134.786317 336.916249
129.108294 336.612728
128.423047 341.047724
129.000000 338.000000
124.302984 144.124333
130.006346 142.141707
131.733809 136.062784
131.053216 147.380219
130.203496 141.898763
129.551190 139.555649
128.856290 140.646312
130.000000 141.000000
132.811557 218.622400
125.096286 224.982629
135.589574 225.432051
136.080267 218.939742
133.438379 222.178299
131.146073 229.022621
133.682987 220.597251
130.000000 223.000000
129.253783 252.671250
134.513026 256.806169
135.606198 254.368440
135.178544 257.512033
133.370649 253.446863
137.136441 254.299586
133.267492 256.325606
133.000000 256.000000
133.050012 338.969623
132.532003 335.352492
139.850263 338.182224
139.563032 334.662732
130.711216 338.138602
128.003153 342.704712
133.759308 342.865173
133.000000 338.000000
133.123231 141.038415
130.993949 141.743719
128.887042 142.882427
132.966536 134.168224
136.360804 139.383857
131.099581 147.818279
133.783376 145.082023
134.000000 141.000000
135.821339 226.424711
131.846860 217.017090
132.670143 228.478259
129.373464 225.875006
137.864747 221.066610
134.765929 224.456959
133.112739 225.114553
134.000000 223.000000
137.620657 255.379082
135.998544 253.533839
133.996207 261.554558
136.925944 255.017280
132.352766 251.038439
136.019837 255.149980
141.476390 259.275744
137.000000 255.000000
133.440740 344.409708
136.845036 338.941798
137.176039 338.182823
137.504997 339.082477
137.392286 341.260171
132.457136 343.594812
138.200009 336.315043
137.000000 338.000000
140.397109 137.759747
139.366153 141.037100
141.920244 142.918098
136.226545 137.354416
135.134055 147.335309
140.663280 142.395655
133.770329 145.484868
138.000000 141.000000
141.810757 227.147229
138.679469 230.731934
136.406505 222.133168
140.373711 224.056232
143.569450 223.572485
140.217305 223.395261
137.967334 223.878875
138.000000 224.000000
138.496076 224.546169
145.640931 229.593394
145.377190 228.774325
146.791771 223.923942
142.662887 228.986030
142.535329 230.541742
146.916386 230.541582
141.000000 228.000000
140.383894 238.433359
135.772328 226.924965
140.958409 231.717070
140.492691 232.301812
135.509987 235.729670
141.055444 228.679491
141.611716 232.830719
141.000000 232.000000
141.262943 239.251152
141.313099 239.147674
142.256828 235.219714
134.557378 232.196545
139.451822 232.836265
140.271373 234.381067
136.418556 237.632315
141.000000 236.000000
140.880594 239.711536
138.915737 235.943920
140.222896 239.162735
135.534297 241.726444
145.006415 242.797419
141.798920 233.774742
141.232510 233.270841
141.000000 240.000000
142.264431 238.759760
147.078902 243.750989
143.705513 243.714057
139.790367 246.331961
140.822452 243.301147
138.674984 245.422122
140.254805 244.312021
141.000000 244.000000
143.444300 244.472618
140.507219 248.674968
142.371842 253.402628
139.360938 251.227159
142.995451 249.273077
138.287802 241.594996
139.640658 249.726060
141.000000 248.000000
135.984962 254.415163
139.308029 256.989443
145.139555 253.232417
137.533158 250.740678
143.396348 257.102518
142.237621 248.986845
137.145922 253.265945
141.000000 252.000000
142.056603 342.820507
143.963051 336.641435
141.565663 334.521605
141.235018 345.021346
143.799839 341.169925
141.149170 338.038719
138.202959 337.589075
141.000000 338.000000
144.341900 140.386009
144.552852 139.932105
140.881829 137.877421
146.837200 144.605723
144.330166 139.456435
140.768378 134.183098
136.089999 145.566942
142.000000 141.000000
145.678312 344.599657
142.312851 334.720808
146.233982 333.367088
144.992888 337.234139
146.210937 337.758007
144.805193 335.138752
149.980241 333.343874
145.000000 338.000000
144.027764 141.856644
145.843215 142.919642
145.485483 148.323283
146.058218 141.011567
150.018856 134.718748
146.041313 140.995850
145.444553 141.918463
146.000000 141.000000
152.706327 343.661330
149.250781 337.128325
150.397886 337.901623
142.331193 341.256320
143.171741 338.988173
148.059189 344.138406
148.811554 338.032974
149.000000 338.000000
144.728835 136.275637
156.093013 134.376715
149.255531 136.212955
154.314917 136.343727
151.302803 137.334826
149.897696 137.166105
151.244195 133.672911
150.000000 137.000000
150.158500 129.653965
150.616257 126.395981
154.294834 128.973666
146.699571 125.110706
154.993907 127.158218
152.466463 130.747230
150.652309 137.171934
151.000000 131.000000
153.791758 337.123600
152.727850 337.819874
156.966282 335.498469
152.288859 333.445523
152.682155 333.580608
150.967401 343.463308
154.475407 344.658571
153.000000 338.000000
153.958252 128.367939
158.502040 136.861805
154.845028 130.569170
149.974824 131.208421
156.677398 133.944477
159.208767 131.535573
157.006472 130.754854
155.000000 131.000000
156.961398 340.443040
155.829790 338.515458
150.451583 337.913932
156.032137 339.397568
157.045144 336.080886
155.813470 338.973638
159.948238 341.167687
157.000000 338.000000
154.623044 131.797257
158.813394 129.210202
155.543282 129.349942
159.297206 132.929494
161.342363 135.335856
153.916134 127.380370
164.523880 129.191042
159.000000 131.000000
159.211002 335.550423
154.558819 337.658757
158.156375 333.034522
156.079198 332.754644
155.620346 342.438084
160.422033 343.911840
160.901133 338.225269
161.000000 338.000000
163.048018 130.298861
165.221728 127.352306
158.792188 132.385538
158.164888 132.307113
163.825399 131.386941
165.965753 131.304646
164.694286 131.834528
163.000000 131.000000
164.768507 338.678551
159.880498 335.470944
165.295020 336.344237
164.743955 338.557142
165.308181 337.072442
159.543046 341.348312
164.743226 339.607415
165.000000 338.000000
168.442423 130.019665
165.599714 133.535463
167.790635 131.107040
171.386579 127.567145
167.971673 128.095734
169.169402 130.858194
166.772094 131.285213
167.000000 131.000000
165.022152 339.373898
165.987741 335.932665
172.857193 335.592355
167.277725 338.448568
171.418035 332.712533
173.351058 335.011344
172.289694 341.598285
169.000000 338.000000
177.236162 135.127774
176.003478 133.394490
168.006331 137.181021
170.814920 131.412948
169.999457 130.875582
169.270359 126.829334
169.589440 129.504225
171.000000 131.000000
174.161202 341.098030
167.032692 336.290392
169.614325 340.604320
171.306265 331.169211
177.156264 334.397063
172.997488 337.999535
175.012356 335.995256
173.000000 338.000000
176.869161 131.922659
177.041168 127.326057
174.304230 128.914701
174.996359 135.398803
177.067586 130.835173
173.691434 124.808692
175.330517 123.832894
175.000000 131.000000
178.427238 339.049852
171.109324 336.301228
178.715748 327.554428
175.115333 330.699854
175.364660 334.886188
177.065886 338.467789
175.776313 333.776939
176.000000 334.000000
179.130103 131.147264
177.870436 133.015057
176.572138 127.848575
177.605478 131.286310
172.174513 130.062837
177.589947 130.253196
174.847311 128.209788
179.000000 131.000000
178.880956 333.761840
177.195560 327.955850
177.626313 326.918749
179.471735 332.990551
185.196148 328.118651
179.666352 336.172240
178.698056 338.443423
180.000000 333.000000
183.044991 133.668700
178.291211 131.363323
181.755323 130.153935
182.733864 130.453211
186.607131 129.998758
183.268953 129.025408
178.709975 130.899124
183.000000 130.000000
182.077280 331.840631
185.329374 332.808497
177.343157 329.896639
182.726911 332.369371
183.953730 333.393681
182.712644 325.755902
177.583662 332.498840
184.000000 333.000000
192.188850 128.702144
187.311987 130.176986
184.354691 127.806799
188.209137 125.652605
189.944308 126.881194
191.654952 129.045666
186.156885 126.108635
186.000000 126.000000
183.131901 330.639620
194.206693 334.175346
186.059887 325.592100
185.456065 331.622271
187.251758 332.649580
187.743962 332.105100
184.138873 331.790398
188.000000 332.000000
191.343454 125.072603
190.035975 125.976800
184.147889 122.274475
188.632463 125.350329
184.200844 126.584892
189.672790 125.836461
193.852666 130.800219
190.000000 126.000000
191.362290 324.608904
184.667005 327.885510
193.469280 327.978068
190.231307 327.081614
193.067584 331.426738
193.486492 328.922666
191.642570 328.368917
192.000000 328.000000
195.242027 125.820026
191.754352 124.673972
191.922516 130.682836
194.336250 123.863624
187.998545 121.860521
194.655914 124.863019
189.607599 127.677992
194.000000 126.000000
195.655576 331.114928
194.542924 328.838413
195.113896 330.960649
197.442221 331.843304
196.780915 335.107840
195.427371 328.963595
195.957354 329.036675
196.000000 329.000000
193.018855 130.497613
194.614233 125.833296
196.414222 122.389798
192.452457 126.356601
200.062332 123.630838
197.241805 126.655241
199.161380 125.321719
198.000000 126.000000
201.775131 329.164278
193.342074 323.134756
200.275980 331.579267
198.158678 325.030100
197.933733 325.350507
200.825799 324.165977
200.852859 321.592473
199.000000 325.000000
201.744360 131.741419
200.837927 126.049073
202.673450 133.240027
200.198616 123.969446
204.482841 131.177063
201.032681 133.054539
204.712642 122.434018
202.000000 126.000000
204.230064 323.966164
198.358745 327.120527
199.486451 321.861377
200.918308 328.006296
200.461919 328.317108
202.825150 323.889836
202.729732 318.883324
203.000000 323.000000
206.710109 121.472565
203.950781 124.890744
205.993899 126.790500
210.142323 131.925373
208.647441 121.340178
204.214788 125.616292
204.659567 124.507839
206.000000 126.000000
205.986259 322.696397
200.657911 319.442332
207.051296 323.339737
208.931571 318.027139
207.700789 322.701174
208.456565 327.618268
209.010539 315.912272
207.000000 323.000000
204.937108 131.176668
211.003984 126.040445
209.213273 131.732001
211.603781 122.891184
209.548309 125.859268
213.080385 125.269652
212.351835 123.107135
210.000000 126.000000
210.287267 323.801067
209.324255 327.701969
210.447667 322.363338
215.067118 322.601180
209.656006 322.682224
213.844380 324.991698
213.558195 323.354284
211.000000 323.000000
214.395528 127.396048
214.482834 128.551065
213.278090 129.947142
213.417276 122.735890
213.987775 127.332378
215.262751 129.508591
216.296718 127.130239
214.000000 126.000000
211.274826 325.205929
211.634600 324.030991
216.778170 318.936371
213.983855 326.310201
214.291028 323.820814
207.873828 325.199010
218.752182 317.362798
215.000000 323.000000
214.653708 127.611970
217.868700 126.222051
217.972187 121.303805
210.997582 127.379036
215.413860 127.915251
216.298369 118.727697
215.629969 129.541295
218.000000 126.000000
219.214516 323.043260
218.303288 327.604985
213.737136 324.392579
220.478862 322.658865
221.943506 319.286490
220.513862 324.240643
217.475965 319.256076
219.000000 323.000000
222.077140 120.201716
223.748222 125.560676
222.153973 125.988807
222.855003 118.999837
220.874238 124.443044
224.065752 126.141752
218.596883 123.941715
222.000000 126.000000
222.623817 326.610249
219.275079 321.801984
217.481226 322.101651
225.802206 322.402052
218.004960 326.239265
222.760342 327.338667
219.793095 319.420961
223.000000 323.000000
222.548195 126.584215
220.440051 124.739223
226.159863 126.208437
225.268617 126.609584
221.340399 128.651930
227.018874 121.985815
227.285467 131.381616
226.000000 126.000000
225.661728 322.983159
220.703052 320.873895
222.733295 319.002840
229.889272 316.673754
233.050448 326.601945
232.135537 321.686229
220.848315 322.528068
227.000000 323.000000
231.131814 128.003243
225.291839 124.624193
231.286981 123.239079
228.741086 132.272522
226.326548 126.104380
230.646347 124.811415
230.230329 126.907107
230.000000 126.000000
236.757534 324.673670
233.380910 319.612873
233.335917 325.113020
230.315813 323.338257
230.865124 325.664280
236.643953 326.871308
230.995141 322.990187
231.000000 323.000000
237.662557 120.541005
236.050606 126.575987
233.942080 126.001643
235.162172 128.360100
237.924152 124.221834
232.244138 124.904142
231.778470 126.701564
234.000000 126.000000
241.200162 320.841854
231.431325 320.683652
234.350413 324.641969
239.277102 328.952253
235.315283 326.797904
232.839081 322.709661
237.667315 324.031390
235.000000 323.000000
236.676657 123.855015
234.041123 125.714040
234.969321 125.617856
233.436355 124.677446
234.763117 132.396665
236.956949 131.020863
237.430562 125.911356
238.000000 126.000000
237.793509 323.478727
237.915327 319.065923
244.445027 325.597827
235.354156 329.340978
239.923316 329.132446
231.542614 322.436038
236.862149 317.690829
239.000000 323.000000
236.050432 127.275135
243.559829 127.335021
244.093874 127.256382
246.247658 128.778770
249.333564 126.550276
238.858675 126.218142
242.495032 127.029085
242.000000 126.000000
238.322792 325.537761
242.845085 323.323867
245.637204 323.655556
243.685488 323.779096
243.227491 325.061789
239.852808 324.394797
246.319053 325.053767
243.000000 323.000000
250.045915 120.081931
246.689181 126.082739
250.883500 125.369266
242.890583 123.114061
243.306989 129.047626
246.146344 127.508791
246.572343 124.723246
246.000000 126.000000
243.095259 321.826218
245.772067 322.314157
250.266317 320.094345
248.963723 328.044575
248.334679 323.357181
248.998791 322.432904
244.318617 325.485530
247.000000 323.000000
251.432790 128.386751
252.013881 123.805655
246.593019 123.195234
245.629555 127.141167
246.341700 123.581893
252.698301 124.145799
255.415787 123.764458
250.000000 126.000000
254.232615 322.750410
254.885512 321.702249
251.798963 319.990241
249.388185 319.849654
245.410475 325.092768
250.670150 323.731194
251.415208 322.372334
251.000000 323.000000
250.679979 124.684370
252.993825 121.042390
253.619764 126.236410
258.837921 120.546305
255.594823 121.230026
254.225573 125.634440
255.343779 131.068349
254.000000 126.000000
255.760505 321.067358
257.601557 323.165504
259.697272 327.618904
254.748686 323.341706
248.736561 323.521357
252.416617 325.779211
260.149322 323.258545
255.000000 323.000000
261.260154 121.758944
252.465426 121.297502
261.770744 128.360074
254.469160 127.067757
253.229525 130.230663
258.193034 126.609755
261.869707 125.668500
258.000000 126.000000
261.726307 322.806962
258.721430 322.391784
255.995713 319.771284
256.440258 323.291539
260.573574 321.419245
258.598132 322.695894
251.779950 321.848696
259.000000 323.000000
263.031009 129.873544
264.738557 122.974637
265.330088 130.129503
261.477526 125.006947
261.703978 123.069212
268.253551 126.001534
257.177815 129.921618
262.000000 126.000000
264.338227 317.449455
262.963532 317.544141
261.456657 316.590127
259.252606 321.396704
258.314225 321.903757
264.429208 323.812487
263.567987 323.999826
263.000000 323.000000
268.459663 132.919006
259.832457 123.884928
271.670376 128.602998
262.617373 124.556657
265.791457 125.644602
264.517948 124.629520
263.831202 131.293310
266.000000 126.000000
265.700737 320.107958
266.061350 322.260489
266.246246 321.851730
266.868696 318.489159
271.171795 323.660768
271.062260 319.261606
263.357382 322.334668
267.000000 323.000000
269.880939 126.049538
273.297163 125.948817
264.256654 130.025468
269.407522 127.941679
269.763250 131.751247
269.799592 125.840599
270.386406 125.968827
270.000000 126.000000
275.023712 318.724174
273.187105 320.107477
273.395273 317.786296
273.402998 320.035119
273.004030 321.929685
270.468442 327.894023
271.661796 326.517642
271.000000 323.000000
275.675072 128.155966
274.141375 124.897392
274.254393 122.903035
272.924888 123.722767
273.400665 124.083405
276.510327 124.885033
279.508126 120.843208
274.000000 124.000000
268.206102 326.141793
271.726970 325.462929
276.244631 317.427527
273.636616 325.612398
282.148804 321.641380
279.978078 320.301155
272.535528 322.534681
275.000000 323.000000
275.297065 115.456008
274.402331 117.844708
275.510792 117.419360
272.222734 113.119534
275.775411 115.875672
278.013837 113.284408
276.610791 115.932845
276.000000 116.000000
278.093636 321.734774
273.119800 318.515877
273.597541 322.437036
283.186962 321.173475
275.640545 323.356580
277.450095 328.688350
276.881373 319.069959
279.000000 323.000000
277.081993 118.298281
274.839274 112.038791
279.862046 112.063773
277.691860 114.892849
279.079406 116.737391
278.391262 113.266783
277.925398 109.586369
280.000000 112.000000
284.484555 94.363450
275.518088 88.231022
282.655497 90.861795
281.111253 90.991181
281.746653 88.996194
278.343400 91.652545
278.601828 95.319694
281.000000 91.000000
275.946082 92.717383
281.023339 91.939579
275.171042 97.643546
280.650051 97.845649
275.804660 91.709036
287.257199 93.366141
284.440134 93.299277
281.000000 95.000000
287.187981 101.340145
281.433934 99.852906
275.830255 96.524283
280.944848 99.323857
281.841558 98.999675
284.350557 96.518711
275.061043 94.888711
281.000000 99.000000
279.593205 102.634769
281.581874 103.322475
275.912937 103.864838
283.914247 101.429047
279.990449 101.854471
279.349156 100.922582
281.037824 103.923709
281.000000 103.000000
281.334660 107.412740
285.642006 110.917090
275.888806 107.241776
279.471191 109.481927
286.720944 108.685780
282.073694 101.898038
281.060364 105.806625
281.000000 107.000000
282.765515 324.019334
280.301101 329.353300
281.999804 321.147089
284.598059 324.186797
283.889948 326.891296
280.016185 323.557054
279.416996 322.611985
283.000000 323.000000
285.482158 91.982188
282.009525 91.466387
284.344762 86.724382
280.718594 91.370395
289.107376 89.439818
285.359101 80.185544
289.288770 85.970425
285.000000 87.000000
287.685731 319.243207
290.036194 319.326885
287.356599 322.298507
290.772851 320.892254
287.138710 322.951932
287.330445 322.017872
291.826356 326.556295
287.000000 323.000000
289.996644 83.014663
294.130095 89.205956
284.511313 81.913471
292.779737 78.199272
289.344722 83.543085
289.785992 85.465792
292.057125 86.856489
289.000000 84.000000
288.029218 332.369445
289.823173 327.552920
288.545474 334.189472
290.759016 327.657032
286.518304 325.683385
293.235086 333.216184
285.182268 322.887659
290.000000 327.000000
291.584175 74.627214
298.346129 82.522529
289.438830 75.535634
293.405590 80.303439
292.939492 80.643541
291.059685 87.299269
298.960977 79.914482
293.000000 81.000000
292.601109 329.678847
294.427502 329.106787
294.614076 329.182647
292.109984 323.661900
293.698346 327.083793
291.871084 327.997471
291.081502 328.965290
294.000000 329.000000
300.033768 334.144552
289.336630 335.484420
290.775373 332.809937
292.422861 332.599771
298.377540 334.455154
295.837308 333.409501
300.466499 337.164133
296.000000 333.000000
298.828360 80.168465
297.534003 77.937221
297.107583 79.722961
295.986880 80.393594
291.011737 81.882397
289.961697 81.409158
297.033506 80.097032
297.000000 80.000000
301.144171 328.452679
299.571916 337.971407
300.159588 337.476616
305.521771 330.636764
301.059996 335.444636
299.777233 334.451605
301.703875 326.428206
300.000000 333.000000
303.530527 72.879518
302.019435 78.175883
301.098712 75.653134
300.748349 71.145000
304.394849 81.461081
302.353443 78.104528
305.995269 73.447409
301.000000 76.000000
300.730194 330.488354
307.600791 328.349377
303.749192 337.990087
299.970679 338.360768
303.941947 333.035162
305.547101 335.235042
309.434581 337.159761
304.000000 333.000000
302.697546 76.055715
303.614233 68.947018
302.387318 71.435622
307.101903 82.874893
300.038168 73.061055
301.156224 77.010858
307.762806 79.425131
305.000000 76.000000
308.249293 333.667485
313.145891 328.346041
305.982414 337.298586
306.702760 331.896432
305.544841 331.734669
307.113839 336.292796
310.919877 332.061948
308.000000 333.000000
308.429688 72.286578
309.175290 77.148707
307.572537 77.688065
311.223079 80.679276
306.273561 77.873952
306.568635 74.281254
311.296568 74.066911
309.000000 76.000000
318.131128 331.107290
311.953227 331.034375
308.169400 337.342693
305.159102 333.786362
310.854951 325.754369
315.452175 335.210891
307.477354 335.941994
312.000000 333.000000
314.912442 76.645193
312.210925 78.819776
311.047042 72.454349
315.436799 69.016188
319.259098 73.783914
312.055579 77.705800
316.999849 72.955086
313.000000 75.000000
311.956820 66.129141
318.597037 77.159565
315.557768 69.596297
321.111085 75.340887
314.509268 71.730083
315.833129 75.217998
313.624776 70.428079
316.000000 71.000000
320.495148 337.225879
313.804232 333.096816
312.073669 338.095803
319.939085 329.522181
319.613992 335.777259
315.489543 330.022045
316.194422 328.293442
316.000000 333.000000
320.000412 69.301883
325.261830 68.350882
319.761920 68.307750
322.069694 74.107377
322.801910 67.128388
324.945301 73.007175
320.087452 72.851963
320.000000 71.000000
315.820575 334.886550
325.696512 336.465986
318.315396 328.321628
318.278024 334.640968
320.363080 333.827703
314.808725 330.014586
315.938495 331.944975
320.000000 333.000000
324.446137 72.265131
323.875360 70.479255
318.378843 69.907198
330.780840 68.781122
319.540054 65.834873
325.126631 69.001033
322.672084 68.384289
324.000000 71.000000
327.977933 328.793611
319.039528 337.617332
323.337403 332.236983
327.589540 330.813470
324.205992 335.340037
330.059330 336.183630
319.210408 337.817417
324.000000 333.000000
326.962971 70.277792
321.516212 69.378633
327.141525 73.084595
325.579617 75.789415
330.378856 75.602561
330.421051 71.590525
325.067065 70.005996
328.000000 71.000000
329.828172 329.846931
330.502148 327.167207
326.743557 329.786846
329.040263 332.719534
330.161151 330.795286
332.057983 327.559079
328.803539 332.639812
328.000000 333.000000
327.373668 66.244523
327.707840 69.583675
326.361205 70.772421
324.919690 67.636067
331.912971 70.626923
332.250433 71.444129
329.236507 75.635521
332.000000 70.000000
331.528751 333.102205
328.779196 338.198158
332.195247 335.807573
335.440918 333.232229
330.119457 330.617870
326.977591 330.147357
336.012770 333.202641
332.000000 333.000000
339.023854 322.975170
334.230968 330.137613
336.769291 323.510910
332.320395 335.433280
328.738567 325.950227
332.493378 329.180120
332.046777 325.217365
335.000000 329.000000
335.055043 73.376675
340.748302 63.286978
333.157763 64.011680
332.574337 68.070515
329.043689 65.246404
331.205565 63.634350
329.378507 65.388039
336.000000 66.000000
338.223438 329.661192
338.016230 327.069131
335.909068 329.802820
341.310850 331.352816
334.317507 327.053233
337.462109 326.816523
334.303413 325.295616
339.000000 328.000000
340.681347 66.874862
337.725519 62.639730
339.755329 65.476440
339.765381 65.951746
335.028427 61.284196
337.372727 70.296598
344.766026 68.683923
340.000000 66.000000
343.113387 327.313106
339.424228 327.841829
343.030577 328.881121
341.715117 330.752396
346.922701 327.965536
343.626148 323.200078
344.119200 327.093921
343.000000 329.000000
348.659512 64.281386
340.848837 61.467806
338.479630 64.425196
346.534284 66.043451
345.479314 68.696059
350.168641 62.039531
347.705754 64.663298
344.000000 66.000000
346.744842 327.545741
347.416788 330.001449
350.566657 323.590891
353.192557 327.484093
351.119936 322.622381
352.727694 331.717444
347.279742 325.466978
347.000000 328.000000
350.757843 66.933402
347.983172 66.087114
347.722472 66.342925
348.838044 65.097619
346.156697 64.158974
349.016139 65.353747
346.942786 65.638780
348.000000 66.000000
346.770382 328.022206
351.121512 328.187774
350.100683 328.506672
350.702413 321.998106
345.653897 329.744613
353.582497 332.421140
353.088379 322.955551
351.000000 328.000000
351.201058 65.492042
352.157359 66.026547
353.116007 62.861928
350.157763 64.906627
349.583858 68.890314
355.638976 65.543053
354.014878 63.685709
352.000000 66.000000
349.859819 326.320243
348.124863 327.884734
356.767508 326.968817
352.889887 323.257838
355.395752 333.065733
356.662776 333.582820
354.613431 328.528570
355.000000 328.000000
356.923668 72.486419
357.375778 66.945928
357.917266 60.852343
357.583334 66.248655
358.007628 64.803327
351.234783 68.335379
361.418723 70.242556
356.000000 66.000000
360.160054 328.992238
364.737845 331.876498
362.677908 326.165288
359.879628 333.110301
360.696503 329.465871
358.021275 326.380178
359.827502 329.477600
359.000000 328.000000
360.044319 66.508787
361.327240 66.751893
355.220109 64.218708
359.193427 66.786880
360.917621 70.133546
355.576959 70.934458
363.932247 67.829766
360.000000 66.000000
363.028595 324.636767
360.821434 328.864751
361.841660 330.492798
365.068610 324.146058
369.937180 326.184028
364.517793 325.030778
362.919993 330.391919
363.000000 328.000000
357.647084 65.684350
358.507270 64.819493
364.571675 66.564888
361.190916 63.310493
365.080945 65.002414
364.764025 64.225291
364.693709 64.898756
364.000000 66.000000
367.163112 327.399395
366.758577 327.629636
367.204845 327.059023
366.063177 331.751753
365.890444 334.896480
363.969232 326.094559
369.016237 325.322923
367.000000 328.000000
365.029779 68.098656
370.215026 73.154226
371.741324 65.058656
369.949255 64.909716
366.963967 63.414285
363.501536 67.464246
367.802580 61.128614
368.000000 66.000000
367.048418 318.582067
368.496532 325.089001
369.891657 318.948227
370.619028 324.941338
372.544804 323.455291
373.338117 323.383438
370.073447 323.227863
370.000000 324.000000
371.976927 65.538160
365.027359 67.456532
371.546066 62.088567
370.892565 64.929805
374.319695 68.774294
379.092616 63.016389
366.617327 64.558453
372.000000 65.000000
379.526469 321.612848
369.611174 326.879841
373.588788 322.508787
377.438453 316.989348
376.478842 323.793243
371.950201 318.563288
370.077658 317.827365
374.000000 323.000000
374.422492 59.002152
373.418826 62.146140
373.303118 58.787587
375.929461 57.502338
372.271739 63.483907
380.447183 59.625179
377.902141 61.427576
376.000000 61.000000
383.374053 328.092450
379.234198 323.427504
384.639628 320.137011
382.082492 320.052181
381.526173 317.650156
377.936982 325.047934
385.290347 324.460165
378.000000 323.000000
375.916238 60.049110
381.480682 63.505867
384.004385 61.010209
382.743140 57.178010
382.586638 56.138611
379.587262 62.262253
377.198993 65.847893
380.000000 61.000000
378.789586 324.093254
377.555363 321.638543
389.164268 322.033234
374.879697 322.980008
382.490255 326.618495
382.995940 325.597694
381.315702 324.254807
382.000000 323.000000
384.286377 61.138868
379.951121 58.816323
382.755914 61.917549
385.776383 65.858413
390.870553 59.156106
385.275397 57.770714
378.935248 58.377910
384.000000 61.000000
382.785284 329.090647
390.131566 323.489903
386.366411 322.586224
382.656244 325.412022
383.350243 323.018245
385.511140 323.452246
383.000309 326.071804
386.000000 323.000000
385.791606 64.425816
390.453988 58.501856
385.283176 62.876084
390.313845 55.734308
393.105810 56.438424
390.330534 56.292515
390.544190 59.559946
388.000000 61.000000
390.107616 322.968379
391.896139 324.473050
392.994161 321.777326
387.776039 319.762184
389.911843 330.257621
388.112689 317.417493
384.319734 322.132382
390.000000 323.000000
392.612842 61.383579
392.012378 60.124064
387.759352 66.477335
390.754931 61.465103
388.071875 59.402378
390.062098 58.962018
387.002942 64.764843
392.000000 61.000000
393.218221 322.588262
396.108251 319.252049
394.317770 323.944745
392.172985 323.645731
393.626672 325.148625
395.816968 320.857926
396.514297 323.716525
394.000000 323.000000
401.313032 57.038233
395.703163 61.476519
391.071520 61.917555
394.226775 62.103391
395.576223 61.933269
401.204557 61.097764
396.808899 60.317259
396.000000 61.000000
401.009820 316.180549
394.276508 326.733977
402.341335 320.206665
399.953548 327.271317
400.656914 320.899353
400.449833 326.674569
399.021863 319.711120
398.000000 323.000000
398.409581 61.002500
394.793040 56.801292
394.535786 64.575326
399.095614 58.198210
399.780349 60.954430
400.129106 63.794383
395.132212 64.184237
400.000000 61.000000
404.434890 322.428326
402.506998 322.425653
395.740966 323.102632
401.432081 322.929619
403.782484 326.050917
397.069301 326.984976
400.949013 323.207634
402.000000 323.000000
408.927398 61.337039
406.061192 64.090263
404.064577 61.074574
407.254307 65.156367
406.004796 65.798442
401.620144 66.144084
402.219264 60.885364
404.000000 61.000000
405.989509 322.931377
408.213498 322.008240
409.775806 320.241656
406.585878 323.635961
406.348645 323.385360
406.495304 319.739463
404.656300 321.739812
406.000000 323.000000
408.220448 61.879727
408.077924 63.703717
413.327409 60.849767
410.262994 53.083438
410.946465 62.464512
412.302524 60.091984
407.546578 61.345987
408.000000 60.000000
408.477446 322.687254
408.865910 322.290015
411.593707 324.506444
404.821496 320.734491
409.880340 323.435978
409.843465 329.712949
410.843039 322.713856
410.000000 323.000000
411.044269 54.125356
414.387807 55.820736
411.285575 53.128226
410.120578 56.011759
411.008881 56.005096
405.909168 57.037114
416.233721 55.010160
411.000000 56.000000
413.798272 321.236182
413.840898 322.906345
414.076531 323.486288
418.290832 319.997961
414.556392 323.547202
414.600194 322.985459
418.146057 319.256946
414.000000 323.000000
411.882092 62.700023
413.450490 63.053879
418.249149 60.284525
414.375058 59.924015
419.096470 61.762011
421.288146 62.790567
411.685835 59.639854
415.000000 59.000000
411.723639 319.720675
414.109206 323.379283
415.058869 321.421261
419.383646 326.355990
416.685910 322.960806
423.570949 326.004943
415.798766 323.968218
418.000000 323.000000
423.678422 64.482082
419.231682 59.651551
423.377508 56.730716
419.547783 61.205279
420.664684 61.968147
419.177054 60.822358
418.856336 62.668967
419.000000 61.000000
427.615787 327.728513
421.547140 320.519206
415.879090 325.305796
420.613627 322.335803
424.394940 327.101442
425.951788 327.681436
418.842780 323.527254
422.000000 323.000000
418.091742 57.079648
417.900449 56.377302
427.434630 61.203367
425.352303 59.226159
422.096428 62.683157
423.231430 55.094173
421.980408 65.243363
423.000000 61.000000
428.169781 67.977683
423.523885 63.130833
425.987064 62.897246
427.315584 59.915811
421.234362 65.085118
423.380659 62.476273
423.827306 63.710132
423.000000 65.000000
417.098667 69.742718
420.215696 62.978273
420.745756 65.343530
421.603838 67.859959
429.451676 66.780333
425.298623 66.744407
417.542187 68.273564
424.000000 69.000000
424.073558 320.100237
432.168687 326.215355
427.292395 324.462876
424.063349 330.092168
426.981801 316.386153
432.414813 323.627044
425.491213 322.581267
426.000000 323.000000
430.010759 73.983830
426.755030 75.974217
425.685986 67.688427
424.047750 76.792237
430.769249 71.291258
422.460019 68.124463
427.890007 70.998149
428.000000 71.000000
428.528119 76.312650
427.345150 76.087356
427.316889 71.333688
428.685979 69.291943
426.507017 80.090324
423.248610 77.581393
426.685928 77.666899
428.000000 75.000000
432.124915 74.098930
430.128530 83.089810
429.477607 77.227079
431.165850 82.754793
424.815204 77.306737
428.921116 79.376797
429.756177 78.366919
428.000000 79.000000
425.716305 87.853848
422.470350 78.397403
427.924505 80.390882
428.667175 81.853276
427.280346 76.934990
423.712328 86.844487
429.499694 86.142735
428.000000 83.000000
425.681942 86.317923
426.782875 84.246835
422.391727 92.734865
423.678044 89.141599
428.689159 91.880496
427.413236 89.614537
429.575655 92.034971
428.000000 89.000000
428.393184 92.941578
434.299170 93.308151
432.469340 86.861508
426.622290 97.503321
429.077414 92.956917
428.663940 93.066481
432.345507 95.013203
429.000000 93.000000
432.629923 324.723371
429.672857 324.687165
430.013348 324.978091
430.679701 327.715577
425.631610 329.487018
430.114484 324.117122
430.874075 322.291708
430.000000 325.000000
432.552179 96.581975
436.139473 94.169867
434.640461 89.633776
432.496822 96.713356
436.579051 97.622079
429.523212 96.539019
433.016449 89.658359
433.000000 96.000000
428.123069 100.532907
434.755156 102.568971
436.942405 104.815338
431.742966 106.776918
437.304113 103.310446
431.807004 104.597439
437.543921 96.785158
433.000000 100.000000
427.367360 100.297617
437.912861 103.271968
433.021537 103.866997
437.562754 108.569328
435.423617 105.484024
428.633614 105.866199
427.592588 102.178516
433.000000 104.000000
432.731602 109.000838
430.139497 110.201555
432.023923 112.553383
436.515982 102.771988
435.650010 114.971948
431.316474 109.137783
432.723351 107.657397
433.000000 108.000000
427.655504 113.914047
427.629591 108.296354
430.322101 108.559587
432.424131 112.833936
427.136677 114.699854
431.782620 109.785440
434.987543 112.185533
433.000000 112.000000
439.389708 119.822781
427.959271 113.817345
428.618303 117.015102
432.238244 115.855743
435.065770 111.831373
434.005594 115.747934
435.900769 116.962353
433.000000 116.000000
431.497383 122.809929
433.171463 120.482954
433.031000 119.925200
428.418710 120.065735
430.946955 126.093736
433.354600 118.971627
432.531118 121.537948
433.000000 120.000000
432.280297 118.377476
435.101481 118.869063
431.236984 126.927636
433.758831 129.532116
434.567272 124.802962
436.232558 120.446428
435.779815 123.143713
434.000000 124.000000
433.612232 324.998887
435.260490 330.405171
430.919378 326.148231
433.776816 327.746090
431.210539 329.518194
437.366969 321.481910
435.942598 334.685355
434.000000 328.000000
440.357264 126.550126
435.028985 121.813291
436.628128 121.579015
437.573682 132.045942
436.447516 130.882143
437.797348 126.035507
438.768531 123.173702
438.000000 126.000000
438.286029 327.553061
438.752693 327.137826
437.470840 328.481893
437.836027 330.910434
435.667835 326.511703
440.029611 330.669992
433.348693 332.086347
438.000000 328.000000
434.392457 127.540755
437.557002 126.115133
444.705008 132.586688
440.916967 135.402559
441.519595 133.020022
443.191387 131.515729
440.734590 123.048492
440.000000 130.000000
447.986693 326.468030
439.977000 332.776340
437.355362 323.180461
441.794930 330.991021
435.279074 330.689842
437.455293 328.455634
447.929324 327.632065
442.000000 328.000000
440.261907 131.665883
443.973158 131.076502
444.226948 136.767824
443.777673 128.325865
439.185549 135.989426
445.881899 129.414555
443.255122 127.847228
444.000000 131.000000
445.886462 328.066843
447.706967 327.861521
450.727752 332.452197
443.968663 329.897707
446.889153 328.380160
443.912145 330.089564
446.734224 328.262132
446.000000 328.000000
454.716540 128.551103
447.159993 129.109125
447.563607 131.365039
446.780434 132.314842
451.233900 132.943973
447.760081 131.600222
448.017552 130.898539
448.000000 131.000000
449.498738 133.579267
448.194918 139.299801
448.019400 135.792589
447.864617 134.673376
447.164173 138.143726
447.702654 141.492822
442.901552 140.306249
448.000000 135.000000
448.927690 137.988936
444.463338 140.566182
453.136325 136.543368
447.817031 138.922780
446.245863 137.695201
452.638342 141.236078
449.624833 138.066633
449.000000 139.000000
449.665521 327.300713
447.857722 326.197445
450.300150 328.165813
449.371168 327.407485
443.308491 329.176170
451.077459 328.749150
453.528675 323.968408
450.000000 328.000000
454.710725 134.515788
451.772407 141.880357
448.803719 145.855951
453.413836 140.351118
454.080536 140.469141
454.579749 142.732513
449.937746 139.614181
453.000000 141.000000
452.063932 324.572683
460.253395 328.831077
455.595327 327.143657
456.207418 329.865102
448.101445 326.337198
453.723296 325.450013
452.406750 328.400612
454.000000 328.000000
454.941662 137.530935
460.634257 142.268180
455.781029 141.859794
456.623476 140.695837
456.944333 141.042607
457.811326 135.399946
459.212946 140.604464
457.000000 141.000000
464.675775 326.296239
461.235824 324.612037
458.166005 328.051719
460.754434 324.382964
463.228500 326.436647
462.000089 332.902083
459.015612 327.146522
458.000000 328.000000
460.096891 143.184204
464.439259 142.683068
461.406228 146.746065
462.766001 140.344640
458.107385 147.711528
465.107280 142.903363
459.036408 147.801647
460.000000 145.000000
462.237340 330.204139
461.113562 328.598064
459.850302 325.239899
459.746544 333.493860
461.855197 327.865116
455.725483 324.755073
463.673815 328.122909
462.000000 328.000000
469.128196 148.367103
459.049400 149.437721
460.695907 151.217732
463.446349 149.364246
460.272066 152.277751
466.180588 151.400481
466.883182 148.545703
463.000000 149.000000
462.162424 153.110387
462.580927 151.186848
461.111967 151.701954
459.034899 151.372341
462.701019 153.043518
464.902664 152.559378
464.726116 157.069914
463.000000 153.000000
463.806336 158.991686
462.375857 160.969556
459.954803 156.778678
460.533364 159.717402
463.909832 155.874539
460.766286 151.539176
463.385177 157.563280
463.000000 157.000000
463.123103 160.160141
459.846519 158.676686
468.007281 156.723992
462.197422 160.829494
461.498377 163.464981
463.395635 160.328512
467.979166 158.683387
463.000000 161.000000
460.416218 168.073143
463.845079 163.866004
459.643468 162.162575
470.812494 168.122479
466.283979 164.854493
464.372137 158.449638
465.876416 163.224204
465.000000 165.000000
465.699883 328.004901
463.652626 326.320707
465.594554 320.841575
467.950255 329.421339
463.950759 329.670948
465.159739 326.586567
473.058007 328.888997
466.000000 328.000000
471.578384 160.664113
471.682159 161.123415
472.475981 168.181357
470.660800 162.276239
468.059453 166.845166
472.339891 161.564199
469.727883 165.928844
469.000000 167.000000
473.307731 326.595705
467.749927 334.249324
469.223511 321.292361
471.909615 327.871182
471.669403 324.395628
471.274935 328.658614
475.321452 324.395127
470.000000 328.000000
472.889166 174.688309
469.513069 172.096449
468.904173 169.877150
472.433592 171.298499
471.279514 171.859440
472.976267 174.563389
475.682047 177.377100
472.000000 171.000000
475.972106 326.211173
473.395187 323.526778
474.623130 322.081892
466.842371 327.515666
469.328930 331.203928
475.335417 323.428982
479.834898 330.212021
474.000000 328.000000
476.004261 171.001078
480.798627 172.588767
475.051719 165.231099
474.281736 172.936556
476.098242 170.102966
476.073487 170.855236
477.137187 164.423554
476.000000 171.000000
474.694130 326.868292
477.670708 328.282455
475.716660 326.826354
474.967958 326.858998
478.364243 328.110364
478.070890 328.155176
478.198543 332.237657
478.000000 328.000000
478.866194 172.742126
478.482070 173.440792
480.019036 173.870384
480.634411 173.862395
482.053028 167.241026
477.933808 172.763054
480.473451 173.619311
480.000000 174.000000
476.503481 328.759356
488.022118 330.583568
486.152352 326.005455
482.666216 328.204553
480.884151 323.976781
480.491973 330.200363
481.981392 327.990184
482.000000 328.000000
478.293922 176.014465
483.117788 180.732867
489.503082 171.308863
484.298810 175.830539
485.257867 172.380609
480.971876 177.091511
486.366711 176.502347
484.000000 176.000000
491.281666 324.901520
486.126611 327.707075
492.590540 331.167453
485.559172 326.947892
481.234302 327.159498
486.464392 330.994126
478.820208 329.891664
486.000000 328.000000
487.919352 176.029387
487.744550 180.162107
488.177357 174.604016
488.592592 172.086573
488.526527 175.073352
495.276860 177.170105
482.699798 177.811092
488.000000 176.000000
493.141490 317.974849
493.105239 326.965771
487.128172 327.876781
490.000071 324.475333
488.726671 321.412670
490.939913 325.172389
489.556484 318.574612
490.000000 324.000000
491.288570 170.985931
489.617482 173.220328
494.960673 176.867608
489.334327 171.669081
488.711022 174.082528
491.708445 171.388552
494.122165 178.122885
492.000000 176.000000
497.150905 328.780370
494.401309 328.182110
496.962728 320.117446
494.007254 323.019946
499.601859 325.446517
499.139628 328.104590
497.900143 324.552592
494.000000 323.000000
494.795090 176.053170
497.009012 170.850581
500.058136 176.903864
496.829612 176.137734
496.569706 169.925538
493.595613 178.514877
497.530214 169.527734
496.000000 176.000000
494.113369 321.449382
494.277764 323.198264
493.647543 324.262981
496.944172 325.835016
496.412630 315.912557
498.943557 320.569765
500.122562 323.255095
498.000000 323.000000
503.793193 179.318071
496.226567 173.625693
499.854000 175.716299
499.593786 175.769068
499.786625 181.270529
501.774362 174.281640
503.415887 174.420115
500.000000 176.000000
499.195342 321.282481
502.000193 317.012651
498.382972 322.263870
498.270953 320.965331
500.633480 318.224129
505.707604 322.537998
501.026333 318.963357
501.000000 319.000000
504.810215 175.082544
509.980158 172.964427
500.027870 178.092902
505.678005 174.783875
501.863585 176.537643
507.001811 183.867755
504.292095 175.031163
504.000000 177.000000
505.298140 316.804833
510.662321 318.299403
506.242468 323.247358
501.956898 318.496517
507.828465 323.220794
504.537095 317.777830
507.786486 314.635598
505.000000 318.000000
510.100654 177.835110
501.502557 176.452481
500.009796 178.466077
503.141645 174.782386
503.282492 183.560952
513.073976 181.634018
507.729141 175.742601
507.000000 181.000000
509.512802 315.981939
508.747793 315.980421
509.817333 311.547835
507.296126 313.336896
505.983379 317.450341
514.235841 313.329714
513.475296 315.506209
509.000000 315.000000
510.234824 188.396106
506.016075 180.277184
512.728826 183.982341
509.315219 174.240221
514.345437 177.848305
511.153392 178.907105
510.510203 174.276339
511.000000 181.000000
512.718307 185.322384
514.250024 184.856218
515.242123 181.740049
512.739212 184.913354
511.770102 183.999453
512.787754 185.999929
507.528958 187.281642
513.000000 185.000000
507.841409 309.109693
508.613002 306.353960
516.856174 312.291442
513.054662 312.243101
510.671809 308.723952
511.773517 309.212594
511.648065 308.602799
513.000000 312.000000
515.172152 191.353417
514.303744 188.837534
518.770997 190.421972
513.527329 187.985877
514.106872 191.625652
509.068528 193.210665
513.625632 188.005442
514.000000 189.000000
516.333231 304.008041
514.560943 303.264445
521.718721 308.253479
517.550459 308.392586
521.262096 302.161856
517.045914 307.964613
510.080428 309.294665
517.000000 308.000000
516.892145 191.659772
522.974101 191.850849
517.251880 192.555812
512.408892 193.090994
517.517664 190.614527
517.191481 191.133737
517.059194 193.763992
518.000000 191.000000
515.616389 197.983676
514.936027 192.992311
520.540556 196.267236
517.866330 199.325143
515.262987 200.220537
515.841765 190.882419
520.568667 190.608255
518.000000 195.000000
517.770527 197.298754
516.882858 199.918709
523.619055 198.064584
514.940511 194.078036
523.835540 198.417893
519.172553 193.386638
518.015766 201.241839
518.000000 199.000000
520.738224 285.992401
514.189369 285.714645
518.501619 282.030191
515.940684 280.515225
517.386841 289.359178
518.470333 283.896632
518.164266 282.475928
518.000000 282.000000
521.097126 284.758456
515.075750 282.595329
519.120930 288.079750
515.828961 283.426748
511.433870 286.980258
521.658455 282.610925
519.163416 283.967130
518.000000 286.000000
517.737262 290.463042
517.551617 289.132807
512.065164 288.162655
523.142846 290.876972
514.485424 285.599068
514.939626 287.830033
517.100879 291.351590
518.000000 290.000000
521.520601 295.114332
517.487995 298.456259
514.632170 297.035170
520.035127 293.298021
521.007373 291.571098
514.411557 297.755901
516.427859 293.010663
518.000000 294.000000
524.364485 300.254590
518.616353 297.141064
515.628965 297.677256
516.746388 303.277011
519.305462 302.468389
520.554563 302.333340
521.178176 304.631231
518.000000 298.000000
516.920040 303.645924
517.689973 306.414088
517.484546 302.346947
517.324890 301.505776
517.958561 302.831392
516.820400 298.563211
516.571584 304.956111
518.000000 302.000000
518.718539 203.232317
514.517928 201.581479
518.043794 205.665400
517.473594 208.061564
522.551383 205.015440
521.876160 202.223509
516.683395 203.890446
519.000000 203.000000
523.597974 278.128708
528.846905 276.792779
520.081394 273.429771
520.607881 280.040700
526.627135 277.811838
516.288131 280.187363
522.485819 278.752155
522.000000 278.000000
522.332349 209.638127
522.423433 207.289522
522.857838 207.395964
519.760942 203.207039
524.942192 203.631629
518.979314 202.892145
520.135010 205.899852
523.000000 206.000000
531.058646 211.914637
520.074466 213.090980
527.480644 210.213628
525.214678 205.480009
529.925369 207.742568
524.893248 209.507934
521.734797 204.089596
525.000000 210.000000
525.884979 279.607223
524.765293 279.217177
528.659977 280.778642
527.896854 275.853864
526.314855 278.514653
523.298804 276.156429
526.089742 277.942649
526.000000 278.000000
533.896486 210.044735
535.799789 211.496148
528.487957 213.433609
531.520934 216.827740
529.495852 214.259520
524.695100 206.803380
527.521940 211.717224
529.000000 212.000000
530.067069 270.573191
526.388269 268.541070
532.534852 273.027292
530.878083 276.584519
536.263180 271.115778
527.999991 273.146578
529.670914 273.627946
530.000000 274.000000
531.957310 216.066423
531.977292 216.048937
534.253486 219.103827
533.552298 208.664529
536.070323 213.111501
533.329253 220.250038
526.055582 215.170687
532.000000 216.000000
528.653459 277.957967
540.467065 272.260834
534.410128 273.586969
529.702862 270.668945
529.540200 268.140391
534.099435 274.502259
527.737181 270.322691
534.000000 273.000000
541.556168 218.962200
530.392607 215.150806
533.141354 224.224370
534.567460 220.326846
541.361034 222.908151
538.168397 218.639916
530.597697 216.757931
535.000000 220.000000
536.575258 267.197325
542.449523 271.419678
535.548732 269.242669
539.703860 268.834641
533.705808 268.696058
539.227459 271.375187
540.527983 269.005584
538.000000 273.000000
539.364648 222.797578
539.157093 224.160813
534.740724 225.638799
537.876023 215.811570
544.670232 224.086238
539.482766 222.183688
544.329205 225.641560
539.000000 222.000000
535.997781 271.021793
540.848889 266.156763
541.484554 268.565228
543.305718 269.578986
544.375655 266.715781
536.983948 268.714731
543.048427 263.055406
541.000000 269.000000
546.173210 225.929697
544.318805 220.825349
539.339269 228.230402
539.093821 223.813710
542.148459 226.250594
542.221687 224.966268
540.296309 228.049762
542.000000 226.000000
539.800531 230.085272
536.739157 233.262850
542.659765 230.731239
543.163084 229.852819
539.424719 234.460348
540.511648 229.364167
538.319113 228.388452
543.000000 230.000000
544.047914 262.227687
542.451310 260.593088
542.558778 261.253214
541.896641 255.573118
539.953187 260.002951
543.802253 261.393174
539.997992 262.555985
543.000000 262.000000
542.804042 232.659620
542.803620 231.131971
547.018167 232.819240
539.214623 231.686722
543.985393 233.921814
543.690324 231.570783
542.893460 234.757918
544.000000 234.000000
549.859095 264.477389
547.639907 259.692922
548.754084 251.766951
547.775763 259.499564
546.747647 259.846654
546.052288 265.190653
546.438882 259.254724
547.000000 259.000000
548.950728 239.778574
549.104890 241.547249
547.164764 237.264930
547.659836 237.913816
550.245900 235.893067
552.210333 234.815340
552.443645 232.725484
548.000000 236.000000
549.490889 238.451730
550.228379 242.993146
550.756128 236.345490
550.035933 237.383758
547.505091 240.240236
542.452224 242.971210
548.452285 238.067491
548.000000 240.000000
548.003464 244.007921
544.789187 244.541799
546.509313 249.081138
545.315472 239.623089
547.964227 242.932724
547.989143 244.006828
546.357124 240.591217
548.000000 244.000000
551.673424 247.484448
542.120226 245.539847
549.564872 246.044841
552.390753 248.304813
545.437078 248.810259
542.559673 251.288602
546.820860 244.226862
548.000000 248.000000
552.285328 249.997125
545.392258 247.513480
546.638526 256.039250
549.884263 255.773428
548.664685 252.557686
548.474086 255.918819
548.056505 254.496936
548.000000 252.000000
