0.643882 257.487074
30.973568 270.335575
16.601294 272.755618
32.495084 274.571143
12.110692 293.531031
30.393480 304.259942
18.198252 240.584420
29.722326 296.984581
35.345964 255.407781
49.380313 310.157616
46.601324 249.115833
65.097805 308.626410
53.783353 258.967815
64.101618 303.753144
70.696353 307.178108
66.436859 244.594207
65.940979 315.699368
73.861129 261.668350
103.496484 309.877204
89.377962 253.416216
111.453575 313.711854
107.833392 252.797903
97.696916 239.764697
94.820144 315.613802
118.943365 239.428704
102.991944 327.322866
128.696760 216.361050
126.783429 221.049619
125.000795 311.838085
133.582927 332.343150
116.677745 201.492493
132.536597 338.288784
146.095832 198.371068
135.402565 122.343177
141.569965 124.326615
143.576820 139.407476
149.220806 137.700336
144.386209 101.570208
133.126096 151.341885
159.905938 336.009753
152.854955 190.524642
148.425519 154.296102
159.755119 157.108004
156.896107 181.871964
165.936712 94.501679
181.422186 327.836413
170.540264 77.059333
167.826192 344.104663
157.570288 76.758172
174.971761 330.842867
187.889697 68.067265
169.297004 339.774296
187.416808 80.392229
186.172901 340.885376
209.718674 88.179867
201.891210 410.131252
214.980135 423.795098
201.895944 340.796269
211.635764 76.404654
212.765267 405.076836
219.394618 350.550695
215.564063 411.061091
223.683751 72.218029
226.133215 394.619634
215.791238 422.862856
208.043599 354.089537
223.201777 86.318862
227.041708 92.169115
227.470329 95.985079
234.584472 116.251367
225.579960 124.099793
226.984150 154.044486
230.099627 142.587881
225.739600 160.403667
239.309286 386.083495
239.322315 409.585391
231.113397 366.334105
246.922933 142.833339
240.594784 376.542885
242.322007 390.319055
232.112820 176.211583
246.016210 414.564204
246.832634 166.228390
244.360334 415.285340
252.874811 161.973867
250.485361 405.601998
272.655987 160.360566
264.291381 393.229064
284.364829 157.961223
279.076050 387.567243
289.735240 154.793778
275.718414 399.807958
305.946458 137.922422
299.115134 390.231019
317.535675 146.182218
299.229502 393.374953
334.508541 138.916561
321.125381 391.625963
319.892797 132.435301
328.393853 391.463276
330.950343 399.524651
356.613361 407.350801
327.449502 138.217734
336.829866 415.289752
353.934389 142.432150
358.751568 415.758363
343.048907 144.650421
355.623122 413.674260
359.384845 128.950790
369.500616 417.658815
373.609971 143.583883
384.080084 417.333830
380.828301 136.390595
395.311048 411.245377
391.920500 144.552019
396.267245 410.145579
417.333422 150.791851
413.295678 409.018829
412.612128 142.279031
421.564414 418.260679
414.359441 157.485060
432.575408 410.019809
440.297995 155.357237
438.477950 412.561612
440.019459 152.928276
430.103780 405.302196
435.985224 164.168847
446.975345 390.805923
458.995007 175.856224
467.615290 401.163839
478.779825 175.315414
486.264862 395.403616
473.612382 167.649887
487.376681 385.462166
479.597711 184.576161
516.553300 189.921518
501.098271 386.463001
526.752317 204.151362
513.288097 216.556798
508.742986 381.778264
524.675422 218.263133
500.650125 227.757149
506.179647 383.498604
522.946162 234.681674
526.511428 245.846865
536.188172 367.150358
534.202882 252.700545
545.642818 367.626047
548.910719 365.444702
535.114585 246.535922
548.062867 312.366017
556.609333 325.984429
554.764461 353.617314
551.168205 352.085927
559.625760 252.737558
557.364351 308.244781
575.289231 336.365298
578.073568 301.697222
561.123808 248.369944
572.555146 310.121230
582.627398 257.791991
572.517745 308.401725
566.563136 248.828234
594.916339 320.385080
582.158551 248.950305
600.098206 304.888560
604.097038 262.610476
627.661336 299.680376
595.152587 254.047713
610.706756 271.281300
621.180872 271.942484
613.057764 294.217456
