120.859018 385.640691
95.964073 383.954786
100.426533 380.362549
133.928685 397.290545
85.779357 384.996731
53.106921 416.568878
84.275715 409.433912
73.699759 407.142574
160.122533 379.667120
132.233262 411.475406
112.130057 368.316213
100.814659 380.892500
168.455584 412.649792
108.657452 363.321426
140.033340 444.953495
79.087194 343.096520
71.126151 358.111253
125.500416 420.320431
65.655127 361.123093
75.916107 434.443353
113.814072 345.803211
144.354284 434.543408
143.834055 339.228439
111.791489 345.361883
138.984334 419.412475
128.649012 368.600205
87.068034 412.414933
127.446981 405.670716
139.379421 342.664605
102.736861 414.824078
122.714783 444.809611
153.987487 360.480864
106.850546 459.164717
131.170883 334.198353
135.424421 435.002432
139.212561 338.288670
103.033007 479.273175
147.998714 349.706676
114.801528 429.384790
175.233819 441.806199
108.259451 443.322280
169.096759 458.754707
178.732865 478.900569
106.841204 521.371767
158.470420 500.375616
130.353503 478.330883
119.234663 508.508568
185.098085 497.363783
163.519448 508.256046
131.560162 517.997409
115.840238 514.754215
112.178253 513.805242
170.515487 504.062175
135.269863 524.313974
128.639513 560.190500
137.656407 559.501091
100.647945 309.068483
146.305696 455.171707
130.096756 504.062798
129.638107 462.164560
132.274093 477.807697
145.391545 478.402560
150.302874 521.797657
160.929383 485.683157
171.876103 519.400692
157.382895 543.302788
155.994460 317.747455
181.261907 548.740971
164.622490 350.371632
129.258003 531.510589
151.436411 552.741168
100.261662 357.310598
152.022298 551.020646
152.260797 575.426973
211.208419 562.761253
184.657972 370.613543
160.563752 586.601537
224.442321 347.064265
150.135835 576.227687
181.530054 356.457189
173.327543 564.755445
157.564710 565.620373
169.583991 584.190602
173.554294 345.908847
176.214853 624.140165
175.992388 370.521337
231.553816 586.751110
180.340774 332.389346
189.344595 350.710027
137.997728 610.464126
214.052010 337.004215
184.321335 568.439262
199.855652 631.959485
229.593808 584.869925
183.420764 343.699777
188.274115 624.669515
191.845077 620.424546
213.308081 611.577991
165.462671 634.765567
200.530324 386.675361
147.485304 335.500314
211.634968 627.098795
197.444032 650.957308
184.726685 634.894508
192.798756 346.699173
203.589142 613.432159
242.639228 632.463571
245.965307 353.139569
215.163438 347.334592
180.381679 391.655101
230.180117 382.126504
175.746909 362.706946
208.725304 632.230764
204.444625 398.125761
191.512813 397.802827
209.213449 401.506774
178.152388 641.579977
170.634053 393.341429
209.140794 643.736037
214.547431 631.550517
216.234700 619.154058
227.369494 625.374240
250.096270 679.894442
196.501516 686.298741
223.240562 679.406716
188.907026 690.234807
200.146560 392.731097
257.405692 441.910090
247.893937 674.629835
223.079934 684.583072
201.305599 671.240274
243.833590 408.625076
212.030933 401.884032
231.893771 414.383943
224.206323 667.055119
235.645485 402.368070
238.308663 437.969260
232.208146 423.871757
214.445312 421.852567
200.970305 429.737933
254.736202 418.048409
238.163991 434.912645
235.186502 705.804987
207.863193 694.130141
231.184503 423.013634
217.776885 651.627297
233.158156 458.456739
211.995103 675.714259
229.408586 432.803345
272.583062 680.532956
285.859081 460.419949
232.903536 698.802411
231.463656 442.867225
207.740843 670.333915
228.477728 684.974343
224.291965 709.790017
253.451361 685.894784
330.510985 450.576287
219.753174 677.860104
248.366618 455.530010
215.426742 732.881742
230.152227 721.128348
267.319631 720.714932
244.484494 737.045420
244.572043 707.989521
257.032316 704.314048
236.875688 758.022343
268.109158 445.101755
207.018354 708.932445
265.453812 758.996545
248.221287 701.251031
267.800961 469.417018
281.752010 729.765497
279.341570 746.686732
323.702881 739.670550
259.536470 444.107545
255.274613 751.368294
245.846899 454.286323
278.493461 726.102994
256.213508 785.828804
276.543288 446.428255
299.972336 734.167615
321.589294 424.499869
297.984412 757.953494
265.735707 773.705006
372.073864 784.901148
312.020847 440.877728
325.898535 772.993946
311.742312 778.483493
304.060428 777.642224
299.148637 459.592436
310.567093 753.153285
305.234296 436.758826
259.498268 777.493595
269.689750 775.538411
281.782773 457.465509
312.404353 804.372243
245.449451 431.376854
266.012241 797.050553
291.633280 819.565728
295.614066 433.908193
260.752854 796.852593
320.404785 440.870214
307.629653 811.076798
345.162669 421.802577
319.258929 825.358789
295.604180 446.118637
326.980181 806.242021
300.978653 432.341153
312.913490 782.400327
341.033041 453.015906
338.246062 776.683729
293.070069 438.096196
285.341363 813.903976
348.503068 424.593102
355.519768 809.325329
318.370695 454.618564
349.221121 793.241994
344.343654 439.736778
357.298299 801.677057
352.051645 452.493197
320.308046 777.604964
332.424817 396.067011
373.841406 805.756337
401.953308 447.740585
357.687754 819.916097
324.220883 447.396118
364.559319 815.067011
337.541389 418.744386
411.362514 799.155353
407.072153 423.391956
335.687183 790.398848
365.749739 418.691564
352.759644 787.046538
405.268095 401.837503
377.660193 795.546322
376.000582 421.170013
351.040095 850.398464
342.317111 398.104458
353.000550 820.689348
405.205307 440.331692
375.539841 820.159497
331.998017 811.949494
390.396136 400.694000
381.404587 863.197772
366.021421 428.107807
433.047524 831.110366
415.313633 411.126333
429.437276 388.237882
408.363258 440.877836
384.056719 835.663118
394.873101 388.852552
407.255248 837.614465
383.329459 368.805266
428.219491 364.532762
413.175906 362.747321
446.043097 348.371888
388.152762 357.071631
430.396157 346.945445
366.778271 839.830777
438.863533 358.041688
399.437241 806.682475
427.645798 382.479532
421.425404 807.098009
385.848877 356.567259
417.800780 262.688300
396.484102 283.801116
450.461671 298.151709
398.072297 304.237620
425.231490 292.154742
435.420686 322.061218
415.439412 328.541886
414.673201 347.891544
394.989461 351.287548
400.779322 331.938662
405.659448 334.518785
392.750911 341.303668
425.518634 337.868894
445.626544 810.607378
387.444394 269.737307
369.981966 819.981197
418.505188 260.276107
392.146489 829.849221
444.990615 278.617471
431.433752 848.019628
423.582681 289.897828
417.035668 834.464166
422.405929 269.086338
439.118946 813.650840
448.097335 282.847668
385.977812 839.353504
438.245937 296.572401
475.282511 817.999823
433.662018 262.408587
415.434406 300.652007
470.929851 825.460207
455.128824 297.820252
436.701119 810.089761
428.456646 286.299330
506.141394 306.267099
445.039622 834.858100
468.225828 305.063207
451.557202 839.014699
412.050317 294.929900
428.895369 340.394174
435.697668 309.046952
431.012973 839.759304
454.177740 324.390603
435.354620 335.198334
432.829851 288.231583
464.545497 793.474243
418.826955 325.375198
483.111056 340.372675
458.462619 346.199970
492.093137 802.194574
468.746491 333.996967
472.771932 823.352382
471.943298 335.278835
483.938783 331.896520
455.827593 337.627641
392.022640 816.967613
434.541363 359.231308
507.530310 825.652860
482.797924 341.899989
520.488397 845.546110
467.295995 348.175727
502.063943 800.740626
531.957518 352.369172
483.446256 811.984166
510.545314 348.055766
513.534003 834.821569
498.692225 344.063205
486.836742 378.554561
513.225954 797.227699
486.498945 365.318435
561.258387 811.363013
547.254398 402.776110
443.897836 825.339094
488.791345 387.588320
537.285010 844.639049
527.818565 369.761742
493.894736 837.887494
545.341898 377.653390
496.696748 813.290472
546.014093 364.392480
546.408831 801.359115
553.941062 379.285936
573.893110 818.417621
516.733835 364.822320
537.506432 808.046415
568.721882 394.370610
608.549421 837.487471
560.591548 350.881824
515.682640 797.420379
532.342057 358.291354
513.829907 824.497195
538.305529 378.962334
502.631891 821.901936
529.482040 379.549068
549.556934 827.871443
557.126644 354.311663
597.576888 831.637540
535.853416 369.220366
562.670993 813.649841
548.886497 361.841771
605.062950 793.796568
561.769755 384.151364
572.425035 795.812858
595.324380 382.596193
577.834813 808.629676
600.554978 369.119137
522.183373 821.105680
568.745477 377.156207
541.788211 838.372713
551.658220 376.995960
550.579533 837.648247
593.887712 378.246059
565.017764 851.186800
582.587046 361.972206
613.388684 836.689457
616.449874 399.531536
590.002547 828.363446
615.911842 370.273448
561.319228 784.813999
623.642868 227.182791
593.792111 221.002941
579.155511 235.632679
589.477592 248.460399
612.567326 266.938172
576.729719 257.204757
593.857463 274.040661
591.127317 352.573472
591.605188 281.523865
596.140840 838.540812
603.703161 250.172660
583.703875 370.285439
613.925135 217.054375
644.742529 198.525050
654.646067 226.504569
601.602998 240.577709
633.478542 196.942504
610.294907 234.827148
651.174949 281.434913
576.883914 282.228386
598.041485 292.807825
622.477384 285.743659
617.544480 808.522865
604.193171 349.181291
583.682970 191.020324
601.700444 200.356494
611.317599 210.281628
590.120032 186.919086
638.425516 278.170411
599.340106 270.862631
579.202151 788.976629
556.654385 370.745052
655.344664 294.460609
576.929268 180.859763
614.972028 811.825826
598.260224 178.144882
639.978624 162.032145
610.298710 152.381417
636.861665 177.151975
630.170057 174.065220
637.027021 298.437825
634.142252 384.352475
636.474791 816.662745
610.136647 144.078766
598.106132 152.015935
652.323562 298.138346
652.068794 294.369871
604.953486 382.218943
626.546502 833.591221
640.456781 321.629411
596.908026 156.671197
631.364518 385.893448
648.568027 804.028868
608.512964 304.349100
626.987765 140.834003
610.636119 366.668108
648.256347 817.625175
649.229580 144.467546
616.090156 299.799377
661.114526 287.747673
606.205447 369.375274
630.288455 857.892679
665.466859 150.526719
628.959785 298.089082
625.357216 366.005020
658.230655 824.263268
664.128718 130.380060
635.906845 315.168038
608.971521 376.642079
619.362523 114.189896
623.874352 351.384011
647.029968 812.595334
655.933757 346.514115
639.403452 119.794615
704.015180 346.354003
656.218451 815.783175
629.736982 351.220393
639.428598 149.761490
698.472485 322.786245
652.990704 843.041883
620.702107 146.447472
643.565756 111.711598
602.161580 148.578045
653.146311 315.941621
634.855675 378.822180
694.423155 344.150026
650.398137 825.315005
655.143975 133.259296
625.692761 323.582175
701.381107 334.934711
648.056456 125.237352
649.569781 829.314093
681.291987 342.381980
651.574369 335.257693
683.648151 87.304173
646.645771 827.998736
697.528575 96.955938
677.276168 828.187549
645.768018 92.095439
634.440126 833.826512
652.194029 99.410356
691.841401 844.871471
698.686531 88.488230
668.851151 807.001583
678.354272 62.433593
705.164781 73.440687
645.996002 801.241430
691.517455 81.332368
698.237948 835.311523
741.958221 84.896553
688.886470 828.677537
680.508921 59.470804
742.620030 808.937044
671.855967 78.984615
743.374859 801.871883
726.487060 56.290007
728.408158 817.299584
728.363311 81.545535
735.486077 795.750152
723.552726 64.937472
696.202887 825.445346
666.586946 91.581566
741.677437 810.155492
744.787198 88.148387
726.593503 822.854575
733.094586 80.685587
696.558666 825.472068
742.787100 108.010482
699.742786 791.829832
694.390076 77.070406
693.607703 834.905374
766.505889 47.998301
748.169362 815.805024
780.435401 74.490612
745.419879 807.583927
732.086522 79.104241
734.298988 834.418009
710.275574 59.966813
742.289681 60.596036
719.692234 822.475390
732.520196 56.065050
780.067004 825.074376
735.759638 95.740968
750.140466 72.768329
782.473299 97.283275
704.037253 829.329923
701.807075 87.147708
738.467156 102.912613
740.297518 824.600397
726.273993 91.067360
728.540285 853.864914
766.345912 85.727179
758.876598 827.538394
792.505536 93.529261
735.944311 807.380183
807.066739 333.509809
761.700339 93.904010
792.764860 824.823875
748.168710 316.596635
738.914747 321.685629
748.192752 120.424856
774.351757 105.911136
756.477155 84.410893
796.820784 356.547578
755.878246 845.296261
737.834052 301.758046
737.484990 127.241626
794.960220 140.352923
742.755971 130.587475
740.884663 368.750434
769.845483 340.984727
766.324097 105.108770
829.422692 335.888050
766.178888 783.714868
777.289214 337.160748
797.805672 165.206689
750.681390 348.479464
798.725612 801.369602
766.056453 271.729253
775.888903 142.660542
822.410230 355.182685
774.516305 832.473317
788.513422 121.864153
753.674582 321.409862
748.839486 150.075998
798.473237 351.501066
804.844648 844.112104
791.017817 288.208025
788.457083 128.745774
773.609322 365.441075
846.853892 823.849611
850.230530 313.527375
760.944681 147.256262
826.970468 352.361646
727.348673 139.714384
828.642808 282.245370
758.993931 149.620845
763.043418 811.965218
784.782427 358.254751
755.155259 290.143316
824.486504 152.399684
783.821473 822.843136
824.533885 287.938765
799.147141 385.496767
774.771469 156.410573
791.670976 816.072932
791.929953 177.088368
831.205446 324.458018
822.736315 171.809363
814.302636 286.661087
815.853343 391.393850
752.656145 822.472340
796.312734 283.536931
829.790500 374.527537
805.634826 170.046962
787.031936 140.476668
802.399442 150.152323
834.533009 199.669769
794.659112 174.511234
814.067465 166.617067
852.645105 170.038420
788.790712 294.000111
823.099802 824.648994
822.087619 394.933171
794.886553 179.787111
814.220167 208.296839
798.680489 193.949123
809.367854 197.988706
791.116865 266.132089
772.471148 828.021125
773.820788 210.776649
819.484610 331.075152
862.151303 284.746949
855.681391 197.758681
797.799046 207.832462
823.555528 206.300120
803.157954 224.356914
839.897507 266.358693
817.380482 222.249372
802.313193 281.516071
840.983461 242.825654
826.393393 836.806294
794.748140 259.618191
813.587422 359.183701
800.843925 249.913438
826.490732 821.386424
802.982403 238.515350
861.243200 248.105181
898.532631 230.225303
833.347626 238.261790
830.052065 255.452788
848.459557 248.959277
829.305607 378.144427
825.491101 379.506048
807.695377 841.499216
870.883285 387.668511
823.387181 838.164498
827.529049 373.959281
838.095298 818.618995
882.845615 822.129916
801.972957 350.529495
863.077566 831.795900
856.495897 369.605767
861.337228 793.887662
872.823710 366.573132
843.838143 814.946068
855.841915 370.123718
828.363962 803.525524
858.514026 395.654335
871.669783 833.748571
904.466775 354.229418
861.714334 830.087758
871.440946 332.935077
897.430479 828.655055
894.591220 387.081921
876.584862 815.505659
870.169075 382.248112
904.622605 831.179242
928.344960 361.133302
903.061873 842.772983
834.937297 367.622722
887.346754 816.000513
892.119712 372.467625
882.275877 822.438891
879.341886 374.015051
871.396065 823.341665
913.663852 363.598050
897.264686 840.322170
924.303942 385.629167
888.028486 835.823580
888.109221 374.859894
896.437814 839.107446
911.722531 363.268958
917.978168 809.579965
916.628818 348.605607
903.132568 803.033515
947.158337 362.812929
910.940249 832.265461
903.341229 367.471908
943.476879 814.584639
948.343248 361.849821
945.893570 841.867584
898.051917 348.500403
938.075064 849.743338
947.871320 326.790266
977.003513 821.189493
961.210128 346.640468
926.500493 820.395986
917.458394 339.284423
928.798643 842.242033
947.659429 344.558898
920.556384 818.300078
915.468829 374.934606
924.984182 858.456725
939.017933 358.683495
990.366932 845.524309
995.219410 344.811810
950.565774 336.232407
974.653212 833.036402
936.752458 345.367580
963.741452 341.677648
988.318545 347.582168
979.123188 818.510753
966.139464 315.519112
929.760114 819.571134
963.444371 298.143542
965.591631 838.923746
943.608718 298.245610
983.458194 299.998182
984.799219 825.665710
952.405820 297.562850
1009.113342 296.941402
956.094082 827.879035
980.416843 324.026153
980.943976 841.028724
978.426852 293.828341
963.009765 848.090311
961.079562 273.688289
949.668527 830.356481
977.465049 286.396644
1021.690242 833.704624
979.186534 270.287260
1010.617387 822.217333
947.607830 302.677813
986.062252 826.814160
1014.012718 311.845205
966.064470 838.784759
995.449937 263.297039
1012.079977 820.124069
1011.920344 305.688340
1006.340922 844.547507
1027.575402 293.060217
1005.611345 838.285252
1005.340535 284.445064
989.279531 307.275127
994.184709 305.293722
1069.778863 291.697929
1025.578467 306.440715
1021.182660 328.851355
1032.938176 321.532685
1011.202459 337.020142
1061.170493 343.919581
1023.772122 331.815906
996.257837 315.777590
1018.098104 355.400765
1014.675567 318.806087
1017.983169 312.565657
992.726308 342.110588
1023.025818 841.566699
1043.162237 359.741051
1019.690243 340.321163
1082.635049 854.575453
995.632876 367.943245
1067.950606 376.342137
1079.143780 356.212966
1036.263537 377.338593
1008.399377 406.880972
1031.372046 383.723942
1008.249178 822.943153
1039.946130 395.531610
983.588705 829.935032
1029.040841 403.582510
1067.100931 831.567395
1012.657574 379.494383
1046.472223 401.753780
998.585417 383.554717
1000.453134 418.323363
1012.758565 811.676395
1045.872426 429.276213
1072.461458 420.501802
1038.528678 820.581883
1061.215837 412.042776
1049.741538 843.075687
1062.320575 405.511915
1057.522771 820.634309
1028.968653 409.610954
1037.004018 831.506896
1035.524347 414.895790
1055.636769 409.698650
1055.117848 819.739730
1060.666550 424.400798
1035.224348 820.890994
1039.477796 415.131561
1041.916479 814.548792
1070.653567 410.098799
1054.412399 822.685892
1044.708714 458.218919
1086.484684 819.846491
1063.734054 459.250948
1059.852931 770.411401
1105.128786 425.537370
1070.747840 808.391396
1085.609719 426.512570
1086.851569 800.375210
1124.475063 405.916198
1128.307846 810.430013
1109.588742 408.902394
1104.656643 437.938443
1086.203066 814.009470
1102.306688 448.740989
1083.927748 799.147379
1066.426706 418.373409
1092.224323 791.182501
1066.010568 444.031750
1106.442849 802.796535
1097.039794 461.796937
1089.321335 836.000712
1081.419678 466.036210
1096.603606 423.367465
1080.153731 803.283873
1129.840264 449.110640
1100.607953 825.082392
1087.749120 456.947416
1090.880052 809.877756
1126.265667 464.439548
1128.754913 770.653983
1108.303084 824.915290
1104.438610 437.992990
1128.319197 788.127775
1118.820734 463.927411
1114.083081 785.590865
1152.930650 775.888390
1141.547613 446.903454
1145.898617 784.168401
1176.113309 465.968754
1140.693084 787.796832
1172.686112 445.031754
1162.848804 765.821398
1176.909462 483.742420
1156.478860 759.271548
1184.311632 460.303751
1146.042891 791.852642
1184.056152 462.165909
1162.487141 735.428410
1129.626308 437.248203
1131.876365 752.950300
1145.395388 790.970715
1157.683226 448.482011
1173.019658 764.134816
1160.062708 447.447455
1194.547119 731.577835
1167.220721 699.879089
1125.422517 711.467194
1180.623386 696.177911
1160.719391 690.178094
1150.043695 747.091174
1222.595165 752.839122
1171.475591 731.615712
1203.210094 744.978894
1158.330093 743.490670
1177.532205 427.134314
1168.563224 724.826974
1193.569283 455.147862
1228.443013 729.137499
1176.271933 440.702491
1189.533694 677.985190
1192.014150 674.446502
1170.996100 711.720156
1187.805206 425.253941
1179.505798 703.335261
1162.711063 672.824630
1182.449296 447.242736
1206.289549 692.074717
1196.360030 447.307388
1189.926566 672.282118
1188.756678 431.836308
1200.828275 382.380404
1196.538821 412.186936
1238.488341 424.704181
1146.320042 413.075136
1220.993720 435.119002
1168.708662 632.345474
1160.745095 426.960257
1187.640519 372.050502
1168.239278 390.104173
1206.524079 650.981260
1220.034760 674.788949
1233.307529 413.068029
1210.208990 658.256476
1202.649748 655.537935
1207.308867 664.586351
1208.168787 655.570563
1234.825683 646.613612
1174.196116 664.469214
1182.970552 654.268636
1193.133802 386.420937
1230.190175 634.871748
1225.055050 410.384391
1232.997038 382.864605
1234.419855 401.032755
1217.410565 631.288081
1244.590266 367.714345
1235.282638 604.277110
1202.424191 359.429465
1230.463857 372.896787
1221.420345 372.816692
1267.288327 650.266718
1295.900084 372.583506
1297.983185 621.069257
1262.089341 642.512357
1265.338639 370.027574
1202.809222 628.143214
1279.105480 357.174087
1255.535611 609.539004
1215.771167 597.473343
1238.331983 343.826948
1227.784607 611.466539
1228.813877 572.469008
1218.926800 633.453021
1302.524507 345.516146
1243.460327 377.816491
1260.547573 581.393268
1253.693433 346.871605
1245.427190 615.414528
1291.873046 376.910455
1239.623339 586.394781
1282.907709 368.570041
1261.358520 589.092498
1271.039182 581.092932
1274.930534 345.884040
1271.928665 578.826410
1270.802215 348.363625
1249.301849 556.835211
1286.468164 600.443332
1281.173685 364.650798
1238.585609 591.915269
1281.580302 351.133804
1280.673416 543.068967
1286.537824 355.811904
1283.293962 513.318943
1257.541844 459.420580
1298.547268 466.203856
1284.374411 490.083991
1276.760315 499.574250
1278.673497 477.183433
1261.582987 472.548223
1239.801064 497.081733
1297.062491 557.287915
1268.807891 360.610671
1242.870315 501.246150
1290.293119 461.737248
1290.339894 548.257545
1305.504305 448.857717
1303.560833 449.871340
1229.782728 452.431573
1282.240230 505.052227
1284.719911 503.229320
1269.312838 484.968542
1245.337980 507.076196
1276.182816 491.379924
1255.106623 511.264574
1277.651120 538.681459
1270.118158 541.699452
1260.298940 533.733426
1291.151100 533.773825
1295.032015 334.551296
1257.964589 426.904371
1281.299603 348.978512
1305.227411 437.808246
1276.211013 355.213246
1295.268266 429.558009
1327.361532 340.609611
1275.512967 430.665028
1250.774433 429.018980
1349.944007 327.555463
1337.323160 416.396037
1313.303638 347.091682
1293.535258 419.496395
1308.277058 338.675800
1300.933286 392.636257
1320.374399 350.057406
1379.811440 391.159510
1244.819552 357.987983
1301.174068 392.554434
1318.867883 336.883712
1342.512496 402.710976
1307.286670 355.325316
1317.597739 341.704710
1376.197753 378.557432
1358.068821 367.956382
1338.013429 438.788031
1294.261629 344.109968
1327.213623 376.269448
1291.165462 338.370333
1355.812970 408.493746
1351.463075 379.427653
1340.690758 421.421260
1305.086230 375.538371
1307.529758 398.435015
1304.801271 357.891233
1339.209183 396.340411
1351.602204 374.649891
1356.568293 411.313174
1354.500792 391.787164
1311.188863 386.505258
