52.830372 455.467484
61.333453 459.190678
61.431526 443.625660
60.681662 465.091418
61.400400 455.077433
67.295177 449.519438
71.884799 460.925519
73.466624 463.019741
69.856102 445.808057
78.161123 448.777635
76.294708 438.885294
77.127716 431.243521
79.111385 448.638292
84.030710 422.731435
80.312441 460.402057
84.684914 421.292197
82.144834 443.560711
85.466435 420.240974
86.555585 443.310086
88.355468 408.865870
93.149891 435.615668
99.560055 414.842316
100.372558 440.519021
93.551124 415.252608
101.792314 433.809209
96.291929 402.714450
104.281806 422.967983
106.429228 389.493594
110.240271 402.770988
107.830976 421.199184
104.035018 393.445418
107.832530 70.269031
109.046599 66.370923
110.372078 71.887835
107.660631 75.102976
113.308075 86.745222
106.079261 89.894782
109.831206 87.960906
111.570485 92.974412
109.972422 97.341292
115.012059 103.272522
111.780674 106.891236
109.218399 117.675426
109.536533 110.529731
107.817338 119.102045
108.455221 434.402290
113.937905 387.204618
110.653711 66.692351
118.704859 120.051448
119.171201 424.934219
114.935316 121.025934
116.476752 128.517347
117.759020 128.547171
117.670232 143.059333
118.006468 159.530917
111.822160 166.769082
116.392383 169.543767
109.881833 171.652257
123.840966 384.076730
117.872859 69.018738
118.273376 142.705202
116.796909 418.938185
120.592162 156.584246
119.656648 173.507040
122.294532 141.393826
121.351826 147.683124
119.879907 147.772526
122.955260 175.503633
121.106708 186.236955
117.556281 370.154091
121.015034 373.468402
124.870070 61.934414
121.030045 415.488952
124.960008 184.268572
127.196498 366.758688
127.750973 191.511321
123.111691 190.735183
125.440564 204.339035
129.716564 208.066705
126.469441 65.391476
127.599177 416.094346
132.217872 203.189175
129.631845 374.395717
126.979247 68.223082
131.094943 407.438111
126.926041 354.492923
135.563787 207.864430
134.073431 74.104530
140.537676 400.069911
130.100698 359.024369
132.127194 213.060647
139.857732 210.871147
141.318156 68.492208
141.779655 401.076337
137.886078 210.528660
137.213871 352.399349
141.562841 71.111402
136.234062 349.450627
141.440048 222.582717
143.280031 401.133909
143.315715 395.286848
141.595165 69.180285
146.339675 344.997781
142.790857 224.050523
151.641174 234.835623
146.933315 393.837132
148.748120 74.972781
148.755249 339.828577
146.354510 78.422305
151.027486 223.738723
153.042089 382.147329
152.769673 336.299664
154.021915 375.800058
154.676688 85.938981
153.107467 237.705211
155.799480 320.721224
155.143214 332.880791
162.635033 85.211608
151.816242 382.224430
158.018704 226.386671
156.575153 371.802992
154.980652 92.952158
158.253573 319.094704
159.986647 320.446997
159.124926 224.445042
162.570919 358.981097
159.455187 357.732278
162.136005 91.447197
167.783149 239.673477
163.257316 303.286715
169.981773 305.909718
166.304605 91.062824
166.512283 354.506946
168.769382 234.412484
168.792617 93.051780
169.175482 299.193437
167.600394 348.781098
166.953741 295.148112
175.084489 245.266041
178.687049 88.062897
174.812955 349.661775
175.695538 293.862167
173.090960 76.810791
179.927623 237.088902
178.263881 294.025940
180.042104 330.364706
175.966013 342.990440
174.692237 85.932396
182.651750 247.901424
181.314220 282.165340
176.128602 258.333097
178.491962 259.728318
180.762801 266.706608
178.759012 274.545649
181.436965 280.643399
180.773080 249.080025
181.601209 334.173848
186.478247 74.994333
182.412226 326.542220
185.839386 327.431728
189.378737 257.475641
185.044019 257.417170
185.287920 67.548752
185.682713 323.091054
190.494844 72.216056
191.902605 316.117622
194.849548 62.444122
197.983532 316.197829
193.965775 65.852523
202.521700 310.033813
202.235032 56.182632
204.022466 306.672815
204.791908 48.208529
203.141396 298.652361
209.724834 295.250136
206.733490 51.546225
217.840421 293.308741
214.802944 280.453058
215.406300 276.180136
211.663801 284.864365
214.799723 290.679561
216.250473 48.689994
221.199592 63.344656
214.448034 269.412561
218.061077 267.751696
222.792613 272.347792
220.759897 258.597105
216.702896 65.612957
223.568165 251.604609
226.632630 72.943115
225.333213 256.076289
228.693853 72.400500
231.600609 239.868284
227.635925 70.411017
234.038927 241.771439
233.813401 81.750831
233.782044 82.939296
234.580789 243.634692
242.130785 82.109905
241.106543 240.308700
240.825124 84.017422
246.898482 233.176818
245.282937 87.946904
248.976728 237.044715
251.775087 83.679067
255.407925 232.928219
258.600558 75.978330
257.032413 227.327438
256.969096 82.287454
259.713795 86.621134
261.845848 228.619686
264.409188 78.680239
264.851384 222.797750
265.520990 79.715295
268.168983 226.870111
275.325329 75.862059
274.013224 208.759390
270.794040 210.519724
274.313240 215.124703
272.429023 217.442875
273.848214 225.829237
272.591798 73.426269
274.287983 200.970780
273.274342 196.254659
278.794022 65.545865
281.282983 194.098121
284.974272 183.242750
284.410186 178.611984
288.152160 184.175938
279.779439 191.406090
284.662024 68.149457
295.334170 175.905168
289.354165 71.261590
287.185697 166.212029
289.369223 59.974035
291.273613 163.084935
295.462117 156.261505
293.912186 63.697129
293.069361 150.699641
298.566814 57.163707
298.042355 147.516883
302.380636 57.342014
302.016705 147.253242
310.683391 145.833982
308.812284 57.701665
308.103262 60.740259
307.569385 63.392818
307.647177 71.286906
310.446357 80.061573
311.714969 80.651314
303.223339 81.961685
307.541242 76.885569
308.975996 85.432297
308.360374 94.788410
311.390578 101.976999
305.606557 105.623216
305.259562 103.110220
308.383987 114.740870
306.227646 115.349546
311.300574 120.203763
309.805215 122.728196
305.593873 123.587382
304.732664 131.648530
307.725120 127.168559
313.668650 53.032002
