24.295120 852.840265
17.605840 868.990794
29.456001 847.606882
45.882425 864.324338
27.501542 860.571970
24.293879 879.177997
38.997159 854.172949
19.438062 879.012334
48.417741 837.304267
33.097444 837.939703
24.194397 879.001085
29.199705 841.937926
35.046874 816.501591
31.855838 820.320529
27.494363 831.448880
29.414059 866.219823
40.693450 825.321684
53.057521 859.122698
33.366882 866.784443
40.008568 866.897212
43.126844 856.073654
49.003820 802.733715
39.112500 805.634949
59.372769 846.889798
58.582189 811.352926
50.986550 787.352307
45.307401 782.402965
45.378704 795.401144
53.639703 836.715493
47.810062 780.553423
53.914043 841.973205
55.599478 782.381396
72.551629 839.711674
59.491935 776.285275
67.472748 823.214509
62.888875 814.294381
54.728500 848.807225
58.729737 763.514111
78.741269 750.250009
67.521283 743.922382
58.376810 741.779180
61.204639 825.318075
64.816245 742.040899
65.423900 755.692985
68.365526 817.585195
62.746471 745.638388
67.826541 813.641266
74.027456 806.600589
84.460783 743.348668
88.091915 726.052428
80.817685 811.003849
84.159659 793.344645
95.906853 723.325126
94.344368 728.927447
76.734144 710.080017
73.316259 799.465961
84.149359 710.415501
90.284396 785.287077
96.212333 717.439355
92.231108 799.874422
100.009059 716.502794
101.819453 765.865918
110.111822 787.136796
95.613551 707.499809
111.056711 708.493129
118.772526 712.851423
111.342540 775.328539
110.949727 766.751112
94.147859 712.563711
111.068934 760.642566
113.374907 691.384207
101.517437 777.004871
114.780410 677.712540
123.544007 760.645783
113.513931 694.227247
123.550985 740.598806
122.325150 751.643126
125.365931 755.537614
111.550623 658.964465
113.164483 750.535917
131.032389 681.221643
128.482128 746.352826
128.965713 666.467026
141.161438 743.922729
125.776421 673.822312
135.098451 737.052950
142.632174 741.359911
134.260021 748.234186
128.396640 655.090042
139.762872 651.224243
124.531345 744.486391
130.293615 736.544401
142.563159 649.473532
143.285275 730.768856
149.797461 645.740798
155.887122 703.979216
153.084980 651.411092
164.026908 711.484994
153.607378 638.419926
145.195478 711.928159
154.724921 639.061732
157.670103 702.822681
167.217014 720.331871
166.878426 625.835151
161.750447 706.262029
175.584829 636.907923
170.008978 694.519082
171.425346 619.949512
167.518037 692.109471
170.618149 608.885114
171.949764 676.585392
162.474964 682.259768
177.904412 623.432830
189.914666 678.181952
168.904703 666.416828
183.123755 634.162972
203.899591 623.052920
174.859023 666.895887
183.251474 657.109640
187.074660 592.104501
186.165114 657.426340
181.949152 592.324539
191.524992 660.826591
190.808135 600.017939
203.061116 586.211498
193.206041 668.584644
187.168994 643.136485
200.213061 656.436565
210.209149 595.017328
214.753140 638.811809
195.452848 593.426910
201.303831 640.992544
201.098337 591.178328
207.026456 574.972471
210.761092 643.835401
224.733506 584.745016
215.309347 629.254093
207.788387 561.515290
213.113455 635.766651
228.537992 554.617444
225.807577 628.890270
229.551239 578.230841
223.205275 615.987194
225.721820 557.671709
220.335439 557.798596
229.160292 628.993930
236.365815 533.352223
228.041928 629.662472
224.416307 605.502082
240.543675 594.092201
235.960884 539.632955
254.996027 603.342291
251.940363 559.084164
240.596327 605.065830
239.036938 546.129843
227.644593 605.598209
241.694623 552.864162
247.791360 538.410243
254.647767 589.767365
233.220342 548.552415
251.006723 593.303156
253.351828 539.163073
259.819683 598.936972
272.993778 519.722053
267.502458 588.167565
264.104141 532.317292
269.001329 577.254306
264.177978 525.938619
262.699860 515.883615
271.141528 580.366527
281.527574 515.239214
252.708692 557.270863
275.040002 520.302187
273.861423 567.499903
292.349482 514.380670
266.844175 562.713373
284.390292 517.312597
296.956371 568.357487
286.509623 503.392069
295.200693 548.137769
299.399010 501.583339
296.191084 562.303027
304.380571 475.771412
286.450585 555.940008
289.869766 488.929326
309.949504 543.549761
297.883714 478.355710
307.270303 534.357941
296.395439 481.465601
304.203021 544.130021
291.999751 487.044684
304.620329 530.519716
298.923389 484.017646
322.905632 477.371290
307.072496 526.955275
314.562084 453.818532
312.687553 540.323663
311.463825 452.602011
305.714459 528.137551
326.831385 482.373031
319.051258 535.124428
337.932348 464.693896
322.593016 510.267571
326.640373 445.140885
334.732831 517.366741
329.076139 443.431035
334.609958 499.154342
338.078536 447.230694
333.791464 502.394054
340.032063 452.935780
353.064235 503.602842
326.461295 447.815488
334.797708 505.094153
336.986013 430.156341
344.072741 439.781864
343.094921 429.265955
354.518507 488.683932
353.577392 427.818455
355.357872 515.051091
346.407904 418.174509
363.998554 501.579466
360.897727 399.302593
349.760451 487.984305
356.587821 406.441067
352.701898 418.910554
358.230645 513.820362
369.127508 418.905868
365.378402 397.151562
366.282911 509.738374
367.481224 407.546133
366.105827 382.991556
369.643076 394.528681
384.201750 383.125919
358.079218 503.196271
383.144251 370.193697
376.876362 502.131170
383.083287 376.327869
374.178087 484.334540
383.709584 355.761059
383.940131 371.837575
387.641486 362.987879
383.630121 364.749533
380.171491 367.687106
383.537765 383.971026
384.649607 490.830290
385.740521 350.194776
380.149753 331.728628
376.709699 332.932264
395.256165 333.287233
384.226389 332.808886
393.549571 338.911325
391.710911 520.441301
405.779555 346.953896
391.762789 307.607891
389.800647 315.331597
389.352725 321.973543
400.129603 317.187224
392.982051 303.646587
391.853178 483.508995
393.839240 303.225246
399.089548 506.972363
399.855716 297.189438
405.259869 511.151776
395.887610 290.701579
409.959927 289.354727
382.756739 302.504523
401.861032 296.218157
406.844543 485.700015
411.425361 275.305728
401.978539 285.489059
391.763993 268.648975
405.864325 487.926694
408.311059 262.429704
405.284345 500.405538
401.204119 257.531694
408.225462 514.334365
416.020237 253.591563
422.668818 503.330793
410.179428 252.353287
420.283949 218.714642
420.809114 509.190471
419.020207 248.838421
419.257334 503.133337
418.461179 518.862958
430.331639 243.826989
433.388713 525.735863
432.301089 231.281579
427.185368 219.604463
426.289448 245.486615
426.393769 506.722478
437.293756 223.932432
426.740285 509.465270
452.907557 229.732568
454.148790 211.780435
431.458917 527.923382
449.691448 205.921175
442.031348 518.715893
446.639027 203.411642
445.692946 507.958782
449.440331 193.215066
448.420769 529.326044
461.959783 190.898383
446.169757 539.749937
447.903807 198.908771
461.880726 531.877099
467.144629 192.779086
466.864127 531.154922
464.425443 181.227108
461.073472 180.654938
465.551298 539.246553
474.883111 193.112293
474.695263 530.668625
466.661523 174.109260
475.485723 513.231757
481.642598 162.439345
481.475844 532.977302
472.916953 148.931919
491.772408 154.230739
472.485079 152.893321
479.445631 535.303320
483.474949 161.038180
484.670878 528.448376
477.190941 524.820711
507.871503 144.441136
477.509760 532.163883
482.584102 149.272941
504.283087 537.089619
498.093112 145.580369
507.317531 145.869632
498.985457 154.497575
502.008587 544.264887
490.114965 135.046282
492.148892 109.308831
501.896048 532.753638
505.151424 107.075391
507.952719 538.336537
512.995464 123.233650
520.093517 540.074338
518.227871 116.245424
525.153120 536.716419
507.511165 110.215706
509.388956 100.333708
521.509097 549.707920
533.561161 120.397017
518.171372 89.118078
510.879466 90.563385
515.667496 534.645988
531.823001 72.515336
536.231449 541.717187
531.189786 73.696610
518.243188 76.737887
539.359239 47.041677
532.763216 551.447287
531.787163 74.258148
539.505562 547.324669
533.170719 65.250965
538.007460 35.118990
548.883292 28.140746
537.732984 46.641503
538.187094 49.575749
545.733470 55.293919
540.737248 68.460953
529.458564 544.748795
546.206022 15.985133
538.196383 23.632738
541.678041 62.379838
543.224107 544.055542
526.973847 37.604370
540.798824 27.083891
537.806631 24.796174
539.265221 531.541719
547.580327 46.733486
543.190627 547.756617
561.673264 11.680301
556.658080 536.646019
560.144458 39.534514
546.768559 554.460780
574.713928 29.645975
571.615236 558.336881
565.584525 40.771753
568.678593 539.644697
567.728379 550.176634
561.954593 557.667902
566.772833 11.248264
577.016097 553.140955
584.021851 30.027200
576.245699 556.723622
580.008116 32.541684
583.486724 556.014556
584.373115 51.063541
575.756536 563.922950
575.407174 45.207314
594.846794 43.724627
571.313764 568.778200
588.835443 45.353977
605.286754 575.933114
594.627775 53.087018
596.214099 549.325232
593.233213 35.147125
616.224558 545.093537
593.945512 39.455493
606.273519 56.663722
599.741415 541.253274
602.015627 59.686748
616.566571 552.802518
618.395832 233.282925
604.602768 243.019879
614.088115 236.582649
606.171328 62.044116
605.861693 261.258878
612.772172 572.677337
619.902636 66.965440
611.480693 245.371242
613.531047 210.967162
629.489281 212.460096
612.107564 212.926099
619.887240 221.284549
596.760263 215.139098
615.081421 251.803190
612.857904 558.245289
597.583882 61.145987
615.242749 210.826449
622.979283 262.972956
619.982729 81.446469
622.255408 77.259070
622.012164 95.067101
612.312312 95.766623
633.926603 176.234184
611.067977 163.241409
614.254279 184.860017
614.786237 179.691987
606.365316 183.568749
621.909449 195.264149
616.182341 546.359084
613.307131 75.249279
629.528484 171.588260
622.815626 256.001461
616.978741 540.490200
625.660402 99.522714
621.161945 171.793773
620.552227 238.153446
608.729612 559.628674
626.103953 238.419456
628.645021 88.616237
641.414130 97.119737
636.420642 85.037259
621.421933 93.120189
625.931428 122.529686
634.087020 117.122399
631.904598 112.775661
628.465988 120.737839
616.870441 123.041309
630.043124 136.190578
633.637179 158.828903
626.124576 141.197029
625.400242 142.762682
638.857931 139.889229
618.177097 148.696573
621.716723 155.364842
628.199099 146.114808
618.779024 160.737597
629.507604 170.631048
629.403555 547.984713
626.635751 227.056211
633.346825 551.817091
646.087734 218.687130
641.202379 574.344991
633.470218 231.057593
628.482223 564.195028
638.723255 235.264832
653.577666 565.284705
645.251505 220.890216
648.315024 543.988967
647.890889 218.532730
637.602756 559.884905
665.510943 230.309570
662.355551 217.322025
649.584397 208.886748
651.408006 554.310880
673.067471 204.597156
657.705668 558.944098
663.387916 220.072756
671.091431 548.044557
670.915790 212.548225
674.371127 553.369150
662.469056 545.780995
664.972173 194.757415
668.507125 546.333350
671.849905 201.424261
685.836793 533.283410
691.527185 359.581122
682.557672 368.130881
677.889677 198.746695
675.895218 546.567430
688.354122 361.608384
676.864841 365.907032
690.728925 207.925843
684.172432 548.684550
685.264739 364.146178
682.647140 356.775681
694.784416 214.472279
686.190476 350.239547
690.535146 538.167803
704.609557 350.355029
689.047788 372.673975
692.703171 199.050952
688.299036 533.897090
693.552496 339.143134
704.912962 362.082869
700.073073 528.393761
691.534108 197.970354
679.446207 333.388627
689.550672 361.399146
687.685263 333.559396
697.829768 538.243133
710.676397 202.519088
716.887284 359.781488
695.981511 328.021157
692.966625 558.723576
699.822429 215.005487
713.663422 371.177691
693.124996 329.438866
694.427036 542.256478
713.867656 204.750942
713.562143 332.355417
697.256542 373.888533
708.559242 522.756525
711.151519 211.664512
715.134097 321.083794
719.445213 313.746614
702.252625 308.838342
701.132868 363.810760
714.156640 545.306562
732.568340 201.446625
712.608109 294.328535
730.544052 356.281121
722.111290 534.766814
720.348861 183.534685
725.846529 291.476235
717.130699 383.338093
733.502649 547.021377
723.801358 184.078116
724.521175 311.713810
716.249045 367.224065
731.077663 535.948855
732.495615 181.976004
733.827145 285.338401
720.752449 278.843733
718.024560 304.883020
728.133264 382.532474
741.570320 365.406324
735.140242 540.245956
749.911338 186.509375
735.027818 286.466003
740.382438 263.221623
731.633073 372.932903
742.646312 387.314362
729.606358 551.045547
735.435166 384.529121
730.785822 185.452042
726.216716 268.553658
733.150456 268.460092
731.461294 557.442070
731.884988 402.234976
738.683431 192.005292
737.080736 255.688949
756.831404 397.832616
747.391932 558.551656
760.454372 189.297957
739.107661 389.822639
739.816118 256.446222
749.741339 540.071029
733.568832 178.547709
746.955813 234.729737
757.827118 417.346065
764.046347 401.988559
758.516446 513.396260
745.478507 534.892719
742.599501 404.201034
756.802606 513.529412
738.776065 535.687426
754.508758 189.293691
750.647254 256.967230
764.191285 234.484985
744.560244 228.446350
755.812115 416.404849
741.128790 423.387881
753.755565 422.797538
748.036722 421.035561
746.628244 425.779887
738.142800 440.865349
752.666883 430.224958
754.160503 450.484785
756.952545 451.067596
765.043416 452.909398
743.560696 461.672001
738.513537 452.257216
751.219630 459.148761
755.501183 455.604380
757.566698 463.739350
762.396798 472.830387
754.909663 480.901736
761.990197 477.517538
764.290211 483.085562
750.524850 485.654924
746.862753 495.246228
751.803614 511.762115
753.642835 509.704513
757.272478 498.114510
759.625369 490.852532
762.918390 520.532064
755.811326 502.721116
765.359169 188.967619
765.087065 242.980415
773.929012 220.051849
759.370918 176.219876
756.786598 217.708845
757.242618 176.713965
754.799568 238.219336
758.288806 174.579322
772.633634 224.268082
764.651723 222.582706
766.926147 174.813593
781.625966 217.830315
771.814201 190.616401
763.060842 182.619345
771.608112 187.206506
765.499581 182.982953
764.289823 196.653120
765.215978 189.280233
776.125631 214.540525
765.834245 195.924943
