51 186
51 190
51 194
51 198
51 202
51 206
51 210
51 214
51 218
51 222
55 182
55 225
56 151
56 155
56 159
56 163
56 167
56 171
56 175
56 229
56 233
60 151
60 233
64 149
64 233
66 86
66 90
66 94
66 98
66 102
66 136
66 140
66 144
68 234
70 86
70 105
70 132
71 109
71 113
71 117
71 121
71 125
71 238
74 86
75 238
78 86
79 238
82 86
83 239
86 86
86 243
90 86
90 243
94 86
94 243
98 86
98 90
98 243
99 94
102 243
103 96
106 243
107 96
110 243
111 96
114 243
115 96
118 243
119 96
122 243
123 96
126 243
127 96
130 243
131 96
134 243
135 96
138 243
139 96
142 243
143 96
146 243
147 96
150 243
151 96
154 244
155 96
156 248
159 96
160 250
162 254
163 96
166 257
166 261
166 265
167 96
167 269
168 100
169 104
171 272
171 276
171 280
171 284
171 288
173 106
175 288
177 106
179 288
181 106
183 289
185 106
186 293
189 106
190 295
192 299
193 106
195 110
196 302
198 114
199 118
200 305
201 309
201 313
201 317
201 321
203 121
205 323
207 121
209 323
211 121
213 323
215 121
217 323
219 121
220 327
221 331
223 121
224 335
225 125
226 526
226 530
226 534
226 538
226 542
228 338
229 126
230 526
230 543
232 338
233 126
234 524
234 544
235 342
236 346
236 548
237 126
237 520
239 350
240 130
240 550
241 354
241 358
241 362
241 511
241 515
244 131
244 553
245 363
245 511
248 131
248 553
249 364
249 509
250 135
251 368
251 372
251 376
251 380
251 491
251 495
251 499
251 503
252 384
252 554
254 136
255 487
256 387
256 391
256 395
256 399
256 403
256 407
256 411
256 415
256 419
256 423
256 427
256 431
256 435
256 439
256 443
256 447
256 451
256 455
256 459
256 463
256 467
256 471
256 475
256 479
256 553
258 136
260 553
262 136
264 553
266 136
268 140
268 144
268 547
268 551
269 148
272 543
273 151
276 543
277 151
280 543
281 151
283 532
283 536
285 154
287 529
289 156
291 528
293 155
294 520
294 524
296 151
296 566
296 570
296 574
296 578
296 582
298 503
298 507
298 511
298 515
298 519
300 154
300 562
300 585
301 499
301 556
303 422
303 426
303 430
303 434
303 438
303 442
303 446
303 450
303 454
303 458
303 462
303 466
303 470
303 474
303 478
303 482
303 486
303 490
303 494
303 589
304 154
305 552
306 536
306 540
306 544
307 418
307 589
308 151
310 422
310 536
311 588
312 151
314 423
314 536
315 588
316 151
318 423
318 535
319 588
320 147
321 136
321 140
321 506
321 510
321 514
321 518
321 522
321 526
321 530
322 423
323 587
325 136
325 427
325 502
326 431
326 435
326 439
326 443
326 447
326 451
326 455
326 459
326 463
326 467
326 471
326 475
326 479
326 483
326 487
326 491
326 495
327 583
329 136
331 583
333 136
335 579
337 136
339 578
341 136
343 578
345 136
347 579
349 136
351 578
353 136
353 569
353 573
355 564
357 135
358 552
358 559
361 131
362 548
363 527
363 531
363 535
363 539
363 543
365 131
367 523
368 448
368 452
368 456
368 460
368 464
368 468
368 472
368 476
368 480
368 484
368 488
368 492
368 496
368 500
368 504
368 508
368 512
368 516
369 131
371 444
373 131
375 443
377 131
379 443
381 131
383 427
383 431
383 435
383 439
383 443
385 131
387 423
388 397
388 401
388 405
388 409
388 413
388 417
389 131
392 394
393 131
393 382
393 386
397 130
397 378
401 126
401 378
405 126
405 378
409 126
409 378
413 126
413 378
417 126
417 378
421 126
421 378
425 126
425 378
429 126
429 378
433 126
433 378
437 125
437 378
441 121
441 378
445 121
445 378
449 121
449 378
453 121
453 377
457 121
457 373
461 121
461 373
465 121
465 373
469 121
469 373
473 121
473 373
477 121
477 373
481 121
481 373
485 121
485 373
489 121
489 373
493 121
493 373
497 121
497 373
500 125
501 373
503 367
504 124
507 363
508 121
511 363
512 121
515 363
516 121
519 363
520 121
523 363
524 121
527 363
528 121
531 363
532 121
535 363
536 121
539 363
540 121
543 364
544 121
547 363
548 121
551 363
552 121
555 365
556 121
556 369
556 373
556 377
556 526
559 530
560 121
560 378
560 522
561 511
561 515
563 533
564 121
564 379
565 507
566 383
566 387
567 533
568 121
569 506
570 390
570 537
572 121
572 403
572 543
573 506
576 121
576 403
576 543
577 506
580 121
580 403
580 543
581 506
584 121
584 403
584 543
585 502
588 121
588 404
588 543
589 499
591 408
591 481
591 485
591 489
591 493
592 121
592 543
593 538
595 125
595 410
595 477
596 466
596 470
596 534
597 414
599 124
599 530
600 462
601 417
601 421
601 425
601 429
601 433
601 437
601 441
601 445
601 449
601 453
601 457
603 121
603 528
607 121
607 528
611 121
611 528
615 121
615 528
619 122
619 528
622 126
623 522
623 526
626 126
627 518
630 126
631 519
633 512
634 126
637 508
638 126
638 482
638 486
638 490
638 494
638 498
639 502
640 130
641 536
641 540
641 544
641 548
641 552
642 478
644 131
645 536
645 553
646 478
648 131
648 472
649 534
649 553
650 135
652 468
652 530
653 437
653 441
653 445
653 449
653 453
653 457
653 461
653 553
654 136
656 521
656 525
657 434
657 553
658 136
660 521
661 433
661 553
662 136
664 519
665 435
665 553
666 136
666 511
667 439
669 550
670 139
670 507
671 442
671 446
671 450
671 454
671 458
671 462
671 466
671 470
671 474
671 478
671 482
671 486
671 490
671 494
671 498
671 502
673 548
674 141
677 549
678 141
678 145
678 149
679 153
681 549
683 156
685 548
687 156
689 548
691 156
693 547
695 156
697 543
698 276
698 280
698 284
698 288
698 292
698 296
698 300
698 304
698 308
698 312
698 316
698 320
698 324
698 328
698 332
698 336
698 340
698 344
698 348
698 352
698 356
698 360
698 532
698 536
699 157
699 270
699 364
702 161
702 528
703 227
703 231
703 241
703 245
703 249
703 253
703 257
703 261
703 265
703 269
703 366
703 370
703 374
703 378
703 382
703 386
703 390
703 507
703 511
703 520
704 235
704 394
704 515
706 161
707 223
707 503
708 396
710 161
711 223
711 503
712 396
714 161
715 223
715 503
716 396
718 161
718 400
718 404
718 408
718 412
718 482
718 486
718 490
718 494
718 498
719 220
720 165
722 415
722 478
723 218
723 419
723 423
723 427
723 431
723 472
724 166
725 435
727 218
727 468
728 166
728 439
728 443
728 447
728 451
728 455
728 459
728 463
731 218
732 166
735 218
736 166
739 218
740 166
743 218
744 166
747 218
748 166
751 218
752 166
755 218
756 166
759 219
760 166
761 223
764 166
765 223
768 166
769 224
770 170
771 228
771 232
774 171
775 233
778 171
779 233
782 171
783 233
786 171
787 233
790 171
790 237
793 175
794 179
794 238
798 181
798 239
800 185
801 243
801 247
804 186
805 248
808 186
809 248
812 186
813 248
816 186
817 249
820 186
821 248
824 187
825 250
827 191
829 253
831 191
833 253
835 194
837 253
838 198
838 202
840 257
841 261
842 205
845 263
846 206
849 264
850 206
851 268
854 207
855 270
857 211
859 273
861 211
863 215
863 273
864 219
867 273
868 221
870 225
871 273
874 226
875 273
878 226
879 273
882 226
883 230
883 274
884 234
886 278
886 282
886 286
888 236
890 288
892 236
894 288
896 236
898 288
900 239
902 288
904 242
905 292
907 246
909 293
911 246
913 293
915 246
917 293
919 246
921 293
923 246
925 293
927 246
929 293
931 246
933 294
935 249
936 298
939 251
940 298
943 251
944 298
947 251
948 298
951 251
952 298
955 251
956 298
959 251
960 298
963 251
964 298
967 251
968 292
968 298
970 255
972 288
974 256
976 288
978 256
980 288
982 256
983 260
983 264
983 268
983 272
983 276
983 280
983 284
