61.127061 281.802799
36.070769 276.784024
27.235518 291.218585
51.805184 300.366827
45.672425 289.773529
56.274665 291.082827
54.806150 300.043307
36.468744 308.207405
63.250143 306.224365
45.132214 318.254869
50.785636 312.791885
36.749779 269.500673
82.674125 319.690763
52.188434 268.629489
73.348338 326.175197
46.472441 283.925943
50.649501 317.012085
27.991904 280.929268
76.525242 319.483650
49.628664 268.484748
63.210410 325.171164
55.914265 250.968730
51.480130 256.099103
59.892028 260.354431
71.201859 323.029389
82.145868 323.672323
104.178381 337.131637
75.906010 248.240852
85.103117 347.612050
84.476703 240.598133
70.802921 345.287068
88.096494 248.423018
76.908279 348.727220
112.049593 234.701297
44.413381 357.771693
82.101394 236.501132
76.965592 362.234079
100.555178 368.066519
110.176219 246.208787
90.683662 366.092872
56.657186 357.895218
90.913491 369.229386
133.271514 382.979241
103.143300 367.673880
80.183454 236.279999
84.652613 386.719874
66.835396 231.308286
100.714069 382.375316
119.128017 236.445393
97.628178 380.296876
87.681227 380.106158
108.278007 233.497880
120.416289 384.082410
116.348659 222.976016
121.724354 385.663031
140.637383 231.869000
87.345712 392.309129
113.785484 221.394751
118.956604 385.827855
114.544261 221.022841
110.974293 396.630021
115.658650 215.392237
114.708021 382.260696
146.525107 220.109076
152.946337 384.339813
105.418882 399.179448
134.854929 222.592544
125.122985 399.419729
137.264790 217.915887
161.806368 395.454605
131.214805 219.927362
143.487164 401.353815
149.358027 235.209570
131.836923 380.936311
164.663753 227.510501
158.113662 382.238343
164.374961 219.227792
166.499806 392.495575
144.676141 210.660851
148.280273 210.912298
115.385798 380.807703
163.041099 208.931920
167.248625 393.552282
168.666221 220.154934
177.092649 388.030320
175.689905 215.035948
138.020433 368.711522
180.359184 217.161033
195.516293 220.407193
173.028970 229.498080
158.963992 386.901979
175.431752 229.382695
185.543764 393.508657
194.033603 217.146248
174.441593 385.056438
184.961576 239.345457
195.909756 395.236348
199.569247 215.792214
191.677718 381.773844
190.555286 221.042865
190.705973 388.590630
199.526758 387.267425
150.897468 227.324989
204.642040 402.218104
194.958092 233.816998
210.152555 392.789811
189.110587 225.676533
214.679288 398.202568
175.182487 213.622607
219.442650 393.056752
183.214150 211.849561
227.765987 392.499384
215.525159 223.306726
227.648829 390.583159
225.217050 228.372325
231.661246 388.551121
233.664038 232.032739
205.279412 379.085491
222.671761 226.004933
254.825108 223.732015
225.537430 227.744512
238.544322 389.237065
252.291467 224.385269
211.512143 387.500726
205.937911 219.553015
222.162281 208.881529
223.495310 387.968374
241.280607 229.045909
231.103471 387.452223
241.032821 223.793706
245.155190 391.988156
223.080658 390.485535
250.881482 227.955491
238.903906 396.819361
232.386260 239.312628
260.476823 395.314279
234.087835 216.958785
283.399101 403.615281
265.885716 220.741309
271.367258 391.776508
289.660406 226.983749
277.645433 386.342588
281.930325 224.763098
284.520760 388.200681
282.559608 244.981490
268.205703 402.396496
306.742166 223.141188
276.861530 374.654625
283.007686 238.294640
283.604739 387.627999
287.084851 224.881852
313.692715 388.370872
291.733814 213.625795
270.039035 393.577163
304.849077 223.423500
289.664930 389.588203
312.887291 212.594161
312.236212 203.831877
287.088253 401.334703
307.135861 227.424101
336.115184 226.466263
262.204445 388.853704
303.106992 217.818283
316.865524 386.805379
307.448336 233.421241
319.188214 385.793676
307.629390 225.098362
312.326704 373.477749
305.170060 225.224988
342.405184 381.758248
312.915603 220.135597
321.268473 394.075850
327.655849 211.584482
333.126838 398.621321
306.058835 214.520176
354.898666 390.638680
320.822565 217.171260
340.689399 402.419902
331.721957 217.823770
321.596705 406.304741
368.051095 213.681289
358.478230 226.171110
307.526715 392.346259
353.183231 392.568440
362.437439 233.916411
336.711783 387.274627
343.497623 228.917818
339.379992 381.534004
353.843579 223.622038
381.050621 391.049566
351.798582 240.146941
373.730488 395.589516
340.373066 214.492279
353.565969 390.737738
385.793175 234.457689
374.687188 407.158379
383.042847 236.573510
370.127048 375.050453
363.941289 217.289527
374.842538 396.073685
369.148592 224.686958
375.173048 384.699305
380.951303 213.045403
358.392551 400.239033
373.861912 220.545689
359.538789 409.111293
391.349853 223.136726
388.376580 228.568908
434.274432 399.421479
409.953273 219.660912
411.846741 401.033771
376.975758 224.184747
417.185218 404.210892
379.260827 220.626272
375.391633 386.160832
403.912851 206.860400
413.437075 378.620195
420.222495 229.643807
419.332959 378.284971
393.100758 230.703024
419.152809 384.556944
405.179703 221.965362
411.366456 393.038709
441.094514 218.800424
429.425028 389.751469
426.974672 218.920943
446.727574 380.295607
409.428687 213.652817
449.285265 404.086643
405.627775 217.778222
445.550992 386.760673
446.679097 391.549696
420.333085 215.374747
454.214831 365.504633
460.237770 234.099051
441.474087 374.698063
434.868139 216.876614
429.004217 225.330160
433.799073 221.797293
430.760579 379.097592
453.705918 237.812877
473.478072 390.728109
466.814170 220.836390
437.277556 389.418811
494.134877 232.802381
463.468951 379.000465
458.424778 383.966024
448.906091 382.644660
470.815181 402.312347
451.764594 215.712656
467.380697 399.175502
472.114107 224.588787
475.172998 385.659282
440.312450 221.483157
450.212899 390.408170
473.310557 217.585078
452.595876 391.948369
481.515712 222.167203
472.354765 399.114372
498.343771 223.094725
512.984852 386.658111
484.238645 397.533505
491.800524 378.324009
494.206647 226.415012
519.238026 392.669184
462.040702 223.848441
481.231003 407.069618
486.405875 231.552200
525.093580 398.985217
489.522184 227.696703
513.341986 403.773801
508.006916 225.351344
500.432283 234.311138
526.270305 220.008470
510.182203 395.773360
482.439574 208.450160
510.204285 388.982269
493.302357 206.593179
500.313335 397.862639
486.143312 229.452589
523.998877 389.718285
499.710465 226.903807
548.459599 387.693893
505.938523 221.793476
521.696928 391.745090
560.572295 222.993612
508.028341 394.074393
522.805729 214.705494
519.178699 389.415447
547.025897 229.800821
566.370109 392.408835
544.891342 210.126834
518.413502 392.666334
529.360709 218.320478
542.972032 384.082582
551.211527 224.161280
528.564424 391.484335
559.842942 225.831812
514.042575 213.801377
552.723996 388.065436
530.934826 214.972846
546.503857 389.394244
552.536233 397.005592
559.480706 205.888288
562.881354 404.175048
523.600226 228.543646
548.448634 208.420107
546.924315 386.136515
579.109016 380.564728
560.936142 222.300337
562.827236 387.274945
558.325642 233.989761
548.259721 392.812777
561.694773 226.804914
574.014906 396.980905
587.458643 229.867838
592.744735 377.644483
591.403297 228.582469
604.480397 393.899655
579.975819 234.425460
578.896135 385.764572
572.391593 394.752039
577.041668 403.883665
595.383435 225.234395
592.720440 395.410247
616.130867 227.647735
600.484248 397.226784
610.339423 221.132111
584.681868 396.504817
605.705364 211.743454
580.218013 378.727431
599.536564 213.075240
596.013576 381.331752
571.944062 230.506055
577.798080 389.024757
602.828277 209.578539
624.174902 386.667750
595.111875 208.362277
596.826840 387.376397
643.018629 223.287699
644.242524 388.060533
626.521432 226.321461
620.367071 409.314547
626.590674 234.917447
633.206804 386.564457
643.556460 386.857138
625.239723 224.199474
617.797855 391.047074
643.691981 233.062699
626.526203 373.049788
637.820583 231.397074
635.636220 386.107859
632.319924 228.154209
609.104583 383.505529
633.195053 229.195710
640.272789 402.944321
657.603158 225.027225
646.564328 407.847804
659.758655 218.512219
659.924402 374.764155
627.575338 231.941419
664.750876 403.293197
675.591815 232.422697
636.823391 403.168382
678.502445 225.367431
668.470528 398.094323
657.512650 235.930134
694.842868 200.631434
679.552296 213.508076
682.645989 404.471770
687.523234 209.625859
687.789539 387.971556
667.695116 196.676940
688.372588 385.718974
684.594804 198.884199
659.737552 398.650191
669.932202 198.555010
679.412399 397.029595
691.662451 204.282886
685.206327 182.824425
703.186580 208.163779
699.600384 393.819958
670.956563 172.659352
712.634469 393.136625
681.494573 180.914426
686.687462 403.102973
683.346700 408.380441
702.369339 391.406504
715.719069 415.744233
677.391286 160.046744
682.247324 410.482024
697.616705 144.928957
692.945254 135.958047
684.562298 141.879121
700.016287 149.474759
674.632237 156.960850
714.796589 154.162316
690.963561 150.864933
716.266378 185.828742
676.921757 419.248775
720.722180 424.210860
681.245252 156.314154
702.887030 420.919280
698.288091 430.580702
700.887016 124.540119
707.125132 174.516345
717.627096 417.779450
710.566041 440.475834
719.169708 128.973281
700.448510 446.002174
745.193690 124.756884
691.221369 428.952910
697.895305 436.337849
742.610029 450.275724
749.940123 455.710482
749.904330 466.416253
708.835121 112.927388
722.233606 457.918951
722.003357 117.419649
725.916867 456.887280
725.080266 102.856418
740.088287 122.043541
762.605683 120.403095
732.929252 469.542546
707.221867 481.899288
726.428461 464.158399
735.914009 479.461282
709.391001 486.975713
731.904332 477.858069
753.870248 108.934522
744.635585 487.653648
731.256843 498.260204
763.611628 97.310748
736.191652 504.167358
739.089367 105.970355
739.200439 503.639287
708.785264 114.416652
740.687670 503.906503
745.665417 94.709283
756.199468 514.710840
773.757972 119.408397
726.510478 511.059470
763.522851 97.416476
740.677673 517.320269
773.326898 89.461093
734.498940 516.769217
760.056084 94.797899
735.707769 500.278717
758.160470 106.197239
761.276364 519.611368
767.144433 82.296444
795.636517 515.661963
792.660329 107.595730
771.958983 517.854629
786.796859 88.696126
788.521004 525.130658
765.578020 75.730126
789.687106 504.546238
782.823795 86.123153
745.874370 502.523889
787.690888 73.191568
822.682932 523.119091
801.911571 81.308192
797.834248 517.916141
814.562350 77.546896
791.037209 522.825297
808.805554 85.138600
771.675647 516.679646
792.969220 71.287758
790.539169 519.381462
800.124800 71.034540
798.488820 502.347457
799.712852 81.402951
813.560543 511.438764
817.992733 68.737115
813.254774 508.903375
795.622223 88.858857
819.638723 518.323372
841.243854 77.651666
823.283128 510.499767
847.786014 513.343889
811.138230 523.362989
808.418881 72.419623
837.923814 527.771641
831.636628 78.238553
818.417297 525.625598
835.809213 75.701755
826.933488 524.642875
841.417514 65.683998
872.315849 525.075427
829.716412 81.852300
829.576768 512.500858
847.555378 77.112374
860.582531 520.978844
858.711377 83.710387
849.977580 526.171735
868.791858 73.763890
837.869694 530.990762
863.260938 81.721755
865.555667 517.134182
862.333993 68.971404
863.082133 532.990045
911.220918 83.271394
866.386852 522.927993
862.187019 71.739949
886.454964 516.380093
880.851720 62.440618
865.288078 521.032483
863.107466 81.961933
882.892810 520.263428
866.927513 71.697781
880.119864 528.420147
904.830756 60.621136
889.706295 511.996341
904.791169 77.425641
873.493442 524.959870
901.922648 83.867240
877.402435 522.184302
942.285301 70.790308
873.741890 508.717812
881.175067 80.410829
905.974709 524.104054
886.791585 77.670885
908.679455 521.440673
912.232266 61.084263
916.664063 514.218111
894.776340 77.575770
901.985253 515.745790
894.604839 72.570848
932.295730 513.758321
883.161559 77.026661
937.265238 523.341513
934.926548 75.985687
901.726455 526.678526
930.401697 64.680880
963.290114 521.530696
943.654428 70.520791
946.479120 516.316832
913.114380 67.149146
940.436997 534.841585
958.812190 86.370984
960.705770 522.908666
945.085239 76.164611
963.180172 519.206185
947.592541 80.681991
961.429847 541.594573
1001.385720 78.145500
970.440980 87.603404
947.664570 528.818825
952.183832 89.721298
965.578722 532.240192
965.307862 86.839229
973.505701 516.247267
975.309775 84.820247
1004.951976 524.896462
952.985542 90.584738
975.984419 526.534792
991.742977 84.216515
988.885909 525.101803
971.917449 81.882949
1017.469026 495.269709
995.789698 79.184832
981.675804 92.414626
952.688565 512.710562
1014.082578 93.608873
1013.404406 509.900372
1000.221369 94.803871
985.732063 511.550999
999.995231 96.956341
1018.724418 512.593878
1001.931750 98.519647
1021.588659 511.480835
975.920118 100.455841
987.490625 511.910464
999.129613 103.399333
988.879929 106.452256
1005.838558 511.132710
1015.950322 95.227484
1009.306861 496.126190
978.352171 104.383673
1022.652375 502.055769
1023.365019 116.217626
997.968417 502.943053
1058.723675 110.321957
1037.285151 492.918063
1038.688375 113.542556
1034.280099 506.885609
1035.644582 119.454436
1022.906641 497.600931
1041.352123 111.545231
1050.987771 483.686044
1045.372363 125.369448
1019.150506 117.131287
1050.215235 489.858717
1054.023631 133.853024
1036.071484 482.237536
1056.276971 129.719523
1043.727321 476.607386
1048.550626 132.191391
1052.379117 479.815545
1030.377883 135.731725
1054.061032 469.560687
1072.344793 125.859896
1046.842930 466.113785
1078.216652 128.128166
1070.058652 452.779824
1077.518696 140.804358
1066.819231 462.761619
1047.565244 139.479032
1123.005497 456.838165
1070.087396 136.792916
1083.064672 459.934087
1085.474756 151.142916
1111.110678 435.670398
1057.279229 447.038621
1087.893867 449.922506
1084.081286 151.403900
1091.913052 441.314156
1081.518395 150.016832
1091.619234 443.718042
1115.362811 160.411174
1100.771157 427.001424
1077.743719 155.903914
1080.913661 429.131423
1069.745227 421.903504
1087.566935 430.514192
1096.582616 165.755069
1127.298991 158.904717
1098.686903 422.429408
1124.711102 178.859924
1119.615480 410.676678
1081.222086 182.953065
1086.092981 409.366317
1143.490234 172.939373
1105.603626 405.696555
1105.811413 176.478663
1118.334658 397.887635
1129.809797 397.315812
1121.313266 406.502824
1101.305060 181.599820
1140.995120 186.950128
1121.044136 382.904786
1147.378934 192.837551
1143.114619 376.955437
1132.210994 370.605683
1129.722529 188.612204
1137.406083 196.338961
1124.802982 197.368422
1114.814629 370.486669
1115.791734 190.035943
1104.914150 363.170314
1103.359473 214.234081
1121.439240 212.797320
1118.181444 220.610507
1149.005691 214.298752
1146.136699 219.837049
1125.741786 227.527510
1129.705798 229.221559
1114.385497 349.157737
1114.107441 369.048391
1130.428632 369.799654
1130.795076 241.928580
1161.026256 350.933244
1119.746596 243.620764
1115.605961 247.026315
1151.493406 342.170962
1123.786358 236.560545
1127.913587 258.994055
1155.910869 249.761703
1177.427210 333.580288
1142.148711 345.882064
1165.500253 257.473554
1157.989307 333.389284
1164.427440 252.069954
1158.563084 330.542329
1139.868395 249.432168
1131.285527 274.176338
1147.165739 275.350175
1130.711846 276.274407
1132.859288 277.542367
1172.059869 276.000845
1131.925909 287.181690
1138.696799 288.921494
1177.690903 297.398544
1146.044838 297.470606
1147.879599 314.235858
1144.166848 309.477576
1150.381853 319.990767
1146.843396 310.281502
1136.366369 316.796066
1154.257841 314.206456
1126.076665 331.700433
1173.275753 325.405430
