47.192656 282.976207
43.687338 283.060465
42.934863 285.185332
56.793729 286.921848
41.492165 298.215747
44.267576 302.411083
42.141904 304.071285
35.476933 310.992113
40.268557 311.423708
47.579806 319.055692
48.766277 320.231776
43.054110 275.001146
51.526866 321.132785
59.728747 280.521517
55.529195 324.560340
66.120578 278.358819
65.161466 319.900656
57.993777 270.600269
68.186761 321.486093
69.510200 263.923077
70.348356 327.913752
68.809914 250.463738
76.895844 256.927540
63.009243 259.054392
62.999944 328.628463
65.601501 336.109928
62.323473 341.110917
78.439214 253.249628
70.829140 339.583270
73.323507 247.155820
62.904835 341.904688
85.723763 242.714260
82.638464 348.816357
88.064595 242.063407
80.847804 351.773834
82.467878 236.454183
92.083151 356.986726
91.449665 359.904381
93.322691 232.660499
87.896227 363.044107
95.516088 367.478216
100.045426 372.844346
94.542649 376.402058
94.678365 374.032882
87.648543 233.779318
95.033146 380.338548
96.881878 234.075328
90.975143 375.875987
98.349999 232.904528
106.529258 381.526472
96.297181 384.685306
111.606967 226.097858
104.365435 388.373811
106.900087 225.461831
106.689502 386.217089
98.214414 223.069896
110.999367 386.493686
111.624138 225.627929
115.685888 389.565373
134.505831 228.124129
112.852088 390.083643
133.743122 225.748173
122.508916 386.501647
138.354244 223.665017
134.700957 386.541236
132.988999 392.289926
139.350912 227.292917
129.015756 393.992186
134.096685 226.524958
131.734749 395.885471
146.783802 226.883985
142.552448 392.959782
137.538801 226.754280
139.184193 389.764662
146.930696 219.718432
148.251754 385.394292
152.545990 226.185082
153.709600 388.134399
148.728640 215.672756
156.372866 223.291783
148.246843 384.678274
155.718867 214.796115
157.814233 388.075110
157.334037 214.293876
164.838796 390.278626
170.394057 215.274437
173.947852 389.593700
168.875890 215.331586
183.135744 219.845350
172.252087 223.508482
179.965855 386.299463
169.139220 223.284392
185.905479 391.879539
183.485652 227.666527
188.577701 387.539802
188.367676 227.223464
179.133580 387.690312
181.155577 220.764745
190.364868 388.176414
195.605660 224.326463
185.409051 388.165008
195.494242 391.646743
194.683248 230.087041
196.356743 394.883548
197.546876 226.923158
206.634178 395.554465
212.177482 220.166924
210.554503 397.978958
205.149689 214.532796
207.840507 398.704637
213.901530 220.583419
214.609649 388.871597
216.168933 220.536137
206.793837 386.633278
218.633287 228.128359
225.286084 389.047558
232.206122 229.287313
229.902657 388.133096
221.049932 224.332416
231.587402 218.747708
235.335605 218.802052
230.285136 387.811873
244.195254 217.661802
229.497255 390.110116
244.412025 226.664620
245.262109 223.850988
233.952327 389.906637
244.647405 228.032363
242.774334 387.365375
251.831720 226.348274
248.700012 389.218889
248.294573 392.989100
255.005592 219.681106
254.373269 395.396171
249.843982 218.729769
253.168630 400.781428
262.969095 216.756538
266.529761 398.301151
263.782063 219.768623
260.020992 398.634840
277.507074 222.213283
275.819783 395.286844
263.341566 225.218983
280.325440 392.928709
272.180579 227.823384
268.310642 390.362474
281.961874 223.638519
279.937912 389.177428
282.270538 228.221338
282.807409 386.933528
295.414225 222.897943
285.703341 389.854696
283.709867 229.076389
293.751612 389.072132
303.342384 227.905242
298.129422 385.701933
297.276357 214.465582
298.156990 218.702645
305.427170 388.774938
311.149955 212.339159
300.216939 219.226839
306.066257 388.220066
311.795999 228.824397
306.739262 386.119593
308.304262 230.215888
297.931009 384.695207
311.942691 224.790561
317.714687 387.216401
310.676504 220.889263
326.459815 385.238374
320.621705 217.286202
324.747481 385.244696
323.194660 212.841683
328.327403 393.241062
326.005254 218.040337
329.050295 396.539311
334.766078 217.316163
330.201789 396.609129
329.951172 221.018411
335.712400 396.119822
338.602454 221.032856
338.370995 227.901698
345.400817 395.320100
345.970414 391.756029
337.430551 223.405693
345.059883 386.222766
335.158672 221.879323
345.580074 387.114599
349.114904 222.975894
344.996582 387.159593
366.542540 222.109657
356.560378 387.460198
358.862033 228.279560
376.751665 392.179994
369.437022 224.028987
370.195214 386.855074
360.077252 220.707158
375.882090 387.786678
371.410774 217.805915
378.572945 386.872943
379.116489 215.585794
378.778564 393.448967
387.697628 215.601558
382.935012 396.733843
386.699332 213.653239
393.497523 401.336916
394.407749 217.020246
389.439600 225.503969
395.895340 399.754045
391.284429 224.537582
384.982469 395.403042
397.509994 224.899458
403.312657 396.924526
398.573224 227.842232
400.361702 394.910707
404.914838 227.532775
405.688871 389.115180
408.501213 225.755985
410.351931 385.987087
413.518032 225.983291
406.842028 388.325671
406.420015 226.924862
415.850481 389.436190
426.413562 227.915713
420.325976 390.980875
418.209918 225.483052
411.804262 390.931411
428.541762 219.199916
441.157471 390.808214
431.769476 213.203569
430.775338 377.673464
431.927388 386.320397
447.672307 215.656021
435.935047 379.893202
431.990215 216.829416
439.684628 377.475426
437.392178 217.293989
445.888006 221.809101
442.182045 223.727476
442.906934 377.239176
451.312015 225.675923
447.183662 379.919059
450.870546 225.873588
456.073414 379.529034
452.708628 222.923135
454.882075 383.575421
461.078232 389.659062
463.825158 387.276481
458.876529 393.005565
459.827789 223.302031
461.770593 397.461972
460.839332 227.503174
469.080674 392.434092
467.694388 215.256700
466.074770 391.745675
469.600930 213.831990
470.695563 388.436675
474.461418 215.788452
481.676086 391.729074
471.781817 224.796356
477.359912 390.600862
493.860614 393.885989
478.540051 395.857162
485.870817 225.408213
494.123344 400.252799
489.910201 226.131144
484.428345 395.033223
492.204177 228.052355
487.655546 394.153881
504.092381 227.153089
503.916453 400.321917
496.776167 224.530054
500.417996 216.136247
495.624790 221.047554
502.711355 398.902466
497.329011 215.753117
500.258064 397.947599
504.667621 218.235675
511.382455 388.513578
515.562811 223.847338
515.243077 386.438295
511.142862 226.111557
506.688636 384.173948
516.393560 221.129163
513.261739 391.940868
530.367129 225.589697
526.206955 392.523820
524.953526 224.516090
532.473502 392.376533
530.844489 222.939506
531.539063 393.868622
529.414001 222.422926
541.036143 390.766601
535.962108 228.924891
536.778694 386.736896
542.107127 223.833732
546.612578 386.477514
541.812848 222.802080
536.518022 217.410424
543.681997 389.044517
559.947075 216.266276
552.906616 389.969313
537.653701 393.833224
551.545711 217.695908
552.974977 395.986572
553.311316 217.080610
560.190378 219.817815
570.425675 398.924918
566.770892 394.913481
565.091636 220.653162
560.976487 396.611477
555.061435 221.627240
572.208392 388.474493
577.867110 226.351797
573.649441 390.355681
578.099650 227.776726
569.107444 394.067874
574.099673 225.634981
569.117905 387.846532
583.631818 228.437843
590.205410 388.458337
587.603729 391.488214
576.469905 399.049699
604.511039 222.687730
586.945594 404.053260
584.661641 221.021771
593.901422 396.301408
596.254207 219.849002
611.381427 393.280050
604.180254 217.407928
591.227668 386.027535
611.014862 213.201037
615.209103 384.956094
610.899500 214.351798
619.654047 381.157203
617.034500 219.810163
603.823825 392.551751
614.715424 223.663744
614.931720 390.361057
610.353555 222.617834
628.267440 395.291081
617.620836 228.962433
620.888152 399.920592
624.364566 226.871323
625.112775 394.684466
629.391417 398.077135
632.457152 222.718316
632.404002 389.552853
628.477498 228.716386
638.225955 388.342284
642.343534 226.574058
636.854613 388.684766
647.894831 224.361705
639.712197 387.559121
647.512496 223.374484
643.484360 390.734078
656.216415 226.637363
652.329101 388.735025
654.295112 228.390783
656.395861 396.770994
652.750419 221.331508
660.587202 393.456380
658.521403 225.312471
666.450838 397.987718
659.519359 226.314351
667.336836 401.991205
667.727341 220.414578
673.653548 215.086813
673.337301 217.134497
663.854411 395.613547
675.236881 206.236160
667.739793 398.569006
674.821742 203.275122
667.591353 403.642015
688.810226 198.807926
692.980557 398.957810
685.826374 192.375355
687.409306 397.414589
691.301318 188.179354
696.615878 177.223615
683.134139 186.056965
696.080916 399.705153
693.666936 180.979368
692.240322 398.903642
708.139992 174.604646
691.997550 401.307154
706.716680 400.539955
699.692304 405.961913
703.438482 413.336814
705.553020 170.296227
707.716389 412.052245
709.432471 135.308485
708.384751 134.941920
703.946374 138.639125
714.544308 142.903179
709.889851 144.719797
702.890655 150.787083
704.010215 152.331740
707.576414 168.218610
714.925873 427.265120
710.818654 432.261806
704.291493 160.233036
702.866469 420.623678
712.477192 436.405725
709.208115 135.041221
707.239681 162.439624
716.067707 422.964137
699.607199 440.342046
717.961081 131.371235
718.644571 443.625009
717.268291 120.511516
721.260387 442.612429
712.443600 454.378440
706.473027 450.984793
713.169847 456.018501
719.182369 458.121000
727.975399 123.676260
728.583735 462.329527
717.213836 118.660719
730.070953 460.339475
726.360684 106.011087
738.141425 108.198845
728.573245 111.724096
727.044004 466.116278
728.914976 469.846557
722.329730 477.478013
726.021673 483.041868
735.648461 481.007659
722.101371 489.357880
732.662911 102.867056
733.279756 487.646584
741.564580 496.092035
739.567714 105.713395
733.868814 499.457968
736.941714 106.142314
733.018612 500.119573
742.263630 104.350726
738.434247 503.660648
747.953513 103.668075
739.135344 506.556606
750.780908 102.342971
744.332322 506.033707
748.449702 95.502557
750.887554 507.147996
758.931125 95.876830
760.791233 507.094732
767.452140 91.455752
759.394841 506.598638
759.221941 98.375372
764.897251 504.522873
772.816106 94.048899
760.029451 507.313338
770.632866 93.579658
776.814543 504.948298
766.112597 88.236643
777.701118 508.245797
773.147270 83.953415
786.525739 507.782174
784.822183 86.695707
784.012307 511.911567
794.840343 89.122157
787.918367 514.036893
788.905608 88.396074
798.253887 515.011438
793.436922 86.060910
800.767607 511.031859
792.496373 83.034983
792.980627 515.377487
803.107772 78.912345
809.947878 513.143549
803.339858 71.995181
809.155612 513.514456
803.399352 77.282107
818.347756 512.196383
813.325923 76.063557
822.252586 511.138393
824.466226 80.393396
822.919227 513.634115
827.635285 74.870833
819.450532 514.086706
827.673079 517.979409
820.511950 521.647001
832.351400 75.397472
818.168181 524.405775
838.497393 76.351714
844.128956 526.220391
832.218695 75.597167
845.332789 522.982948
852.544633 77.417570
850.701402 524.449867
847.315962 76.267640
857.905706 520.052637
840.374863 71.296058
851.885077 520.740873
850.258905 73.262740
848.861289 522.170364
855.367094 72.408276
852.923506 525.082497
866.795404 74.847040
866.657526 522.833649
863.670431 77.039640
858.315859 524.628945
872.430443 77.392184
871.893915 523.155840
870.720755 72.336034
875.913678 522.884867
874.799779 77.644356
888.308983 524.950812
882.866555 77.639034
883.725178 518.241989
886.130367 77.951707
887.207929 526.360907
884.287882 74.615301
890.154984 523.271326
893.393677 79.792729
889.436969 524.583473
898.588321 77.337928
898.460719 525.638610
900.903246 75.759665
909.635557 525.761203
907.241471 79.070820
900.274782 524.466550
903.617355 77.598387
916.800684 521.572376
906.360913 73.506919
925.848777 522.225700
922.227125 77.796213
922.752844 523.372519
915.643177 77.770167
915.403330 522.789351
925.577443 77.807320
923.666696 520.064190
922.954554 77.804397
927.194057 521.675154
926.423683 77.283827
927.285259 518.328851
932.797496 77.477509
935.247561 524.555043
940.222716 72.290449
938.791724 525.215818
943.853718 80.348053
941.782322 520.737572
941.037322 77.093484
950.985964 520.642902
962.772544 80.186582
949.728827 522.658642
958.919051 75.406104
949.542584 76.119567
949.460504 524.101743
961.734794 84.533588
962.970222 524.021105
965.757893 86.059873
970.076197 517.911361
969.916718 84.024919
977.220951 520.942406
968.037339 79.391697
975.185649 520.726841
972.626456 87.791163
990.413736 516.762447
970.085847 86.179797
972.542006 512.262106
983.794504 86.901214
978.202514 92.212831
994.165048 512.127631
986.867213 95.404836
988.537770 517.117539
997.353431 95.948293
991.564884 511.329689
990.492594 97.686631
1001.631709 515.999400
995.144425 96.693113
999.620801 510.868366
1011.115471 98.329284
1009.960948 507.511055
1006.057188 100.455810
1015.309175 96.237928
1013.798946 508.261539
1018.726329 105.304726
1020.012169 507.192786
1018.979789 108.637592
1021.232562 504.538637
1018.595779 112.787281
1024.294213 498.179062
1027.597026 112.550258
1029.145939 500.431635
1035.803333 111.519654
1017.517318 496.397004
1036.430485 114.061629
1021.352169 493.392026
1028.475534 115.066969
1036.725832 488.839004
1043.833388 118.405426
1047.753931 125.040358
1054.293633 486.342124
1046.265326 126.769368
1049.179400 487.828436
1047.995393 129.294960
1046.003372 479.483266
1048.807780 135.392823
1056.758508 478.209314
1048.821438 128.033340
1057.950949 471.703332
1065.026744 133.389478
1056.016760 470.288334
1066.238589 135.031566
1068.661726 467.324417
1064.801807 136.579860
1071.655862 462.722066
1074.225669 140.424483
1074.424244 462.721313
1065.326097 137.849118
1071.787553 455.084556
1082.452338 148.555416
1081.173483 444.102185
1087.805969 446.740913
1085.331343 449.664174
1074.464398 149.234141
1082.106825 438.084073
1081.791477 149.878596
1091.247160 436.296998
1088.241429 158.418284
1085.176207 435.349716
1083.905954 162.024617
1084.123642 429.977349
1092.111031 416.208077
1097.629257 421.185970
1104.673649 161.154768
1102.779708 165.614180
1089.090840 412.175407
1100.689017 169.117257
1104.664352 412.434940
1101.819951 173.037474
1111.274561 409.001234
1116.306759 177.528896
1115.109015 406.974539
1116.980112 178.185023
1112.504746 386.266892
1116.582001 393.729747
1113.623955 399.562311
1116.338442 181.708989
1117.310459 189.408578
1119.509984 390.071586
1116.261627 198.062248
1119.181298 375.814478
1128.822989 380.971234
1109.718414 190.880323
1129.002964 194.465891
1128.725184 199.702920
1127.017136 369.519081
1125.639115 205.363193
1134.764158 367.898210
1128.701573 208.850595
1131.044402 211.149315
1116.789629 209.749943
1130.469749 218.560110
1128.772746 222.982770
1121.877103 224.135268
1127.578234 232.634064
1130.150727 361.473128
1134.840699 362.985792
1128.045429 361.885448
1134.962605 232.555367
1125.313361 352.716799
1133.997007 236.843676
1134.287708 239.675497
1135.111926 353.882546
1130.919179 244.992791
1140.632208 247.195483
1135.966757 249.962951
1128.744140 340.171704
1141.544369 343.417216
1144.718983 254.728890
1134.611052 338.616376
1130.781868 256.771703
1132.774094 332.251734
1153.867951 258.936063
1145.538639 264.919637
1160.149983 267.366219
1149.537595 272.894944
1140.772066 275.561422
1143.992793 281.680039
1144.768336 279.567144
1140.198399 288.305130
1148.981790 293.409584
1137.750241 297.652134
1139.191205 300.739870
1148.309545 306.541734
1143.859297 303.793030
1137.059534 311.974902
1150.109769 321.108467
1140.173378 321.709998
1143.913982 327.573903
1143.098900 329.208072
