20.630005 71.372887
24.538263 74.674724
19.216299 78.080459
19.251197 83.189400
17.007628 86.801624
20.640463 90.424188
23.834937 66.323419
25.462457 94.365312
29.810679 64.592413
37.541771 94.223447
36.006563 97.270404
32.529979 105.694538
32.037119 64.254449
33.340631 110.879557
32.147732 100.333343
32.654872 104.687593
34.655254 61.803778
30.457140 113.230157
29.901992 56.840394
40.919245 115.279605
40.689546 54.679224
46.122832 118.392366
50.367318 55.564910
40.383885 119.878268
53.842064 120.253396
50.618395 125.518557
56.370125 57.089881
51.509359 127.885651
53.042464 56.431629
52.420697 128.523752
61.321263 55.294555
57.988796 126.413480
65.043012 54.690733
58.900423 60.809210
65.473215 127.909632
65.181454 131.492044
70.972670 59.862736
72.365489 132.195250
76.377296 60.330827
77.992556 132.541635
72.631846 60.670574
86.161444 132.304913
88.967684 62.450442
91.441566 133.280640
90.170874 61.542833
96.227350 65.403926
91.417421 133.012807
94.557122 65.583506
94.993471 132.704355
99.995698 66.657054
97.486443 131.466656
96.730015 66.581535
99.307056 133.490370
108.280060 65.380775
107.822081 133.419553
115.876535 65.490656
110.545219 133.093340
114.158466 66.107725
115.700164 132.777009
123.446843 66.091879
123.223248 134.075207
117.706155 137.148702
130.140301 65.054235
125.341331 137.752465
131.386601 65.750796
138.282445 137.460727
126.900670 64.951043
137.709727 139.131508
135.828928 66.442024
137.026389 70.477080
139.989601 137.075282
148.917528 74.654627
136.469163 136.653163
144.374737 75.607994
138.287347 138.023703
138.365138 71.236953
138.263245 139.803079
151.053418 145.286350
150.128965 71.315068
152.510189 140.611907
159.530199 71.159745
159.087483 143.746720
166.625268 71.138958
155.458179 142.187828
169.486106 71.708560
167.241415 142.478677
169.716866 69.953021
171.941509 75.056282
181.877578 143.619235
171.992986 78.522198
175.508656 83.623750
178.155528 142.264635
174.820964 84.849772
177.032307 142.805256
183.940486 87.142018
189.282991 143.467437
192.775074 86.540594
186.250749 141.511114
193.906818 85.380360
187.213380 143.134087
193.642095 86.323272
193.030169 144.184511
206.249864 85.267538
200.568916 143.888921
201.679011 87.103982
209.746559 144.206270
203.989781 86.327603
213.383035 143.252293
202.351042 84.868098
209.047335 142.682905
208.511933 86.710021
219.592018 142.645455
211.037603 86.266305
221.400928 144.294643
219.075800 85.439792
224.624434 143.472180
226.911633 85.869335
223.747638 142.112729
227.762839 85.300199
231.781786 143.070829
220.582915 85.426679
237.300998 143.601825
241.328277 86.650811
243.431907 143.361424
236.151438 86.900146
242.577028 142.933326
253.083430 85.847925
246.047798 144.181355
252.311085 85.742881
252.045506 141.559795
261.718483 85.755282
251.984269 143.064327
256.544549 87.603895
254.553544 141.112202
270.250718 86.292616
261.849410 142.537890
265.161299 87.233160
265.336723 142.667741
265.031294 85.289026
271.475929 144.217922
284.269902 86.328924
278.642221 144.007708
283.512015 85.514509
278.150666 143.930456
282.211316 86.449766
281.051346 142.916056
274.147271 85.606107
291.097545 142.743400
290.007631 86.406964
292.745481 142.966521
290.046124 84.889732
293.782866 142.022546
294.035773 86.900112
298.305693 143.324775
305.160716 86.030315
296.076813 143.232723
315.803239 85.366247
309.486694 142.453427
314.605365 85.990711
305.968200 142.460646
318.242422 86.050045
321.288375 142.324059
319.255153 86.749515
314.477664 144.096323
324.365635 147.621521
322.368102 153.251691
324.916542 87.511123
322.810645 154.257302
324.489374 86.516315
322.697387 152.593613
327.837529 86.579872
336.302501 154.307899
332.662815 85.499118
326.753250 154.109336
344.286241 85.981273
336.670151 151.496065
344.986482 85.634602
346.288795 153.792171
343.826326 86.254348
359.300371 153.832832
346.990669 85.634360
352.730027 152.637619
342.775613 85.435729
365.169541 152.862781
364.143263 85.872172
363.073490 154.843460
358.437683 87.256507
359.398637 151.979892
364.945719 87.390326
362.780652 153.281951
369.004841 85.038944
377.444280 152.256918
374.708305 84.446525
380.110702 153.404916
373.913712 86.040048
379.343693 152.603623
382.636478 86.658969
388.447318 152.444805
379.778996 85.383807
394.086503 151.986235
400.852416 85.345065
397.346570 145.688293
392.974586 152.155497
388.897167 85.370701
396.422357 141.580662
398.159767 84.347550
405.450160 71.061299
405.219157 73.320500
390.570449 78.765142
403.047756 142.516918
407.177145 71.847190
405.218851 142.835692
396.515414 70.633620
411.448224 142.542945
412.539790 71.065437
411.354941 142.978436
412.685428 70.711301
413.525379 144.822464
419.313247 72.089739
420.198941 142.554558
430.337330 69.947944
420.844381 143.313156
424.486137 69.912292
422.753182 142.444273
433.250354 71.631748
434.326206 142.975035
426.803207 70.330237
443.034647 142.968029
448.324488 69.666195
442.889788 142.015553
445.610213 67.162834
455.489650 141.387369
450.116744 66.147179
453.708541 143.064548
455.877005 66.267835
453.294684 143.561812
451.129750 64.813680
466.254505 142.055452
453.812293 66.062013
450.577363 142.569765
463.636774 66.000874
470.016632 143.148211
474.526242 65.669762
477.239939 143.769808
469.871909 147.011281
467.655826 150.942040
472.415718 66.025280
473.434578 153.365776
478.324018 60.629433
489.110934 153.757343
483.502064 61.097247
483.350236 157.436301
488.415025 58.319727
494.629996 159.365633
484.801776 165.680045
483.721290 56.781542
491.729185 166.002707
500.946316 55.943990
488.083728 168.696855
500.804515 56.440008
497.790221 169.513116
503.838954 51.699885
498.170413 46.759069
511.177202 168.424551
504.169481 44.547867
518.061900 167.167766
509.521742 45.104567
502.543547 168.931721
510.689054 41.350229
513.324874 167.781764
524.998005 41.241558
522.697208 167.910109
526.818910 40.485274
516.354659 173.156023
515.357811 176.965917
524.320196 42.016561
523.460530 177.984519
533.876485 40.444992
530.000890 178.380054
535.408678 36.021191
534.580433 179.538846
544.328777 34.563673
534.010858 177.096674
538.755863 182.017398
542.045465 31.482231
545.983254 183.334280
546.616173 28.057752
548.038991 19.336332
539.966639 183.932071
553.327584 20.356380
544.353203 180.809788
560.102995 21.735312
555.068990 183.028659
555.493837 21.395516
558.874594 182.286371
558.967319 21.342118
565.145678 25.550515
565.631432 28.280168
566.602084 183.742399
565.392941 31.466495
569.745129 182.756514
564.441317 34.909867
573.196661 183.017869
573.742460 35.853005
573.623604 183.107861
577.373861 35.885347
575.713579 182.803525
576.546810 35.954228
591.213186 182.044144
587.484974 41.253900
589.399734 177.423658
588.993192 41.359318
590.746567 177.058681
593.283146 41.258188
595.812682 167.091025
596.813862 171.421984
595.503658 40.492172
598.638477 163.537066
603.430456 44.822550
595.666650 160.112108
595.503656 45.824389
607.553562 158.002964
609.422490 46.460602
606.748458 157.985470
615.025641 46.468741
602.655784 158.160765
612.809555 45.051060
606.017094 157.989093
616.879347 44.999959
618.959899 157.418804
624.163646 47.267351
629.254779 158.488708
631.529662 163.997046
627.096539 46.678521
630.179700 159.633581
624.783716 47.206555
634.369269 51.158251
636.005320 52.788229
643.674972 147.082699
623.531082 151.957963
633.166559 155.069637
634.027743 57.587741
634.013708 143.270284
639.706998 60.078874
648.991976 139.951658
645.912991 61.310353
645.188289 137.911526
640.904990 61.742278
649.959632 138.296578
645.888504 60.577436
655.249447 138.223617
644.892679 60.958764
658.536761 138.907956
652.991666 62.514848
663.596835 139.740284
669.997085 61.169030
666.212726 136.811973
664.038838 62.314398
667.670446 137.322833
670.969865 60.091639
672.642001 136.524659
683.037295 60.363944
671.970152 138.095335
677.674856 61.865136
681.600871 139.505944
683.077959 61.233863
679.070104 138.027316
697.405916 61.557536
690.970198 137.939995
687.022302 60.799373
695.823742 139.379811
687.654666 61.473617
702.833240 137.185720
693.419501 59.343701
707.978560 134.566721
702.731913 61.979720
705.050828 132.363175
705.814694 61.597405
710.311998 132.933839
705.896111 60.734477
716.981864 134.379785
705.582790 61.043347
710.603551 133.656836
723.151621 61.032641
722.069151 132.881596
721.285160 60.285426
729.146255 132.159012
732.831820 61.278768
724.883956 133.017570
728.261114 60.896342
741.602764 132.483648
736.648026 59.200712
747.128439 132.045987
738.882049 60.321468
734.702047 133.198588
740.038579 62.282301
747.536892 134.100498
743.502761 60.161219
744.314911 133.322700
750.065411 61.764046
750.861202 133.748624
756.415775 60.514732
753.215280 134.119844
750.025276 59.444848
766.192397 132.190999
762.397512 54.888975
767.918639 133.367686
767.454401 56.217972
771.627590 130.147744
767.289041 55.144124
763.865087 132.902236
771.397740 56.426062
770.230231 133.321396
772.185773 54.808110
784.177773 134.716053
786.096070 55.399693
784.415094 131.921712
781.298743 55.106943
780.955260 132.451804
798.740579 55.301459
789.569446 133.216610
789.743497 57.774567
798.706881 131.918030
799.890584 55.859349
801.033726 133.466099
798.812304 56.950012
806.094219 133.005627
796.130516 56.441235
807.418036 133.853131
803.270821 54.236765
811.615031 133.763187
809.002199 55.069353
814.969185 133.098213
818.060299 55.729911
817.783848 132.155750
821.688216 55.390241
823.690212 132.320339
826.876894 56.119615
837.025680 132.363522
828.948434 55.073210
831.276296 132.242875
828.331386 55.108982
835.297455 129.464280
846.039419 47.420337
836.028484 49.821376
838.710065 127.497890
839.220773 45.709334
840.946934 128.769357
852.971974 46.362191
842.412791 128.604697
849.308894 46.197844
852.801882 127.459365
855.841302 44.521438
856.113098 127.236420
857.020020 45.838805
863.918878 127.875828
860.647363 47.049540
859.897052 128.284503
868.111477 46.017311
864.613516 131.164324
865.329938 45.130939
869.922159 128.784215
869.793570 45.461099
872.396826 129.104197
878.112874 44.894249
877.422686 128.291755
875.578733 45.606213
885.081782 127.958240
882.723333 46.503013
885.427133 126.933577
888.223781 45.500529
896.504678 129.166071
891.261992 45.600589
900.133602 127.343157
903.152648 47.708745
901.620232 126.992345
901.002127 47.050517
900.701696 127.228627
901.296028 47.007922
906.035032 127.461205
905.217599 46.130714
918.155627 127.323442
907.490073 44.212452
911.333778 126.742175
925.915987 40.713664
927.047794 129.191000
925.567424 41.909155
922.586333 129.866340
927.332452 40.772606
931.208017 128.099517
929.766429 42.424237
929.741770 130.062771
932.655831 41.586343
933.393309 126.904508
927.320593 39.388669
943.489656 128.237825
935.843263 40.957425
946.998022 128.834571
938.958524 39.866118
941.623141 127.845485
945.176996 40.915942
947.043594 44.642935
951.212140 126.278552
956.205700 45.935937
967.948497 128.214241
953.421084 46.137337
965.973464 127.459810
971.759723 45.432589
966.407926 120.301722
955.271182 126.807699
962.630639 46.836999
963.909429 117.143360
963.263510 60.969230
970.992038 64.297427
972.007547 49.101608
974.263369 115.488850
953.876622 55.545994
973.065293 58.907829
976.096314 65.955552
969.259569 110.613835
980.127130 64.820750
969.901755 108.288996
979.950596 71.397985
981.049202 107.305707
985.210390 98.871316
982.091809 101.256595
984.547226 71.872107
977.748817 93.274211
987.230594 75.714149
987.987442 81.281041
975.447381 84.583767
977.701891 90.515614
