41.452364 725.691917
11.932204 700.155334
8.005664 675.330483
34.784382 704.198113
-0.454321 722.910213
17.642466 732.712564
22.361808 742.776604
21.931991 667.499630
32.990630 711.914736
54.493214 730.873467
51.673756 664.243956
47.170596 766.953385
46.172250 678.898998
44.270750 724.142896
57.919623 694.631642
16.773607 726.488636
40.198932 711.483259
47.411273 759.798172
27.661041 779.581359
27.606293 664.736410
58.690559 751.194148
30.536664 683.789244
46.911452 750.924023
46.694086 702.548396
40.399116 775.971443
32.322996 651.319121
54.230071 765.665853
86.003100 665.691033
82.179432 776.727317
52.255821 701.835522
65.232436 823.184188
55.578407 692.242317
92.989869 730.853018
66.611376 645.116326
57.846301 734.180960
53.682564 738.884086
78.795979 714.264395
73.543425 768.933230
59.597210 673.744515
80.794150 741.700481
88.313046 670.869248
87.592858 651.364388
63.229923 653.797429
61.257961 772.320152
101.703289 614.981434
60.266589 720.870401
93.523769 701.840596
94.742279 767.449612
64.953920 820.328870
106.067629 637.508440
90.190985 800.458964
134.113682 650.340877
88.936788 743.651490
95.582286 642.247308
95.034086 773.652612
78.350590 639.567966
108.651617 801.754889
86.779541 798.774782
96.677675 646.218530
94.483237 821.618292
115.684995 653.125495
115.949062 795.932423
118.650791 616.992228
121.165182 811.374715
113.315673 663.804317
136.112752 809.355612
114.858277 627.910323
124.367734 812.769470
131.171401 810.971809
173.112125 595.206320
126.487084 798.618573
139.888309 600.173468
127.601900 806.945043
140.455844 643.792504
126.257394 825.536381
161.785884 564.456530
155.272533 800.261352
146.478713 650.635496
123.850008 794.442038
153.274161 855.715648
138.946041 593.284176
119.913385 816.176936
124.383001 547.866885
151.891785 814.817783
156.813728 656.325605
158.153348 782.604226
169.911581 580.730058
180.690883 865.924908
154.704158 612.474883
140.026586 847.100574
176.530750 648.085193
143.105273 862.247380
175.616315 633.865485
178.790749 846.229457
141.205708 615.237662
194.988749 836.783385
197.007465 653.156354
167.856472 853.363095
174.649788 624.663262
166.214021 840.030002
212.112596 640.189128
181.471877 839.684219
208.648627 616.863740
202.540949 807.469625
195.157814 608.144986
212.473982 841.827476
193.200107 584.660431
208.335325 819.736815
180.093417 625.194589
195.384806 817.653842
206.674794 613.145122
231.787562 834.047175
203.447418 638.978001
207.251552 818.560564
229.992353 366.602001
220.853884 340.063396
213.714507 342.675295
214.376645 406.635653
230.158608 403.403120
207.564258 386.048260
207.983821 403.448539
215.526796 413.476222
196.272513 382.627549
214.777387 601.560880
227.048856 1037.683802
231.312681 1064.503645
178.500557 1075.380003
220.331062 1059.520542
235.810830 814.150398
224.097740 350.903959
219.814881 362.892171
199.591363 620.756373
216.550445 1048.222713
238.313737 1091.295971
189.893520 792.695133
230.708709 1098.778693
234.693938 314.133967
232.377701 432.838980
231.169469 589.092662
229.866698 1063.106292
210.948420 377.315320
211.056783 818.140912
228.569487 1028.097111
233.075127 1077.687217
237.765555 1045.748712
223.819976 1112.420412
221.348124 1061.021754
250.876115 644.916332
214.760181 398.786425
257.149078 353.385136
245.439731 590.463635
224.020503 823.436972
225.945174 1045.207971
233.283718 1096.509323
239.659351 444.803015
240.014955 1103.234113
260.641515 364.875335
226.219504 638.337038
262.442657 787.708136
197.302478 1078.450558
237.323252 408.584410
228.700571 431.483227
208.441599 1059.569703
221.065369 1111.116165
238.359722 348.975807
281.763988 566.039398
246.070686 827.735590
233.800471 414.393153
246.204447 1059.957572
227.773683 1167.398120
257.363727 835.312960
218.498483 347.348438
266.420573 577.976257
245.006833 453.062339
230.299914 1063.272644
250.563301 1100.072412
239.989008 612.772700
234.247512 758.343940
256.530488 346.575508
245.741872 419.631021
267.210242 385.199839
221.352751 1033.069429
255.268473 1041.126298
289.048110 1030.684669
225.566178 1064.061182
246.177704 1129.643020
259.551973 671.322727
256.057906 833.143784
275.703961 347.631073
255.926403 422.970169
243.674090 1084.811303
231.336279 612.888108
250.396094 1094.546694
224.195522 843.757614
258.231130 343.015755
276.120219 386.293705
248.267557 1025.288368
254.528918 649.828925
278.753773 360.192120
228.349639 388.285101
267.101280 448.155406
254.070645 459.126019
283.220893 413.554425
262.104144 1023.554562
262.647235 983.539557
250.378836 1004.456361
258.118251 1035.312441
247.321383 1131.365879
250.690279 764.705311
262.794346 649.372346
274.382354 302.959125
231.124130 415.838609
246.192984 762.244271
255.399507 1005.595749
228.738015 1141.207803
281.520208 602.897131
255.398376 313.902633
254.962336 447.455149
305.265578 815.741018
265.059816 991.708566
248.203339 1145.119507
270.018883 652.299841
277.158793 96.285688
273.622920 117.077193
245.112046 81.359451
259.364620 139.322257
243.984990 34.499532
297.696742 454.655131
272.015483 373.977324
273.711209 1006.888867
270.223942 1437.168378
287.548827 1368.202028
255.679436 1408.457374
262.818454 1385.366355
250.223656 1437.996697
268.339453 319.856290
289.689723 810.021846
281.756457 1123.639596
264.770731 650.116157
302.169717 54.900549
295.239932 84.823046
243.991248 427.619871
255.472347 998.765454
266.035916 1381.376382
271.798051 1384.975884
268.518652 353.623393
281.531336 644.741955
279.494940 769.690850
280.378577 1096.999680
269.831412 39.941318
292.916395 67.853045
284.211254 427.666134
268.732266 1028.613045
254.065947 1413.965167
270.020606 1412.350580
265.491017 669.420048
244.000420 791.670507
247.556432 78.207225
283.757918 101.694896
249.616624 105.328731
274.144449 101.307284
296.771200 122.893503
297.456807 106.627622
260.027854 127.835387
257.088949 336.701653
302.151409 458.802341
268.493282 433.506062
272.829575 1106.084389
305.240105 1237.322060
305.009070 1232.693742
278.956893 1291.015642
292.172758 1294.007722
309.491690 1280.032371
260.688693 1309.578770
253.829729 1284.523572
288.602499 1293.518943
280.288990 1333.736206
253.622046 1312.304206
260.869126 1237.864483
273.800680 1329.002933
279.599949 1309.952182
288.505076 1327.276269
263.297911 1297.736648
277.624422 1329.336592
267.397613 1245.946978
280.019200 1387.892342
279.653867 1285.638798
310.651777 1319.724201
293.489245 1343.176797
264.176661 1368.092011
281.122432 1399.644204
250.041045 1294.062931
303.298574 1350.244037
266.326163 1409.387884
294.619849 1361.778875
281.027192 1359.569742
275.549727 1361.259759
267.451749 1395.075615
293.481963 1411.862377
279.882757 38.439187
254.320178 1003.077254
260.735355 645.363613
302.528766 776.393396
277.365876 108.762911
305.923379 330.630557
285.595713 464.441737
279.225398 1115.778288
279.186657 1275.052161
277.366878 1423.066952
280.742043 -13.532712
291.619707 686.111332
258.384099 1030.009775
294.946635 777.055138
280.236936 108.137484
297.335647 327.922315
257.546968 432.675091
286.861706 1099.601196
273.973706 1261.461468
312.497963 1441.044564
274.042740 37.166889
283.316041 676.344030
280.088481 171.527776
270.974329 190.300239
304.712809 124.977792
246.289067 111.795964
299.291749 164.149479
318.973384 135.165706
295.618448 94.737502
307.060546 100.495313
294.652531 80.969779
302.724273 129.849963
311.480454 114.843630
296.917222 184.889403
289.211165 140.236509
293.418967 200.106638
285.419960 130.376862
285.286367 170.722696
267.408136 328.782895
272.899363 1011.361892
303.512975 1005.794931
272.165738 1256.027323
296.557548 1248.448337
318.862910 1251.751404
259.441122 1409.099993
300.359276 1443.553291
266.942364 796.660336
254.676556 450.627667
301.804599 1115.372992
262.087108 74.872160
309.627037 656.363881
268.754897 159.178016
302.623039 343.219432
276.186556 745.467987
285.680266 1024.593932
302.123995 1235.391691
290.367537 1409.170330
293.584992 141.541574
283.768629 421.287246
290.587149 695.477611
305.825307 1088.179224
287.856426 40.844641
293.096399 342.895315
270.554848 778.860075
273.862025 1011.874927
291.527593 1273.915522
267.690292 1428.338350
302.420459 687.766520
256.287971 1102.736523
282.107768 205.913314
288.018304 145.351319
304.624701 231.178498
278.383556 471.581680
294.333191 1142.946476
306.286692 57.765605
318.147250 209.472582
293.570249 313.988629
291.224842 696.525689
302.079806 757.079815
290.501623 969.640181
272.090052 1265.936313
284.711119 1413.065779
284.030677 686.231280
314.136525 388.412942
311.616336 1111.801689
316.307529 14.460017
298.264497 206.710687
299.078684 1195.791943
311.473365 378.218453
289.166012 787.136531
258.162677 984.938866
322.118836 1438.037821
337.996468 622.562663
320.974008 446.935495
310.995018 1118.726737
308.574825 16.210171
301.935443 205.740828
289.980472 1207.777372
306.833650 355.688055
305.294454 738.279134
317.869610 1007.025129
330.239951 1432.753882
326.745273 208.213424
314.066257 733.131668
309.238297 465.616630
322.011471 1117.858707
283.507613 73.022357
325.617566 1211.200581
323.356430 319.672634
287.172776 754.750963
306.064700 957.167300
322.488025 1412.605047
331.923480 158.740333
291.931482 678.923874
298.267879 445.269632
304.459739 1156.088319
301.202295 1245.868065
302.167956 38.087635
346.060964 376.747713
326.681327 729.357200
282.903677 1025.957427
316.377233 1472.807455
287.825518 276.596337
307.837390 704.633113
317.075692 450.913362
332.155744 687.197764
330.754248 1107.991314
331.598550 1247.338028
300.411369 51.122818
317.751382 226.926800
303.327702 344.797193
325.172953 790.411433
293.718298 962.799656
319.091713 1424.849639
323.874006 72.097080
311.257756 417.964157
351.675428 674.443919
338.774069 1169.138653
318.049739 1170.144585
323.857350 191.905349
313.002342 806.239993
333.947344 314.248307
318.343406 1014.831481
324.657778 1397.621605
305.480467 81.409880
320.165891 460.549443
329.177867 697.418542
348.687140 1089.259422
348.394337 1181.859801
326.114074 226.884402
338.391286 746.060543
318.852491 333.554056
320.852704 928.996069
332.721772 1398.924367
308.675320 78.701358
327.360541 209.829762
345.550782 468.771606
356.559639 699.112911
315.612059 1115.262106
317.606689 1140.994953
328.578673 1205.562126
317.066912 776.675747
299.216585 319.964295
321.841443 948.446964
339.260994 1416.914592
339.131936 39.984478
317.334039 261.885021
369.314374 482.936387
355.796644 661.426562
330.910129 1126.482427
325.809537 1213.858448
347.437770 791.798822
339.974773 297.675398
295.734380 973.095902
349.603084 1423.604001
342.344446 60.691008
315.543905 225.562519
341.106430 445.633061
309.652893 616.692844
327.865971 1112.116479
342.494411 1275.744414
338.649534 728.648340
340.886423 344.625517
338.373356 988.148483
328.622879 978.219494
317.443366 1367.607044
366.435523 96.518651
331.023996 297.293218
338.727383 979.435549
336.410544 492.625990
319.535448 727.953740
352.785720 1108.665306
322.425131 1280.878864
335.683226 785.491218
375.346169 336.497181
335.147564 1391.149082
364.542144 32.248185
355.178105 229.710886
348.967860 975.233854
337.423532 506.516769
325.126954 724.673901
301.656587 1117.779836
337.951486 1243.052787
374.315497 738.618118
360.067581 327.977936
377.199389 1354.679416
333.361137 33.180406
330.400639 233.446178
364.095991 965.849222
319.062582 318.369006
362.928250 448.309005
333.208107 666.792125
354.056600 1131.199757
383.260033 1104.889108
357.611676 1230.578943
357.136116 339.906401
342.671477 757.161785
358.081177 277.452412
322.282877 1440.402838
336.686234 54.566818
342.915176 844.965942
359.605212 1017.313599
364.102557 442.955351
334.067595 652.348583
344.938551 1116.791062
356.349074 1176.996321
356.875843 316.516534
367.280877 253.284753
318.698800 1401.455176
385.577808 43.808019
340.897747 768.936449
356.510550 1029.643452
333.263691 248.704166
342.745587 411.301764
355.088744 615.632312
356.237454 1121.881125
358.549507 1273.796184
337.828103 345.366744
361.482604 327.311910
366.932032 1060.338458
361.068778 1414.822736
401.481308 10.661420
351.089797 333.795651
354.168593 777.048695
328.602898 1000.448024
331.284401 251.893046
392.463946 474.511247
375.230954 712.751822
363.929517 1221.188513
355.994501 1404.263715
350.379482 1099.955998
359.429166 79.398744
368.840474 364.113205
351.382371 814.270669
364.037825 1007.978533
355.526280 240.603677
395.688209 506.782128
372.235293 680.857944
352.138671 1216.760180
351.471591 1427.702133
349.576305 1092.533943
384.710648 92.360288
350.828157 372.448987
371.828628 766.216434
356.641571 1034.125371
383.866734 262.788425
354.227589 407.601681
378.570226 359.620755
365.194591 412.345843
362.337091 366.603972
399.947820 522.221378
372.963679 625.359390
345.495328 1076.342489
355.518965 1078.750071
395.379351 1118.719349
368.575842 1216.958910
369.015786 1407.701618
361.915532 800.515250
361.888214 42.152172
384.631751 980.947387
368.634152 255.321911
378.914609 380.164008
357.444034 481.200259
378.189305 680.829338
389.517459 1108.740169
374.826393 1262.054251
355.683927 1457.456426
360.305412 794.752114
336.101015 28.710605
388.520135 1035.610867
405.104015 293.147543
371.576703 395.759253
388.289575 441.240458
336.514387 599.801944
372.558983 770.300947
329.522962 1097.709170
375.367470 1205.616368
379.852978 1455.205563
375.102019 364.306081
406.425769 369.595416
353.311091 414.725548
376.110485 438.327828
376.797692 1047.641990
352.298738 1131.861841
375.145394 1031.455955
399.147400 1411.485357
388.787024 7.411933
372.278652 980.797837
368.680180 215.294486
368.813204 480.877208
403.730836 664.511338
387.044840 783.299628
351.670241 1247.923916
403.047815 395.614002
393.771395 1003.381866
358.138717 1037.448026
393.702832 1404.844958
378.099727 64.307157
386.681821 281.802191
379.676323 406.617693
361.376325 638.812794
399.213193 797.183552
377.102943 1230.669678
376.052126 390.675759
411.008330 1013.660951
383.532985 1020.050185
394.335095 1453.123911
381.970511 42.460232
388.323790 625.279945
385.157559 269.107331
346.008690 470.844385
366.816376 759.256286
375.395783 1255.592942
399.291924 1207.422877
421.412215 1203.216831
388.679253 367.917921
387.612145 956.100167
354.141757 1049.468460
371.507141 1411.698977
404.741433 32.089072
385.493219 418.660219
420.323077 639.358881
394.292461 799.042864
406.782582 230.992757
389.162342 1252.225293
378.252738 377.167760
400.200111 966.978482
378.953004 1034.317745
388.147943 1394.849606
406.156205 34.428302
395.418091 505.534011
403.483414 643.876552
394.725628 766.229522
408.596497 250.519641
396.883232 491.001626
393.619850 774.126711
399.181572 938.451341
390.266974 1246.480108
376.938173 217.776306
404.383838 351.621519
412.500474 1027.671736
394.287689 1429.159486
418.110780 58.973689
393.778372 646.880928
415.988179 447.844983
392.518992 776.969371
376.127034 957.657431
399.742413 1248.327880
396.405171 225.620130
390.726775 346.656979
401.016761 640.417943
404.164304 1064.662959
376.197166 1397.172845
420.374713 56.860503
418.019122 510.627983
392.254502 809.174844
404.876671 903.805152
404.607132 1209.133467
400.915142 248.253731
395.715369 413.895404
432.697626 682.515098
385.615996 1014.782545
397.108729 1437.663650
398.974971 19.979659
409.591961 465.652853
378.021835 799.443570
412.604150 353.601665
378.149786 1400.651096
400.384111 384.728832
427.327450 987.407222
451.365748 1225.259749
394.542057 289.260761
402.269938 648.104007
423.691063 1063.156986
417.651809 60.831074
402.856258 479.816060
398.844800 619.157826
414.342097 645.055362
411.257211 786.530563
393.379821 943.901543
363.979977 1410.848788
398.685093 400.932945
384.094920 1255.535173
397.120200 204.892713
442.638212 1038.505572
393.624506 68.250720
442.493339 480.358030
426.475768 610.954457
383.607742 780.263836
415.607579 892.205676
421.951566 1355.260581
424.700613 436.134071
406.743051 486.757473
404.301005 821.785276
405.816546 1188.662872
434.875247 1.572677
420.422671 253.954531
414.367228 1092.707239
424.521693 101.638707
436.849322 642.667416
434.791719 961.062380
423.696243 1421.824320
431.596974 373.925500
425.751939 405.954154
413.704847 498.466860
414.082280 470.469227
447.307950 524.197190
418.297250 593.303487
412.532445 617.814467
413.364772 578.583320
409.536971 840.397446
433.798673 1072.174520
432.619487 1056.726913
446.184242 1177.699177
415.873902 268.554252
424.726769 486.729715
421.817197 -9.136521
415.093603 899.626737
404.350892 1377.621916
402.007729 376.054221
437.076391 609.868668
433.415863 806.632991
436.383869 1030.835535
436.826622 1238.194229
421.540626 285.978313
448.357550 497.952543
413.924130 107.046199
427.894016 827.782983
426.813068 986.297716
427.257263 69.095084
414.927589 1406.812370
418.030243 1382.700130
392.095269 68.993861
415.605921 404.949286
434.703705 617.861802
443.366343 1108.291299
424.076670 1206.291758
429.478169 230.067478
433.869834 467.549437
437.672182 489.707193
415.671275 574.990028
423.336391 525.588616
412.575340 494.552889
420.193668 557.672588
435.302044 602.536728
399.058285 584.969933
437.369847 574.413124
427.593447 575.210538
427.766186 588.388995
410.686539 796.117612
453.583342 808.657450
477.172938 847.973504
443.732741 881.591779
418.337132 938.698479
432.964215 954.383526
446.542979 906.088414
437.132796 965.116151
440.671549 953.226951
406.734199 1194.986160
433.939898 512.269653
422.272105 899.714141
421.485288 1384.399384
447.418797 57.433556
438.405382 384.807833
422.837693 1070.994101
434.134454 306.166633
384.655149 479.697835
446.239949 909.927242
454.716843 1238.803943
422.697946 550.445838
442.068998 870.761132
433.058884 1401.313533
430.653821 134.263839
425.008586 377.932582
441.226422 1028.571187
429.361957 119.416288
441.007133 225.312333
428.926263 44.918882
443.921333 553.430300
459.130063 911.468191
445.145860 1221.081003
418.131032 505.287522
437.109202 862.000130
447.342847 1065.516065
428.700732 1427.678306
438.810249 245.037766
452.756691 231.694360
448.932435 390.635780
450.666594 413.156991
457.963289 519.975912
460.149179 532.750691
469.025197 513.745636
432.632823 809.523418
454.113615 856.230824
429.312977 877.175858
429.865580 902.446798
427.081437 879.544439
467.634291 856.264576
438.460709 850.288903
457.928912 904.838619
436.128900 907.376600
460.986274 864.795549
442.993424 912.833798
445.502307 901.335941
449.198711 887.356929
455.875863 1123.148529
422.937861 1178.790533
435.973607 36.568236
440.709957 1395.729378
464.378702 208.873689
468.809176 362.092044
420.042124 1095.867165
419.493011 1204.084644
471.925164 128.442369
442.252623 205.839203
451.189075 1403.102240
445.313129 391.859512
419.172552 1082.774076
461.667420 1244.368581
431.627679 87.859476
436.843212 257.160296
434.403693 374.235767
449.209898 371.797670
450.337535 385.064230
415.829116 1128.717941
432.217783 1136.856686
476.331281 1173.802175
469.198254 1212.276544
436.776379 1194.031213
424.065916 1163.717337
450.929873 1362.558840
484.472434 76.521469
463.671684 240.170450
461.591479 354.303673
477.322192 1061.446549
447.395720 1185.918856
479.139105 1326.722818
471.292264 250.614023
435.183075 1395.703806
486.830067 1370.591387
448.148226 1406.677420
452.423247 107.118879
434.712919 349.164376
446.513551 1138.935450
479.313616 1201.603855
434.143993 288.998556
458.567859 327.996765
429.769480 306.868927
478.496600 1080.297559
490.394023 1076.628559
467.106001 1119.604711
425.863801 1096.817880
475.201282 1166.775101
463.759631 1176.230235
474.271016 1171.330866
458.846524 1221.250895
453.338369 1139.629095
467.629728 1201.301511
482.402362 76.962237
457.545220 327.587108
442.344348 380.977743
455.805521 1074.227463
470.701049 1319.703339
487.281628 98.795016
441.201797 1114.108320
437.476038 1360.954510
469.310088 299.070131
448.912885 351.858394
483.834135 1128.118678
439.129655 1261.825619
488.666095 1318.385670
472.996009 1259.196049
460.761412 1273.519154
453.028249 1326.210721
485.303599 1260.653629
422.944591 1261.263099
481.694025 1305.274864
466.620818 1354.506210
457.873128 1275.118509
467.563023 1278.782024
450.576102 1350.923124
476.939197 1333.943706
486.263696 1328.306925
455.148418 1342.087316
476.645110 1385.914557
461.266495 1313.306925
442.642708 1381.086440
492.645069 1329.337472
477.082778 138.401472
483.209099 1162.672776
460.742740 304.356056
454.823731 365.368984
501.999898 1086.151063
496.045612 302.372457
495.221813 303.925375
447.708396 296.043891
473.408417 1145.654250
447.350799 1125.160587
462.105681 1123.166936
449.087237 1086.494953
459.917923 1113.104762
462.961039 1097.737834
497.935462 1172.061009
461.785013 1142.934126
456.953210 129.693225
472.748411 1208.072633
465.509844 126.257304
475.097355 155.341144
486.509840 98.293618
478.319125 125.182226
488.020447 131.749409
478.582234 89.481653
494.088089 128.476299
470.420023 114.452219
462.779733 155.364185
459.523572 144.488613
468.292755 152.361094
490.226297 148.087808
438.303624 145.763630
492.808612 203.207585
476.471194 179.478721
481.980804 189.194104
477.861991 167.204031
491.956885 1218.958487
468.851564 1255.280530
462.498587 184.391649
500.277808 375.240319
463.600349 71.652222
473.361263 160.188794
480.087009 315.144825
499.427508 39.534235
461.184009 290.890406
518.239816 286.046855
445.844575 325.430923
470.638330 356.191277
473.919527 330.522412
477.685726 298.645655
477.076371 354.524848
490.626078 318.163003
474.610806 318.803626
474.516382 128.027005
452.311565 1233.016717
481.726140 183.955878
487.135599 1248.965053
485.311972 209.235365
470.948900 194.260250
482.103819 180.654334
502.303777 141.991165
491.693417 1270.315040
504.781389 239.817628
476.707659 1228.244325
512.456079 205.836444
506.471027 1250.106787
502.566338 299.412977
494.197716 1285.113487
505.521903 189.357787
511.274876 1248.903968
502.980289 255.169488
495.715473 1254.508212
506.007564 257.253003
512.314232 233.353963
493.575171 1186.844316
516.412788 237.212144
508.434762 1224.423570
504.795209 1242.442749
483.042968 215.920863
518.871446 222.998153
513.245028 1175.439631
517.510945 264.807396
533.005954 1195.666367
518.075527 268.303266
530.025777 1223.733269
522.290513 233.279514
549.724728 1209.376832
488.308201 200.242099
522.894905 1232.322353
597.635794 1192.546659
529.603788 293.323975
510.843675 267.510223
533.472898 1199.546568
521.280924 257.600942
551.543818 1175.737784
540.852245 293.910660
575.885491 1175.299506
529.073458 290.174666
557.029285 1224.030388
552.906576 241.305794
528.291486 1214.287869
539.065350 1197.706291
555.525298 291.945573
580.846136 1185.443375
586.257708 299.090737
561.903612 1212.559666
593.201659 288.084879
566.042222 1198.179397
536.800169 249.791803
594.298917 1219.281996
569.051468 220.696978
561.561870 1182.830138
557.017788 299.436432
568.604503 1191.419390
575.356124 243.312387
561.979823 1244.271589
603.779769 286.459667
607.544017 1184.601819
564.720529 325.437896
580.221546 1172.383255
589.496794 294.612744
597.815212 288.567068
601.978502 1227.406802
572.611330 286.401422
625.934677 1213.367568
605.153904 293.543650
616.045482 1221.520231
583.250164 300.777901
599.481295 1204.833753
589.107587 279.614342
622.073650 1182.929875
625.990421 290.543767
573.907938 1208.957820
616.797905 328.731479
631.500998 289.627915
596.733061 266.519525
590.848855 360.214567
622.942166 1188.133628
604.471932 1162.899450
633.169310 320.881595
607.002357 1234.295283
629.461895 321.360700
615.636665 1208.673744
628.112172 1134.804851
610.231091 1154.443153
630.499851 1160.353869
634.568560 323.161305
614.645631 1124.450778
648.964143 286.299310
654.392651 310.370597
627.852856 1165.813270
632.839568 315.952390
631.640797 1171.412150
602.480566 1155.318618
615.472634 331.281037
633.456226 1124.267725
656.673261 1136.445384
632.179251 364.847386
655.546202 1132.666268
654.902374 343.681605
650.476530 286.686495
655.011522 1143.921789
638.560662 329.717777
642.270915 1140.287681
664.903696 309.373430
642.354157 1182.563428
676.374348 315.692312
680.151998 1166.810719
642.259554 296.674037
669.831734 1133.746920
673.442737 379.054791
653.862625 1105.814744
700.488193 285.861205
657.374066 1099.984942
671.679153 236.758516
652.960743 1094.493905
653.695403 267.832557
674.733844 1105.951648
665.433281 290.090225
648.785360 1173.940838
673.281298 249.751944
694.867638 323.067332
698.733688 1164.821314
686.468070 266.367242
701.737768 1138.119588
691.358958 238.821087
658.488382 1117.202899
689.913072 268.482248
705.047675 300.998146
701.359859 339.685525
708.869496 312.416001
704.742582 1183.056086
718.482387 1065.795330
700.581391 334.289570
699.566914 1151.018560
697.951592 334.769228
714.042951 1135.616015
684.770137 331.279674
687.806096 1095.630323
732.605037 339.293219
739.629139 335.967778
715.702219 1146.246888
700.098434 326.971476
696.009047 1121.729184
730.806391 355.108770
721.979055 1126.188590
743.724999 327.294051
716.996549 1103.551613
737.664479 300.403821
733.226187 1157.908486
757.475561 328.750302
734.911233 1141.282120
718.288003 308.108919
748.046188 293.220365
737.066787 334.245001
721.110393 360.484433
756.112842 1135.952586
733.807119 311.443828
768.176541 1149.366799
747.094857 311.797226
757.603022 1112.493320
766.955997 1137.279314
746.292216 324.354622
737.634407 1177.830181
742.918520 312.444136
751.836133 1146.020040
770.846249 310.272806
740.364013 1136.335401
781.153436 275.986043
797.963805 1143.884914
810.036525 280.819009
762.999041 1167.261804
785.032697 334.472827
787.402929 1097.060949
765.579787 224.175732
737.202536 1140.506970
789.605515 304.510820
795.887276 1119.335441
791.268550 284.363390
788.144410 1142.922718
826.243979 243.254580
772.118755 1155.839593
763.448030 317.290187
811.664611 1184.517078
779.759117 289.049604
800.213083 1110.850875
796.117117 307.867574
806.084871 303.292597
786.877895 1143.152688
783.443349 334.157300
794.229063 1131.845147
810.108031 318.084919
828.594451 1171.029942
817.305985 323.633398
805.711559 1163.642277
810.803600 345.156317
819.636739 283.747381
796.501529 347.346884
802.879494 1131.810025
853.084218 322.675372
818.667998 1105.677107
833.314450 319.834806
752.324712 375.855520
797.815008 342.160101
807.320240 358.187693
835.961869 375.506328
815.966821 1206.808229
843.412059 330.785191
853.123693 1169.836244
845.586276 1122.827807
850.582307 335.258093
837.344510 314.634913
845.314533 354.867249
843.634398 372.279682
828.373199 417.583844
801.945177 409.347549
841.794648 368.027923
814.620488 1103.311150
810.984152 1130.023073
812.915192 1177.146157
848.034532 357.261568
821.214741 1152.723904
822.101518 362.182407
877.410879 1083.931633
852.239383 346.876771
856.846467 379.676282
824.894320 339.546185
824.747932 307.387891
841.193203 395.576234
842.454313 422.952490
843.219125 1093.732288
864.282633 1120.903746
841.255240 1164.212618
826.249523 1129.302728
866.912465 1106.998063
843.633536 406.846901
841.163096 1099.521652
858.102879 394.063332
844.707357 1117.098132
871.343453 402.786444
861.913812 462.065851
840.077571 371.661170
876.711414 410.530642
840.119372 441.762588
851.942600 424.253958
837.657957 446.303962
836.144332 416.476251
847.114395 418.570461
826.696462 464.184197
833.686464 370.975712
852.613511 441.161514
858.570604 391.925984
855.820588 402.705552
864.161018 505.879633
865.090632 465.598427
837.514580 1065.328306
844.224877 1064.404881
847.672676 1094.562236
868.353477 1054.673366
862.707478 1034.354270
875.768282 1102.771871
875.486867 445.932250
853.342390 966.835368
850.114016 497.928350
862.717580 1050.889032
864.357880 503.767486
845.765731 507.604679
880.847480 492.901760
882.397755 464.488509
881.371355 445.309519
862.621445 496.021231
848.398688 498.754966
846.074252 464.891861
856.954737 497.084741
852.047622 500.743615
858.203456 494.789379
880.093051 520.578173
851.104807 474.451475
849.369887 532.324730
855.533080 570.840185
847.576414 598.238084
869.208910 551.798018
868.874234 545.455543
871.328853 556.941403
867.115313 545.393459
862.075200 500.237239
906.626793 538.031273
872.212836 581.267468
829.648015 541.653921
865.967612 577.696848
836.969001 573.071186
890.384532 606.159337
851.703329 580.082026
890.101819 598.601935
866.300483 988.158986
856.593462 1034.091314
850.891171 1026.464929
874.253916 1008.573492
872.436476 1018.917644
892.457729 1016.605371
831.926196 1062.548095
886.832291 1018.935489
830.918444 970.903179
843.896641 1029.150103
843.419061 1051.829625
880.352176 1017.770518
868.467351 1047.209567
829.529267 1061.826457
835.892537 1039.752283
870.856605 562.121492
876.339754 1026.885339
874.266993 559.389322
858.349725 632.775014
849.786286 973.549317
890.782600 570.685362
861.476392 567.124129
851.645565 608.737691
863.970505 604.889287
861.782666 571.112767
865.588813 631.625512
867.194365 637.898304
858.620690 684.377909
890.587216 643.793242
898.247582 611.452816
853.904445 652.042786
869.676216 635.979594
894.314074 704.196474
854.411753 643.055921
892.252520 698.253755
883.020888 675.750024
874.503176 659.766060
873.747618 675.713633
831.881592 641.682875
862.517280 687.988630
874.314508 696.176096
862.202329 673.416661
859.041956 692.522868
922.618413 714.286692
879.099832 714.437688
884.031956 658.252097
898.115042 700.998233
858.862224 708.075601
859.125251 760.822304
849.337735 620.450650
908.347678 723.820212
864.924509 776.325722
889.112190 748.226089
880.920473 768.853060
883.671233 726.161822
905.450051 780.043324
860.518136 725.128889
872.059845 771.165869
888.079747 730.194234
855.399524 736.792812
883.252259 767.334922
884.385128 742.995495
883.572099 825.953554
881.467516 796.095620
882.958337 772.710055
883.393025 757.554874
874.802533 799.637394
845.032961 815.095784
870.231151 758.211071
879.029106 811.524772
910.382231 776.127053
907.035544 828.314904
850.388856 784.369743
898.348805 845.678290
864.488148 817.208742
839.468242 796.813565
894.633118 805.426651
856.870845 807.469110
860.192488 850.290045
875.668684 855.600857
865.911757 847.653161
896.481508 860.926046
885.587532 818.750873
889.126025 831.179519
844.521337 816.545659
857.948921 874.200226
868.740883 826.854385
868.138554 863.113092
884.810273 856.105333
889.351485 890.206313
876.721654 885.584720
863.310396 841.522050
898.720939 877.736298
873.984269 858.357447
847.852782 961.588675
862.809030 927.128144
887.905021 917.363677
874.130010 881.071551
866.984904 894.448454
852.961092 923.556602
865.776506 942.651679
889.112638 968.054583
896.580721 929.971222
871.197243 907.796962
847.615264 866.593161
915.929906 972.205953
876.740612 960.205504
866.452632 950.046620
864.255907 1009.521450
883.639903 943.330578
865.379442 970.111538
850.180750 913.597087
839.807359 976.407286
859.964211 966.392443
859.845688 960.516748
884.414351 982.557629
893.178121 964.966095
