17.396102 144.432391
15.650247 140.691477
14.306797 143.283175
13.809858 141.233876
14.247656 142.324577
12.792759 147.058243
16.000000 141.000000
19.603366 145.271317
17.485538 147.928735
16.991315 142.408880
16.918400 147.605103
17.617335 147.543192
10.980145 143.390357
16.000000 145.000000
14.129898 151.467131
13.668451 154.558860
15.648174 147.515115
15.971151 144.670574
12.280537 149.724080
16.200691 144.509686
16.000000 149.000000
18.837434 150.428082
17.398511 157.834171
12.482768 147.774155
21.410212 152.083562
22.672794 156.124525
11.414653 157.122058
16.000000 153.000000
16.094469 155.345577
14.928124 161.872830
14.595207 161.877380
13.114341 160.136671
16.496010 157.319765
17.066575 154.862364
16.000000 157.000000
17.814647 156.427250
16.216895 160.901920
13.059005 160.751519
11.486999 164.542773
16.110012 160.099970
14.937372 163.919862
16.000000 161.000000
18.180367 166.170992
12.305182 167.275972
14.926625 162.939710
22.950026 165.033349
9.903038 166.507060
12.770165 163.566611
16.000000 165.000000
16.088486 168.978857
11.255227 174.160168
9.609519 171.951774
15.343066 168.687296
20.196594 164.720812
15.133492 169.125470
16.000000 169.000000
15.179937 171.697747
20.815949 178.680325
17.293000 177.166387
13.027766 177.563148
22.495735 169.329829
10.430524 176.787530
16.000000 173.000000
17.281327 175.554457
12.707063 173.701082
15.654781 170.038126
18.066809 174.349657
20.680264 179.656189
16.844411 175.409968
16.000000 177.000000
18.443480 177.209087
20.713818 177.265261
13.103841 177.379264
12.308597 187.506933
21.646236 180.939777
17.293893 187.950084
16.000000 181.000000
16.261623 187.875614
15.473743 181.937467
17.312179 189.875390
13.309153 188.544920
17.319750 186.612790
15.664723 189.711145
16.000000 185.000000
13.435122 195.913675
9.540764 190.788091
14.107394 193.818272
17.424848 181.684562
16.013974 189.304066
13.568060 186.559415
16.000000 189.000000
18.947690 194.061773
16.935406 192.570673
15.080568 194.220404
21.317457 196.650427
22.971731 193.419382
22.271740 195.269461
16.000000 193.000000
16.846405 203.343640
18.480984 193.925797
11.602260 191.326197
15.943403 196.475678
16.265948 196.458556
15.646423 196.868420
16.000000 197.000000
16.496250 198.991235
15.785355 198.255447
18.605620 202.860622
21.833801 199.912200
12.542008 201.789012
12.134247 195.972717
16.000000 201.000000
17.093115 203.359612
19.656282 207.428627
15.467802 201.308090
16.719946 203.903536
22.042664 201.573596
15.813023 203.265386
16.000000 205.000000
16.480126 211.339853
18.340458 208.785784
14.261131 215.651587
17.990393 205.049118
16.710973 209.213921
19.153618 212.689740
17.000000 209.000000
13.561048 139.581529
16.414047 138.164600
20.150686 144.450980
22.874328 137.792028
15.020734 139.442873
15.901095 141.901491
20.000000 137.000000
21.435750 120.240773
21.002384 120.999799
28.091968 120.945540
24.742276 117.599249
22.344077 121.236061
19.715437 128.013722
21.000000 121.000000
20.699514 125.302355
19.106486 122.037376
21.023176 124.950944
23.694340 124.319072
22.581682 118.178113
20.879250 126.251384
21.000000 125.000000
23.077913 123.712441
18.691296 133.736148
21.126842 131.269768
23.036818 126.948425
20.648641 131.162734
22.075123 130.250195
21.000000 129.000000
24.772724 207.682572
21.136279 211.855086
17.865560 206.879935
21.820200 214.627553
21.924938 212.630318
18.997913 218.704805
21.000000 212.000000
18.328647 222.584153
24.325853 213.289858
20.682118 216.059116
20.844694 216.038642
21.983123 213.850814
25.038434 216.174381
21.000000 216.000000
17.821782 220.576336
19.373822 223.869781
22.222410 217.046802
23.248529 213.435889
23.374684 222.073094
20.684108 222.249826
24.000000 220.000000
23.360026 117.208789
25.613814 117.229321
24.279225 113.612486
29.106889 114.126602
24.932182 117.125056
19.786424 111.917808
25.000000 117.000000
26.852049 108.119551
23.911331 109.235085
24.739525 110.723698
25.977662 110.737338
30.315333 111.851485
28.937416 112.900807
26.000000 111.000000
27.278614 223.789020
29.208799 223.976722
30.918076 229.813121
27.323331 221.796316
24.012601 226.516848
29.571779 224.519509
27.000000 224.000000
32.755664 113.615861
29.995779 111.678203
36.289549 109.835396
30.157479 111.603781
31.467361 115.030467
35.626172 108.011065
30.000000 111.000000
26.381155 227.858469
30.954011 226.638439
30.722993 224.720916
31.171807 227.108801
36.700829 225.089589
29.752164 227.358693
31.000000 227.000000
33.141447 110.418805
33.870662 108.746710
32.431935 104.365290
38.010775 104.744564
27.385530 111.153825
27.288335 107.440239
34.000000 109.000000
40.328011 227.617896
28.053247 231.352505
29.875855 228.057302
36.269346 225.677454
37.143508 231.238757
32.585949 230.425993
35.000000 230.000000
38.036994 95.264294
37.032404 95.526221
38.126468 99.941496
36.235802 102.924352
34.618532 96.234124
37.748687 100.670896
36.000000 96.000000
36.004333 100.095973
38.298028 100.297789
38.564741 98.206821
37.458186 100.680706
35.236082 98.070815
38.059711 105.805060
36.000000 100.000000
32.354224 102.522014
31.595683 104.872991
33.877424 98.865528
35.906341 104.805533
35.370055 104.992301
40.494088 104.381575
36.000000 104.000000
37.602114 234.177092
37.890430 239.023200
38.738464 238.728188
36.607199 234.349822
34.983596 234.279527
38.297492 233.001425
37.000000 234.000000
34.150895 94.877861
37.253174 93.045993
42.433089 95.367530
33.778063 92.334597
42.795018 91.622653
37.826979 90.667075
40.000000 92.000000
41.350881 244.186822
38.034626 239.913014
37.872917 237.446590
35.915603 235.006077
48.413697 234.455496
38.836154 237.997948
42.000000 238.000000
45.030584 83.681877
45.274034 90.258650
44.863544 84.611626
44.698275 91.449609
41.398804 87.987846
42.992467 83.574395
44.000000 89.000000
48.323013 234.547217
48.206269 234.907998
44.167827 243.435846
43.717294 234.063125
43.119094 231.863916
46.977676 232.541142
46.000000 238.000000
50.181997 89.895106
51.157692 82.121187
46.981392 84.552719
53.295679 85.218374
46.732919 82.374644
47.875049 85.907536
47.000000 85.000000
45.586866 242.886929
50.000504 239.992589
48.796345 240.792307
52.367509 244.250129
44.185013 241.750213
52.911673 241.906556
50.000000 240.000000
52.723106 68.482461
55.493188 65.697693
44.128195 73.109807
57.692420 68.353077
56.712424 68.584836
52.196044 69.590786
51.000000 71.000000
52.180558 75.552810
46.211094 70.644585
51.684733 69.418430
52.776028 74.232563
51.149686 75.855671
50.920987 74.648776
51.000000 75.000000
49.181417 80.161977
51.371933 78.794125
47.015048 81.645890
51.761637 77.230176
47.244215 75.276855
54.438392 73.757505
51.000000 79.000000
50.424540 245.413241
55.188952 241.719502
55.268001 243.437256
57.103885 246.978952
50.781459 238.451717
52.971856 248.389640
54.000000 243.000000
55.041139 70.941866
60.668133 73.054325
55.953639 70.185486
55.611651 67.613893
61.724413 72.544085
56.171125 72.208578
55.000000 71.000000
63.028844 240.858855
64.902283 243.392636
58.324881 243.167408
56.201739 237.940251
54.329707 237.591754
61.595152 243.316439
58.000000 243.000000
62.374200 67.844860
62.338045 66.700396
60.618942 69.468245
59.872692 73.471639
61.282852 70.128620
58.412467 68.223636
59.000000 69.000000
65.754837 70.809464
61.729012 66.531925
63.991402 62.312577
63.568740 62.194217
60.135316 62.659009
63.128983 68.028321
62.000000 65.000000
59.614951 244.650496
63.786788 246.960533
67.989645 239.192052
63.081208 243.819833
63.414993 242.874557
63.496715 243.232077
62.000000 243.000000
67.176270 60.507978
63.940064 60.116893
69.961518 63.841762
65.495502 61.928694
72.864097 61.999009
66.416858 63.581023
66.000000 61.000000
59.699298 239.566684
64.450061 236.062877
63.622837 246.641572
66.985667 243.925932
65.042099 244.382641
65.805678 245.094781
66.000000 243.000000
69.757424 63.097385
73.330844 63.799763
76.318901 58.363014
74.431617 59.271766
76.047456 61.460456
67.028707 56.028395
70.000000 61.000000
69.874839 240.275773
65.850905 248.247367
64.445130 237.995359
70.890900 245.891040
65.855771 249.193513
71.133320 241.001536
70.000000 243.000000
76.254014 57.575319
71.962330 63.397992
70.690627 60.488298
70.508293 57.070934
80.203177 62.786117
79.355119 59.333841
74.000000 59.000000
73.420358 243.034166
73.468855 241.197428
76.179910 249.835038
69.905847 240.926487
70.373384 241.208476
75.002211 242.891191
74.000000 243.000000
78.288376 55.321604
76.709567 53.688240
76.043074 54.584975
79.371030 48.696300
74.616375 53.088519
80.963833 57.777938
77.000000 55.000000
75.612659 245.713283
78.069616 243.895981
84.061926 245.096473
83.944787 242.083832
82.213270 241.782549
78.704502 245.897075
78.000000 243.000000
80.412557 56.433957
79.027798 56.672162
84.366994 53.510797
85.340372 48.551447
86.513269 48.406802
77.789843 52.350694
81.000000 51.000000
86.796786 238.963634
84.777011 237.901291
75.363091 241.295260
79.564322 239.994941
80.936676 242.689703
87.410617 247.789312
82.000000 243.000000
86.895343 43.881055
84.995798 39.901651
85.138690 47.411557
85.316084 47.490234
85.108752 47.058139
88.781753 46.022384
85.000000 47.000000
88.541582 242.428508
85.079045 237.291633
84.461817 240.581553
87.129865 233.233028
84.845944 235.069200
80.677033 233.953264
85.000000 239.000000
88.480030 43.490276
84.977235 39.795943
89.112010 43.911350
87.120867 43.499980
88.934913 47.472392
93.938323 43.076281
89.000000 44.000000
84.460231 241.196110
90.743372 239.070368
86.790026 242.313593
89.721572 238.711612
86.226594 240.323943
93.966850 235.554794
89.000000 238.000000
90.114558 40.897109
90.257081 35.244315
87.454343 38.595111
97.869625 35.560805
97.143130 39.521972
93.633893 33.960390
92.000000 40.000000
91.804721 239.349829
85.953638 236.105326
90.043721 233.413723
89.308476 238.035151
93.729255 236.342748
96.061076 234.192447
93.000000 238.000000
93.732060 36.381660
92.524034 37.311883
97.377673 35.363238
102.400408 34.679272
99.911716 38.526409
97.869756 33.182968
96.000000 36.000000
97.807238 240.852370
96.188184 237.404831
100.735589 243.094276
98.661645 230.849255
97.934375 238.928913
102.818079 237.912730
97.000000 238.000000
102.498714 34.689020
105.206477 32.731231
98.901851 36.745687
100.141248 37.569941
103.806455 32.950684
104.821264 31.726164
100.000000 36.000000
105.513410 232.567673
99.928533 240.486603
107.509021 235.343534
100.097742 237.598724
101.516540 238.256464
95.691422 235.564398
101.000000 238.000000
100.825090 34.855443
105.316180 34.178680
107.435065 38.846424
102.699723 32.421040
102.848498 34.781379
104.118060 33.972631
104.000000 36.000000
105.446885 231.781056
107.279342 228.981405
108.101792 234.363388
105.729223 228.085156
102.818003 235.742280
105.473152 235.976445
105.000000 234.000000
105.966981 281.237098
106.882103 273.897740
106.768968 278.454163
106.102164 281.778723
104.243815 279.438025
106.902327 280.179232
106.000000 281.000000
108.903436 286.283089
102.271120 285.599481
108.942895 278.379306
104.408001 281.572981
105.186786 287.304146
103.846761 286.315901
106.000000 285.000000
102.730669 286.843070
106.339558 286.087395
110.343479 289.569781
106.743061 286.516354
106.318168 292.648584
104.022350 290.917240
107.000000 289.000000
107.405186 32.380473
111.048013 36.986063
107.312087 32.911077
108.608667 34.334468
107.574973 36.368398
113.505762 37.723602
108.000000 35.000000
110.072337 231.995963
105.243035 235.184098
110.369536 238.756361
110.701168 237.773593
105.086381 234.084095
109.813049 232.136062
109.000000 233.000000
111.231338 270.498171
109.493208 277.685345
103.760696 274.496135
114.670603 274.572653
110.557671 270.756156
109.515938 277.552692
110.000000 277.000000
115.424289 35.291882
109.023247 36.133217
117.327764 30.215268
112.852727 30.530030
109.225856 30.684211
114.451880 27.659854
111.000000 31.000000
105.142162 270.680763
105.733291 269.780587
108.370343 261.402691
113.339103 269.957207
110.606778 266.158695
112.827995 262.134132
111.000000 266.000000
110.870591 270.035678
111.681383 268.071464
107.768740 269.231634
109.339654 276.207648
111.886802 267.816069
117.186212 269.959306
111.000000 270.000000
111.149841 292.029125
108.877986 290.703601
108.392674 293.483521
110.003847 291.537794
113.867025 298.388044
117.253351 289.368186
111.000000 292.000000
113.625290 295.506219
110.865871 296.320212
116.139346 296.090400
110.771115 298.212425
115.302973 297.037253
113.245436 288.894434
111.000000 296.000000
115.884795 297.758134
109.961375 298.650121
111.181254 295.255919
110.896806 299.108557
108.598357 298.406514
110.747033 301.013228
111.000000 300.000000
113.496009 227.483159
111.438781 225.871219
113.092477 234.807073
106.091334 229.766082
111.476097 228.531152
116.155874 235.705100
113.000000 232.000000
115.107185 19.922100
113.074332 23.025705
114.697062 23.690150
114.622561 26.496853
116.089973 31.568942
118.844680 26.924513
115.000000 27.000000
115.709285 262.033694
113.385581 258.938485
114.701530 264.067356
114.549949 261.523090
114.747191 261.927704
110.733217 263.958358
115.000000 262.000000
117.731319 301.109059
114.481048 303.053257
115.013887 298.387901
115.000000 302.886104
116.424426 306.480275
114.132843 303.116721
115.000000 303.000000
117.013051 229.622903
116.810860 223.454500
115.249499 233.793073
116.552317 229.100671
118.471233 233.619954
111.219624 230.981050
117.000000 228.000000
123.534568 27.809062
119.927200 27.264652
118.942772 25.930275
117.685316 19.981486
119.880559 19.986365
122.537721 28.153265
119.000000 26.000000
124.078918 258.691265
120.082353 251.947791
116.068507 260.720935
118.706178 258.876283
125.365803 261.637168
118.613428 257.849912
119.000000 259.000000
120.100801 302.350266
119.984761 304.695658
119.226908 305.198553
119.075480 303.544446
118.529609 304.327801
120.706981 296.996629
119.000000 304.000000
118.061421 225.873458
123.182721 223.696206
118.560271 225.797007
116.103483 221.042596
116.980404 225.129440
114.117788 225.593685
120.000000 224.000000
120.054929 309.485501
121.573457 312.880784
126.527358 310.121573
124.809428 303.013284
125.088398 305.745240
125.022503 309.097140
121.000000 308.000000
124.806941 252.222440
127.146169 256.493305
118.738782 253.784781
126.233209 260.276011
122.946916 260.316605
123.487492 249.334820
122.000000 255.000000
122.479970 24.577130
124.106873 29.283242
129.154171 28.190451
125.955788 25.507818
122.409436 23.861122
126.985251 24.433314
123.000000 25.000000
122.430141 225.004408
125.925944 221.358367
118.968654 219.780178
122.190993 218.125312
122.253409 214.581580
124.076840 224.305155
124.000000 220.000000
124.883225 311.038582
124.900926 305.828399
119.897331 306.736927
124.022119 309.686983
123.464094 305.737401
126.199970 310.633136
125.000000 310.000000
125.590299 18.216803
124.803641 18.265419
126.688050 21.593198
131.405986 20.007317
127.497886 26.001441
125.265867 21.358631
126.000000 21.000000
133.128169 246.623921
125.513614 244.796943
125.216225 241.416312
130.303623 245.971656
129.986513 240.668413
133.073074 245.506683
126.000000 246.000000
128.976219 251.764163
125.294314 249.197760
124.074145 250.988303
119.473210 248.721448
127.566064 248.697178
120.818109 250.450948
126.000000 250.000000
125.294729 316.578671
127.441859 314.632045
124.776197 309.950711
126.675306 313.570380
127.034920 313.956600
131.274467 315.711814
127.000000 314.000000
128.382650 218.907134
128.596502 221.500946
129.408043 219.239237
121.956334 218.044381
128.033475 219.236080
124.988778 221.470756
128.000000 219.000000
128.919452 22.018583
124.526395 25.066854
130.001107 20.754864
130.573875 21.257145
132.204612 18.330169
132.377140 25.868756
130.000000 21.000000
136.260947 244.032623
131.720745 244.457631
128.647574 235.704432
129.734449 237.462107
127.784010 236.683977
129.967395 239.431033
130.000000 242.000000
133.294646 222.030537
132.161267 221.824614
128.592498 222.186089
130.995472 222.985880
129.437446 219.740902
130.083315 225.507283
131.000000 223.000000
126.465825 223.686279
134.924221 227.998177
129.904678 232.121803
130.554588 233.013757
130.063729 225.675315
132.936354 232.202131
131.000000 227.000000
132.189846 230.687674
134.632845 237.431668
129.532658 237.158197
133.710263 229.604504
135.358784 234.081562
126.855023 233.289903
131.000000 231.000000
131.449483 236.656765
130.738336 235.089158
130.261561 237.878651
131.510989 240.413408
134.671814 229.376113
127.167588 234.347751
131.000000 235.000000
130.633938 312.345643
135.207493 308.628209
131.283448 312.617155
136.500064 314.058563
128.373868 312.063821
130.377971 313.146806
131.000000 313.000000
130.574011 21.179196
128.981841 23.659859
140.209417 24.566389
133.647514 19.583913
130.047750 15.999544
136.451325 24.279285
134.000000 21.000000
135.872267 313.262340
129.127395 312.856430
134.855771 305.945979
131.364467 309.448502
134.990025 312.932870
135.950836 310.429170
135.000000 313.000000
142.270960 20.509746
138.177642 19.937149
134.428809 17.767795
135.505967 16.438628
137.625749 20.088326
135.603482 23.965822
138.000000 20.000000
139.558847 307.125216
136.792277 313.793734
144.500187 309.617004
139.889212 313.431759
140.103246 312.607049
139.978606 318.558672
139.000000 313.000000
143.635007 16.084695
136.602749 13.114292
146.366607 17.555162
137.463898 22.585623
139.610503 16.360613
140.310945 15.235013
141.000000 16.000000
142.237382 309.528726
139.458248 314.371671
143.562076 312.578433
140.854012 312.859346
143.515755 309.665490
136.058155 314.594958
143.000000 313.000000
140.812121 15.076621
143.718044 12.074754
138.841242 13.962840
145.011842 16.005723
140.695253 10.374303
143.946443 16.743988
145.000000 16.000000
140.287507 316.063868
144.648038 315.203603
151.252696 309.927071
152.648773 311.524519
141.128420 311.341612
147.036053 318.577681
147.000000 313.000000
145.675864 13.828741
153.115312 19.166443
149.177216 21.927311
150.385634 11.803421
148.812127 16.832907
141.915260 14.084046
149.000000 16.000000
151.081851 314.983666
155.712891 309.541699
154.188599 314.144768
150.992471 314.018789
153.970662 315.024774
149.698629 317.647855
151.000000 314.000000
152.004572 13.014094
155.563469 20.065108
146.185714 16.716576
155.445678 22.502945
151.902812 10.298363
157.011298 15.894077
153.000000 16.000000
153.905089 309.946754
154.494115 305.556546
155.578715 306.648635
154.176587 311.894647
154.410820 308.936777
149.195471 313.713454
154.000000 310.000000
151.922885 14.161650
157.132031 12.392417
158.242297 11.612010
156.013954 14.731511
154.003892 13.979973
157.373527 13.411236
157.000000 16.000000
154.682096 305.285288
160.972228 307.313246
153.840031 312.149825
161.990309 310.665929
160.790770 306.499173
161.213627 306.744767
158.000000 308.000000
159.300699 15.238434
158.755166 14.715774
161.293954 20.204702
157.066711 20.747616
158.249568 22.128787
157.813034 16.602078
161.000000 16.000000
158.114627 306.855661
162.026245 299.782941
162.072219 302.500172
163.545979 305.444469
154.617967 303.577929
161.616928 308.628179
161.000000 304.000000
162.493649 299.958930
169.462693 298.471732
162.017231 300.380424
170.615372 300.052651
165.413205 305.664308
165.747450 303.706491
164.000000 300.000000
165.245333 15.766882
165.385794 14.710712
164.513318 14.347858
166.823871 15.348670
166.611628 12.842500
166.660914 16.994791
165.000000 16.000000
165.181919 294.279127
163.220438 301.575136
161.904732 293.413504
172.695554 302.793977
168.832372 296.031117
170.665589 300.862422
168.000000 297.000000
161.891970 13.636900
168.536808 18.278947
169.943255 8.696084
169.581659 20.115928
172.969893 16.511513
173.759208 14.594594
169.000000 16.000000
173.015028 291.722173
165.434680 293.772399
174.596767 288.947992
174.261571 291.895775
170.391073 290.515856
166.834781 296.968308
172.000000 293.000000
166.216584 17.158446
173.667884 16.752504
177.173806 13.030051
174.224103 11.709684
173.695109 22.709932
171.507419 10.737382
173.000000 16.000000
175.011897 289.195861
175.510478 294.408431
172.255337 291.237103
172.341082 293.632096
177.111398 285.064478
173.048721 288.949734
175.000000 289.000000
174.227423 17.357575
182.305231 16.907078
177.021958 13.216378
174.088836 13.130007
178.723312 19.245312
176.695480 15.790618
177.000000 16.000000
184.117529 285.790003
176.396809 278.842484
174.845198 281.285605
176.491256 285.910044
182.019220 283.431981
179.566513 285.198717
179.000000 285.000000
184.977371 12.521276
181.638361 15.766144
177.607321 19.937887
181.000883 15.999493
185.471505 16.411238
180.916231 14.967287
181.000000 16.000000
180.120360 280.824241
186.314575 280.664622
181.609988 288.464358
186.916974 282.361671
182.388172 281.162608
182.845927 278.840879
183.000000 283.000000
186.388530 14.816164
185.547278 19.347811
190.479731 20.211977
185.072895 15.862497
185.073171 15.653974
187.642248 16.786365
185.000000 16.000000
184.822788 274.004978
180.864079 279.647755
182.537436 282.578648
190.485498 276.743147
184.454568 275.722921
187.257669 281.656806
186.000000 279.000000
184.552638 16.126144
192.105288 13.295113
188.717443 16.435529
190.085610 22.927553
194.082782 12.773910
182.340593 18.938939
189.000000 16.000000
193.475584 280.054472
186.952527 275.071075
191.791464 271.014587
188.010002 277.456240
188.213553 283.481551
188.248660 277.679611
190.000000 278.000000
191.305598 16.351559
192.921077 15.712803
187.160987 17.870456
187.321754 19.211042
198.313829 13.153385
193.917806 19.017380
193.000000 16.000000
194.296156 275.104655
193.595899 278.937161
196.243191 281.743370
188.351093 280.339111
190.986083 281.789994
200.036033 277.280788
194.000000 278.000000
200.690754 15.766779
195.918048 15.787156
194.374043 14.197695
195.114120 21.246166
198.376091 18.086681
196.776789 16.117485
197.000000 16.000000
192.955360 278.811688
198.000649 278.996940
203.420168 276.626443
198.637973 278.029983
198.564806 282.993200
198.567318 278.436631
198.000000 279.000000
197.135142 13.322249
199.849409 18.680771
200.062409 19.857025
201.058187 13.643918
196.229742 15.939931
202.071897 13.891827
201.000000 16.000000
200.370119 283.028804
199.983736 290.277403
201.309038 284.712416
206.889403 281.720846
200.867504 276.119817
195.637070 283.906691
201.000000 283.000000
211.291199 17.419883
209.499128 11.519678
205.004520 15.977273
209.362633 14.779997
207.477405 15.270308
209.721843 17.105255
205.000000 16.000000
203.132524 284.974601
205.323975 283.149383
204.445055 287.458887
207.448601 279.256237
209.008364 286.128436
199.511433 286.802426
205.000000 283.000000
205.682779 16.535627
203.700589 16.739624
213.911581 12.016066
204.988299 18.652345
203.893945 13.980252
209.009834 15.211262
209.000000 17.000000
211.358331 280.732152
213.023324 282.001991
208.684076 279.343506
211.821933 285.997271
204.264522 289.768073
207.534042 290.024053
209.000000 284.000000
209.191692 281.101613
209.786569 290.557260
210.723327 288.887296
209.809903 289.250191
208.388545 282.919839
210.666754 290.075556
211.000000 288.000000
210.975764 292.184461
212.137407 292.359064
210.552541 291.952440
209.845316 293.253265
207.045245 289.747931
214.343392 295.056850
211.000000 292.000000
216.636529 297.170515
208.178255 296.861591
214.977767 292.963279
212.166714 301.151361
210.391662 293.965276
208.024199 293.829852
211.000000 296.000000
209.084778 17.908125
207.796149 20.204319
209.871005 17.961849
208.817057 22.607560
210.186714 22.170399
213.199472 22.225866
212.000000 21.000000
219.146268 302.424761
210.851754 306.638128
211.961108 299.248249
213.704344 300.349010
212.770708 299.733597
214.174401 298.484233
214.000000 300.000000
217.656237 13.991644
212.177019 24.961191
216.404307 27.942029
218.518009 20.868237
214.542806 18.520075
218.120328 23.638450
216.000000 21.000000
213.324554 303.307516
216.702125 303.481675
211.729890 303.048422
217.963559 308.414869
213.690864 304.462339
216.248357 301.820308
217.000000 304.000000
217.515628 23.154818
217.150396 16.967635
217.654274 15.979633
219.873250 20.405976
215.272884 19.812280
225.254963 18.476334
220.000000 21.000000
221.776730 307.019379
219.776693 304.118833
224.156695 310.901448
222.881483 306.041179
218.014182 303.154875
220.014480 305.811460
221.000000 307.000000
222.284379 316.851865
219.453837 309.727529
219.832715 310.690867
221.686373 311.558623
221.620193 318.077109
222.814047 312.731082
221.000000 311.000000
215.238915 318.936442
223.776880 315.930702
222.151702 320.351093
219.431274 311.810856
222.502139 310.658349
220.770038 315.100663
221.000000 315.000000
220.821433 317.104872
218.653731 324.868354
222.644480 320.439310
219.845768 318.088389
222.107349 320.959945
225.535227 313.111523
221.000000 319.000000
218.735068 321.206342
214.574040 319.621867
224.720742 323.740516
217.740660 325.208419
219.273455 327.041283
225.254452 323.300088
221.000000 323.000000
226.329927 16.853792
226.491193 24.034832
224.854698 24.539319
222.890010 17.005330
227.587109 17.238844
223.078671 17.432153
224.000000 21.000000
227.490308 320.857126
231.203406 321.075408
218.927379 320.720699
229.565752 321.783330
223.747592 323.491570
222.959308 327.190549
225.000000 325.000000
225.217352 328.121595
226.357765 330.349680
227.536523 327.399493
222.247953 326.846629
222.434639 325.437610
224.604373 328.881453
226.000000 329.000000
225.943693 333.028446
223.763375 329.621328
227.339825 330.234859
229.346155 339.147256
228.618624 339.190440
229.054916 333.759987
226.000000 333.000000
223.758281 331.201713
224.471019 331.084480
222.650662 343.453262
227.497298 337.623905
221.076783 334.873428
223.777682 335.683554
226.000000 337.000000
223.315298 339.249657
229.042962 335.615423
227.424157 346.337019
224.355949 341.914172
226.577038 333.820837
220.623955 342.824932
226.000000 341.000000
222.758220 340.295092
226.496121 345.509405
230.834136 344.535634
225.568751 344.594341
230.302265 350.436720
221.944938 345.408309
226.000000 345.000000
230.832022 345.205373
226.068251 349.300427
218.815011 350.599340
226.249421 349.000563
229.233835 352.740857
225.590489 353.443305
226.000000 349.000000
230.307318 352.891121
229.788819 358.499660
225.715289 353.296418
225.107210 350.579870
224.316174 356.284673
227.520750 358.731468
226.000000 353.000000
226.140589 357.382674
229.556280 351.908314
219.380592 353.933024
221.385410 358.961440
225.432650 355.814451
229.097689 362.364551
226.000000 357.000000
225.116846 25.882990
222.933144 22.804982
224.516522 22.749914
234.198200 22.087748
229.576869 18.055676
224.752867 20.519702
228.000000 21.000000
232.832813 27.070233
230.912705 24.811156
225.574180 24.534787
227.916053 32.114168
232.777530 27.824650
229.948667 25.844472
230.000000 25.000000
224.242646 355.217463
228.202111 358.963665
230.953562 356.089017
229.064078 358.352753
231.135151 360.536139
231.766549 362.179111
230.000000 360.000000
228.858644 362.624004
230.824287 360.102171
227.831513 364.292782
237.605605 361.192354
233.357575 363.370325
227.749716 369.875146
231.000000 364.000000
231.001024 367.996098
233.982368 367.373050
230.352635 370.012778
232.955125 366.055689
231.395821 367.982952
231.103266 369.794324
231.000000 368.000000
231.849524 374.007740
231.529304 371.432806
232.857472 374.058362
226.708246 369.946726
230.630572 375.202971
231.151820 365.554759
231.000000 372.000000
235.816173 373.584822
226.910636 371.876562
231.551736 379.019040
225.973914 378.222844
230.095209 374.780606
224.768406 371.931331
231.000000 376.000000
235.286840 384.616151
226.250447 384.647443
230.770973 385.130421
231.384540 380.031353
232.315278 382.177048
228.219570 373.713149
231.000000 380.000000
229.283017 384.186446
233.110583 381.460869
229.404157 383.565174
230.871264 388.444127
235.923522 385.629168
227.021010 390.286090
231.000000 384.000000
235.242210 390.460930
232.291540 387.136262
231.186593 393.919116
232.985847 386.947996
233.359433 392.326001
230.989377 384.952499
231.000000 388.000000
236.261449 23.932653
239.940069 26.681719
228.009339 26.774288
235.553925 25.362600
234.030365 25.393822
233.793938 29.083449
234.000000 26.000000
235.117927 389.870368
233.672581 390.926226
240.041141 388.556366
235.650614 389.381997
234.512204 384.572240
233.184697 386.791424
235.000000 390.000000
237.689183 391.416837
235.509261 390.771435
237.893972 397.152012
238.373021 395.489427
235.719345 393.580928
233.605495 396.626913
236.000000 394.000000
237.024117 392.220209
236.649454 397.487801
235.077757 398.423066
236.904363 399.990735
235.723369 397.702109
235.946159 398.100535
236.000000 398.000000
236.002356 402.008241
236.827523 401.206096
242.858117 404.064382
235.497789 402.044664
236.930518 402.493583
232.725211 401.743723
236.000000 402.000000
241.449360 24.157608
243.846698 27.732997
234.609722 29.288145
235.134443 19.930161
238.279919 25.651338
237.878052 25.618830
238.000000 26.000000
233.995779 33.431597
237.078771 31.299101
238.428471 36.235520
234.425401 25.540987
235.147077 33.146405
244.004033 33.824640
240.000000 30.000000
233.033293 403.389427
238.060638 404.816295
240.240311 405.184526
240.405298 406.025034
246.189936 404.884798
242.787861 403.954171
240.000000 405.000000
249.124904 30.208161
249.501226 33.930181
244.300349 34.700943
238.142851 28.998024
246.193183 36.403907
243.553753 35.485345
244.000000 31.000000
241.390943 407.009322
239.191873 406.819644
244.929473 411.637809
250.013863 409.348211
243.940571 407.998129
242.761514 404.735656
244.000000 408.000000
252.730441 35.397375
251.729169 37.368981
241.067372 29.556995
245.487725 29.871632
250.804568 30.435593
248.975162 38.190843
248.000000 31.000000
245.721040 401.978657
253.874730 410.960697
248.821736 416.339408
249.341056 410.460739
245.049456 404.220513
245.976773 409.753210
248.000000 409.000000
248.700456 39.139516
248.962752 34.444739
249.552730 36.275009
252.682172 30.889253
252.148408 34.720373
249.875669 34.928308
250.000000 35.000000
246.467691 409.885629
252.765709 411.825050
254.288076 415.502640
250.345536 416.011571
248.105306 414.065117
247.610120 406.807094
251.000000 413.000000
249.260957 424.223693
257.681064 417.798186
248.073054 412.474110
250.218641 416.997581
249.554668 421.571341
251.331283 415.996098
251.000000 417.000000
256.238376 34.372517
251.988683 37.380747
253.750405 35.921054
253.486161 36.986614
255.010415 37.429276
253.976912 36.994453
254.000000 37.000000
254.432224 424.106565
250.647700 416.660915
257.159177 419.656886
255.743718 413.925576
257.207189 419.014475
256.046926 420.228746
255.000000 418.000000
259.328154 40.106473
262.287392 40.899566
258.677340 35.232579
261.354728 37.518364
254.411385 37.836168
255.597570 46.435596
257.000000 41.000000
255.286184 421.440270
257.029882 423.895451
258.112211 424.911898
256.313214 419.088457
259.159397 422.246466
261.395472 411.920197
259.000000 419.000000
259.413710 38.664064
262.981510 36.145455
260.845181 38.432624
264.615348 36.308593
259.455291 43.870395
261.615880 41.401437
261.000000 41.000000
261.814529 428.770759
261.430686 421.319323
260.164658 422.555131
256.483428 421.750976
254.892074 421.183177
263.950152 422.235157
261.000000 423.000000
263.912257 38.935565
262.982123 38.618024
271.244612 43.837634
262.393601 40.149215
264.984847 41.329190
269.065286 45.043933
265.000000 41.000000
265.135039 422.978165
266.969652 428.631932
262.395751 416.795271
265.598557 421.953803
259.650398 423.260643
265.729528 422.380894
265.000000 423.000000
269.007891 41.883444
273.319717 43.625747
262.310055 44.785810
275.728721 44.621371
270.085890 41.736607
271.715549 47.183212
269.000000 42.000000
269.337607 420.860106
268.671938 425.805716
268.572390 426.272946
268.438682 417.029568
264.277951 422.250370
271.970518 427.812684
269.000000 423.000000
271.362317 45.192989
271.163437 46.928618
271.262049 43.898155
273.351790 47.231519
273.158508 50.608426
270.062561 45.356784
272.000000 46.000000
275.104723 420.117292
270.988582 421.908932
269.235545 422.199681
268.119199 423.556396
274.688019 424.844136
274.568591 423.412416
273.000000 423.000000
279.161147 48.087730
271.205806 46.016944
280.299164 48.671379
275.173535 49.976930
268.864142 48.887917
277.576793 50.649087
275.000000 50.000000
277.917934 420.261240
276.474164 423.982061
277.577559 425.244485
276.691483 429.718682
277.371157 426.684054
273.868000 421.979489
277.000000 423.000000
278.467955 50.686611
279.487956 54.838572
273.533698 50.965919
274.976274 49.919329
277.890557 49.891516
271.920285 49.125616
279.000000 51.000000
277.395376 427.532140
276.966782 429.321975
274.367126 422.409471
280.823325 426.496634
278.628860 424.631832
277.907252 424.591616
280.000000 427.000000
278.637866 433.008966
280.761201 430.779975
282.139757 426.554310
283.137175 424.573218
279.106616 425.686982
278.696206 429.529210
281.000000 431.000000
286.615571 52.157882
281.174477 51.493334
284.065996 50.533713
279.446005 48.126796
283.482946 54.050894
283.610476 57.773436
283.000000 51.000000
285.487616 433.810670
287.844999 433.051700
284.564764 438.626107
289.376168 432.155893
284.489716 432.459968
280.183625 428.110223
285.000000 433.000000
291.872314 50.984779
289.045004 53.476764
287.887290 57.951880
288.194076 53.104187
281.247961 51.484858
285.495017 49.279358
287.000000 51.000000
291.388755 56.124486
287.303078 58.647413
291.631432 52.630424
284.210011 48.659249
288.080723 54.908220
287.226501 50.096220
288.000000 55.000000
288.882867 58.187487
290.798364 59.519319
288.982026 59.785396
287.894247 57.063710
285.340390 55.306988
285.491685 56.501265
289.000000 59.000000
288.945478 438.938239
292.805358 432.190340
285.895317 427.114459
291.953352 432.399739
293.207165 438.017364
284.971211 430.109685
289.000000 433.000000
297.359413 60.435095
289.742667 62.113809
292.396029 66.639967
292.932728 60.967176
292.751141 56.358825
296.545255 54.613003
293.000000 61.000000
287.816068 433.645936
288.598051 435.206463
293.686851 433.066775
287.178808 436.744077
292.259761 439.127587
289.849781 431.677456
293.000000 433.000000
291.515561 64.031956
296.025300 61.186856
295.807722 68.497457
300.363541 60.354609
297.283030 71.313944
294.027557 65.694555
295.000000 65.000000
295.784170 428.377692
294.171368 426.391987
297.697194 432.650134
297.519493 434.659572
293.041199 437.626450
295.538239 428.690255
297.000000 433.000000
297.587001 59.124520
299.210325 68.820517
299.467150 63.345000
300.758630 62.506188
293.910973 60.491718
299.261427 67.613279
299.000000 66.000000
301.347736 433.459956
301.114135 433.405091
304.569486 437.982971
297.286733 430.466649
294.530080 435.361070
300.339092 437.972665
301.000000 433.000000
309.546824 63.596837
303.486177 68.354798
304.938250 64.767875
302.947170 66.085827
303.080894 67.990878
302.936478 63.812058
303.000000 66.000000
305.271740 69.465988
308.599119 70.828655
302.827773 72.005050
306.209547 68.539368
301.764035 76.695635
304.534617 69.482654
305.000000 70.000000
307.133020 435.216533
299.996316 431.909711
307.758886 433.146001
307.280073 436.506933
300.250907 433.928712
304.999512 432.999381
305.000000 433.000000
310.221478 70.645709
310.372132 70.153729
308.880807 73.422165
307.664826 74.318218
303.176920 78.553032
311.817032 73.093921
308.000000 74.000000
310.861312 80.464043
313.762769 79.287121
310.169462 81.236743
306.394543 79.571037
306.565602 82.767984
308.830615 78.852903
309.000000 78.000000
308.813271 433.294553
308.991524 427.873952
308.662519 434.169712
303.055723 428.781999
309.441483 430.697711
309.129888 432.053159
309.000000 433.000000
312.994930 78.810737
315.862263 76.252407
311.428289 86.095944
312.753736 80.687903
306.600524 77.953211
313.332232 79.405317
313.000000 81.000000
308.532117 438.623059
315.612913 437.688762
312.725821 429.073006
306.740072 429.106227
313.709083 433.282774
313.498104 433.259063
313.000000 433.000000
313.227512 78.851085
312.092955 85.406326
314.819854 79.029508
315.594519 84.155406
319.058772 87.626800
315.708252 85.488803
315.000000 85.000000
320.993058 437.841001
316.826671 430.950003
318.654119 434.711368
324.081152 435.323064
320.320570 434.147261
316.072938 433.343802
317.000000 433.000000
312.377814 90.128222
316.074361 88.158762
319.531210 86.353795
321.957099 87.437173
319.521312 83.907990
325.784095 86.081959
319.000000 87.000000
319.641128 433.115151
317.226156 428.518049
324.180140 435.563961
322.042604 434.380603
327.751471 434.877407
320.406936 432.843952
321.000000 433.000000
318.535313 84.842502
320.629809 89.191054
321.794200 90.089468
327.159203 89.079388
319.702660 92.156166
323.606425 96.055943
322.000000 91.000000
325.043495 94.709130
327.622021 93.014752
317.230845 92.889579
324.187225 95.603064
323.220045 100.665917
327.130207 95.465539
324.000000 95.000000
325.536327 98.447502
324.363882 95.258424
321.715533 100.979248
322.713087 97.872708
330.616463 96.089271
323.461913 98.822289
324.000000 99.000000
327.076846 431.632003
320.937564 435.859915
322.774557 427.240733
325.484387 427.421674
328.411929 432.510162
326.950287 432.577548
325.000000 433.000000
325.321670 105.452262
327.775432 101.078226
334.176118 98.367359
327.377081 101.627645
326.840442 102.506137
327.678731 98.538920
328.000000 101.000000
331.521701 432.328755
335.480551 436.401672
330.426006 439.081540
330.486266 433.032765
334.382895 434.789508
323.309999 431.017243
329.000000 433.000000
326.112305 106.485256
331.485122 104.183191
325.897793 100.211913
330.146183 103.679353
325.627252 102.699160
330.069271 102.922028
330.000000 105.000000
333.814778 440.298054
332.001077 430.853566
331.841582 439.623816
336.523493 433.171997
333.381065 432.652214
329.959322 436.238712
333.000000 433.000000
335.207539 106.574723
334.575586 108.514193
334.669331 106.971871
333.568178 106.206366
332.908860 104.979805
333.789711 106.624225
334.000000 107.000000
334.394444 108.021713
341.256752 108.156437
336.875122 111.683298
337.233342 109.296325
339.948618 112.483628
334.875170 113.956592
337.000000 111.000000
334.753208 438.700417
341.439323 430.120413
337.848537 426.504565
339.471299 435.759972
341.485292 432.521839
336.230839 432.804555
337.000000 433.000000
342.861916 119.986750
334.453245 116.908347
340.446053 117.999667
338.002698 115.000165
333.764442 111.324793
337.173272 117.042929
338.000000 115.000000
339.147176 290.137168
339.720571 286.111160
339.850234 286.308572
338.834598 291.085850
344.646659 293.524806
334.849695 294.434564
338.000000 292.000000
345.119116 305.590351
331.414525 303.332199
337.852654 304.229253
344.573032 303.741798
335.700089 308.194340
339.015056 311.272702
338.000000 304.000000
335.243308 119.405660
339.001434 119.001961
340.831488 118.955996
336.079746 120.626982
337.215805 115.510259
337.114841 116.688992
339.000000 119.000000
338.336509 295.629140
339.083406 296.363072
345.484590 295.467468
333.991606 299.803234
335.952353 297.663984
337.724247 296.804159
339.000000 296.000000
338.576768 308.199489
338.206016 303.269865
336.873987 307.056393
344.086524 311.632893
340.199992 303.307065
340.439380 310.836495
339.000000 308.000000
345.205341 435.896471
338.072968 435.127036
341.238307 435.181814
340.979335 438.249459
341.525640 432.015628
334.864608 431.640521
341.000000 433.000000
339.669917 285.128124
342.865210 287.880222
340.017518 288.451029
345.707583 288.347580
342.629785 287.406651
348.032809 285.584069
342.000000 288.000000
335.935647 121.880550
343.780825 119.487779
343.028830 120.880504
345.661499 119.531689
341.092694 114.278489
343.608474 120.592752
343.000000 121.000000
343.782536 127.923634
343.841102 123.844449
349.655149 122.637143
336.981961 127.515412
337.842455 130.192331
349.594516 122.675686
343.000000 125.000000
345.248406 273.142976
339.706629 272.648881
345.047122 268.587509
347.270039 274.961372
346.140036 274.985871
338.136227 272.947866
343.000000 272.000000
338.459685 280.726834
349.271523 279.814352
338.419150 272.575552
342.990168 275.999192
344.704630 274.032935
344.287716 269.716052
343.000000 276.000000
341.254758 283.874015
343.229015 279.434635
341.521111 278.108836
341.741976 279.277783
338.205672 285.736837
341.412172 285.215407
343.000000 280.000000
343.280930 311.657116
342.013741 314.819213
344.675110 318.144006
341.889732 317.899728
343.009150 311.210485
342.478489 310.775675
343.000000 311.000000
342.236208 308.738894
343.660120 312.812716
343.004605 315.003005
342.399653 312.920321
344.868056 316.137240
342.474394 317.722798
343.000000 315.000000
340.834174 317.359916
342.476792 318.463401
341.541100 318.197902
344.180285 325.549790
336.519062 316.783217
344.108222 322.609677
343.000000 319.000000
344.412985 128.953504
344.402974 132.907586
342.789956 132.944963
338.930673 126.583957
347.781751 131.893343
339.713501 129.843932
344.000000 129.000000
343.816078 323.619381
348.128615 327.128787
341.471914 322.277517
344.136494 323.163300
338.899783 327.171482
349.099327 324.820428
344.000000 323.000000
349.155449 434.221820
345.444157 433.074622
337.833438 435.028653
343.851985 431.343109
346.064748 432.200418
344.034764 439.574950
345.000000 433.000000
341.845145 271.498625
344.497029 268.275379
341.304867 268.107531
350.843820 268.930076
345.934731 266.403813
342.013702 264.946196
347.000000 268.000000
350.284368 127.165751
346.375920 132.961282
343.772989 134.790590
347.460805 135.325207
349.016267 130.404537
348.473444 132.811407
348.000000 131.000000
353.398769 134.813386
342.988028 139.384142
351.813274 140.832585
348.461169 132.447397
348.560607 137.116092
343.711079 137.531803
348.000000 135.000000
348.988457 140.094896
350.298276 144.747005
347.606592 145.956464
352.122828 141.992000
348.827030 139.166414
344.978667 142.937522
348.000000 139.000000
347.272382 254.841478
346.214666 261.475365
347.183018 265.318718
347.976294 261.910914
348.296875 263.036278
352.205627 265.073831
348.000000 262.000000
347.889228 320.651355
341.591694 326.062718
353.079118 330.148372
347.578006 321.616933
343.374007 330.574591
347.499153 325.765330
348.000000 326.000000
348.909941 330.896759
344.880016 328.053644
348.753098 332.280749
346.821479 328.617952
348.436358 331.742660
352.001787 331.047786
348.000000 330.000000
346.017060 334.827901
348.175167 334.048536
348.754006 331.192247
348.253233 334.474359
354.970007 334.267552
349.133019 338.928895
348.000000 334.000000
349.827180 341.546625
346.890016 338.804391
346.035049 341.353795
344.435465 337.412110
342.276007 342.416397
342.034683 335.541825
348.000000 338.000000
346.697505 341.249669
344.694224 345.123276
346.320304 344.486761
347.460238 343.064921
346.000094 343.386796
348.136275 342.519259
348.000000 342.000000
350.169174 141.815503
349.219737 136.490806
351.791486 147.163933
349.720167 141.487573
348.283371 140.299932
349.009409 143.170828
349.000000 143.000000
348.752735 426.472074
347.290401 432.550661
354.684709 435.105471
343.973162 429.019230
348.874207 433.036115
351.960504 432.969959
349.000000 433.000000
352.960911 260.896780
347.705674 252.355657
345.843301 260.228564
353.276314 259.278676
350.946927 265.306073
353.011596 264.254184
352.000000 258.000000
352.512213 346.984028
351.999522 345.000189
354.853607 347.359002
348.123838 342.534950
355.270451 344.925852
349.186991 345.682219
352.000000 345.000000
347.061274 143.375512
348.715765 142.454949
354.242314 146.005136
350.034967 146.413100
349.439620 144.552536
352.987926 145.766875
353.000000 146.000000
353.068396 433.647255
346.224413 435.364572
349.566852 439.641565
358.108696 435.846160
349.160056 437.558162
353.074527 434.293619
353.000000 433.000000
355.500487 149.754772
356.674069 145.528849
355.991379 148.398884
360.757495 152.805419
354.461256 150.131648
352.615509 144.729202
355.000000 150.000000
353.703681 263.945640
357.962196 263.568317
352.087409 261.008911
355.446015 260.093328
356.206018 257.478459
357.873210 259.076708
356.000000 258.000000
356.041033 346.084097
354.995704 345.842339
359.508123 339.905162
355.124776 344.742125
350.085769 346.082167
355.510039 351.706861
356.000000 346.000000
358.172213 433.768663
358.840509 439.782312
353.934178 432.741140
363.256676 431.578453
363.131377 435.118802
355.306175 431.216785
357.000000 433.000000
360.400826 153.053683
354.349115 157.237886
362.707216 152.805926
357.891054 157.694882
364.392134 157.589247
360.633595 150.658398
358.000000 154.000000
354.673387 253.552692
358.686231 246.605132
356.043216 246.192522
363.215380 247.146191
358.555268 250.837524
356.072157 242.440116
358.000000 247.000000
357.302455 250.677097
351.312554 250.215644
358.088863 255.482675
363.589329 248.850342
358.123861 247.621108
355.701985 254.770859
358.000000 251.000000
355.193633 344.828275
353.638351 355.172025
354.528142 349.691970
363.766969 346.213529
358.335004 348.983728
361.705747 353.553394
358.000000 350.000000
362.477624 357.578610
363.980271 355.418120
354.795246 356.834318
356.494422 354.348642
358.835028 353.949851
352.429955 354.904040
358.000000 354.000000
358.345850 427.424690
359.079814 428.127488
361.260378 433.731826
354.510124 430.478846
357.467030 426.441846
357.665751 431.844550
358.000000 428.000000
359.437175 157.766510
362.394442 158.810477
353.296102 156.893417
361.745546 158.370128
358.065063 162.771708
362.070067 162.384865
359.000000 158.000000
357.896712 357.339724
358.834904 359.523313
358.813402 357.809498
361.189641 360.914646
363.849896 359.084529
359.648422 354.466029
359.000000 358.000000
364.378473 421.266067
363.095502 423.750985
363.169802 429.299065
361.085314 427.897210
359.040203 423.281207
355.110127 425.966040
361.000000 424.000000
361.102115 245.386149
365.912837 238.161977
365.213795 247.203743
364.110687 247.147132
360.546386 245.414775
360.267015 243.529076
362.000000 244.000000
358.773763 155.559651
363.060652 161.095353
365.648561 164.005913
366.160854 160.181796
365.232552 161.453517
359.314305 157.405210
363.000000 161.000000
364.078963 157.956336
361.156520 163.439454
363.477265 163.159493
366.112300 166.407677
368.676618 166.265353
363.384743 165.973211
363.000000 165.000000
359.603780 166.066780
364.499192 171.666243
361.580051 163.188669
367.651187 174.475108
367.970840 173.995580
363.872966 169.091779
363.000000 169.000000
362.256743 169.891164
359.819934 172.428278
361.829154 177.646163
364.134400 174.705336
361.309147 168.202351
362.883914 172.944283
363.000000 173.000000
356.158295 183.021186
362.927730 179.917376
368.527165 176.041470
363.363074 180.525946
360.990841 179.418587
365.200350 180.370158
363.000000 180.000000
363.739810 189.035074
361.285729 183.982191
365.556962 183.095789
361.775556 183.287884
361.603060 182.867216
361.600678 183.866416
363.000000 184.000000
359.821240 231.541680
365.801236 227.779318
361.302895 222.271269
359.225131 228.141402
356.068826 228.394155
358.478441 228.077708
363.000000 227.000000
363.512890 230.484422
365.999589 236.574101
363.382029 231.321397
369.067248 230.958360
365.758399 231.965428
367.596800 231.162599
363.000000 231.000000
370.139248 236.293381
367.288089 232.767631
362.814491 231.806001
360.385642 231.754389
366.832960 229.989903
365.856293 236.494433
363.000000 235.000000
362.892016 233.698028
361.007909 241.947481
363.062518 238.761715
366.921081 243.937982
361.687260 243.684224
362.047432 240.187112
363.000000 239.000000
362.562219 361.990543
360.255862 356.592469
358.908661 366.374158
362.313693 360.769654
363.142824 359.549739
365.755202 362.923149
363.000000 361.000000
360.682951 187.489297
362.004901 182.406782
369.123228 185.619667
365.159488 185.866332
358.197913 184.903588
364.766763 190.114022
364.000000 188.000000
371.112557 366.534306
370.823273 364.697658
362.339985 365.339881
368.729544 367.320779
364.874554 365.134993
360.122362 369.239412
365.000000 365.000000
363.992089 426.403419
365.319509 420.695273
364.459869 423.721171
364.051261 421.731613
366.633291 421.847233
363.503104 425.965715
365.000000 423.000000
368.704419 219.767716
362.481721 228.027611
373.895022 223.999128
362.875616 223.824105
363.687018 227.531250
365.682803 223.815022
367.000000 223.000000
370.448114 188.669521
368.068378 190.823111
368.850282 192.860772
372.645090 190.939766
364.791434 190.061161
367.300299 185.248761
368.000000 191.000000
363.922542 192.842287
371.483399 190.832449
368.672172 193.800757
368.748025 193.071865
368.288859 189.085739
371.441610 196.416194
368.000000 195.000000
369.809963 202.108367
361.934478 195.441381
364.492293 198.537950
371.001122 196.384128
366.242931 201.619490
368.516148 200.228693
368.000000 199.000000
370.832698 201.739639
363.783039 205.897733
374.256153 200.788051
365.987610 207.220362
365.340134 203.262498
367.482112 201.912246
368.000000 203.000000
371.812796 202.666065
369.326714 209.525325
366.917916 206.424285
368.718078 208.794415
365.092728 202.748646
367.981653 209.936260
368.000000 207.000000
366.947580 209.951248
369.241794 214.147702
369.865357 210.970786
369.193448 205.019864
367.597216 210.316628
367.987058 211.687474
368.000000 211.000000
370.665848 218.686590
369.563626 211.998743
369.777241 214.175891
371.526825 209.504983
371.290792 215.932924
367.859502 217.227990
368.000000 215.000000
367.955265 375.251538
369.494050 367.334631
368.005487 368.486289
373.027772 370.286435
361.593514 372.394031
366.742605 364.884857
368.000000 369.000000
366.413539 376.366369
368.192175 372.525727
366.322898 375.390540
365.915064 367.287758
364.848176 370.582121
370.799379 369.845404
368.000000 373.000000
364.985484 379.029994
368.510714 377.228503
368.758810 374.640324
368.805771 377.629804
364.321796 375.401777
369.564195 383.577185
368.000000 377.000000
368.628785 419.938086
364.954991 419.413855
372.069259 421.321283
369.967468 422.268012
363.849686 416.393210
371.675841 416.292347
369.000000 420.000000
366.878573 379.815391
376.150244 386.064769
369.232726 379.267278
370.538822 377.925256
370.774347 379.194013
371.953494 378.536259
372.000000 380.000000
371.756884 383.246635
373.667877 383.031007
372.803085 387.985573
372.956155 384.202591
373.893679 383.501195
371.551975 387.244249
373.000000 384.000000
375.223798 423.451938
374.776525 418.922385
367.708468 422.235369
375.140357 418.625904
375.090763 420.449064
380.004536 418.469382
373.000000 418.000000
374.478428 393.016797
374.682028 387.215392
378.401779 390.652269
371.698217 385.969948
376.235914 383.095346
369.918331 394.003983
374.000000 388.000000
375.190165 418.417699
378.030753 419.810241
376.637091 415.165106
377.878691 419.158763
376.612776 416.642376
374.307887 423.571462
377.000000 418.000000
378.313611 394.511270
383.586118 388.768827
376.418774 387.144783
378.731347 390.483422
378.536739 389.400162
375.223766 387.947824
378.000000 391.000000
381.380239 411.112071
382.708539 417.299967
377.899090 416.411202
380.408862 417.199731
379.542222 414.399816
381.422587 420.265528
380.000000 414.000000
375.715918 388.933015
381.535734 388.929827
381.212883 390.660270
375.009791 391.252308
381.655364 383.618711
381.253639 390.282225
382.000000 391.000000
381.125566 388.356563
386.188153 395.756835
383.512344 390.482774
381.919846 395.766775
381.343066 388.020731
385.814633 398.203694
383.000000 395.000000
381.955308 400.838224
383.101514 399.365118
381.803399 393.665104
378.800250 400.360194
383.293409 398.770358
382.859651 395.764290
383.000000 399.000000
389.727945 401.004071
382.860686 396.268499
385.297297 404.295952
382.174761 408.991567
382.797978 402.634865
379.053977 408.032221
383.000000 403.000000
383.450633 404.898669
380.681901 410.911325
383.908560 406.887902
383.315950 408.095451
379.741871 407.629328
389.321716 405.267121
383.000000 407.000000
