87.656469 395.942719
72.955097 443.327885
85.181142 433.510516
87.078297 439.446986
82.870080 413.774017
85.643232 433.260935
89.115875 390.903268
91.285171 406.528885
97.943818 387.989545
104.323343 463.099934
88.606489 437.271089
72.124869 455.355613
80.982455 378.614390
95.634863 400.853922
86.055191 449.333299
71.153665 460.111868
89.415855 476.111654
92.578167 393.353857
84.080931 481.188753
100.678633 366.384661
110.245839 476.959201
111.269531 377.795239
111.147082 487.993754
101.587914 363.571298
126.830363 470.568920
133.818740 349.473752
99.952805 485.617016
116.040230 470.941257
113.025777 375.895106
112.370009 503.428123
105.687638 375.663444
143.601459 487.789029
137.577368 484.112051
122.885801 469.393611
120.283838 387.201569
131.396216 505.001252
133.209680 390.889762
139.538630 502.891790
131.664086 382.094715
134.782158 497.035236
133.954860 362.105620
126.873538 500.897773
151.224733 511.431258
136.326699 384.539938
128.937762 520.281513
126.436553 374.432642
167.343695 525.579556
164.843789 368.117550
149.289239 541.244444
146.607728 351.846956
155.912650 531.357063
166.776017 361.948799
158.968392 528.188931
158.520437 363.223874
165.103679 524.124324
137.116806 350.394762
172.204946 510.875923
182.931370 368.036988
188.248174 524.478706
161.343309 347.080614
172.485796 533.830241
164.493739 364.053406
172.080597 543.287081
199.264369 543.944943
189.900210 353.647903
175.728255 524.985958
167.840857 350.209942
176.709488 540.954950
189.751570 350.487956
208.618741 546.649097
188.399522 347.070630
191.651428 502.227156
192.408415 365.779455
197.573794 529.908649
197.212286 352.903493
203.684491 528.226283
199.900054 374.701636
223.211253 536.527487
214.635909 362.400240
218.285061 525.614138
209.278282 344.126191
230.732436 523.671161
204.993658 360.617373
219.425440 533.947779
212.871548 385.359146
206.725788 537.384217
206.673956 375.103744
220.501091 552.364602
226.791192 375.581444
227.897497 535.068914
249.404827 362.887779
229.998357 554.760882
234.565306 113.924516
252.851076 109.223587
239.010438 123.804213
233.829788 127.266600
229.880108 142.897044
219.721460 120.076301
227.789781 134.216567
213.737001 142.465927
246.564175 160.740545
233.420340 158.913005
229.846275 154.458139
244.305254 158.104647
229.188458 133.757249
229.832865 167.421320
233.560905 185.498110
225.620730 175.355226
235.073651 199.200709
234.933269 187.452425
246.297236 172.042886
228.449101 213.594929
239.305257 194.494397
236.941614 181.010373
238.857610 214.358552
242.151048 204.718663
247.502415 212.848089
239.661662 226.860223
232.396299 223.399874
228.798986 232.470714
225.909171 202.216844
240.697149 250.042088
233.190886 349.350436
251.331058 547.885628
224.625466 92.856429
243.830302 229.259190
247.085079 101.079822
235.079722 244.625487
254.253399 258.287593
237.408191 238.793389
252.248065 257.118641
251.754577 253.162420
245.830317 529.522153
241.026855 254.754587
235.577656 382.168714
244.626572 100.528832
245.474171 552.035385
243.570557 73.028741
245.440939 248.825652
249.461669 249.947587
248.015722 363.949946
241.454977 265.148088
238.546980 539.426120
239.247939 81.475702
253.750372 363.541864
242.608876 280.028429
270.591706 263.426939
245.006142 269.371398
269.982066 553.186914
270.952985 88.706333
262.285171 361.523524
253.948440 266.847693
263.977789 295.756159
240.801704 285.944460
251.936514 91.193856
249.031090 547.112468
261.168511 371.322972
269.163389 299.290300
265.943229 79.243038
260.217416 312.009592
263.532253 299.518685
279.399830 537.931553
258.127605 355.446281
271.799015 76.207381
259.905879 300.092802
266.072391 553.899911
258.692322 320.607226
278.469217 316.487170
263.282703 350.458582
264.402276 71.823277
271.236674 533.886841
267.880023 304.536511
266.847138 374.034291
261.895469 324.912203
280.012806 326.345276
270.619935 77.814178
270.520356 553.556595
275.757031 364.004313
291.859481 310.502142
262.257531 59.190215
283.653029 311.722564
272.473811 382.084647
280.580429 547.285932
292.129014 63.795333
287.647869 331.150436
266.497079 358.376140
273.972647 555.238225
281.466749 68.487178
285.565332 335.132324
290.384091 359.927896
273.240465 557.287135
294.933430 67.483177
280.121380 352.683800
273.529649 318.025226
288.954627 404.607592
291.982839 548.536093
278.726610 64.329763
296.916651 340.493776
311.760071 328.457398
277.077389 368.344458
295.608733 83.334635
280.937240 381.781560
294.342471 530.664556
269.831445 66.016285
271.852670 359.605884
305.010471 387.155430
296.305674 348.305800
299.865691 530.190305
310.498965 85.479656
312.687074 353.838264
306.440554 361.790142
309.579945 539.319413
307.570117 83.011779
284.433937 386.520269
307.621684 349.568547
296.931773 537.527999
293.943621 91.498148
305.773634 380.775488
296.132178 365.503745
323.069726 522.143761
310.309857 84.629278
301.254261 536.120312
312.277132 563.680566
297.351860 52.127684
308.796463 526.549303
316.320007 61.618250
326.478510 523.931596
326.882599 74.660893
324.797488 534.642476
314.211300 91.996438
334.004610 536.509085
338.096044 82.935435
338.324781 525.969734
340.009803 63.953282
331.464411 86.887611
333.400446 529.557820
344.230486 95.966283
344.332404 530.709003
359.098028 79.535600
343.406330 545.153459
350.038826 95.906578
350.183706 521.889716
361.349466 67.511470
371.741683 536.259032
350.376516 84.994764
355.895002 532.872325
347.793738 78.353925
372.684321 541.456075
356.348051 90.992531
371.662673 553.133071
371.026034 567.684947
376.931666 93.898656
353.599058 516.731026
362.707151 97.399946
377.642103 537.026347
377.609959 79.494039
370.167247 535.656554
363.140716 129.282130
371.601571 531.599204
376.801842 121.831166
373.587104 513.306622
373.687135 539.055345
375.198999 94.269485
371.953349 537.997514
391.929600 115.898425
395.985353 543.533429
384.222912 560.323431
366.957898 554.592770
377.237126 558.563587
390.121944 105.851212
378.266982 134.291173
381.717661 569.739455
391.275973 135.527518
391.022009 122.738420
390.823478 131.076425
384.716337 557.596711
399.928242 147.613343
416.836108 551.769096
388.579622 146.201689
413.231946 577.971931
396.736083 547.985739
409.255892 570.618966
399.755606 585.566723
398.665445 567.130235
386.628079 580.521418
418.690710 592.079836
389.914292 570.003868
412.988205 816.637743
385.709242 135.124882
415.230869 142.305714
399.389131 603.771698
413.384348 814.726816
399.024687 809.797062
385.262434 575.381546
417.491714 607.533385
398.401545 608.946627
403.309067 606.289706
412.145944 774.290535
401.900834 161.251135
411.152885 143.919361
406.927154 143.196083
392.703706 793.859541
420.172451 603.055823
413.362407 785.276721
410.585024 164.510726
418.235500 171.067025
403.626369 176.293445
406.723574 182.392703
416.380530 193.084567
417.924134 186.144998
415.480383 798.278016
410.088010 618.790615
423.104306 782.862353
414.701093 195.479846
413.429728 627.299624
403.738465 605.824873
394.875244 617.740062
429.557721 643.839103
420.377808 817.141178
409.985838 193.632677
433.948235 783.981407
409.705736 207.042638
428.983338 618.814460
420.152716 640.352588
405.183361 652.003177
426.754084 800.275196
424.123117 652.130306
404.442620 646.076887
426.133498 649.486824
440.012021 650.557832
414.452601 673.925206
435.970135 657.715227
416.055103 759.714761
439.325450 763.090843
422.122817 776.712889
434.902642 774.985406
426.601993 787.583743
423.007951 760.429963
426.228094 801.326459
427.277551 765.332969
441.141035 781.840597
426.484934 686.152867
425.157951 193.969741
405.276550 212.681490
441.297562 188.671681
430.915760 221.775117
441.278279 649.171516
430.575572 796.763876
423.321087 654.384178
413.859358 750.177664
424.468654 656.439056
426.793562 689.161714
410.154736 679.442128
408.262628 707.933650
417.617408 682.009398
431.955061 686.144600
408.173302 698.063558
413.430770 720.589047
437.922470 705.842997
416.663417 713.732575
425.752037 711.070659
428.388634 731.255581
429.462652 732.931630
437.742884 734.659508
418.819051 757.712241
431.306670 751.961871
423.341624 202.232772
420.466224 790.943656
410.083784 690.175194
447.285339 710.240184
436.492179 242.681229
439.471634 815.562836
451.800954 212.811741
418.616842 222.002320
456.474253 688.020102
455.007927 720.192932
422.465127 816.651547
441.371840 199.641256
435.212343 202.692936
445.713985 221.590239
433.273125 333.670329
434.275013 245.258901
444.002134 800.357929
421.400637 354.159655
430.981776 364.177598
447.160946 224.842939
440.392553 811.039832
442.728059 334.299711
442.608638 363.083982
445.421228 237.243028
441.227029 249.105538
458.464490 238.091834
438.540749 256.083569
457.409932 266.382417
439.850960 272.256276
463.798954 268.694569
466.386154 250.750265
451.376053 288.988734
434.286878 334.922735
442.530682 303.523204
430.448452 281.719485
445.875376 338.089313
445.773157 326.165864
439.686228 332.950947
453.663064 320.784463
457.622070 319.623518
440.559978 336.704925
432.111696 789.046788
436.928882 256.030888
449.568028 328.161800
442.678282 345.951474
457.116606 345.103739
449.632616 286.784416
467.965833 262.995530
450.526723 316.623304
453.686872 808.652358
448.868354 282.738463
431.511048 288.402749
447.151950 308.766790
446.512965 304.106361
450.381545 340.150732
460.150762 344.773204
453.120372 342.716703
463.169088 806.192980
451.103559 331.123559
474.324458 809.378532
481.838706 334.838242
470.964395 794.645145
457.723484 327.879780
473.860042 540.198641
464.347317 528.988902
474.948265 525.848472
469.793292 516.749590
462.754724 532.430866
465.583831 544.579232
470.381824 558.768501
458.243539 527.462546
465.661474 562.462363
478.060012 551.023651
475.752310 556.598142
454.423799 551.620855
462.199241 569.596601
473.538107 589.027045
457.837879 576.995083
466.792705 580.201526
473.974903 799.634335
455.559622 315.048343
482.375389 523.164084
467.903904 587.542880
468.515235 787.270586
466.057920 500.901602
471.919496 509.338736
462.468974 497.895243
475.620147 602.349372
457.383788 582.792915
473.151566 616.191662
460.991119 595.428034
479.884514 601.782451
472.659146 609.299001
476.336726 591.928321
473.395439 626.687565
478.395361 645.615923
475.161837 620.889426
472.697406 318.552358
457.124765 798.719040
480.653737 497.495116
473.753555 641.302813
490.266310 306.812309
468.764885 802.770899
473.356191 301.558643
477.176604 495.890888
465.251414 629.165352
494.945153 641.181816
487.898564 649.769146
491.987716 636.347516
485.903230 638.313241
495.956502 640.039765
471.559332 650.740288
467.672737 794.100597
483.965094 660.903072
492.071565 310.068579
486.534797 466.080042
496.258105 790.372266
491.272135 658.226338
481.142026 648.258145
479.879947 682.902745
486.110239 659.864008
487.036572 664.151599
484.274184 315.929405
474.804349 510.886914
487.353528 782.847037
504.149251 658.123221
518.772857 297.927831
493.594340 492.087912
482.056921 790.579547
488.679128 313.586567
496.030456 680.399388
503.592489 504.203458
488.996271 672.758064
515.225892 689.704306
491.244671 711.280211
497.822410 688.163651
495.018711 778.324698
503.597302 286.512975
503.175941 521.799241
514.869225 670.500077
504.362433 696.231328
511.708176 799.717304
494.564475 294.213186
494.744190 692.388868
514.220595 508.522144
506.828547 789.697290
503.165422 283.649181
504.752937 702.641475
508.150337 701.958534
516.253884 704.062703
507.620619 499.926371
492.512815 735.194838
513.881734 801.905563
509.084404 277.562509
531.090776 479.332761
506.242537 718.089084
518.531222 781.065419
501.953755 286.812076
511.305938 474.046436
507.442260 729.851292
523.198099 699.763453
521.327883 754.217443
511.004365 780.963071
521.891717 294.012269
531.648170 500.393795
532.987829 740.321329
510.141951 741.259943
519.873162 720.979561
519.448633 790.239435
530.969279 279.368980
547.000177 730.766043
542.718516 505.156023
519.564423 769.823329
532.688785 287.007551
541.331160 726.456660
510.948555 485.802037
520.080594 777.305226
517.213056 269.653193
519.291439 743.925581
527.709932 483.115311
536.135875 756.691057
537.377161 755.015840
527.207128 785.788564
531.470365 287.686137
528.250935 496.153448
550.554806 768.814231
552.275543 782.072384
559.687269 272.680872
542.346713 772.889115
540.321812 500.663969
537.724203 800.523609
536.369239 278.092072
527.861272 757.762951
538.621748 485.070957
552.283477 796.490291
554.479354 285.485882
562.400239 755.680926
548.627947 493.694204
546.230921 763.281636
549.245099 796.183235
550.289562 270.991931
565.198412 496.985007
555.272900 777.745696
557.554567 770.395522
552.529412 788.714961
549.492212 276.133613
549.837249 488.405698
560.422994 791.223716
550.310931 807.093731
570.327337 280.136120
554.145175 778.204954
558.658361 494.636106
559.421036 799.381961
572.390762 285.937670
567.442448 780.470434
560.156735 486.930863
561.442982 796.500020
562.037698 257.811853
564.517472 781.116287
581.929012 468.305033
565.731626 266.751083
585.330085 483.477143
577.437932 265.153506
565.918176 454.147996
577.121270 277.039109
571.470302 482.593136
592.884384 268.481872
589.995227 463.405845
582.558288 264.765017
600.347310 459.431440
584.523275 290.231060
596.059352 451.091671
575.461416 252.341801
595.305841 460.249894
596.615992 286.780687
607.312575 472.309696
598.495468 288.595411
600.189016 444.358069
615.136582 292.033456
614.511098 473.138624
601.839303 267.823903
620.235690 432.317569
625.272140 290.814526
620.938441 471.410338
627.213164 268.739956
605.042468 427.583123
608.853423 429.543533
632.384248 270.996858
622.225964 442.353311
620.072356 248.696545
634.813190 444.631069
641.725980 276.174883
631.706053 443.685736
631.913727 279.766536
647.261077 422.309287
641.257299 425.711187
616.884146 429.365157
635.503656 268.960838
627.370701 426.670790
626.661434 272.256149
649.598509 413.088315
641.618392 267.230506
651.442850 415.540167
647.569007 271.414131
667.400391 412.633700
648.859743 284.127575
652.961323 422.798866
667.215325 268.507547
659.287154 384.256670
653.444593 260.231714
648.897912 406.582374
665.625917 401.323744
666.288716 273.509818
653.555614 371.608653
676.693271 261.632476
666.894078 371.517110
659.921631 399.579729
681.682531 302.969176
671.493925 282.026256
677.222239 405.120107
676.474709 359.275323
681.487776 283.806083
680.494068 373.334154
687.039784 360.752146
687.120321 352.236557
676.014042 289.122237
678.442448 343.295030
689.137752 284.034532
681.413454 362.864587
667.830132 317.500608
700.769791 304.167518
701.053564 336.688936
678.537764 302.808742
698.516134 329.713653
698.679011 298.296947
695.796005 312.916621
674.633213 320.571064
707.373703 284.202183
691.752863 309.072251
703.039605 325.464348
713.701366 333.005078
718.156144 312.328276
709.981215 342.761744
690.854687 318.124529
698.793361 330.615549
