59.721288 89.073188
58.339594 93.213950
60.964416 102.278978
62.529277 99.757426
61.567770 105.372407
62.444283 109.445812
61.030326 111.921856
60.062610 121.582282
59.170406 128.793659
61.640087 130.953788
63.785549 136.597007
63.926685 135.726254
61.951531 146.232710
60.588673 143.516583
61.650316 148.587709
60.684801 151.780341
62.562296 150.954762
59.013256 153.063469
61.977700 169.786576
66.073605 93.580213
65.641240 166.783998
65.898828 85.807403
66.241714 172.407829
66.279838 168.298708
64.671712 178.001914
65.618230 481.260624
64.404317 491.508475
65.703977 497.408817
66.752217 492.051824
65.906994 502.617233
65.278901 510.232001
66.813798 515.056370
64.395351 522.139973
66.854540 516.631404
64.460028 514.888356
65.782435 525.396927
66.995122 534.848208
67.159464 531.263063
66.031488 540.624388
66.685326 543.939698
64.169699 540.157083
65.979948 547.316851
67.587357 556.122888
62.271874 559.785820
66.455446 556.361718
66.302089 561.117550
66.686971 576.903392
64.845443 564.693708
65.723550 576.545867
64.835203 584.744219
67.177714 586.869330
66.673490 594.237019
67.101170 596.465961
67.213275 603.924716
65.048314 613.487052
64.493779 606.738237
64.602167 607.529892
66.410948 611.434322
65.147693 626.197986
64.219140 618.248774
67.893902 630.644199
65.967019 630.222287
65.623407 624.557055
65.734603 640.224404
66.366540 638.325993
66.254588 648.548992
68.166792 654.189416
66.474968 649.208454
66.846771 650.881687
66.908214 658.862932
65.239107 674.605663
66.147943 669.304285
67.006153 673.736712
66.571299 676.307361
65.033040 683.626969
66.140385 688.570469
65.906699 690.984114
63.623309 694.581714
65.252370 688.250626
64.761217 700.679740
67.843138 703.432788
68.658156 711.061437
70.037070 79.241633
69.623507 175.734199
70.613800 492.708047
70.977272 713.074246
75.172366 86.708754
71.400285 176.537531
74.070470 489.424974
73.647690 710.022451
75.371446 179.248193
75.095644 186.196320
75.963754 186.356504
74.612598 444.673574
77.137290 442.483309
76.720997 454.795933
75.735095 455.127336
77.059114 465.369766
76.973213 469.862206
75.275217 458.568010
78.747602 469.030849
74.099077 477.802152
76.390593 715.436080
73.565297 720.245382
75.887662 723.989585
75.138211 733.310691
76.062917 740.332189
77.148536 735.161709
76.008773 747.205850
74.363905 741.271432
76.945593 76.245835
78.172965 194.877518
80.556556 746.725410
79.883889 435.943802
82.310569 78.806752
79.755174 195.457256
79.013873 204.805739
78.812420 213.129252
81.397659 424.744450
82.639547 430.035170
81.782632 429.695326
79.593815 759.359850
79.277557 762.325317
78.675082 758.904414
79.189328 767.957539
77.972072 767.900944
79.723704 776.311053
80.983590 779.900618
84.815140 70.861574
85.767603 209.704248
83.570129 414.334510
84.713645 777.511590
88.094644 215.975716
83.944097 213.782759
84.543314 226.131937
86.487799 413.808218
84.302891 417.133193
85.359561 783.407586
85.706750 793.011466
84.705779 789.469707
85.206611 794.535308
86.765525 798.601738
84.931659 806.591452
84.928365 805.485848
86.571748 816.688755
87.737998 818.478825
86.986706 816.401319
86.851214 827.280747
87.809848 75.987326
90.065709 225.563791
89.864692 411.078385
90.779291 228.099498
88.829829 226.081833
90.231666 240.273601
92.452454 240.562646
89.866589 259.133363
91.652885 248.110232
89.379657 252.662620
89.204781 255.382898
92.155542 385.135324
88.210971 393.875178
88.094244 389.930592
91.149307 399.284871
91.244969 397.001741
92.351564 832.041908
90.891316 832.474919
90.987229 837.959418
90.356241 831.044177
89.449970 843.575584
91.486090 845.414878
91.158707 844.879288
93.017013 854.078271
92.157258 855.531511
94.153490 76.401288
95.060716 256.459070
94.674578 388.419110
97.651114 262.147046
93.536860 263.995864
96.608321 282.025588
98.870803 279.817868
94.775764 281.535087
95.809688 288.055131
96.018900 285.530289
98.754099 293.267154
95.703141 295.969001
96.367176 309.762357
98.919456 306.281448
95.487280 307.275554
97.225692 309.565327
96.005525 315.427195
95.306568 319.008848
95.707576 324.493408
95.440579 329.788760
97.272687 324.881184
96.815720 336.576438
97.248333 343.739341
97.138978 347.315556
96.428934 352.061137
97.248113 350.916614
94.664968 355.406104
93.713005 361.898705
93.211776 364.763948
94.900688 366.589183
97.209357 377.599522
95.257998 379.944374
94.846271 859.660067
96.607653 867.190781
97.820703 865.479894
99.496328 878.815352
95.897405 874.789752
95.617327 881.016851
97.039429 888.493666
95.844546 77.599068
98.725916 880.489806
101.843031 71.148326
102.569284 896.484237
99.973546 903.367485
102.321237 899.169960
101.503162 909.902652
100.752134 919.282958
101.768973 76.364180
104.956278 900.292445
109.014271 72.508664
108.932793 912.174903
107.181449 926.854318
110.298187 924.043172
112.572386 78.782419
114.751918 925.669905
117.082370 64.978990
117.720621 67.228417
116.436078 931.426982
114.801596 935.110378
123.644173 63.990161
120.216798 937.211946
123.536419 69.218936
121.869815 938.065229
126.624305 63.444203
129.085084 935.690080
130.262440 69.037885
130.904669 938.129137
135.796382 68.406596
135.712976 940.389475
137.453844 63.869855
142.061627 937.860573
142.852514 59.547759
143.562682 941.583679
149.027408 62.521840
148.108997 934.352383
152.565061 73.515319
151.389567 940.233444
157.002545 66.695493
158.038067 936.079156
160.113027 57.559175
160.608776 934.353465
162.776931 51.989161
164.756194 935.625648
170.099784 56.442589
167.383327 946.288725
170.670835 64.441952
169.795456 936.447457
179.014016 62.698032
177.445800 945.869573
180.105733 71.438294
180.767999 72.468591
178.208504 937.745685
183.036791 76.111462
179.047481 80.919704
182.966411 82.120437
184.278066 82.463034
181.161266 92.168357
181.449951 942.940251
190.914549 105.872757
186.450622 96.147791
187.670184 98.132942
188.335542 105.512210
186.396818 114.010257
186.784977 114.723428
187.668098 937.330930
188.723485 116.811298
191.640501 940.131149
192.063045 119.834079
197.010437 127.915728
195.184398 132.079287
192.107100 127.846384
195.222517 138.844279
192.812417 142.356634
190.643511 151.319024
191.609634 143.743232
196.536605 152.235402
191.373601 162.155508
195.366510 928.477354
196.740458 166.105690
195.924970 160.502048
196.503482 170.269741
197.677663 171.812420
197.954688 175.833685
198.451506 182.937937
198.695537 180.317099
197.395563 181.124072
198.490081 186.120378
197.978552 188.909267
200.415708 198.826094
196.640388 212.152931
199.366070 937.768315
201.745739 214.300133
203.593566 924.548378
207.941737 205.174337
208.238683 207.561845
206.949722 213.423033
207.097641 218.705754
206.682308 225.614231
209.311499 222.125286
208.346445 942.862451
210.886204 228.768932
213.121591 934.132001
210.018003 239.096755
212.547688 225.685599
210.019894 244.821187
212.553282 246.248774
210.237481 247.679330
214.878297 251.803805
212.608005 263.753018
211.542691 258.510478
212.692935 940.690000
214.221456 269.746817
217.448367 267.449281
218.410070 275.856673
216.857891 282.293083
217.117391 283.412214
219.475605 292.679296
216.823217 294.931820
219.823077 292.225868
219.812658 936.104460
222.965562 292.996437
225.866354 303.565490
222.718004 298.434444
222.876356 308.374994
219.404204 318.713850
223.709077 317.632500
223.367887 321.269216
224.907269 945.650782
223.593313 325.403553
225.832144 319.151759
227.644621 340.246875
227.208970 329.853336
228.559543 941.770325
230.421066 338.338112
233.055339 935.309880
236.137337 340.727217
236.641776 945.296228
238.713851 344.726728
236.542117 335.380932
238.318955 362.415698
241.467735 939.523423
243.563058 356.771829
243.816541 365.458572
246.092115 369.678945
240.416758 366.580784
242.680658 367.148909
242.733963 928.742587
246.916529 374.775391
247.436856 374.716148
245.607787 934.894633
247.814810 386.667226
255.140290 936.491686
252.744094 381.245754
254.164809 394.964805
253.396877 933.414316
259.565179 392.740058
258.904814 938.764742
261.480735 397.609475
260.017465 396.179138
266.670304 410.202190
264.185359 941.706811
265.602234 400.995810
267.036747 945.770118
271.105547 407.687090
266.748768 937.897802
275.806123 417.178795
276.196518 942.525574
281.049601 409.615642
278.860428 927.458980
285.541982 420.019983
283.027493 419.980359
284.336744 421.441184
281.832684 931.072830
290.819664 432.449110
287.051677 434.124665
287.627661 434.644498
286.293394 932.344040
288.935681 436.761954
294.247250 935.611319
291.047883 441.690756
294.905641 447.968050
292.969622 448.334605
295.737617 449.140992
296.890896 933.856308
299.088388 461.245084
298.077092 457.710943
300.863498 462.474827
298.455304 473.729332
302.693049 468.956219
298.511209 477.982378
298.376635 476.337893
300.741949 928.018181
302.114170 476.367371
306.484137 937.678491
310.120800 475.183444
306.261714 483.399030
307.081529 486.331617
308.706656 493.803838
309.602082 499.057007
307.829112 500.767545
308.536034 502.575121
310.019568 501.305796
308.640127 518.312854
307.651737 513.669030
309.542121 526.415612
309.547652 929.108690
307.746671 927.309001
311.621997 518.596501
310.371130 928.692279
311.175179 525.278096
313.868651 538.412970
310.770837 539.328840
312.138651 540.961346
311.772585 544.660929
311.514947 548.849510
314.275170 552.960586
311.739144 559.133413
313.166200 561.726530
312.255693 573.923253
313.593648 574.866278
315.578103 568.701212
314.751009 921.254675
318.955266 575.395228
317.578045 582.579976
317.570326 581.102749
319.195324 596.730556
320.211493 598.719042
315.436074 593.706879
317.312392 599.457318
315.999269 601.275560
319.213820 615.225339
319.781701 621.892556
318.701485 615.227078
321.698743 626.749212
321.427103 914.988352
322.504894 625.901444
322.162575 634.597736
324.424387 630.959629
323.897011 638.151261
322.766700 645.432289
323.825028 652.630480
322.525344 918.336315
323.136847 657.436664
326.343772 659.762678
329.680957 658.912662
328.122782 661.305245
325.790022 669.718188
327.861179 665.968365
329.154914 672.520095
326.733905 908.411942
327.705612 677.114900
330.765174 914.228579
331.832506 681.813781
335.021905 916.248457
336.839324 670.267567
340.637012 687.117486
338.871442 685.097934
338.638188 692.842116
337.397131 696.667233
339.074009 699.123488
339.899270 701.953520
337.701835 709.799808
336.686042 718.120162
337.812697 720.408777
337.705161 892.568750
340.473873 900.095692
337.900477 902.483320
337.657190 902.118041
341.700096 720.862802
343.021433 899.544881
343.697625 724.461413
343.196904 732.483977
340.257955 745.510117
343.720497 734.796044
343.057830 743.200333
341.844689 748.353863
344.737747 747.974402
343.471290 742.491605
342.936540 752.007734
343.574865 757.293785
341.938127 764.536996
341.320334 763.347360
344.257809 768.363482
346.357627 777.529846
341.985314 779.071904
341.991958 779.866168
345.335940 786.146952
342.929709 794.810270
341.774692 796.273536
341.882517 812.265721
342.662451 801.509429
343.574739 812.160578
344.420460 817.600638
342.139685 822.427330
343.296266 821.376466
342.747186 825.753009
339.937273 826.010784
340.678266 829.389199
344.134389 835.096506
342.533776 839.764490
343.382304 847.147279
344.572519 848.960259
342.650921 852.501662
342.721418 850.717460
343.408072 857.569596
344.411852 858.958087
343.870153 866.093492
339.560935 864.915627
342.516406 879.615252
341.877192 887.847879
341.325514 876.253585
344.308891 887.080913
