406.381880 1092.186652
412.572786 1096.636278
404.110758 1100.047243
423.091189 1106.591394
424.042807 1097.402592
410.687963 1120.546064
420.662319 1130.053524
407.472648 1154.162395
411.238540 1085.466287
424.255356 1101.377266
409.011500 1099.929035
411.931857 1123.483726
417.765651 1144.896026
419.433947 1040.984285
404.034615 1072.999713
416.303924 1084.752652
421.908287 1100.486834
403.626476 1117.075546
415.006805 1138.724528
402.629140 1069.230946
425.255284 1100.672299
428.230075 1165.978560
419.736006 1046.148222
415.027397 1089.121688
426.852180 1130.614596
422.113123 1066.195385
424.662645 1174.396551
419.676939 1181.235863
420.767122 1136.717735
408.967577 1202.357957
421.778489 1040.917659
425.751905 1165.620574
422.718046 1180.635048
425.372408 1190.858415
435.879306 1065.582568
421.484503 1185.294155
427.614698 1032.114353
437.435936 1043.748599
426.473496 1174.974749
435.504990 1043.707814
435.416760 1189.863450
444.247646 1030.083323
439.262253 1191.652800
438.330947 1208.095524
429.482070 1193.909920
444.534199 1013.893337
430.559956 1212.839348
450.689409 1038.419063
430.600063 1193.441585
449.992470 992.996926
443.043541 1205.924609
440.328368 1013.383943
462.000338 1197.834480
457.856475 1005.125784
453.643581 1200.298997
460.125973 1001.362226
458.020748 982.705992
448.100450 1231.903108
466.481245 965.801487
462.116762 1208.264927
463.659862 987.552688
465.920370 1220.289828
470.073027 980.941101
466.563152 1210.861287
467.328037 992.877078
466.190143 965.910608
472.736648 1237.913216
480.588602 943.711403
471.101529 1235.808389
474.507797 973.283565
478.279741 1223.073540
492.552690 958.072568
484.739090 1206.074689
483.499196 942.469073
486.139648 1254.453695
487.746867 960.146404
490.241004 1252.595702
488.327946 919.990148
490.547993 1202.851363
495.045278 936.600218
489.431207 1251.471692
498.841761 939.129812
494.891138 1248.817156
497.453985 934.876177
494.984364 1224.889911
504.791100 933.676263
497.623270 915.067441
510.536006 1201.304597
501.669933 907.987927
516.821988 904.922383
514.189005 1231.437087
519.838340 909.517268
515.931093 1230.104220
522.905248 884.531844
518.363741 1231.373329
521.910885 875.826528
523.051640 1219.566342
533.603453 902.364433
529.300246 1259.272428
529.449013 896.745108
537.293381 1246.780759
536.244698 900.665277
523.068760 1215.051230
536.496697 94.102227
535.113980 890.055599
547.243046 1245.654654
531.241304 110.309566
540.314704 82.016312
531.146509 875.562161
549.120819 1211.518040
543.564042 89.536854
531.384484 95.498188
544.161162 106.979600
539.026215 109.848353
547.177722 126.127145
534.076435 130.686364
543.208895 134.597812
541.685983 150.187478
549.079308 148.132859
540.852064 862.382983
538.731455 135.774233
535.412816 1230.079193
545.398987 75.426237
557.145967 119.917165
539.497841 92.582847
543.523162 155.627292
546.173093 135.103664
534.914128 866.175055
548.677003 149.948898
546.457671 177.297993
538.319906 182.783283
547.363065 872.783486
546.910793 143.495211
533.734513 175.911104
539.832511 1215.029968
540.225025 66.735995
555.368650 157.672286
544.847292 164.887561
541.736434 160.413474
554.151844 882.118751
557.389387 67.822388
558.125090 163.976310
551.689188 185.175490
548.561242 205.974846
558.354373 194.652431
556.710035 237.969894
550.034326 201.176632
558.811763 1227.179528
553.257349 207.017822
560.499313 858.645186
549.908130 48.889634
566.379690 193.105392
565.170184 1209.948890
557.947190 244.404287
565.609371 232.694547
540.258231 213.767095
556.943652 241.307983
547.499376 265.481541
557.195861 855.616424
548.213479 258.886950
536.558120 57.553223
560.841038 1240.715204
554.315960 219.297252
554.854664 226.041761
552.518976 850.698572
562.398239 265.280319
563.924762 253.238906
561.170123 264.389628
566.414621 267.166628
564.105795 279.613107
560.293372 56.824563
555.975905 257.963960
558.907076 1211.769639
557.820638 295.852463
562.345450 877.851121
568.630918 53.401905
559.029728 260.921337
571.212604 277.789625
571.717297 274.744951
565.484012 274.489692
566.622812 267.037791
561.463538 305.221886
568.716464 301.336612
556.747767 308.658169
560.770869 1224.217115
574.142806 829.561295
578.301963 52.289263
562.760416 277.816254
573.467170 283.982296
583.600448 319.294879
571.604102 1226.501575
559.042808 298.834807
571.670553 307.090426
563.887426 314.699320
588.842697 322.704084
564.024360 347.162048
569.058369 364.634284
561.379370 379.479184
569.961857 870.273921
578.012467 55.083118
573.689218 328.929416
584.509621 1241.229725
571.565829 353.747596
578.896804 321.214517
566.585880 364.913096
578.679354 349.300143
576.286964 371.007037
572.249975 360.462010
581.220394 844.895879
578.733628 843.720225
574.244870 50.167419
581.291476 336.541047
577.297489 388.128771
576.788072 1212.166994
579.816324 337.414373
577.054403 75.161190
579.672130 854.965481
570.575270 378.641318
586.447054 371.062000
578.432610 390.137647
579.152626 414.303207
571.630880 409.603223
587.325159 412.644341
583.512160 845.944671
586.443725 400.598600
582.740387 420.488579
589.664574 1235.144768
586.000042 1218.902589
584.013274 64.604528
586.229962 410.548277
573.471045 379.085202
582.770202 417.371275
589.586149 809.383246
591.563882 403.283457
588.950854 432.624939
584.168800 453.003465
590.314499 429.432467
588.998875 441.673786
583.668749 1214.621444
580.832000 411.387689
575.943816 70.870352
593.794357 460.741279
597.354365 808.616914
582.302188 74.017480
594.154334 443.025295
581.733973 1192.763037
596.245659 479.054494
588.698270 450.346507
582.744944 478.190332
596.931998 467.957912
575.108607 497.374118
587.368252 490.259072
600.205095 487.491526
593.022439 835.589936
596.795755 80.299716
592.360110 1217.211465
600.933492 468.955137
583.073502 453.335052
594.881764 471.055411
604.748412 821.423505
589.562839 497.110621
596.318950 493.947903
608.190187 523.294210
607.319700 527.244518
588.572712 827.839735
594.611870 62.103862
585.580483 1209.497849
587.029383 544.910719
590.888551 70.576860
608.739052 524.650705
602.407172 523.519448
591.717352 536.628653
608.527545 525.940795
609.104693 799.600195
592.639559 510.634493
603.630550 532.317616
597.350984 538.867559
593.088429 535.827997
601.299802 583.769955
602.879096 796.705226
603.606205 1208.367363
601.678280 66.740591
606.666770 509.566306
604.140986 580.295535
604.101746 518.073604
598.564419 575.394866
595.503701 549.610072
610.787028 774.484019
621.674994 1202.361223
603.956447 543.071914
594.080319 576.707680
607.846874 560.692552
613.375975 578.183967
604.329673 590.617736
602.732732 586.292524
607.666165 594.165545
616.921592 90.032307
617.120683 804.267221
605.126640 1202.420225
612.679819 565.605923
609.597703 560.849599
615.150497 585.406263
610.595854 61.170610
608.473317 606.876756
611.993730 613.679013
616.371290 605.892702
607.928831 635.576098
621.935308 621.272529
621.282218 635.992931
613.575217 633.796395
610.785211 671.679880
609.938411 655.858066
619.136764 674.334567
609.889982 737.069082
596.770806 738.990487
616.635618 760.628702
618.012294 770.525918
621.728176 795.928159
610.625156 784.437609
615.484605 802.427340
616.115237 673.007601
611.077780 745.807068
615.121976 1198.472185
619.193517 644.752474
620.637118 80.000140
614.150176 609.065122
608.537596 616.870915
603.817643 630.966364
626.961071 637.335051
616.016652 666.728669
616.265543 742.291546
625.502998 767.018280
622.368059 791.068874
626.948004 778.800565
609.014481 643.181515
615.112876 661.914954
610.333094 694.968520
612.172486 699.854922
605.384134 689.934111
605.697709 707.500849
620.702032 700.230039
623.667415 730.243947
623.312912 726.728954
613.992640 717.777371
612.342501 745.910829
621.577089 765.327249
597.531471 681.229990
617.812113 727.050479
609.375897 1194.345454
615.181654 92.593582
612.684733 89.687614
626.422309 95.382635
615.356007 93.039489
627.248340 688.670613
609.384230 706.639539
604.674311 718.880338
620.551767 728.080223
624.472114 702.578914
614.079012 1171.290048
618.596525 102.915770
636.027652 1203.617567
624.317956 95.914435
635.362223 1171.541179
637.645435 97.802447
631.734623 1162.220494
644.758199 114.321526
634.374170 1147.295995
622.874404 113.786241
640.118163 109.076456
630.940994 108.110516
641.665731 114.461729
645.520807 1190.969357
644.555439 103.797131
638.323515 1160.742040
632.653314 118.735490
645.078792 1174.862119
649.415183 140.120302
652.819339 1184.583840
647.486125 150.820821
655.662835 145.803995
642.303885 1172.715409
653.009610 137.703579
643.500126 122.735951
655.941516 141.160918
660.922609 1150.864188
656.779119 151.811835
671.378487 1146.519031
653.199454 144.562073
654.838385 1153.526900
665.134218 129.897053
659.828514 1129.581331
658.546436 1130.486209
668.313308 1163.678852
664.524816 144.908264
667.560862 137.732888
660.581601 161.188724
672.916744 169.774845
682.199294 1174.342682
675.408097 1139.407096
671.009651 157.148524
677.406263 1158.824330
692.887439 175.328260
676.927549 174.863115
685.435052 172.636180
690.357814 179.856486
686.685470 1171.377929
689.409913 1179.545749
682.988150 176.161005
686.147421 180.684072
689.021769 1182.753046
694.560194 1175.501847
687.364368 165.130070
692.288290 1192.533693
710.388939 200.409548
708.603692 1190.118499
685.483476 169.543126
693.453877 207.787374
707.133919 1206.274364
690.625757 1200.402050
705.457161 200.416532
706.490693 1184.396973
697.533547 215.746316
712.727700 1193.461345
712.254948 219.464653
697.386376 193.450993
714.714444 207.127947
711.598016 1203.093964
717.205715 208.930174
714.729408 1202.717243
721.074194 229.364670
713.184029 1205.654015
730.000522 231.827667
720.909737 1210.206351
727.129129 229.177612
720.500787 250.212467
728.681115 244.145030
728.818700 247.242026
717.251796 1209.345329
731.153838 233.332040
730.984446 1220.581020
727.285722 240.591425
718.398628 232.875321
730.290211 1216.402271
729.795020 244.272506
747.609864 1216.730113
738.648217 231.141662
747.291389 267.660804
735.117870 1241.838684
738.333248 1201.124227
734.363266 1246.308272
738.665316 250.628524
723.934157 245.198756
747.255063 1232.114829
755.434308 253.425261
749.698526 271.434132
754.596287 1244.889503
741.258344 285.979800
748.848001 1274.316631
754.705729 265.981798
754.871887 1256.178826
760.034387 299.695162
751.401464 281.742627
760.435709 301.457437
754.129890 312.415543
752.266311 1248.517967
772.185590 273.088986
773.021682 304.230469
762.714165 307.483484
758.939739 1247.265975
764.352770 1272.035320
768.284553 296.697215
767.590626 1263.609165
754.476641 328.241251
782.686578 1241.966373
767.611148 313.171386
776.613966 1251.414954
783.139047 301.888316
774.271010 1275.062983
772.842585 311.769822
787.258256 1271.892361
782.940067 283.978979
784.313071 305.784633
783.328572 1268.899849
786.971579 307.530169
785.217175 1267.074059
797.367292 294.255485
803.039088 1281.170921
801.869422 303.127922
794.471637 1241.840252
787.188667 281.013615
796.975415 1283.221939
794.377505 280.745017
808.844430 297.911568
799.914365 1281.996728
824.337846 292.350465
802.853150 1287.577165
813.278418 279.892553
819.009233 1285.370479
819.474188 286.117987
806.787472 783.616473
812.283201 790.179750
818.341667 823.711010
813.749827 815.440219
814.179179 823.812312
816.774689 1277.811523
823.334152 762.926224
805.784964 767.452143
816.862710 827.924498
812.700804 792.963390
831.559475 281.484499
821.424193 792.137672
819.183178 817.766798
825.926320 812.903212
822.545801 842.371395
831.806151 1283.652307
820.962090 717.686182
810.070538 745.770578
820.982201 745.274087
829.712543 749.360387
826.997084 781.982059
828.685337 764.071116
825.066326 777.526995
824.775796 761.791152
824.671582 822.348351
820.356582 851.690119
816.409137 835.077407
816.802240 266.027158
828.383908 277.456036
821.389696 832.423044
818.412024 1253.164033
822.709407 698.998378
823.838279 764.434507
827.343263 742.292936
828.814475 703.469306
832.390338 696.429159
824.651914 721.993036
820.104346 726.869397
838.998053 862.060304
820.595956 725.753814
829.937901 867.479724
829.095163 264.346873
828.822211 1260.884485
840.126422 698.834108
829.014282 712.928591
827.527467 859.396805
833.466678 837.145537
843.162052 875.209486
821.199977 889.605293
840.292487 270.458371
836.805019 858.137498
824.674233 1273.665902
841.062481 673.642558
835.794536 274.567421
841.249221 877.640972
837.735857 906.104703
835.900313 678.979554
841.660135 850.376172
843.599049 1261.403148
831.642963 257.626814
823.849735 911.610335
854.184241 695.441639
849.713535 1308.493387
841.019963 713.072397
835.895655 284.873647
850.186424 889.207080
852.746911 248.630942
848.142417 1279.160858
842.393425 677.258848
854.244240 669.883585
852.432280 643.260894
851.691985 672.734022
844.723327 890.753739
845.214084 886.503688
842.970558 911.982180
852.837720 243.352900
852.877736 640.266195
860.196114 916.973261
855.969635 1303.666276
851.505054 661.556277
850.054837 671.017555
857.612026 686.269267
858.525889 887.791149
845.787374 908.828384
852.533915 911.699899
850.029323 268.666791
841.397212 1280.200644
853.446739 634.734970
871.611414 915.649677
849.025301 237.740268
862.752819 651.480134
846.636080 1274.744968
865.982715 642.101971
867.005021 252.200049
858.101598 905.909062
865.153715 630.546309
854.465067 1260.752006
856.201410 615.778965
872.232762 929.811148
866.614843 911.360358
869.031822 257.927264
863.750148 911.682303
855.943061 1277.284793
877.462457 259.690176
858.075478 621.167702
864.236688 612.300854
876.345897 948.690693
872.818756 1291.258396
867.996391 235.004342
879.118944 919.052240
875.768391 594.695998
877.939603 1250.579821
865.828528 228.897128
872.399340 930.741210
878.979316 603.617942
860.739391 1255.573135
880.574654 245.125935
877.524268 597.483723
872.986933 926.960039
886.915309 942.491861
876.907834 938.208197
876.393258 973.362396
884.983699 1271.433737
878.249254 216.632482
870.443684 609.270457
899.551346 610.269749
882.244409 938.294430
882.665441 1245.333527
883.095341 950.808486
891.963966 259.783354
879.098100 587.047661
878.897589 960.249358
897.627640 961.640924
893.450155 982.348751
874.088933 1237.487554
882.734787 1234.744905
889.390145 221.281284
878.164193 601.021363
890.969194 213.628278
899.485662 989.682259
896.634056 1249.674810
892.228122 564.725695
896.129898 1221.189095
893.499184 220.503160
894.409657 972.380519
901.905344 575.730955
908.292013 1224.263680
888.597938 553.929189
901.837137 995.764720
904.090893 206.228019
904.418221 990.611666
892.476201 1257.890026
907.838686 549.779110
901.575756 998.247366
896.663408 980.336506
902.989381 236.997663
906.782541 1232.739266
897.465707 997.974322
910.846861 233.487189
910.265158 572.598551
899.109031 1210.868272
904.564631 998.190526
896.631358 1210.391858
921.534684 222.353134
910.029923 541.211543
920.496372 1001.763511
903.832066 1203.805729
908.570160 994.519997
916.428898 988.539505
916.375936 1206.029473
905.790639 205.116132
905.007706 570.906688
910.974935 1017.480995
918.476264 1207.701282
919.580345 207.899612
920.447483 559.668957
923.112929 575.209789
908.226290 1001.680915
909.192651 1021.869637
914.602284 1170.934814
916.970804 1022.252864
912.170587 1180.569667
934.102621 1190.422085
914.005405 1184.687185
915.540344 193.154462
940.789655 557.361869
922.410193 1170.721544
921.709370 544.877797
929.227943 1035.040590
928.075050 1018.945545
916.208330 1037.485072
930.743648 1039.273918
929.558492 1109.243672
922.459266 1169.598916
914.892725 1144.630102
933.879474 1160.229172
912.884788 1181.746879
929.421796 1030.163159
931.951154 1202.757911
929.205351 193.527582
925.041054 1167.397312
927.422435 532.411035
914.779004 1044.244069
930.041243 1076.942707
931.311977 1091.151754
919.312717 1101.000587
916.316954 1135.501216
940.609035 1179.232528
935.315958 1051.110508
923.737048 1066.312573
923.108841 1065.884636
938.020667 1067.146007
927.904664 1085.489805
924.182704 1082.932409
921.110958 1118.065277
934.772881 1123.852759
927.873086 1126.693654
933.960734 1131.911649
934.019337 211.101251
934.373566 1098.402895
923.220752 1088.970039
930.990917 539.808552
924.404058 1068.379659
935.334470 1074.357419
932.723844 1102.271063
930.453738 1116.829229
924.769130 1135.017591
921.131134 186.539410
936.815098 513.347183
936.146209 186.850628
937.406752 520.256006
929.842518 517.773269
938.160587 181.191436
932.856081 496.313444
946.922579 189.903176
945.402668 504.833972
937.380199 195.630714
949.220608 504.550596
949.542864 230.782896
947.239307 514.684420
954.917822 500.082167
951.018544 180.753150
952.078979 495.317915
960.070056 476.243974
955.468840 201.654822
956.872500 495.541406
964.520315 202.893633
978.737391 467.804276
961.926387 187.532912
973.437125 442.332553
969.080829 186.238998
962.090051 197.449189
977.884630 476.100021
984.550774 172.119539
979.683431 472.899120
982.113578 484.963922
980.260497 182.018457
975.729935 175.008785
981.820995 463.074966
982.876088 164.494353
994.636876 465.072877
986.300442 462.057917
985.009320 172.018580
996.067305 436.623517
988.630358 153.342706
989.805701 461.911808
999.725307 162.244422
1003.608254 427.756682
994.398042 185.479486
995.957367 445.105028
1011.281411 168.842149
1002.864064 405.565839
996.981252 175.596762
1013.500105 426.319258
1009.542727 435.693098
1007.858576 174.247244
1011.431998 442.010303
1026.853813 403.250136
1020.220115 183.574428
1006.774632 381.386502
1022.024308 206.059966
1021.751784 399.896908
1025.015549 174.460239
1025.648562 400.367891
1014.525295 401.915844
1028.304999 184.361028
1016.998291 390.261256
1025.042949 407.321632
1025.894942 171.518733
1028.708810 393.514816
1016.912154 361.760635
1024.044143 178.895461
1042.777681 172.531477
1046.015998 378.710906
1038.827896 180.151286
1052.190057 368.652440
1048.036650 369.497752
1039.571453 176.614762
1068.570849 355.613613
1047.887522 180.040899
1048.945443 376.432764
1049.668617 185.196672
1059.712599 336.020024
1052.666462 337.370163
1058.894366 172.695330
1061.049643 347.291462
1049.312446 191.535675
1074.639018 182.466952
1055.689347 322.179481
1060.783798 192.676351
1072.632471 325.765634
1071.427362 174.532173
1064.706280 197.737293
1071.342363 206.395445
1069.373210 316.741935
1063.306756 214.468819
1073.312286 214.746370
1063.883301 227.300630
1068.433327 294.477806
1075.828245 295.989677
1075.903128 315.321767
1066.717924 309.941550
1062.301375 231.113543
1073.438171 282.122513
1071.008705 282.862323
1070.806846 252.904653
1061.910199 226.614579
1085.859823 220.964209
1062.784839 250.274161
1064.066818 271.719274
1082.108639 264.965026
1077.525154 314.897124
1063.043142 285.878082
1065.533174 296.261673
1074.324396 237.997454
1083.636932 237.422305
1081.726812 223.589982
1080.484805 248.396353
1065.506081 280.959629
1062.148779 291.477808
1081.454650 250.039238
1080.017848 281.823859
