60.366718 301.701513
46.315190 284.429268
54.951697 290.298522
47.330860 316.000736
54.029720 323.773078
51.768514 304.619135
59.928527 332.448190
52.069305 328.606419
57.428808 318.317345
45.901376 324.219474
48.971136 306.876344
59.782211 314.223723
51.883879 368.820528
56.843571 347.416738
58.368411 366.256134
57.229689 300.240157
55.126622 367.222065
48.397231 286.124945
43.352884 354.745342
59.008465 372.427424
53.742656 410.069811
67.260816 396.936287
45.055135 405.825689
60.351856 406.710433
69.660476 270.276983
53.861064 373.473352
65.454167 392.722263
58.441576 392.038300
65.633441 271.450040
61.531753 348.168502
51.326310 388.299637
53.843805 373.400289
52.229802 381.924778
69.723608 381.808015
65.381127 380.947206
57.433042 451.922199
68.043050 420.215311
57.013588 439.174732
61.679496 422.549715
64.081773 448.413625
69.544180 281.848327
70.184639 111.056276
57.167024 111.827902
65.043588 103.517610
70.416497 126.486268
69.585799 106.433713
65.299264 126.892470
67.620388 131.509152
65.372646 134.580076
63.165586 143.215071
67.710333 122.471487
64.500678 112.330715
67.991586 130.868798
61.873702 447.511728
71.882254 470.010078
56.240839 443.861013
63.059745 432.035548
71.691054 448.109664
66.789523 164.623822
63.148538 442.202248
62.060336 285.447715
72.221699 89.529674
73.510776 114.495702
71.401140 157.674674
71.377874 182.500713
71.585132 246.973978
70.260806 449.754200
64.651166 485.960555
69.732071 465.887002
67.007537 471.665833
73.507621 139.266281
73.024938 129.638244
69.432136 244.329596
73.477829 92.817828
77.800923 165.734488
67.450651 142.298458
78.342541 478.539670
73.100652 475.899118
80.550688 268.410693
75.061048 487.728939
77.310768 87.498504
79.811482 188.220277
74.554292 478.756548
84.998594 496.909059
79.564063 497.712763
76.050281 487.694032
76.104010 514.228044
90.109976 513.157069
84.184824 523.608552
88.911230 495.331003
87.110018 525.430991
86.733625 532.569591
66.882292 168.670418
79.440666 530.283374
83.176472 267.827496
91.426579 55.310561
88.837232 172.377075
83.272202 235.261249
96.727524 544.253723
83.620890 552.788104
88.147632 528.994259
86.326193 551.282545
94.306408 542.892074
78.485955 88.665078
90.473540 162.588147
83.474721 250.544555
73.778055 556.396263
86.296734 55.157255
80.289512 550.618914
91.464622 561.590778
96.424747 551.847667
85.259302 581.467223
90.078871 538.157398
91.853556 211.990641
90.796082 574.007828
103.324753 236.923292
92.363492 81.622790
90.680381 164.524545
94.642052 581.154092
102.459376 565.540265
100.259528 589.781221
99.853880 226.700033
99.462225 601.859316
89.739297 85.749527
100.733783 160.542053
99.749548 255.363242
97.250548 574.867628
103.012327 191.113088
104.298202 43.802963
114.383736 211.532265
100.730394 580.434977
103.968488 81.208574
106.383822 193.861727
111.016575 220.567730
98.129685 567.501851
104.291965 613.218973
117.543035 52.104712
114.643697 213.591274
105.985681 221.206740
109.411990 580.794428
109.183366 176.206683
106.433299 224.867811
108.044609 208.880956
107.772033 216.838212
119.433482 34.981743
113.502871 618.429633
123.315717 61.041478
124.367241 608.503213
117.234942 641.629460
119.522294 692.466137
120.288192 695.091525
122.812694 718.075947
122.045456 719.738618
120.487677 721.677000
116.023723 739.992475
116.365953 731.287622
121.927461 733.060800
123.339099 753.654480
122.904385 63.188431
129.707752 627.963350
123.742925 668.942266
122.603911 748.821150
137.898740 33.578502
125.592614 689.899154
127.536769 704.847562
128.416849 751.862257
129.563267 760.132335
126.135071 749.317837
128.589337 763.206849
131.967882 604.179594
131.898921 743.776409
120.718272 71.586232
126.551629 655.880757
126.967844 618.773979
125.998669 666.101943
128.989396 699.966275
126.360340 734.985851
123.738993 749.121158
128.893690 775.969245
124.107872 821.984731
133.316663 800.144937
133.981735 817.130395
142.744091 842.889873
129.150472 811.937068
132.684302 86.318942
134.643179 841.539837
137.765532 601.189633
134.051341 656.796211
139.271386 740.426629
122.936107 823.862009
136.041690 611.748202
147.657087 636.626461
124.629991 607.772094
129.208963 648.946588
131.041025 648.993622
139.499285 635.212482
136.689147 655.178571
131.306812 657.098674
132.896906 765.004223
144.582679 773.501015
139.022727 754.300000
139.015911 794.277717
139.055071 789.256873
134.460428 855.609258
130.508415 49.490213
138.359759 804.941235
143.503656 802.602345
151.420131 779.516557
145.393362 765.790101
137.883915 786.987028
134.950818 842.117859
149.236954 37.936588
144.833918 849.564934
139.240233 59.636312
146.598662 849.416484
149.903062 23.020476
150.819176 824.042976
146.184267 43.532249
153.632381 847.605835
168.429897 73.296218
155.100079 843.554133
165.026905 69.472896
159.916376 830.314828
181.526415 31.171627
159.899255 835.300947
170.384206 107.875580
173.413685 854.384070
166.073501 54.222285
167.607380 838.819429
188.954013 47.206142
186.117941 847.624106
181.516341 49.867385
196.610847 839.870403
181.560848 24.959819
187.370033 844.426953
194.177677 35.780932
189.390610 894.502848
199.468077 836.965098
200.124301 87.048251
196.767051 822.402277
202.857417 68.122804
196.264005 847.764813
206.337170 67.695401
201.765945 850.937229
208.409603 71.585737
210.131996 842.272561
220.296634 50.235082
212.434732 845.576131
208.227755 44.215657
219.716572 844.984090
220.381280 62.580610
215.233762 102.956953
220.420116 863.832618
222.607241 88.672325
223.997943 850.928387
220.160029 84.610115
223.421918 886.095066
233.067732 106.969173
240.280287 865.990351
234.083595 74.739835
238.777247 860.124011
246.165207 106.052531
244.454889 849.913752
234.995380 77.513929
252.106624 720.807934
235.701136 771.464664
244.894112 774.389536
246.937879 794.964431
245.929702 771.376717
238.265025 861.312480
242.674813 82.850438
239.352581 753.817995
248.462032 265.385304
238.488032 247.255649
242.702655 706.163758
252.885636 771.980125
243.858259 871.445725
259.061145 88.323448
261.724821 235.289617
248.266300 773.994823
254.071548 91.487959
255.865271 233.046820
253.693116 728.461884
258.091342 840.834657
249.625840 189.374576
248.239625 215.112202
254.493030 208.227498
243.402423 247.028309
251.947260 714.683790
247.406735 723.812514
253.139051 49.920164
258.505042 87.254943
257.014163 243.415600
264.909059 773.936850
265.982636 885.025137
258.853053 229.657119
258.061569 743.214135
249.818957 759.859352
261.155687 105.315945
252.341487 89.351222
254.628054 193.925136
268.611559 223.246846
269.270642 132.922249
266.685141 247.564247
252.815591 721.910801
259.380033 768.730548
276.618988 832.634265
268.313810 215.208125
263.048316 120.924283
259.568942 112.144283
267.978361 115.603521
276.311770 156.168880
263.046913 148.270018
268.376921 133.395014
270.763038 137.737466
268.192312 117.370654
263.301345 143.276224
265.724236 136.782147
263.337758 146.241751
254.871873 134.697025
267.129538 140.324078
268.731874 148.837456
260.481340 195.657562
264.194359 181.969920
260.251537 203.352441
264.359446 209.156625
246.180197 698.187569
259.656222 696.623810
264.030742 710.643427
260.405220 719.889742
268.436909 194.831359
257.866419 256.431640
267.704631 772.737888
255.691576 861.372508
264.653757 724.899531
267.563825 193.835942
266.390173 270.669122
264.274946 184.915097
263.645698 652.066600
267.061707 663.788414
269.106147 686.326424
273.790870 686.762243
260.141233 701.815608
278.719189 776.628397
263.517271 874.194176
264.397124 270.434905
269.846557 785.705992
260.119264 686.678753
271.943941 860.703389
280.718827 265.004562
274.617740 655.084097
279.542071 242.768622
276.290088 803.201301
277.863203 852.973201
271.002975 665.252516
268.736576 259.565462
285.561147 297.280022
299.140289 306.799018
279.935803 295.548214
289.727246 301.062533
275.655435 288.860180
274.401717 814.515680
275.025379 281.878144
264.229788 673.483910
271.096854 843.499214
280.667161 787.477504
279.261001 315.675554
282.500166 284.507672
289.062783 321.871716
289.142398 370.038919
295.265749 338.640802
280.247561 360.259504
281.235674 356.466520
278.686972 604.365099
290.775230 594.790102
291.756686 610.840566
277.233115 608.971435
285.229335 652.887425
277.341100 670.180541
279.150281 850.228638
279.076480 334.039767
287.201017 365.983319
284.066578 802.511554
279.983288 601.508560
280.174043 615.228718
284.819101 336.539663
284.614295 629.859119
283.837527 837.112987
289.737440 314.714474
287.658007 323.989985
287.234172 329.838121
291.280287 319.773211
296.787081 335.537364
290.130189 346.802731
290.866262 351.445326
283.618827 382.573785
281.539923 637.453603
286.968583 626.593866
288.261129 636.301354
289.094316 612.847266
296.587718 635.204153
289.019622 650.754069
282.648980 667.553855
277.178595 777.429290
284.963442 342.429581
284.612653 621.596279
272.625188 823.499016
296.345818 801.260503
290.237484 374.843436
293.713928 363.850530
294.048965 560.111666
293.642059 361.844050
288.728189 841.829014
291.410279 807.269523
297.122955 596.974021
296.288957 422.637430
301.093737 392.609151
291.563738 397.827836
296.699656 404.923655
292.981375 429.841039
286.018674 838.668998
306.545674 571.421985
311.711656 787.254894
300.856322 407.905533
304.881347 833.333637
305.065996 410.499546
302.483454 409.663634
300.295835 380.595942
313.189582 441.111948
292.443416 576.606374
303.134861 542.770694
310.928976 563.213861
298.650684 562.662318
299.859998 556.719206
311.085372 813.324882
298.341757 426.781376
304.887700 580.876328
307.472578 790.229552
299.888184 540.502232
315.007205 793.212967
314.054873 436.912273
311.335284 426.014117
310.440631 440.992906
306.812499 548.039037
311.218358 841.254318
301.512615 764.531571
319.189224 447.173250
318.966725 442.440218
308.668033 436.558486
311.718754 451.304317
325.863038 535.765668
312.598062 823.887799
313.094376 803.732359
319.723394 494.524439
321.411330 455.616170
310.675071 468.230254
323.355751 478.375158
321.661146 483.082401
319.866758 480.240241
315.603533 531.056305
317.192590 804.963241
316.087213 828.731657
321.124054 813.292043
321.454401 481.687467
318.595254 843.660554
318.345224 499.439420
321.427624 823.335764
322.496556 489.799012
316.107411 468.851929
323.915497 521.757931
331.110965 780.995293
329.831943 807.380763
326.363748 518.830505
324.843462 494.725181
321.894658 469.924297
334.154735 479.643521
330.875665 509.109231
330.238060 486.792765
333.045740 517.685647
325.355847 504.623792
335.062777 521.232459
