33.375806 469.691134
23.129364 461.013619
38.187738 428.879615
24.437474 444.851661
22.740718 431.047175
34.206880 471.833749
25.999889 487.883814
56.924612 488.860782
41.734813 409.475123
57.685523 467.745274
36.708478 472.415513
29.424422 512.800135
57.706004 430.925648
68.097157 507.320025
55.399322 403.018978
66.394771 514.552664
77.723561 400.818896
50.942169 504.275386
71.748728 508.196436
58.238619 396.443062
75.213162 517.646923
73.622582 383.323172
76.394154 522.461711
89.091818 366.940703
82.737406 506.344025
95.065330 349.702558
100.649096 512.798227
101.587150 524.903560
108.696886 382.636096
100.626436 330.427258
101.461865 499.129736
112.744694 338.612902
103.805552 484.186284
99.854543 321.447216
127.075634 489.715164
117.775309 336.110278
114.172220 491.579871
122.906597 326.079133
132.955689 463.381782
155.393063 305.753863
153.480534 458.372795
148.324491 305.443038
158.527453 476.575372
182.275442 293.166677
165.576257 441.696824
156.876068 301.044770
170.616175 451.471282
176.669190 289.070548
169.774955 442.306360
188.432245 265.582491
183.819775 451.381978
174.697061 269.923639
187.297771 275.176972
203.859455 450.267816
201.916026 205.092036
212.223871 256.477342
224.897040 199.427656
206.200377 210.839225
210.569164 422.040639
212.579095 221.272825
217.907236 219.838671
220.440805 246.677360
216.414737 225.468525
225.896235 424.047973
217.949937 205.677397
231.877932 425.449613
219.939744 197.566981
225.410521 401.642120
244.380141 199.227633
261.104074 403.702390
266.641191 213.603870
263.555200 384.083809
253.425177 216.711035
271.399454 390.591715
285.083361 376.950335
263.378112 196.682116
274.188973 378.283545
264.594205 206.873077
280.189501 366.781103
291.873877 171.236023
296.941608 363.452536
284.120600 171.609298
306.757324 342.168651
301.395310 165.149120
289.500082 355.591951
312.412200 345.489332
320.474529 159.911383
300.005401 356.973326
333.871994 160.895874
331.234169 367.931643
323.800047 158.576516
336.517750 356.404841
324.718661 405.619688
322.179699 123.969701
328.813587 386.303652
328.890519 130.298292
337.101271 402.920760
348.843679 131.664117
331.139490 416.669725
329.999106 117.445582
339.961736 294.842367
362.127499 411.939038
349.313457 299.974794
345.437822 108.702245
343.740445 294.834823
341.977802 401.359633
354.026541 324.468622
362.947991 100.025161
358.729698 281.150996
374.086961 400.130255
361.323192 306.565687
361.879228 86.460731
384.066908 286.863312
355.495795 376.433126
367.208134 328.264707
367.207117 62.748506
369.022582 263.557623
381.744248 372.995788
377.645862 294.825394
391.231319 71.489105
392.840391 273.312376
383.883806 362.632590
381.470849 81.849747
386.929624 330.884870
396.949278 365.595026
372.470680 260.743643
404.454073 328.364234
406.224838 335.682833
395.214577 55.515725
391.377643 256.734558
418.488732 223.824436
402.034106 67.498209
416.631047 216.435796
406.011672 47.114524
417.249142 240.417259
425.099172 27.576789
425.103459 211.129765
449.409966 39.943781
447.074285 196.916222
440.489408 41.076023
434.481286 213.984932
456.021056 194.717162
447.206452 179.304331
473.342566 41.257514
468.167343 165.216859
468.423650 22.787715
461.298020 20.957820
481.869667 151.442696
477.715087 23.596820
495.573490 162.326225
478.494493 46.472685
495.736415 24.962916
501.993956 143.822031
471.751863 44.377766
479.783513 144.147501
470.511071 33.637663
515.719603 124.786904
505.040563 133.782159
522.139655 60.771151
503.876282 98.121863
524.662045 94.133002
491.496265 119.263661
515.036636 38.780742
503.009134 73.217570
511.304970 117.393623
511.598538 84.395431
533.706633 63.377684
519.111381 80.015665
