26 181
26 185
26 189
26 193
26 197
30 177
30 200
32 204
34 174
36 207
36 211
37 170
40 213
41 166
44 214
45 166
46 218
49 164
50 220
52 160
52 224
56 156
56 227
60 156
60 230
64 156
64 233
68 155
68 233
71 151
72 233
75 147
75 237
79 146
79 238
83 145
83 238
86 141
87 238
90 137
91 238
94 134
95 238
96 126
99 238
100 122
103 238
104 119
107 238
108 116
110 234
112 115
114 230
116 111
118 228
120 111
122 228
124 111
125 224
128 110
129 223
131 106
133 223
135 106
137 223
139 104
140 227
143 101
144 228
147 101
148 229
151 101
151 233
155 101
155 233
159 101
159 234
161 238
163 101
165 240
167 101
167 244
171 101
171 247
175 101
175 250
177 254
179 101
181 257
181 261
183 101
184 265
187 101
187 269
191 101
191 272
191 276
194 280
195 104
197 284
199 106
201 287
201 291
203 106
204 295
205 110
206 299
206 303
209 112
210 305
211 309
211 313
212 116
215 120
215 315
216 319
216 323
216 327
216 331
219 122
219 335
221 339
221 343
221 347
221 351
222 126
224 355
226 126
226 359
226 363
226 367
230 129
230 370
232 374
234 132
236 377
236 381
237 136
239 385
240 140
242 389
244 142
246 392
246 671
246 675
246 679
246 683
247 146
250 395
250 667
250 685
251 146
251 399
251 403
251 661
254 688
255 149
255 405
255 657
257 409
258 689
259 152
259 656
261 412
261 693
262 156
263 655
265 160
265 415
265 693
266 651
267 419
269 162
269 693
270 647
271 422
272 166
273 693
274 646
275 170
275 425
276 429
276 433
277 693
278 645
279 172
280 435
281 641
281 693
282 176
282 439
285 180
285 637
285 693
286 442
286 446
286 450
287 454
289 182
289 636
289 693
291 457
291 461
291 465
291 469
291 473
291 477
291 481
291 485
292 186
292 489
293 635
293 693
296 186
296 492
296 496
296 500
296 504
296 508
296 512
296 516
296 520
296 524
296 528
296 532
296 536
296 540
296 566
296 570
296 574
296 578
296 582
296 586
296 590
296 594
296 598
296 602
296 606
296 610
296 614
296 618
296 622
296 626
296 630
297 544
297 693
300 189
300 562
300 689
301 547
301 551
301 555
304 192
304 688
307 196
308 688
310 200
312 689
314 201
315 684
318 201
319 680
320 205
323 677
324 206
327 673
328 206
328 667
330 210
332 663
333 637
333 641
333 645
333 649
333 653
333 657
334 212
337 216
337 633
338 627
341 216
342 623
343 567
343 571
343 575
344 579
345 216
345 619
347 563
348 527
348 531
348 535
348 539
348 543
348 547
348 551
348 555
348 581
348 585
348 612
349 217
349 589
352 221
352 523
352 608
353 497
353 501
353 505
353 509
353 513
353 517
353 591
353 595
353 599
353 603
356 221
357 493
358 470
358 474
358 479
358 483
358 487
359 465
360 221
363 457
363 461
364 221
367 453
368 221
370 449
372 221
374 448
376 221
378 448
380 221
382 448
384 221
386 448
388 221
390 448
392 221
394 448
396 221
398 448
400 224
401 444
404 226
405 443
408 226
409 443
412 226
413 442
416 226
417 438
420 229
421 438
424 231
425 434
428 231
429 433
430 235
433 433
434 236
437 433
438 236
440 429
442 236
444 428
446 236
448 428
450 236
452 428
454 236
455 424
458 236
459 420
462 236
463 418
466 236
467 418
470 236
471 418
474 236
475 414
478 236
479 413
482 236
483 413
486 236
487 413
490 236
490 409
494 236
494 408
498 236
498 407
502 236
502 404
506 236
506 403
510 236
510 399
514 236
514 399
518 236
518 398
522 236
522 398
525 394
526 236
529 393
530 236
533 393
534 236
537 393
538 236
540 389
542 236
544 388
546 236
548 387
550 236
552 383
554 236
556 383
558 236
560 383
562 236
564 383
566 236
568 383
570 236
572 383
574 236
576 383
578 236
580 383
582 236
584 384
586 236
586 388
590 236
590 388
594 236
594 389
596 393
598 236
600 393
602 236
604 394
605 240
606 398
609 241
610 398
613 241
614 399
616 403
617 241
620 405
621 241
622 409
625 241
626 412
629 241
630 415
632 419
633 241
635 245
636 422
636 426
639 246
639 430
641 434
641 438
643 246
645 440
647 246
647 444
650 250
651 447
651 451
654 251
654 455
657 459
658 251
661 462
662 251
665 465
666 251
667 469
670 254
671 472
674 256
675 473
678 256
679 474
681 478
682 256
685 480
686 256
687 484
690 259
691 487
694 261
695 490
697 494
698 261
701 497
702 261
705 498
706 261
709 499
710 261
711 503
714 261
715 505
717 509
718 261
721 512
722 261
725 515
726 261
727 519
730 257
731 522
734 256
735 525
738 256
738 302
739 528
742 256
742 298
742 305
743 529
744 309
745 294
746 256
746 533
748 311
749 293
750 256
750 315
750 535
752 539
753 292
753 319
754 256
754 323
756 542
756 646
756 650
757 288
757 654
758 256
758 326
758 330
759 334
760 292
760 545
760 642
761 636
761 657
762 256
762 549
763 336
763 340
763 344
763 348
763 352
763 356
763 360
763 364
763 368
763 372
763 376
763 380
763 384
763 388
763 392
763 396
763 400
763 404
763 408
763 412
763 416
763 420
763 424
763 428
764 293
764 432
765 636
765 660
766 256
766 552
767 436
768 293
768 440
769 444
769 634
769 663
770 256
770 555
771 559
771 563
771 626
772 293
773 446
773 450
773 664
774 256
774 454
775 289
775 565
775 622
776 668
777 569
778 256
778 456
779 288
779 619
780 460
780 668
781 572
781 576
781 580
782 256
782 584
782 615
783 287
783 464
784 468
784 669
785 260
786 587
786 591
786 595
786 599
786 603
786 607
786 611
786 673
787 284
788 471
789 262
790 279
790 475
790 675
792 266
793 270
793 274
794 477
794 678
797 481
798 678
799 485
799 489
802 678
803 491
805 495
806 678
809 496
810 678
813 496
814 678
815 500
818 678
819 502
822 506
822 678
825 510
826 678
829 512
830 678
832 516
834 678
836 516
838 678
840 519
842 678
844 522
846 678
847 526
848 562
848 566
848 570
848 574
848 578
848 582
848 586
848 590
848 594
849 598
850 530
850 674
852 558
853 534
853 538
853 542
853 548
853 552
853 601
853 605
853 609
853 613
853 617
853 621
853 625
853 629
853 633
853 637
854 670
857 640
858 644
858 648
858 652
858 656
858 660
858 664
858 668
