8.579124 393.370162
19.254419 404.594735
13.638148 408.955172
17.779322 406.438400
15.538091 402.710628
19.063168 388.594702
18.025622 414.194870
22.790105 386.225386
15.482363 384.895757
19.979223 427.611691
18.139881 422.805704
25.229013 426.103796
28.326776 376.726872
28.208796 425.681643
19.488444 378.808677
34.202924 434.266202
30.504311 364.786213
37.662696 428.819262
36.189647 364.318891
40.792107 434.027543
38.850125 357.684351
39.483521 426.788178
41.073482 353.425395
47.583947 436.068873
43.273616 357.551218
47.529547 433.019488
49.100017 342.998177
55.945118 434.550262
53.599519 343.341327
60.694033 335.894524
55.086155 431.191918
67.352536 336.564708
62.064175 427.619870
66.370515 329.548199
60.853226 426.689277
72.874441 322.430509
68.706496 420.847105
73.368896 324.896402
73.140986 418.991224
74.790100 324.265728
80.520618 413.973140
81.891941 309.396034
82.049218 413.480296
86.542140 319.931035
92.244612 417.093102
83.873284 304.578217
90.193263 410.426562
96.312248 305.586647
94.846331 412.192234
95.392373 295.929910
94.396921 407.968374
102.105475 396.782116
98.161358 298.651974
98.267541 393.108412
101.545350 299.448651
104.314727 388.905113
103.681738 302.296088
111.179431 405.893903
112.751356 286.998738
120.960807 388.091037
114.146255 288.726371
114.109904 275.488459
117.698495 387.621456
119.021087 280.020336
121.402739 395.612161
122.774330 379.392750
122.350885 281.428794
126.804925 280.881556
127.641106 379.979586
130.645136 270.652836
129.312398 383.102686
135.057625 276.197097
137.987946 379.253099
136.454582 369.039713
140.333243 271.393674
140.491911 261.854868
139.387812 364.597797
144.478235 256.086314
144.237845 370.356720
150.090790 252.007552
152.828572 359.452239
148.982532 254.793774
150.950296 359.297374
155.024294 243.345130
157.382872 355.520395
158.411595 243.750157
161.539494 242.079230
159.905359 241.011197
157.472584 240.232750
162.114333 355.855417
165.516958 240.640286
165.166569 351.835906
166.686633 345.348407
166.855124 221.504703
167.003879 217.614730
171.902432 342.235805
174.516989 217.313054
177.273415 342.999312
181.963901 212.383136
182.154841 343.307781
185.570801 741.475470
177.694508 742.709948
186.442076 741.772097
180.033905 756.048536
184.432630 753.836709
180.542003 753.911465
180.491356 759.270817
180.069622 762.126376
184.271410 766.437189
180.708041 781.250591
181.484135 778.926351
181.757974 785.904507
176.967982 786.999124
181.644631 789.336035
178.948324 799.791515
181.215478 801.932321
182.278969 798.641594
179.085242 805.108801
182.943586 811.315272
180.725753 808.793078
181.428825 821.868907
178.897652 826.276356
179.699377 825.619519
186.330900 832.317297
182.817484 834.594155
177.600655 842.853533
187.084005 844.187290
173.711102 851.652135
181.204397 848.353395
176.210257 855.024563
177.427958 858.346041
175.863884 864.999149
182.620967 863.494843
182.961926 876.357621
187.985384 208.168710
183.780016 335.705519
178.506420 739.305036
188.553879 883.616435
184.098248 206.092879
184.943282 673.606283
183.767671 685.394769
183.621237 676.424340
183.403758 679.963896
186.282517 692.576109
183.506321 689.670632
186.075625 696.164483
183.619946 700.896922
186.517935 695.783744
183.721130 707.197924
186.575320 704.787536
184.303658 709.103807
185.304307 719.449448
184.977901 722.212866
184.441772 723.993620
185.328761 732.160617
183.311136 881.804221
186.905631 885.808208
180.739280 885.455822
190.522507 330.425903
193.276367 203.825682
190.549719 660.955387
186.095850 888.460702
190.226054 626.558999
190.991684 641.744798
189.424806 644.447454
189.850332 640.737629
187.937900 655.024322
187.215472 649.741561
187.782606 661.436134
190.357981 657.872576
193.028112 886.727384
191.483287 895.792366
196.512650 338.785732
195.587655 199.890168
194.848987 325.658507
195.929943 624.094502
195.049414 895.203785
194.776453 584.786960
193.145591 586.806446
198.706208 586.834596
197.358856 591.412899
191.602677 600.203316
194.800064 599.282107
193.499182 611.174681
195.989118 608.750423
197.049498 611.090535
195.083783 614.644451
201.966270 627.840117
194.505713 193.227971
196.942186 332.149684
204.445413 902.151343
198.901232 579.571010
199.900567 187.293233
198.793511 553.837087
197.876124 554.128593
198.478000 558.288774
197.203672 556.898301
200.480028 572.361998
195.060034 573.673103
204.625448 324.181556
204.906241 889.205331
206.948023 187.138453
211.290813 553.097317
205.153137 540.560946
210.314623 541.102603
205.536439 320.263801
207.479168 892.014280
209.447515 897.481178
204.930512 181.622070
213.551143 314.372794
207.394451 537.703745
214.045099 499.955988
211.074428 502.045859
207.846796 509.780503
205.454368 510.638885
208.843907 520.874764
214.904414 523.299648
209.931723 521.624205
213.558346 894.661127
218.455286 182.199430
213.316952 887.159085
212.537371 306.686353
216.692399 495.855183
217.143419 477.122902
221.172650 491.340277
214.659050 487.886237
214.679669 179.260662
217.334582 877.359338
216.976028 315.115170
220.565539 867.026717
216.986462 475.956621
223.289901 174.894718
216.389804 466.630158
216.143052 462.030149
218.518869 476.905946
224.276279 297.275629
227.429996 867.847864
218.601031 864.676606
231.071494 180.217038
223.623964 300.585282
231.939769 463.583878
224.084205 312.322880
222.641331 313.050617
223.965478 330.058180
228.770054 315.880014
227.179407 324.720307
225.100388 328.106796
226.373288 333.477115
224.149750 339.851661
225.810555 343.465292
224.429017 351.586677
228.194476 358.421303
225.572578 356.399580
220.240677 365.366070
222.096554 367.350565
228.737769 366.810005
228.229693 371.365244
225.430349 375.504436
229.605013 380.222874
226.967871 379.779662
226.109838 384.585598
227.273814 382.886449
229.444982 388.622198
225.139744 399.983449
228.545360 397.238010
227.443038 401.940357
225.344097 437.090800
224.991023 434.056153
226.656522 439.706305
229.103392 448.070442
226.224911 451.051993
222.400183 858.119513
224.890048 850.139640
229.747744 173.922292
233.901292 405.961922
235.920892 435.127468
228.477933 408.053213
232.139396 417.900176
230.813335 415.005524
230.551359 432.167337
235.394336 852.041663
232.341694 172.577033
236.742218 833.261582
234.455023 836.108213
231.007979 833.508912
240.913706 164.995475
232.306006 832.739245
238.442821 824.608839
241.244450 172.511817
238.187133 824.202571
243.159587 797.249440
241.630307 800.548116
246.976030 804.042767
241.289495 806.962576
239.446844 809.521829
248.739526 809.112226
246.347943 171.767755
246.683212 785.843564
248.321686 776.127708
246.295410 778.672299
252.347753 776.782563
248.869157 177.765925
245.004977 761.499852
252.507284 165.481080
255.932133 771.274677
258.126466 164.191365
257.563910 754.080854
258.206998 743.727747
255.213679 748.822147
257.554888 754.291744
260.328567 752.787867
263.643367 161.372310
262.990243 723.369363
260.375070 731.315183
264.055311 164.417194
273.301915 732.261603
266.230427 157.417257
271.371667 712.827987
265.753846 714.572194
267.937073 729.573993
273.433153 72.051443
267.691637 73.757812
273.959287 74.553471
279.250857 79.295934
273.300156 90.612603
264.107283 78.488451
267.267570 86.816793
271.255831 98.940969
273.963502 105.340773
268.612884 105.777352
268.428455 112.230629
277.994121 110.753899
279.053854 122.262299
273.864257 131.938135
272.624937 125.868657
273.837617 125.767855
274.111093 135.089608
274.439571 135.051983
276.089423 141.400940
268.805190 153.980563
269.789643 150.341763
273.374292 163.721543
275.799176 711.076663
270.058623 698.944207
273.162723 66.360497
278.953345 66.532846
276.116157 708.086462
279.505646 672.461157
278.245851 671.379455
277.469716 674.955157
277.514323 685.941646
272.869805 688.960473
278.132505 694.616299
284.922771 49.220754
281.670775 675.454883
289.497285 54.975186
282.221989 668.815937
288.022066 48.899871
289.332933 642.864143
286.120230 645.967484
286.642428 651.234399
287.492901 652.578035
292.557070 665.354233
290.684768 42.997424
293.611506 633.920219
297.001043 618.753761
290.520253 632.699936
296.906773 49.213811
296.750238 619.647295
300.197796 37.043705
291.052089 613.553375
295.631073 621.216890
297.579113 617.306405
300.623661 46.651402
309.488038 609.951502
307.505240 33.400545
308.921534 598.275670
308.904327 597.635065
303.533598 600.411263
310.688736 26.810204
308.642978 581.587104
314.347925 28.358674
313.538003 590.709876
323.980024 28.090529
322.209523 582.820084
323.560273 36.082115
318.138227 585.758821
325.535418 596.192284
326.786064 592.146685
323.231318 32.376695
320.556815 597.590216
324.701937 602.561785
329.216017 608.696244
323.836209 610.497712
323.996471 612.607415
326.476521 39.331522
334.235328 624.558651
328.551960 633.770550
328.888793 629.604350
326.054510 631.347369
333.113063 629.167057
323.920635 639.337708
328.528840 641.968687
330.422562 646.155249
332.954897 34.391199
333.455881 647.903315
339.103955 40.275633
332.202876 649.523789
338.549632 654.571592
334.678565 662.313886
337.306818 664.152029
339.646773 663.328260
341.640601 35.023378
339.600523 672.347660
343.101788 674.773934
341.976012 673.988213
342.765435 683.076830
336.712035 685.929472
337.866992 685.601201
341.000358 697.324477
344.387600 38.306453
345.612007 698.141207
345.189300 710.405501
341.240219 705.753854
344.235769 704.288162
345.230510 713.791914
344.198759 29.444778
345.040172 721.263387
352.820924 728.851603
348.037051 725.711881
356.702324 722.772892
348.078225 737.188451
347.415551 741.157513
349.313292 746.733044
348.561191 738.134914
355.779160 38.811351
353.152316 750.342079
357.843463 34.863878
356.453715 757.175109
356.949321 760.618240
356.518878 768.091153
359.322558 35.686621
355.456407 767.850449
363.743817 772.019694
360.262010 772.212531
360.872933 773.577863
363.499205 47.570394
359.570020 784.969214
369.508183 785.914241
363.624426 791.306589
362.579848 796.216742
367.593605 796.327437
365.694120 796.805928
364.736487 804.529945
363.767546 810.113445
367.472531 41.749478
371.576722 44.636226
373.818812 42.213198
370.114349 810.657689
367.588947 812.322420
368.756671 817.219977
370.548006 821.487567
371.004673 824.945156
369.973958 827.825998
372.302019 833.503408
367.377071 831.810190
374.088525 839.896700
372.141587 847.756197
379.266608 49.936582
368.471848 50.377446
377.523132 63.666627
374.044853 65.756309
370.838371 74.195037
374.926387 844.197223
375.533505 61.342412
377.977098 852.972365
373.931154 74.841773
378.946868 78.726443
384.911629 79.969238
380.604360 91.544274
376.667914 90.112503
377.471426 97.774333
376.826515 104.265076
377.010390 104.526522
376.593209 108.391575
383.271945 111.576956
379.299411 107.177704
379.666753 117.869823
377.542325 120.059816
379.059354 122.835188
374.978919 128.055039
377.417060 132.172182
374.120728 139.886169
377.820154 138.690340
386.861862 146.732604
377.896704 146.531858
375.183791 152.174771
377.956136 161.055376
385.213156 861.370388
379.358149 860.578440
383.720700 865.614629
380.099409 875.816138
382.506907 868.678218
380.814384 154.272950
389.826348 871.651638
387.476408 161.045892
383.011728 869.935718
391.261559 163.649747
397.992937 869.191820
395.579781 875.672076
394.207604 163.492025
395.558827 886.396156
391.267562 169.505322
395.608752 886.061649
398.486674 170.210566
404.709991 886.373283
392.363263 894.155757
400.083449 170.875639
402.420726 888.554469
410.176071 181.168128
410.607523 417.946365
403.971008 413.082234
407.661470 414.676388
413.021842 420.984553
409.920115 432.133150
407.896853 432.818288
410.063980 437.968247
409.290736 442.041012
411.059145 438.121711
408.283450 445.433378
409.009061 451.816637
408.069977 462.846222
407.995824 899.612173
411.322357 457.604805
416.011525 167.423844
416.190394 403.417253
412.207413 326.809557
411.309549 325.001625
412.313218 340.466036
410.865174 330.719006
413.859007 337.078156
411.361128 342.118452
415.273211 347.035346
413.818188 361.559345
413.489742 365.477638
416.943047 357.861877
414.549032 367.778230
408.333814 376.034902
413.258627 371.454405
411.817541 370.277174
413.051730 384.302877
407.734897 385.243006
407.783007 390.286830
412.690397 388.658537
413.551572 388.818945
415.748532 395.289153
412.013961 400.092852
409.128438 463.236175
410.510896 470.022925
413.503505 473.048236
415.782952 479.986431
410.365132 901.214475
414.264160 472.518789
418.736817 167.389263
417.898436 316.864680
419.091585 891.584752
415.890954 482.061774
420.300337 491.493880
415.111114 498.491628
422.658476 497.719757
419.277439 503.039061
417.363408 504.797504
419.128463 516.478724
414.038477 886.208388
419.043362 176.606392
421.149268 178.771183
418.017411 313.467064
416.002845 517.067834
419.349491 877.976361
424.666890 178.192638
426.104968 518.269849
420.943845 524.523481
423.068028 521.526208
424.625002 527.880212
420.072549 528.687639
421.413028 320.698638
423.576139 535.980091
422.449705 323.299024
426.427002 881.326456
430.513859 178.032102
425.776982 533.215048
431.629839 548.807035
428.000008 552.802998
429.366269 559.382953
427.040064 556.992747
428.163302 564.689748
423.622981 569.676946
430.430450 564.233523
428.253591 575.158214
430.949153 580.935243
430.299144 578.373675
425.688813 585.703821
427.151914 595.615798
429.741879 585.360093
431.609047 591.106004
430.229640 871.410767
427.932859 882.471505
427.199760 185.260337
433.852445 320.187432
433.808520 599.919881
430.165058 872.058371
432.536668 607.123262
430.862638 606.596803
433.218256 610.613094
432.710197 616.470642
432.138836 628.344683
433.044162 628.409584
433.746405 629.531643
434.752684 622.406987
432.048446 645.485924
434.422752 824.399565
435.875559 822.226670
433.503624 828.669877
433.922605 839.299824
433.513427 841.376646
440.143399 838.219690
433.960861 848.278630
427.415472 842.694619
431.925745 850.419902
427.465675 855.613352
430.438851 866.404796
433.893678 191.465347
430.817318 324.032195
437.579352 642.936133
437.194813 332.932660
435.877878 193.773771
437.116985 815.990300
436.577012 640.908523
438.301018 640.306995
435.885589 649.020401
438.604608 650.047024
439.222423 658.811265
442.873068 663.101864
439.486177 668.029194
440.046412 677.384677
435.874735 678.239091
434.702330 675.380048
440.491727 688.404588
431.864044 683.883994
433.916987 688.229694
436.370757 698.735776
438.053336 698.905252
436.788553 696.682540
440.630692 712.797679
439.522505 721.747456
441.447568 718.748738
437.662600 722.315551
438.441689 719.230507
431.362387 732.700814
436.413110 729.245423
433.223452 740.226117
442.711052 741.369774
444.680310 742.896397
436.653170 744.057192
442.100803 752.758973
439.059061 756.898924
438.873147 754.413292
439.352563 765.635803
439.964547 767.241357
439.478566 764.578135
445.495377 773.042381
435.559186 782.016985
434.664932 784.346835
438.560736 783.031598
436.948953 788.808027
436.530721 789.801155
437.373761 799.359167
432.757316 810.515800
437.780543 810.259156
438.686143 807.727944
438.030884 193.888089
433.928185 326.540548
440.420685 342.537918
442.173391 195.718128
443.414476 342.073384
448.736460 199.562900
449.105922 206.647481
454.268060 345.842752
449.716511 343.636308
448.300251 359.887092
459.188212 204.666437
453.773903 352.458659
453.782510 208.031065
457.161655 356.770208
459.035887 212.237676
460.901850 225.312643
457.843138 367.235414
460.829075 224.012025
461.025353 225.606679
462.048768 224.839545
461.664334 370.306506
473.299723 230.298104
469.065317 230.486600
465.304342 238.233824
466.031378 366.054998
470.842859 246.942683
472.043516 376.954591
480.309326 244.714531
476.214765 376.915531
473.682581 381.783899
475.216134 248.591518
478.617445 249.045999
484.007279 386.298613
487.382299 247.193749
483.822238 378.665396
487.200655 256.962616
483.592376 389.257839
490.571251 263.139890
489.095660 272.914048
489.850410 388.392852
493.716446 265.358513
497.996541 386.196428
495.506216 257.860584
501.284922 272.191907
501.772085 390.392369
502.959713 280.256268
501.073162 390.007126
501.746966 399.478325
500.498103 282.170889
504.602628 280.969686
510.225542 397.993866
507.007427 289.788432
509.380198 295.639265
511.353680 403.009994
504.696394 409.623828
505.952615 414.659872
510.750545 293.463699
514.517038 298.844228
518.611975 411.304102
515.213788 305.059719
517.307389 308.799548
515.776450 411.301070
516.032315 422.804294
519.986972 410.981813
523.694734 315.414995
519.969768 414.497881
528.798897 314.127491
527.109978 316.804934
527.419981 321.103009
532.350597 422.368974
531.720388 430.698340
530.112838 428.642471
533.402398 319.841737
533.329717 320.207701
531.553038 330.029823
537.559055 431.613510
538.263021 326.296144
538.478724 427.455727
543.650725 340.235519
543.238696 429.771170
542.793772 336.810933
542.821855 433.007241
551.656270 346.225920
552.175630 346.186031
546.360391 353.278705
547.005881 427.381239
553.900921 361.109186
546.304427 354.777502
553.040675 427.782238
559.116703 355.052246
556.493153 435.105555
560.882422 361.863536
559.921427 360.245426
557.404992 364.927218
563.037683 439.506825
565.385380 377.107702
557.045167 434.628139
567.168388 375.918438
568.461194 443.554180
572.657284 378.061229
570.623133 379.133056
574.897616 441.611609
573.511064 381.230396
574.626421 386.077325
571.356650 394.915287
574.328865 446.664510
577.738071 394.330828
579.350506 442.683542
579.472840 399.177524
578.601720 442.207530
583.013130 404.378438
586.272835 414.978594
584.112670 445.697537
588.006649 411.130558
592.290982 425.681178
588.426319 421.552412
594.059816 438.341447
588.482827 423.861601
588.448640 424.880319
597.636471 429.650632
590.737129 440.169012
