48.591639 531.001391
52.489237 525.669307
22.340262 538.168734
35.743601 537.812151
29.103722 526.725688
17.011119 550.357867
36.265236 541.163508
51.665659 553.620750
17.200838 552.106960
27.581841 549.782865
22.034146 573.100427
37.197547 570.292852
29.035549 565.667712
22.771242 564.194255
26.346354 580.120877
15.478463 571.098844
30.659364 596.763792
14.344780 586.979090
34.836581 526.749772
27.091584 502.426940
28.516548 509.621937
19.969574 610.181774
53.295697 594.504767
19.961364 596.543417
6.538142 520.373620
52.689983 612.918266
17.618562 493.653295
34.972819 491.110515
46.765830 505.907596
28.523945 507.646406
46.731969 607.086532
61.984658 470.742588
40.635970 615.316844
54.120923 484.358101
48.257040 618.640811
64.816240 473.927807
61.629998 607.129271
71.198444 476.855004
74.652936 606.985386
69.866135 469.488052
68.664615 605.786991
84.011140 470.892689
56.568849 610.637362
84.882064 480.797386
70.981571 624.970129
69.061934 460.694902
70.447086 618.852205
70.815435 459.559130
91.288062 623.370673
78.217285 446.993182
77.254328 620.909799
66.927867 465.871750
80.592257 600.568573
104.998251 445.510970
107.925802 581.464798
102.900204 451.135654
81.113076 610.433398
108.738953 447.791086
102.840092 596.242024
87.920091 436.578332
113.391710 607.347141
98.106882 430.920741
116.354061 596.485153
95.313711 441.686290
88.131573 597.526968
121.492378 430.478431
109.393686 589.879103
150.663138 433.179610
98.209024 595.885070
113.976214 439.105660
113.606144 603.368570
134.804195 438.165921
113.875658 577.903848
121.543787 423.692298
113.151186 586.705789
137.190642 412.076562
110.017600 595.607972
127.998628 569.428761
146.490055 565.939460
145.211676 419.541814
134.783303 418.756723
148.562692 431.973010
147.111666 428.018339
145.379282 574.080608
136.257005 402.246325
151.224862 588.982878
151.834643 548.831157
142.205232 412.105332
148.245949 398.185878
158.019315 567.564515
159.650858 406.994937
165.516301 386.681456
150.555510 568.868334
156.997826 383.632226
171.416732 547.123459
150.260305 394.531282
168.618345 367.173123
158.626473 370.714751
149.055512 381.669269
168.499658 372.588622
165.524489 371.240769
160.521686 563.382638
155.696426 350.922432
162.165744 550.738451
159.941484 311.682682
157.119443 298.673927
156.114658 323.314520
176.821063 330.263619
160.580589 333.267986
168.952184 330.311401
129.159018 336.623676
170.160436 332.031440
151.365408 342.673757
147.559060 364.376387
171.283597 344.526937
161.365802 526.427727
160.662555 317.746102
152.656270 299.033425
147.387250 305.148285
153.737270 300.971101
187.003349 530.754818
190.176996 312.496652
164.096900 540.020689
179.965790 296.010681
175.403756 530.458333
183.128876 285.586829
191.380347 277.391806
174.514250 298.138644
185.465274 529.906233
175.949636 521.835153
179.215121 278.893347
185.834207 246.175878
171.183926 261.746350
197.112626 250.272721
186.896727 265.251645
149.749024 263.475283
183.173722 511.380579
179.757971 244.883617
184.418414 509.476344
194.043945 241.933935
193.495639 525.633153
216.943377 240.622376
205.554511 226.421767
189.348064 514.133832
211.981308 226.426491
203.528530 487.268604
189.519971 240.597273
188.163231 514.779789
193.609051 222.536334
193.073891 494.435057
175.986092 209.705249
181.634908 212.039571
175.827162 214.964297
190.654202 223.267455
207.403705 227.625062
215.419406 502.866904
208.853870 205.124545
205.307770 502.223090
208.635707 509.317051
237.719292 193.190974
238.491307 510.642062
223.481340 202.766276
217.874863 519.889718
217.518060 191.246763
192.673669 509.773474
218.932294 178.855843
230.744214 509.094569
225.829664 512.862293
218.903841 184.758068
232.345635 529.528138
228.051296 192.390688
235.619719 535.631966
257.116132 176.747901
224.082847 518.719369
230.997194 171.759125
236.955585 521.665420
218.696864 161.822722
234.015489 533.608741
273.162546 174.181161
251.064793 544.372358
266.827798 185.203645
234.663064 541.580214
279.766857 144.891224
258.924726 524.819551
256.931193 146.596142
288.054262 524.935267
256.594464 147.457806
249.970628 548.613732
270.866373 160.338678
259.418965 552.087797
301.938301 124.817136
257.209504 555.448714
283.260088 137.332750
279.911843 540.992284
281.646549 148.454113
289.465266 547.022991
254.842055 126.535441
287.380191 556.119537
295.658929 125.532420
290.223953 549.648326
273.628127 138.218876
276.526247 560.366275
286.360539 126.356421
299.983220 550.354052
286.385079 140.385534
305.193647 559.423669
304.106531 539.815688
317.204237 128.341099
282.723922 568.598148
310.964703 120.043811
316.531001 561.540541
304.310668 98.302942
306.910186 534.025974
290.101865 114.691438
319.357134 577.584530
333.005980 107.738003
312.189387 570.508256
326.440328 123.825945
302.960323 568.746785
322.636171 102.881550
306.458377 554.011386
360.699254 88.497585
330.270332 572.974493
331.091071 105.765401
328.929732 568.268242
349.836379 99.676461
332.218278 568.867231
352.139001 76.255857
333.446842 578.197870
348.627000 91.147826
345.141635 577.259044
359.135123 480.784573
360.316317 484.792288
335.318994 87.014934
349.816968 588.816686
326.919580 479.255361
361.494554 472.767376
328.817895 94.631896
322.522943 575.557197
357.058555 66.722991
342.227151 458.955799
355.593734 475.150361
349.207783 568.305270
372.831853 463.061492
345.515336 468.695141
360.685085 84.598337
377.542272 583.157422
349.556176 461.369465
348.344332 482.970597
358.257925 70.540177
360.206939 562.026386
362.631055 454.391856
373.965738 477.058058
370.726039 80.110979
368.161378 477.572653
367.976074 573.760070
369.370858 453.464228
356.584538 67.546471
367.244717 472.420988
368.657751 576.227845
394.014003 457.075402
387.331430 67.030180
357.872244 504.364219
385.298511 573.686468
395.300470 468.730199
358.820914 489.924962
373.839629 86.988454
390.410609 587.471757
384.095754 453.743813
382.534773 483.111288
374.115176 79.750021
389.444299 491.454204
386.601350 567.911283
387.807390 459.108602
382.434921 62.513348
389.092020 500.488035
374.073600 584.388222
379.673307 459.360337
386.530586 62.220509
381.831724 506.842628
379.269192 588.610839
377.540151 459.207032
377.226831 64.301760
377.348498 505.353685
388.792783 600.562311
392.490898 467.740713
404.540851 73.393009
411.396075 513.028348
417.565913 563.628384
408.083168 455.589280
404.628446 41.931641
402.929279 511.309795
419.609350 560.802423
420.722202 458.874182
396.541826 523.481746
393.179718 58.804437
371.684279 519.814490
393.614746 567.381514
420.912380 463.721752
406.688413 59.545330
407.418745 532.622692
402.078209 567.416121
412.986000 46.196156
414.832633 472.986758
415.111614 529.906016
402.855394 575.376258
419.398266 57.079630
403.032342 443.613564
408.094369 528.608249
413.005177 555.714833
413.330463 55.864093
414.245544 458.791582
412.942773 541.100033
439.310109 557.002652
431.621371 51.240855
430.715121 454.943854
410.942738 528.560913
425.655709 554.248024
419.354107 541.274698
397.798147 543.112996
414.875932 559.054244
438.704083 555.077392
422.725367 552.118397
426.673091 32.211772
424.823868 477.914656
433.297502 52.068380
443.138827 442.784639
442.320629 36.135129
442.368751 472.257821
459.663160 57.962536
444.852420 447.707382
454.422789 51.737237
441.241450 455.796407
440.986208 40.932320
434.085985 448.293250
440.953359 44.225929
460.438029 455.686208
466.113104 37.343035
447.300775 453.655379
456.384503 39.581538
479.867874 461.813407
453.494928 45.727076
464.838407 444.030815
470.072213 42.850978
465.545125 447.330770
472.943315 28.530655
494.893519 458.221961
483.564633 18.559006
477.359517 451.343345
461.356962 18.377385
481.060587 451.487826
497.903487 33.125505
496.897721 473.751200
458.095561 17.281896
482.646004 441.691062
487.862485 39.144088
500.541979 458.121988
456.741200 14.198676
499.867731 443.900043
505.232202 12.717213
467.029541 451.130911
493.220192 31.882150
509.118125 453.591364
526.414534 34.184588
512.646291 449.342103
496.660390 35.746799
497.663462 452.049327
496.830561 21.712040
519.236718 472.904806
522.296791 18.957052
520.781027 445.543608
510.971434 43.439274
524.372617 458.533873
517.752529 24.197876
512.149140 439.285676
516.723255 28.878386
540.347885 463.650440
517.363240 25.980366
543.167158 446.458106
526.690878 35.409502
552.414639 449.952657
543.639747 12.276578
560.061653 445.020957
570.997564 12.195996
554.749013 439.721796
553.035461 14.599816
556.627717 439.166683
541.016446 43.882981
547.022119 439.165714
559.063813 32.823585
557.121818 443.433665
557.494207 33.055601
588.579460 425.843682
571.763474 17.009197
554.587685 441.045117
566.560926 13.182387
559.910153 448.441079
586.717201 20.829106
556.760055 439.400991
557.261346 10.646776
574.675073 441.417406
574.891927 7.452932
581.562035 432.944881
606.262881 41.164949
570.132953 429.519328
571.438859 21.123185
574.750841 415.589970
570.486415 10.477703
585.587099 423.300318
586.595076 34.016040
579.777017 434.533572
594.950888 35.346222
596.551703 435.164405
605.049340 37.752196
614.022629 425.842119
576.825249 14.856079
605.577132 433.519127
627.659588 20.085108
611.798066 415.551487
611.393736 3.661934
600.606012 433.054363
614.399179 37.169046
617.325822 409.907781
613.688219 23.851677
618.307277 400.692855
615.321765 42.751699
640.769234 414.300895
622.613441 44.999646
645.160808 409.032136
622.667711 28.562766
601.777346 398.285041
616.411933 32.809020
632.793473 406.413690
635.299958 39.589601
668.543648 400.556651
645.147853 31.615655
664.481211 414.568114
650.661564 26.892810
659.845138 392.827416
652.395473 20.097017
664.887836 45.814523
662.974236 406.156867
656.407013 32.920620
661.703537 407.010898
654.949750 37.256398
674.840484 407.675197
634.200574 38.849174
686.773463 409.516390
649.969159 45.983675
680.286691 392.142518
692.125927 49.762014
669.213974 368.638427
669.047246 32.282433
658.691693 390.635191
662.364631 45.743176
688.083989 398.843232
698.573359 55.918239
704.846051 392.347035
700.915014 60.594322
689.832460 382.269102
693.770560 53.378493
679.113590 386.765140
702.640714 47.204489
700.306268 401.569856
700.985764 440.939051
694.440267 433.760470
684.105894 419.279959
715.154832 431.921954
702.818653 437.341430
686.022263 439.717647
684.922477 464.471756
708.016323 69.037783
689.715628 396.127611
712.654837 455.517918
700.207273 59.984793
693.327678 363.602403
708.347646 416.770582
694.257440 401.975728
705.162026 457.435505
701.330645 41.229520
688.828307 365.956607
702.464367 405.826132
739.238394 424.180928
707.037225 411.631477
697.944807 462.718823
726.389193 465.397415
714.105819 459.040266
697.361490 47.523175
712.920680 359.888131
703.268049 410.315251
703.386496 62.803648
715.309762 465.916279
714.211364 390.573915
706.274289 387.120226
749.523664 393.127289
709.361249 390.933703
700.378567 406.356922
726.545744 398.801757
714.464286 350.982003
695.798043 59.700083
718.433202 481.995244
711.873577 370.154100
724.318705 368.064985
715.936418 74.986373
736.652574 477.770374
715.573158 61.924727
721.055904 479.069321
734.894248 58.272539
700.973709 469.807093
727.027472 56.534270
734.807522 488.972278
715.402801 75.700601
754.691560 460.231911
712.516143 73.859211
740.879849 470.362891
745.778069 94.298946
722.083745 68.527881
749.511055 467.406715
761.134487 88.490482
761.575530 487.238676
755.695626 92.639021
751.910824 466.798043
748.375896 95.061816
763.010642 471.502359
745.894892 93.772091
752.464993 449.257907
772.371940 90.931608
762.393567 454.855718
763.147089 88.269696
757.875392 438.676297
785.979176 95.136941
774.556508 448.185518
777.882312 88.497980
793.643141 446.146531
769.505121 81.930880
808.173570 91.362912
775.739227 433.224402
786.693076 100.600948
760.900890 111.666481
772.147218 444.133640
796.342137 118.319545
765.812996 425.853292
790.788238 435.430380
770.514399 107.048867
778.685019 421.784190
804.607541 121.262623
797.307037 412.257688
813.011367 115.184121
778.722737 429.189243
810.091581 126.116937
801.254172 135.704411
786.267818 413.363591
813.729863 410.416625
778.736261 131.658991
780.004048 401.803119
825.853923 136.827942
820.015863 390.210368
814.311529 390.009426
807.532131 128.756424
840.658676 397.833146
813.151202 363.426540
811.458563 374.443849
822.157752 361.382555
811.211930 368.412081
792.432846 383.753559
813.191386 378.952208
798.791688 388.529937
810.156032 126.169557
823.058859 148.179564
819.631137 344.486645
819.955172 356.012490
816.340212 135.873719
817.501125 291.801006
825.349579 314.203908
832.932288 314.669590
799.176024 309.678964
817.988445 336.482537
824.280881 328.319609
826.617652 339.315662
824.345024 343.799835
823.064023 332.898487
804.237679 336.949032
808.932823 301.349271
812.542805 342.999603
819.881925 149.262727
827.345739 303.134637
826.313305 138.534347
833.101982 161.037074
834.360466 296.714991
858.994804 146.099001
844.195870 182.357638
838.167225 303.801810
839.269332 157.537751
844.262887 293.275513
835.574190 157.165682
859.311072 283.140176
830.830340 164.847748
848.711670 177.299306
860.253892 164.978193
856.882743 275.305867
849.888332 173.124391
825.478804 193.646565
838.987607 188.498568
843.742386 291.324448
823.283444 192.848281
868.086431 278.919090
860.179343 197.641521
867.486060 260.878538
871.725459 191.513744
861.240792 186.912601
834.804750 196.569370
880.357537 266.370301
835.517684 182.862259
868.722050 261.070835
872.119432 210.181569
837.760221 261.189592
864.648336 248.275437
874.421615 209.295214
862.976986 217.011758
867.808732 221.279521
875.264133 210.465386
844.297849 232.409844
897.721595 227.027525
859.755816 233.637340
877.312295 236.689779
868.735283 229.585745
856.604255 232.927075
887.025383 229.956774
864.579742 262.933353
861.182618 272.148243
