68.581970 949.900542
32.286893 968.512477
41.997499 985.505334
42.725890 1012.593163
28.359191 990.083788
47.995128 985.810972
35.435654 986.605952
38.013790 976.646501
55.240094 1005.032589
63.422591 961.248032
53.425192 1004.872716
70.551071 946.077031
54.899855 961.004086
63.607156 1037.382170
75.003638 943.997436
60.511360 986.805811
64.018256 942.060228
75.077468 994.136983
76.017448 927.703161
78.211996 1005.100531
79.473672 939.818433
67.667348 964.577735
69.698820 996.068554
73.650651 917.561531
68.700318 983.931412
88.501947 900.770551
75.729849 980.184402
98.315889 931.962669
90.394520 999.891585
96.324839 917.552795
91.305608 999.434650
90.408820 930.585416
105.151346 982.258886
85.807022 887.275433
109.141707 955.199970
88.997574 915.458844
106.253838 976.589669
98.008824 914.529956
86.891690 965.063732
119.958061 902.428338
112.626225 973.667904
96.977023 872.020843
108.949372 962.221510
107.724891 918.269257
116.666176 962.434604
120.691056 892.773835
119.874895 903.251430
107.911274 947.733488
145.625322 863.857122
144.012414 879.460626
139.496848 959.050074
106.870824 897.797332
158.511714 954.770426
151.336992 879.003175
118.712484 983.832797
127.100819 888.963091
121.945124 946.135330
125.695448 880.880127
132.432398 970.829225
145.350526 884.292729
150.018487 872.476840
139.977405 959.526809
168.786019 878.440323
148.923213 923.161124
146.150839 863.606481
141.824886 938.556456
142.432844 855.010203
170.535778 929.226867
164.332222 860.612430
168.419942 933.018120
189.010790 862.710236
165.130317 936.346395
154.157428 855.774028
159.522975 949.543034
165.862084 859.607258
171.328339 942.114159
172.434281 859.600431
181.824554 944.531119
187.083824 932.731687
184.540398 816.920299
174.333048 920.414086
197.268165 824.312410
184.059369 920.445457
198.538055 849.750037
174.275434 850.787104
200.592506 856.075134
186.730512 937.118930
213.777313 837.874666
192.244050 920.787298
202.536563 820.423796
194.616115 942.439391
208.007533 849.509762
202.339449 931.481373
200.704412 796.547605
200.152343 943.557727
220.452826 832.762812
199.131476 904.101008
208.569407 841.138602
206.669750 930.166754
231.684680 808.040990
236.598930 951.986586
243.767961 828.290145
228.804683 909.724061
221.152220 797.449516
222.322517 917.981908
227.852369 811.763009
235.896292 940.096697
219.407544 819.109539
248.309066 898.688362
244.242125 780.636589
220.603137 902.118291
256.358431 812.082972
233.889037 789.793847
230.137593 905.948020
255.890520 773.975520
243.042795 908.553667
234.074936 770.036277
225.011899 894.798069
234.244695 797.367994
259.169910 917.835284
252.965840 782.132836
249.563785 908.935417
273.012780 788.748004
272.574184 895.314178
243.906332 773.894290
268.845978 882.893023
288.884748 803.568291
277.853549 914.940031
289.083958 776.862758
270.890457 899.168048
261.358244 772.904565
278.062781 903.342023
295.339846 771.880149
279.938802 899.889220
277.464335 766.997405
289.127106 904.926871
306.664236 766.267935
292.511437 871.497435
291.874931 787.764243
307.646850 878.994246
294.303771 731.937605
312.994656 876.679597
309.003660 776.035257
312.477473 924.375263
294.655528 765.630946
292.922168 877.706920
298.948178 769.273100
291.171754 922.718476
307.235405 756.214438
302.783376 897.783746
296.360903 750.340515
318.773038 914.747677
319.460705 726.717785
324.219766 846.748709
317.626695 735.124325
315.037725 885.754758
348.117142 742.743829
296.452875 897.909110
334.785320 760.948095
332.919652 903.234099
333.200828 718.311480
321.935511 876.966020
344.160608 755.906273
313.826979 893.436585
349.663998 715.702461
353.064878 851.432432
338.229688 730.742805
350.659351 872.595292
342.542018 720.832536
348.027367 883.614291
347.737970 730.873978
371.338120 760.648654
361.035685 894.899567
334.624357 723.713420
371.369826 864.469891
342.846941 740.768858
366.976066 882.395719
403.112216 697.394064
361.909028 889.094330
386.013003 708.342059
390.172210 866.434195
354.280970 861.984627
372.912429 709.526692
387.174460 862.202041
374.429591 697.919171
372.753368 876.079484
392.178151 689.345803
377.624622 896.350314
387.395096 700.832917
404.139844 700.833002
388.341646 842.933074
397.924135 715.365530
388.672009 874.197365
405.130323 707.645183
393.506445 862.859490
404.762101 702.026136
384.059496 873.054119
396.523857 872.851115
413.395998 709.977668
420.551726 846.961588
421.974304 693.945241
397.522200 874.543859
409.659716 712.646941
411.933869 119.266543
402.283006 76.612525
422.535245 74.613328
410.708212 84.603256
427.880941 100.912715
416.864028 115.612046
426.569761 91.807827
402.604040 109.292978
415.144035 108.103018
406.155921 130.425107
411.584844 124.007773
420.142150 119.738332
411.209703 110.386682
406.186591 130.040300
431.735696 121.875702
409.918434 127.752724
404.926703 160.021989
385.111042 135.113632
411.507254 143.039735
428.070513 837.509913
414.680803 704.931258
419.283388 67.687632
418.779735 153.168555
411.190005 153.616329
425.097143 136.875954
399.283377 153.718293
419.832649 151.864443
426.352314 184.495801
411.030602 167.094247
395.075235 166.206339
416.490379 859.839925
428.014039 680.171825
437.230899 78.267358
411.151045 205.069825
441.677192 863.199700
444.348844 47.602541
432.674437 63.945211
424.957573 51.550739
411.530257 201.751724
447.087382 184.196680
431.487080 213.092422
425.832870 204.055848
444.255168 205.789714
418.025808 213.841423
426.728007 208.901090
453.244855 218.650949
426.463308 696.044640
417.909103 885.986034
441.384305 58.093661
430.429440 207.638017
438.607222 231.136228
414.179432 201.056067
418.818816 217.888389
418.486438 671.031928
429.581678 864.970511
436.351402 37.567308
457.808931 229.781748
432.761159 677.407906
422.115790 43.925768
425.096282 37.346984
415.003598 63.987619
428.356820 227.913181
420.704582 227.408905
446.553881 253.328134
442.390011 250.771912
448.683373 225.561245
432.569863 265.312495
437.992923 849.607973
453.985652 685.801943
448.642640 20.202599
424.315740 857.382914
430.880141 269.061477
449.610525 260.999464
461.939188 256.372945
459.951400 276.825857
438.822718 283.374939
457.084512 282.903276
433.848422 1141.184363
440.692910 1131.761801
441.767090 1103.373166
459.455113 1122.512786
437.625843 669.525122
442.936678 65.550212
445.678517 857.112858
453.776379 280.166246
450.889104 1072.771883
437.321849 1122.613727
451.339200 661.401807
440.735071 1068.125814
441.919007 1095.980107
428.150800 1104.758470
450.494830 1072.961031
452.147767 1078.571271
455.425291 1112.837222
441.817749 1135.366782
431.292509 1130.132152
436.712817 1122.176464
458.740880 272.115070
445.915273 40.024367
438.022345 832.586192
451.264957 661.425624
461.265932 1066.390430
456.501723 1144.815482
467.064745 45.589904
459.537005 305.595677
434.224893 301.293818
465.135077 309.658792
460.025651 287.840836
458.999083 273.073690
436.059423 298.858724
453.219517 684.243997
464.985224 1070.857632
453.956366 1072.668824
436.872834 1137.466302
468.994988 1129.442857
452.078535 1140.721268
440.935644 1138.581490
436.564181 1152.919125
426.167134 1138.629198
448.189948 1173.826554
445.166723 850.886733
438.703496 20.576698
479.821686 318.775841
459.456806 646.913741
450.015431 1059.997979
462.950203 1172.351955
457.914987 339.751710
469.908499 309.828818
450.651034 643.301845
439.341622 827.071281
457.362204 1044.102757
444.191335 1185.123568
462.979942 1151.395919
480.383346 50.033120
446.776492 311.304971
453.129040 670.110826
461.656547 832.134974
463.301241 1027.647002
464.095239 1180.192864
428.227419 324.915216
457.791226 333.100214
455.899572 339.895645
489.659528 348.182836
454.244424 337.353846
470.253015 344.344185
476.349291 356.782236
451.117914 465.339854
464.634783 448.100829
444.556637 475.611220
473.578529 459.287333
469.654981 457.061746
456.088527 481.557135
468.551546 491.392018
475.710684 467.776321
475.398723 483.610935
448.153523 457.097526
492.707632 490.266377
453.400409 515.418264
456.754568 515.725692
453.705344 501.493987
459.155590 504.673556
454.508744 530.624566
453.556003 494.977935
472.221140 516.506500
459.788974 539.655857
454.757046 546.978610
460.494804 578.555129
450.357933 538.590483
478.721473 660.577443
471.071533 654.306254
452.905695 1042.886917
457.457133 1040.330923
470.007272 1172.196973
457.969253 1182.541508
464.094117 1182.791208
452.679571 549.209669
468.892684 21.969419
471.399065 861.871462
477.962201 51.824991
489.248860 353.625012
449.788442 473.445151
458.274043 626.282228
452.762991 1051.538539
461.587304 1185.621765
497.513152 385.508970
481.623832 366.912000
449.625680 346.317405
474.469474 370.991034
452.049121 366.490975
456.417281 374.988046
462.415493 383.536622
455.597699 387.913825
455.002307 418.749624
473.956731 410.488063
457.916681 403.439520
469.781806 440.882784
472.973536 398.004354
458.676702 449.472211
487.372895 433.105451
459.874809 417.395008
465.035784 431.871343
458.045733 450.428572
476.783359 463.535049
450.043500 459.729252
483.276577 550.819519
445.933977 502.640029
475.904187 551.924029
462.146973 562.708431
466.385509 561.044077
474.721139 565.367796
443.538925 640.218474
460.371160 607.099327
460.072782 621.573346
470.736934 1182.270590
470.396718 1219.024330
462.386414 34.631063
461.960837 28.516573
475.053618 42.484028
484.179907 822.324027
465.952714 1028.757562
465.699488 390.825596
469.413501 405.270312
476.668827 571.448111
487.602157 609.650975
490.104160 1197.531692
459.010772 614.875736
469.780797 592.924097
456.453998 572.335940
462.919048 603.315569
497.914414 572.346385
471.846839 605.311456
483.183100 589.900292
473.566626 581.082096
465.772971 592.033769
466.558197 613.121084
462.537667 1022.429299
474.155182 1006.921552
484.717437 1022.718152
468.483664 1212.742157
466.011089 1210.645763
463.596277 48.314384
461.520668 848.272507
473.130361 32.069346
473.760136 48.931002
486.201062 60.327971
470.039897 70.053791
485.715049 53.695511
457.112022 71.212584
479.086209 75.393764
476.610524 78.150491
463.253823 89.941040
490.520272 69.659191
478.445877 77.207421
481.469381 115.731724
469.802337 93.052784
476.745161 102.877853
478.740119 102.526397
467.549908 108.975308
493.712056 79.381998
474.016971 124.075507
459.779946 122.437910
480.092195 131.031015
473.304884 127.665523
468.816188 149.250350
463.570645 150.094258
480.746586 135.124673
484.408284 164.382338
472.346367 156.208043
471.306930 176.018318
480.788529 169.051403
472.497127 173.215435
485.078847 162.815500
490.839406 169.818662
472.971563 1063.038675
491.068791 1209.572416
495.083911 847.781251
487.160499 987.635610
457.831401 1001.290655
484.908641 1213.605840
483.438938 1220.251315
487.704726 186.706676
489.704901 182.856769
479.505165 186.139996
493.864968 168.513920
472.850150 868.046793
488.767001 983.194346
495.610348 1197.342301
450.403845 984.415476
478.977988 1206.966257
473.609000 208.745126
494.484318 192.594985
475.535941 219.396200
489.330237 841.311245
472.830149 978.847733
477.015503 961.189415
462.220657 1212.356579
487.871355 1219.967738
492.716713 182.610464
471.686404 863.514296
473.901232 1225.141281
472.371151 188.266096
500.999509 960.216892
479.343474 864.634681
490.751119 973.005788
509.938851 1227.329557
487.517694 196.351930
508.194483 217.723931
501.781217 854.898303
493.387358 961.305349
513.027957 860.284179
492.676253 863.468473
500.617116 948.368037
487.883238 947.056777
508.369896 1254.735822
509.415797 1254.726015
492.063397 1238.403067
493.973552 234.538661
489.919773 859.716416
495.232088 946.474093
491.684246 1249.734321
520.879960 916.635202
492.657065 239.748524
522.269416 868.258597
494.463161 227.836855
492.667952 195.546650
521.962208 1258.819410
493.975928 954.109346
516.799688 883.410614
498.901043 925.916138
520.972526 943.704097
506.728166 1264.634083
510.934461 1260.854837
511.785966 1246.574158
509.705149 236.295120
502.766983 203.314691
523.566135 259.214518
507.209279 1281.095909
494.996567 876.034270
517.773529 915.731864
500.551496 854.296669
523.285717 863.574847
523.524465 890.902859
496.738477 876.751875
498.483118 920.588159
522.065025 904.054013
520.548321 893.137522
513.359170 908.461765
493.155389 927.645541
500.712017 899.593411
527.497883 921.654170
511.002711 1286.912754
529.264693 1289.938615
502.962182 238.615340
528.770854 1289.771458
532.979662 226.534698
503.793303 1291.570550
532.066751 237.035125
501.866373 1278.456097
520.057402 1262.667318
538.504588 256.337879
520.585342 1335.022251
538.293193 278.087862
530.111671 1289.485894
525.911847 249.469249
514.827657 1293.449947
547.160927 1298.317047
555.902921 1287.165890
550.298480 232.100607
539.151827 1302.601048
511.368216 211.448374
552.529203 1313.814256
541.405516 1318.192099
554.997416 243.242390
553.238672 265.875172
538.718606 267.482538
535.519016 1324.959197
548.189802 1318.916948
521.659883 1324.420915
559.176872 224.233035
557.939543 1349.462588
556.631919 278.999914
538.401374 1336.170168
583.265440 242.282770
551.751452 256.114686
558.075207 1336.363396
543.289384 1334.126848
550.269304 265.285684
563.640895 1341.092271
567.686628 1336.918053
567.657843 1349.181962
561.041930 272.625789
585.709717 241.879646
591.127945 282.368406
563.762260 1370.964737
564.957322 1365.924606
558.982487 1353.081391
571.182866 297.271928
588.757235 1354.325614
569.822003 272.072005
575.635888 1375.488690
563.690807 292.837818
586.927475 1134.569992
567.029271 1148.175396
576.975641 1131.515664
561.705582 1153.706560
570.368008 1141.722133
589.907389 1152.727155
572.770328 1158.856898
573.361181 1167.523146
575.302214 1206.841849
561.232011 1182.407799
581.479243 1202.747490
572.003869 1189.608687
560.143794 1198.048826
577.654106 292.096096
573.841485 1130.487258
589.223770 1349.323062
585.347512 1342.858674
585.273146 1398.198728
572.963140 1102.084448
571.783094 1174.890389
562.048090 1210.037639
574.946451 1409.716038
586.525814 299.666506
590.387840 270.023223
563.824621 1065.548108
602.081496 1057.960877
569.383338 1074.256233
568.183253 1088.997865
571.613371 1091.229189
575.028914 1107.941275
586.560124 1114.789096
572.289298 1123.835321
577.278128 1111.252298
584.706141 1091.462298
579.877109 1159.100251
581.920426 1145.606897
574.053117 1153.804907
560.729832 1166.632490
577.978181 1217.497312
575.949520 305.454301
565.040517 1192.897298
571.720032 1374.344272
571.995429 1424.050187
561.354001 1087.411507
580.870497 308.152205
582.850382 1201.590280
596.997263 1210.270033
573.689275 1221.708892
585.542224 1211.131667
575.175130 1193.086399
584.596184 1202.820630
585.730884 1385.147978
576.628530 300.122025
564.695169 1075.465801
596.632381 1216.739115
604.768181 1400.369211
568.552985 1407.964404
589.872235 307.391196
610.890058 1040.276887
573.342744 1066.285455
570.047960 1045.767840
608.282400 1040.572563
598.428592 1236.835542
595.442780 1263.745207
583.398611 1239.662446
602.594310 326.129459
581.904089 1242.370834
606.732507 1252.601484
587.393429 1419.537097
597.378541 1420.809077
573.089305 1444.529048
592.211120 1409.182445
589.310613 1398.192519
608.199213 1411.648718
601.416829 1063.343797
599.837027 1428.510626
565.482419 319.626644
595.014060 1245.865787
577.546097 1265.478838
589.244572 343.082745
600.287536 1058.885733
608.439295 1468.775285
595.248641 1426.840771
590.299524 318.071063
600.227919 353.307268
591.743047 330.807938
590.151915 328.484923
607.743967 1045.696235
597.425910 1040.991608
584.183894 1284.153995
610.027304 1246.412612
592.149403 1292.534884
598.154126 1282.469648
603.351389 1288.758730
614.838024 1295.694002
614.341587 1458.923270
614.122993 327.931227
604.764515 1272.252453
578.070194 1043.315775
622.174075 1452.796377
604.224024 1467.045351
603.311527 1452.721135
611.198013 318.434944
595.716169 346.849934
607.028482 1008.847219
607.632327 1277.741165
579.704944 1476.915115
620.329917 1280.209754
594.518822 337.237862
621.202807 357.529061
612.260587 362.174786
618.903450 1032.352134
607.838777 1036.414869
602.850519 1020.394472
600.469306 1307.915018
614.357793 1314.254461
599.420059 1281.208759
618.639919 1304.466152
612.608054 352.256396
615.204414 1468.181766
602.799718 1029.846367
627.930311 1315.079680
626.436982 364.118016
613.291111 377.103980
636.767486 1011.282788
611.678620 1312.861168
641.513894 1337.747265
646.062285 1338.771260
616.667300 1331.373809
622.650156 1466.986663
596.967897 369.220999
598.166872 1312.928473
625.251685 1473.991272
621.660646 1450.102655
615.791150 993.506768
622.650668 359.167241
609.310929 388.539421
608.629284 1329.357576
611.925969 392.042158
604.536301 1344.092147
597.942527 1015.477529
624.946858 1450.130289
617.874530 363.321354
623.778952 401.956453
622.518177 391.302581
613.626306 978.145963
610.358540 975.102025
622.654449 992.389204
631.006662 1002.637909
623.253898 1367.439093
623.107598 1351.396134
606.840072 1344.354039
635.947487 1347.338967
621.092142 1377.284662
605.926438 375.008498
608.652040 1444.285421
618.023555 967.267077
638.841424 1353.418626
616.770191 427.960084
619.741586 379.186214
618.805417 962.186500
612.212912 1372.369433
633.467930 1474.618813
617.924208 415.020164
635.033797 1375.045213
630.364005 965.298073
632.911806 1454.847406
633.739254 401.794767
619.022911 414.672716
643.644800 401.312109
643.353111 402.817690
617.610016 450.136097
624.515778 423.910870
637.592831 409.462114
631.701453 450.213902
641.947917 939.676680
623.602445 967.982318
619.902158 1388.124458
621.255706 1400.613795
638.866116 1404.388501
647.918267 1460.705885
624.881216 494.938889
619.989903 1389.118185
665.975345 935.433039
647.944806 1458.129523
652.639849 440.891990
650.912511 460.754345
622.982073 462.889404
629.500363 440.541969
646.881746 456.309028
640.542158 944.626898
616.169603 1384.984214
641.087703 1407.898031
633.962069 1488.872350
652.415543 920.647892
645.578428 467.489062
650.452476 454.411202
644.273531 447.853362
637.317577 471.701058
645.002184 910.263538
630.596737 916.681816
635.452434 1405.669138
635.549032 1366.761258
659.380335 1413.246973
655.213792 1401.527554
655.586622 1432.244693
643.946245 1410.582590
642.254233 1449.375808
659.118947 1428.139517
674.192351 1437.993266
650.400309 1454.144208
637.504297 1425.170073
661.652947 1429.516228
631.569870 1444.836732
669.014596 1446.262584
641.902007 1449.605869
644.970376 491.012329
654.084358 939.958882
648.956247 465.992858
650.807610 495.542164
616.002512 476.522633
660.446468 921.829495
658.720255 910.867941
640.406491 480.305944
640.063965 917.039608
642.181380 497.247420
651.762102 921.361022
670.016788 513.313698
653.718045 909.690641
661.006377 469.300077
680.052158 904.186894
656.900240 505.448084
674.026645 897.401914
661.178841 891.085942
667.219705 906.411822
682.693515 522.004817
657.645097 512.807637
680.084342 899.359809
667.327078 524.322028
662.671445 885.388011
676.807044 869.704378
658.014630 501.845267
690.643700 891.729029
679.430361 496.153205
680.675251 549.131018
689.029368 878.767879
702.561226 517.606562
671.439703 869.982114
678.710282 503.286482
706.991243 886.069675
658.562452 519.388167
717.496109 855.227488
695.940300 511.918651
689.973279 877.546899
709.525551 522.319787
728.038529 873.058005
719.466528 549.163908
695.072307 840.830436
695.392250 507.830006
712.054884 840.153683
718.140961 516.838710
726.695206 860.675993
722.526646 532.889687
705.087941 883.444056
722.148405 532.962892
721.947347 860.079452
754.699187 520.792612
710.227561 871.456917
727.735446 513.245179
725.997507 880.989843
730.396606 499.836362
735.744396 867.288027
734.309331 508.487695
740.010964 863.687154
737.221091 535.113490
721.225273 856.763331
733.776030 532.216404
740.144696 858.366157
767.408683 511.308867
755.264071 846.718254
747.035103 496.593743
754.067479 481.261270
771.201719 884.893461
767.819371 503.168035
768.212889 855.615741
761.598807 503.404924
737.601737 859.955892
756.389002 472.305730
756.318501 873.786033
772.816129 644.658282
784.706651 681.435648
760.333001 474.345514
769.474043 687.828673
751.060048 910.989549
785.860364 678.613875
760.652545 643.547384
761.808629 685.249707
779.046335 682.252621
757.843939 698.677275
760.219903 505.423275
783.907446 861.273860
783.143163 483.073843
757.070463 617.406633
771.506315 687.128581
781.417565 856.512855
787.330286 721.728020
787.331912 487.691342
764.118360 636.543679
761.338566 864.729484
777.965977 654.798761
781.159048 712.307615
778.250578 462.927654
785.775774 694.110990
770.899340 866.449152
776.272582 449.843587
792.451413 641.526161
769.937966 716.054372
786.609489 715.922486
783.668507 859.788973
781.752450 463.473658
799.242829 653.740499
786.177071 472.291014
791.940581 870.709169
812.957008 715.775573
801.380883 625.035244
791.047498 460.861364
800.969151 882.706868
785.700920 697.875799
821.785226 656.128669
790.634125 435.126002
788.550301 877.252868
805.782105 430.003158
794.722249 742.013758
807.579573 630.560173
798.216813 889.385680
796.918968 412.136263
802.821579 715.857237
786.641310 661.056622
802.642842 891.955411
816.863366 428.436906
805.290872 705.772683
795.681668 658.105446
820.391773 905.054152
835.617299 442.863256
822.056609 723.090625
825.101159 622.926121
817.831067 878.444960
788.645419 424.647068
820.040259 719.741859
825.562998 415.345972
843.163213 639.353575
816.849137 931.686670
825.934490 725.981960
814.979045 391.079305
823.838458 414.228897
823.380791 609.820459
816.809257 736.868717
822.018657 881.005741
825.547029 373.381430
821.348903 631.560184
819.871073 883.355967
811.017070 709.162203
852.425067 362.177903
827.346084 594.999746
820.165257 907.813210
828.904273 728.141846
844.555998 376.160593
825.768679 612.210937
847.395723 877.312161
828.388708 734.538014
822.792465 361.551547
841.241556 380.642503
854.346308 408.937729
820.512665 889.465943
829.854757 625.500967
853.873055 722.246515
828.839416 361.456356
862.708715 905.549931
848.723957 628.522773
849.389532 725.612064
854.550834 393.819756
828.872877 898.841882
847.336957 620.662936
847.162733 749.367973
856.959064 373.549029
840.349436 890.335277
840.388238 601.595712
846.453603 749.470778
849.054553 363.613569
846.498100 915.374948
837.673166 619.686274
861.387799 726.061526
834.945203 379.021630
860.133120 903.861502
852.745000 354.767721
859.824073 930.699887
862.468866 593.386649
868.133090 744.747846
862.670158 359.302886
859.060728 927.255027
878.171239 619.103518
871.168943 745.634637
855.905797 351.776880
869.774998 919.340259
872.055672 611.783108
858.472070 718.362686
872.043619 369.500391
864.225377 908.697041
892.987043 570.760722
871.340129 744.111943
881.885426 354.744588
875.028074 928.084403
873.263033 591.476597
854.915360 744.098078
874.913839 361.802835
879.920667 937.657178
880.429221 594.079029
876.500892 751.515088
878.470503 362.863103
877.568381 914.742139
890.735885 627.163995
889.194867 741.434272
860.633366 917.526137
872.625206 324.974972
881.280804 622.308178
889.957644 733.551246
872.983513 911.255220
893.482622 345.660848
875.041969 607.485789
893.910885 762.100269
897.488163 749.485579
873.900007 765.216417
872.548698 927.675028
896.827576 351.659176
914.353002 931.892804
882.276831 573.774789
921.876153 746.552915
904.912193 605.657780
879.638932 330.565605
898.939860 770.446676
852.574491 948.642855
884.473800 593.860289
910.738919 333.543817
892.728469 777.053495
899.416204 940.685288
903.704941 568.114355
903.875338 779.587159
895.816591 345.551147
888.705043 949.973351
889.551764 592.247407
914.498128 338.291405
905.581196 791.863878
917.404533 915.848556
914.131060 599.454910
910.628640 332.613231
922.383061 758.879646
927.112407 907.621002
909.167732 939.372270
912.807618 593.856507
923.129243 330.263977
898.035433 770.715507
925.954121 930.567268
913.441538 940.243410
912.679448 572.972726
913.774396 757.715537
925.575737 332.405731
897.625140 752.788863
927.197705 785.243937
931.679877 951.716232
913.678843 599.601781
920.985699 333.922421
923.049803 572.664496
922.060371 786.203033
916.558228 783.363403
920.243877 787.053258
933.968548 960.385861
913.007263 338.044276
930.024284 560.063391
931.569454 548.316858
927.403667 797.685001
930.460536 797.603573
940.597319 769.281833
913.844334 797.157750
933.879253 794.332979
912.916359 955.357040
940.189656 324.298347
941.434849 555.948079
930.471389 811.420929
931.168228 954.203595
927.047171 320.824058
930.583700 527.272956
931.751852 976.043914
920.707595 817.610504
943.640481 332.307429
934.871146 529.997836
919.983544 938.754912
944.947563 794.291682
946.533507 309.668405
956.757797 962.943930
943.636956 544.121345
946.713897 837.216751
955.842950 813.544913
945.414793 303.094574
937.042412 526.578503
950.999277 971.603612
927.119198 292.329029
955.915779 520.363265
937.261742 537.862107
971.413671 835.903608
947.255034 515.363280
948.191094 964.233925
942.501306 295.699845
954.728331 828.027520
939.911355 981.931414
955.640575 508.805968
958.477371 288.681803
944.750470 828.556769
931.965889 961.800675
933.445690 296.810958
948.021185 523.685707
959.861321 479.880483
943.920309 513.592167
938.666442 493.614684
964.114372 818.819287
940.272227 984.357265
966.040705 829.717943
963.939689 288.234724
962.470048 298.856555
958.398987 509.863435
954.389312 489.988254
966.321260 474.389529
958.350560 989.656777
955.747068 827.675800
972.545797 299.978413
953.690467 473.899095
957.628437 822.993414
975.430776 960.003535
959.897337 483.606770
965.762761 302.288815
963.825060 840.088021
978.110491 969.641556
977.870795 264.817596
979.744197 466.233707
976.859987 451.550903
954.698311 433.679282
980.668537 845.541096
983.943589 985.703959
976.413343 273.036230
963.961625 296.874043
976.355739 450.635819
972.487907 424.312600
1006.842260 849.980505
981.681941 946.846733
971.328193 256.025011
978.946390 442.645796
956.943422 449.576191
1002.040388 441.209578
977.218301 445.571741
949.388710 831.589307
980.301384 975.593820
986.106625 272.292734
989.980901 262.290790
988.464711 408.304846
1014.881465 852.936430
991.265992 969.766318
988.375742 424.269263
1006.953154 251.156383
977.405386 840.264658
1000.237958 970.149365
992.414371 444.183291
999.831793 386.942783
996.431954 413.773018
983.446583 247.313395
999.453754 843.153244
997.352504 952.329628
989.169007 434.973433
996.282197 380.312362
1018.024249 402.530046
995.189727 239.742979
1006.756354 838.878056
984.092590 960.234090
1017.720124 220.947187
991.556490 397.134904
1012.294334 838.688153
1012.951019 383.717484
1009.487274 958.182691
1004.808554 208.047108
995.334569 822.771216
1002.016676 360.139354
1022.253646 974.435258
1019.876592 359.328664
1018.733604 367.959752
1012.338854 210.703544
989.294380 853.798473
1015.794680 209.184567
1001.008681 978.543564
1026.815454 360.870050
1013.660101 336.549485
1002.329927 358.364890
1017.150729 844.684305
996.550978 229.985685
1007.352806 941.509293
1012.375190 884.101879
1022.115980 346.791600
1014.582483 354.626061
1008.675497 851.261852
1026.519935 225.906447
1024.190524 842.891862
1034.797236 964.339442
1051.808508 335.780878
1026.456261 219.905002
1039.154978 352.075937
1027.610966 866.499401
1008.253609 959.691065
1044.643712 212.823209
1027.051793 333.303977
1016.096081 868.753869
1028.220916 950.538182
1023.946735 315.211784
1023.061366 319.235415
1022.892036 342.078411
1033.743420 187.716769
1039.279984 184.993804
1031.099882 876.003009
1034.607319 929.524927
1045.830584 316.867326
1018.309399 305.588460
1043.476691 335.654944
1032.264885 199.147855
1039.018397 857.163931
1017.874753 977.781533
1030.983986 205.148094
1022.276637 300.548041
1032.563832 311.334711
1055.447690 860.624699
1025.315047 941.573856
1052.383829 191.694277
1038.190519 272.974076
1047.703776 270.425242
1029.122746 843.031154
1036.609244 969.282213
1032.005840 195.081857
1039.439913 191.341788
1053.605638 301.297576
1057.460454 868.134433
1074.729012 965.190199
1058.547390 284.754421
1046.075164 160.139209
1050.306151 860.213488
1070.705281 956.860683
1038.498351 276.733358
1054.602195 289.289663
1061.507230 296.184540
1067.410663 174.817861
1071.737493 856.862965
1047.137714 974.906457
1069.788042 163.517491
1052.781818 266.366069
1067.634454 858.659850
1047.365021 962.636768
1049.636163 268.350934
1068.073740 170.716103
1067.991801 860.825077
1060.119897 244.404527
1068.276659 239.506907
1072.761767 245.031971
1069.991724 968.799430
1058.628942 166.134049
1068.062475 868.960326
1060.578992 251.231472
1047.124860 965.168382
1069.679120 244.232253
1056.357613 149.575511
1054.670205 890.019728
1040.063731 961.748119
1061.491442 146.090635
1043.583174 236.701358
1086.042180 858.716574
1079.472358 985.475941
1061.434236 201.483442
1070.042891 166.990645
1054.673054 889.989416
1090.259911 245.640851
1096.338966 983.398218
1066.583318 218.969423
1065.699084 148.037298
1088.370164 862.113136
1086.458706 969.847997
1078.150592 202.946855
1060.423111 159.232408
1101.343395 895.750811
1071.487890 201.324500
1088.346106 945.907141
1085.567104 132.732833
1100.608884 875.977903
1083.113113 206.740976
1092.280940 969.092535
1077.552354 158.511615
1111.063362 890.626996
1102.110379 189.773832
1110.208173 972.511016
1105.059574 102.566705
1101.379737 212.926410
1088.806756 903.343528
1092.594364 950.938065
1105.136149 164.639762
1109.295248 875.474281
1105.337587 151.151920
1103.153048 904.308245
1097.294550 981.007347
1110.601767 182.075222
1111.697353 119.038348
1116.612756 904.414497
1120.354855 979.312298
1134.434132 151.865017
1122.051694 116.545271
1131.509317 115.193226
1094.567877 896.336443
1113.663099 984.748216
1114.204858 186.784524
1114.834211 147.230441
1109.148676 895.083861
1099.654363 1029.513054
1118.099833 174.876016
1098.123519 113.362157
1121.276510 896.448136
1112.684741 985.884855
1131.898522 181.994509
1107.900177 901.010535
1082.621773 123.055325
1119.580337 990.009281
1130.197309 173.089182
1127.404363 906.803777
1122.877088 132.974673
1103.694072 985.931495
1121.497464 158.760368
1119.653779 899.021496
1139.688338 109.170628
1145.240899 997.976559
1123.167091 173.260601
1108.824223 154.453977
1133.599852 915.580706
1110.433787 108.428931
1119.570188 934.676153
1138.814952 984.320914
1134.668600 146.423312
1127.080726 133.634461
1126.714739 144.972930
1145.671740 114.388043
1126.820359 930.974606
1125.001541 1011.632199
1115.227729 141.689947
1115.294302 910.376962
1122.871865 132.093950
1152.253933 93.268014
1153.035364 102.168496
1129.284378 143.000564
1134.920288 132.466309
1144.409251 131.753735
1143.336640 993.855444
1133.929009 927.485817
1140.457606 1025.577378
1141.947151 923.003130
1143.464881 1000.392196
1137.094795 908.351738
1145.417573 1015.381841
1138.903859 939.521383
1149.088574 1009.939517
1150.515608 926.179427
1147.781565 1023.846136
1164.274755 937.697392
1146.231892 990.827392
1154.913035 942.961713
1166.260829 1010.471027
1147.020708 938.672924
1157.309445 938.325923
1156.700472 1032.222824
1178.165432 953.381851
1169.435779 1021.898857
1170.475851 1014.257189
1165.807829 956.668579
1160.534808 936.768700
1160.048950 976.568631
1185.145363 1039.651253
1186.717014 1014.256492
1164.986294 987.361254
1182.601591 940.400374
1180.026534 1029.850541
1200.302122 968.652723
1174.537656 989.185724
1189.179794 1038.818719
1203.581535 1063.983722
1175.491301 1022.971295
1178.169944 984.125453
1204.218618 1003.605516
1215.152995 1062.011841
1198.385355 1065.708384
1197.177814 976.034178
1194.295125 1045.087296
1199.397691 989.278928
1213.765432 1045.543415
1179.870729 993.477427
1198.291348 1074.062009
1211.372301 980.355513
1206.121664 1016.127440
1231.859725 1042.408316
1194.139704 1073.527938
1207.842232 1004.353788
1226.033835 990.449131
1220.137396 1082.015434
1207.761242 1013.473002
1225.395333 1061.829491
1218.936029 990.812257
1207.376671 1080.683595
1230.500498 1019.235638
1202.701840 1060.324416
1219.834449 1024.099977
1225.767432 1013.822193
1233.555750 1030.809977
1206.896933 1034.778445
1226.285289 1034.947670
1218.177884 1039.822857
1227.640889 1064.003979
1220.614835 1035.220467
1217.184479 1026.380821
1220.313713 1067.846156
