12.145388 336.217712
28.936446 306.567887
19.071200 344.595721
31.440311 349.121969
12.933481 344.532227
46.954621 340.202791
17.815873 351.807622
34.355032 315.456356
35.062270 318.776538
39.749782 348.915998
27.598688 353.858537
32.898240 292.681405
26.199876 371.917600
47.047307 291.820008
31.138461 376.331101
26.738043 311.800416
35.718555 337.781909
38.147226 301.396317
50.837201 386.700004
50.869478 282.276676
37.824284 364.700609
53.225370 311.956803
34.923768 381.945978
39.838338 300.555636
47.086014 377.030578
66.283447 291.842360
57.853812 389.315607
64.177864 298.438903
68.438332 362.718838
73.884201 367.969486
56.449443 269.426667
58.169465 350.395528
85.811138 266.133496
67.458778 396.346066
62.921177 272.191807
91.498050 369.079410
80.554552 269.241061
92.690402 379.950108
84.563650 259.034403
84.152424 387.292934
80.151091 249.712556
92.466161 378.576322
89.615200 251.587389
93.941150 408.596952
90.625298 260.117676
95.608900 418.619042
107.892632 287.058210
104.928839 418.124037
110.016341 224.908545
119.245169 406.695527
86.071979 254.155131
126.062347 404.434908
111.512660 259.506984
121.762181 402.700631
100.900784 404.662852
106.371802 241.526065
117.319497 396.969685
128.546784 208.867876
121.673359 400.277109
103.598406 223.178444
118.790703 427.859499
140.428780 233.270510
116.191828 416.450670
131.389786 204.260524
133.774069 435.754250
126.159757 226.648647
152.173965 426.102131
128.479694 228.170980
153.798690 414.988741
142.672026 211.591861
136.458683 437.455664
150.042067 208.591061
111.804877 432.187668
156.474923 204.889488
145.800809 416.127719
139.691713 199.124817
170.502750 457.971289
153.883810 224.156182
167.192270 437.401497
170.550163 220.101317
159.276077 433.641419
166.703826 228.829192
172.259197 436.301639
170.049171 216.377161
169.894004 441.304469
160.006132 453.467207
174.668256 217.224391
170.303388 439.192473
167.126627 706.354805
170.118600 725.865396
168.931130 704.666856
177.885253 721.244251
178.248911 161.078359
171.876525 451.632332
189.705491 718.000644
154.231166 688.558354
174.879527 195.022568
175.229923 461.748794
181.977080 688.776403
204.396061 703.195032
200.661048 194.951018
167.532299 465.909113
189.383306 686.905630
158.598091 722.719730
196.864033 191.792928
178.714643 440.269607
177.916884 689.167703
177.548420 190.325491
176.784824 721.416366
190.089581 448.420602
184.438670 699.190420
179.851823 174.140100
193.123772 688.557140
180.363151 450.222239
181.969025 698.080639
180.673513 179.977304
192.905989 736.358431
195.827107 467.675534
199.091972 685.652481
205.973531 714.195370
207.437636 156.599904
211.814592 442.029676
203.973448 727.259146
211.060539 711.100311
207.004413 172.873795
210.193107 477.760881
194.851658 723.782717
187.825237 715.289241
206.585877 127.884142
189.649165 481.009983
217.429353 710.214454
210.243243 725.741822
198.194301 148.761407
212.371033 463.693238
190.417787 715.369200
229.772764 737.087814
213.511645 141.710011
213.605349 485.021798
217.822959 713.136490
224.909258 691.234339
207.800276 127.357960
213.873833 122.065125
208.974334 469.812319
215.134276 712.141586
214.582315 738.389269
216.542160 125.978162
207.492875 480.452515
215.636052 701.591803
214.142475 676.038253
222.297510 742.245581
220.519067 118.807504
223.577672 491.253931
229.450390 707.139978
254.568172 725.509504
222.570417 486.400611
223.887320 144.960836
216.732383 693.603227
227.062277 751.209405
227.317432 471.856302
238.164942 125.997240
232.010646 695.792921
230.574129 734.098884
237.703675 482.348846
243.419943 106.673609
213.920388 726.374434
243.085196 742.654507
232.262767 486.386057
216.719572 120.316879
236.112439 710.783511
254.487772 485.423653
229.734404 732.395012
230.235551 110.950516
225.657804 704.757834
260.529192 499.675106
243.727173 759.784121
226.718368 93.268423
248.029567 719.084898
233.198649 484.069605
252.131464 718.308353
240.773895 122.216584
250.877261 712.164222
266.929857 485.720270
263.541165 723.631547
266.275841 107.794984
252.028559 713.874770
255.827967 497.596909
241.407567 91.998915
265.566885 751.030354
250.527091 714.348805
267.743400 511.389765
246.431435 82.093484
249.731767 515.483719
271.947527 478.481231
257.107053 531.189523
265.808533 710.746756
290.792245 712.485697
275.194240 84.208998
283.786432 518.573914
262.382991 732.842379
254.932895 81.417462
268.190866 528.445856
269.907976 728.530175
268.061338 726.941020
276.363038 67.660309
253.630910 529.607091
278.657791 710.473687
285.559431 724.946726
282.244577 69.670091
277.769926 546.951233
278.766217 713.129402
278.323831 76.542579
284.659721 521.674565
288.695173 718.192587
275.798866 681.990832
286.165058 76.871004
290.334738 80.615929
287.744509 518.059446
275.641880 697.194958
280.970073 717.676485
282.075340 62.080131
266.906130 543.347363
273.330953 710.561002
294.577410 722.584648
286.377752 45.436402
277.008452 547.322199
281.178501 535.873298
299.947837 674.199947
279.245716 722.308105
296.936019 53.522245
289.510911 530.370000
307.647582 586.736077
307.204820 698.570645
297.266326 722.816612
309.998365 52.273995
286.965305 545.501693
308.335435 665.637890
311.498304 687.537712
304.453445 37.743612
290.531063 705.608514
287.160557 703.326729
292.712472 549.455488
297.254993 649.824098
283.397727 70.676174
298.626651 526.401454
307.393538 572.317957
320.635074 538.123244
304.706142 593.159327
295.986129 563.903629
299.010377 638.163370
299.398267 631.845888
301.012980 651.745746
311.690541 643.001258
308.535944 672.069203
307.968532 678.537139
293.651826 574.637299
289.924964 710.175227
311.450043 709.319094
317.154996 28.558407
313.218186 651.028179
310.149363 561.067119
314.511505 567.048916
292.022516 565.634767
301.959162 587.019789
313.992231 618.245994
297.048340 597.111592
287.595111 587.831875
306.936987 605.618854
295.819309 584.875771
303.603423 627.239804
307.827414 614.924101
296.981644 625.551805
309.116359 641.079369
308.231785 634.102220
309.021003 701.037783
300.831124 34.309558
296.045305 706.468276
317.364743 29.023372
316.051254 690.193239
319.609307 61.171827
317.427860 662.433567
311.876221 671.816660
327.621338 22.335012
319.471867 685.590378
300.358686 42.405162
334.602419 670.774027
348.531008 44.388370
324.753298 670.336452
325.494139 33.622532
337.192096 643.845769
328.592056 665.639025
332.055529 653.882190
324.653314 665.388801
322.114419 662.931192
318.448603 47.296327
342.387068 639.987709
326.951138 55.191166
328.971317 46.800977
318.559720 575.146669
346.272006 600.488926
331.936477 554.688472
318.796404 572.893496
323.393317 587.491821
330.390445 577.784854
321.857549 595.905321
339.794111 626.092991
323.242505 612.929260
329.124483 605.820116
346.939110 642.768635
340.340113 619.871937
311.481227 649.440761
344.535852 638.455717
342.263871 650.653746
335.444886 631.080825
339.903765 68.283879
331.180894 539.949803
340.416822 586.880679
326.535039 571.324499
329.194436 57.222535
331.351525 559.369904
353.398820 595.552821
343.384288 598.941427
346.266863 595.832336
327.487208 36.833850
349.560700 551.418601
345.148642 47.752006
350.956414 528.096769
345.498327 61.935785
351.209488 558.748913
342.972903 60.562585
352.367788 530.533796
336.823247 88.851542
352.180736 72.051193
370.613547 535.300182
350.505971 67.763728
367.100040 534.381052
349.725884 509.828774
360.447796 70.456198
366.758757 514.952776
358.135841 91.678625
387.931929 514.979057
371.978674 521.834209
379.503744 501.506558
389.887549 500.044031
360.611335 530.627529
358.182848 76.982534
355.466497 499.860148
370.265185 100.788306
363.873964 92.147408
361.918190 499.517605
376.254693 90.869107
370.249407 487.210859
384.504677 108.411576
388.268362 457.720502
391.551540 123.062851
394.220399 503.147483
368.191914 114.859927
403.722453 97.849724
389.509512 496.986296
408.233612 97.890973
393.212162 468.905431
376.987856 129.742280
403.231808 497.852722
414.896657 113.182886
412.192868 489.828117
393.108467 156.671668
393.503887 112.782321
415.273658 470.868605
406.001467 143.794707
389.890631 153.636681
398.936123 459.904140
393.033790 159.006520
399.349769 496.029665
429.528695 154.023291
420.241680 484.940996
413.158308 151.230760
416.661049 465.060816
411.606586 190.760994
413.492521 163.710548
433.725294 455.413798
436.173111 119.043222
419.019101 491.532923
436.602162 174.952831
435.483955 472.828070
447.772916 172.182754
425.079758 156.642743
439.749287 462.745250
445.123119 189.033685
457.658900 450.590262
434.980044 186.094650
427.963389 464.792676
455.071864 189.752857
437.478247 457.910090
457.642860 175.355396
449.271825 440.787163
467.642767 178.985279
461.918010 184.096742
450.285650 439.373951
447.749897 193.328858
466.453513 428.587412
471.397309 188.330788
443.899867 435.435900
475.257274 193.168000
461.650530 454.885483
463.667487 207.533243
484.149393 425.086389
468.010669 211.842901
491.904303 223.360029
468.532077 416.432166
482.995894 202.036967
463.046221 420.312348
471.367389 216.950739
492.392919 421.753780
507.125692 213.096770
475.247655 402.264446
484.658016 222.537323
501.450349 413.114566
494.087336 228.337824
491.665199 402.524806
495.564018 230.249327
484.507640 404.364425
497.390795 264.445037
488.422566 432.585741
491.594701 263.141604
506.843161 408.075083
517.265805 230.310014
518.936993 256.528325
519.471651 438.115641
523.210483 239.505154
499.173227 403.669129
501.560666 272.448351
509.477961 422.856650
538.670711 251.972472
527.651730 391.234390
513.595254 276.812085
556.167671 391.363286
520.441679 259.267787
541.559701 440.846005
543.315725 246.937551
545.701282 375.660024
543.956679 280.669784
522.122106 393.732984
521.939008 263.044009
548.255284 291.950596
536.098724 369.250005
540.962920 257.977291
531.976736 385.346813
549.614812 274.999516
548.485600 376.587847
547.681845 287.144761
565.483797 395.300055
547.808861 282.538453
562.349608 358.983730
568.947712 295.935389
569.861788 313.139569
566.431070 402.915377
570.894085 345.553681
559.951838 284.886581
565.558892 387.918049
573.366469 300.189260
568.176723 303.029194
567.212899 305.946193
562.176907 401.014198
578.739680 284.787697
572.391439 369.258329
584.827621 366.509738
589.574700 289.090344
575.962251 353.349997
573.707899 308.719554
596.430921 329.880152
592.127817 330.319794
587.428079 362.514618
574.028299 321.903519
577.628086 332.745063
579.443307 348.152375
616.770834 334.894769
586.885391 340.033806
565.671035 342.492310
594.164882 365.887387
