111.223072 885.139810
124.952723 875.720435
125.549834 857.697022
128.235693 879.283595
128.635258 839.950883
119.157330 872.483338
91.425925 906.695056
117.343817 874.358442
121.570637 884.512582
109.671078 872.408381
131.321136 923.930926
80.169300 916.103580
88.246886 899.369411
136.141540 929.543291
95.687515 874.934442
85.324857 937.340511
136.569356 866.333266
138.024865 911.778436
113.733789 820.351997
136.928682 938.121064
134.969355 857.746293
139.257382 912.410018
142.271673 927.730632
168.480314 831.866156
112.691236 914.320554
109.616754 947.409093
137.180851 924.505871
115.261364 987.929537
103.091797 966.367049
123.539478 825.382047
82.134182 976.151472
156.558869 896.383448
177.457786 976.966304
134.428302 883.008570
127.689664 953.958831
144.915370 833.347211
151.897830 956.506130
165.860549 963.040457
162.599898 884.824957
161.397578 967.099501
165.011359 829.614375
146.938431 970.982366
153.282603 861.537950
181.330325 957.299258
185.151263 844.243318
140.719754 970.805383
150.140594 875.408862
166.489579 1008.831833
163.715568 869.845028
137.225909 1026.646063
168.068652 864.504476
138.889751 1000.117811
215.457881 879.995075
170.978605 968.629990
197.321860 851.717328
203.563330 1007.205725
161.829131 894.778130
145.074759 969.346194
221.173782 856.533632
179.004069 992.346026
215.463332 884.322323
196.284739 1002.507699
223.727499 872.176648
201.421115 1050.382155
227.707913 862.216595
226.561524 983.534516
214.277960 877.690237
130.853250 767.548613
230.425816 774.583738
180.134146 765.622852
191.762848 789.848104
177.004089 823.325380
212.747303 799.902166
201.419767 782.703561
202.621239 788.578855
240.789850 815.784802
220.979639 846.041581
204.322984 827.837912
232.580171 844.199269
246.297015 820.348384
205.364813 842.762743
174.543015 859.510640
227.512555 839.064598
189.926665 876.258661
205.479125 1004.916992
199.866147 808.135573
211.106036 979.360358
220.266888 716.518760
216.390608 668.478021
223.599178 692.439099
205.227575 698.498760
164.436609 707.345590
221.656282 645.611947
242.331283 750.377400
215.860778 708.204176
166.505795 716.264398
238.816112 717.918132
237.723709 736.861246
207.129977 734.944593
188.091885 741.735471
191.445335 781.333872
195.373174 752.039245
187.353917 738.910141
224.796074 759.210013
268.015185 739.914964
200.570821 708.668505
188.985877 785.849095
216.179012 757.966008
217.744896 765.426394
185.617385 762.456262
243.022828 809.392728
209.068065 799.636521
208.874624 776.948056
201.935356 1000.110902
201.058746 699.670649
233.603153 689.731361
202.996675 971.304933
231.212161 672.456135
218.199176 985.740467
216.475961 702.736424
258.502075 1008.228032
216.943648 655.278547
230.576586 1031.649960
214.031826 647.255337
213.764851 1024.321744
238.838653 650.094822
202.421520 1082.116412
223.138048 654.261918
219.676825 1025.164933
223.981897 631.129871
261.225719 979.364473
190.125349 662.058164
268.661996 1026.524178
269.056322 667.196258
252.761024 1015.620646
263.675385 643.515186
251.537333 984.411565
246.974455 616.889399
245.311176 1030.380080
254.498206 604.062113
227.096114 968.124266
282.268100 642.980480
264.570236 1025.625503
264.540645 650.767448
263.830326 1028.345437
300.185494 625.287710
290.228729 1019.088893
242.995960 587.206731
285.381467 997.979768
296.826703 1050.210223
281.285323 607.814543
285.783968 1051.587329
330.405149 637.783785
289.691277 1086.532358
308.370723 609.769385
306.123797 1043.932344
333.532480 594.368063
299.821816 1054.800412
305.823898 573.795223
274.731322 1080.815756
264.687035 591.159432
302.686619 1032.371295
300.400600 584.588384
317.242354 1039.075466
287.261800 600.885972
262.837355 1029.787653
307.701048 1064.754498
265.055307 575.181256
290.141595 1056.602839
316.256410 596.518741
286.018090 1055.590210
298.879357 612.225366
322.276277 1086.426609
336.371004 587.559902
322.454974 1053.783310
366.788168 605.988898
325.482401 1081.556594
321.290393 1114.864328
304.362616 569.918632
350.394526 1078.697532
332.123462 574.465257
327.854915 1064.895782
340.864677 585.139542
318.315629 1094.548194
328.055538 561.245265
386.393624 1122.406158
333.479361 572.068039
379.585491 1084.210177
298.879389 577.353269
324.809222 1100.691396
349.479513 503.844237
354.514834 1107.569838
339.340560 1147.145062
365.074951 538.436548
327.056397 1095.813195
338.614578 572.725951
370.814182 1088.168733
340.014453 595.974966
355.474646 1092.888425
348.891428 578.528847
409.879428 1104.714099
385.407860 538.289289
353.447847 1093.633492
352.515531 562.740973
356.744846 1095.232068
350.486189 529.048039
358.302789 1066.484624
389.450439 516.802883
456.156796 1122.329673
404.478690 526.601179
392.424422 1101.950611
395.990733 516.209145
388.067572 1116.156020
363.324309 521.324965
385.208676 1148.823504
403.083937 550.770258
380.155018 1139.503472
394.891412 1132.446625
383.090609 532.677832
363.656547 1134.912853
424.352232 482.862957
439.100349 1171.144918
426.413542 515.670236
397.202032 1128.093595
443.800145 511.067233
417.694465 1100.910425
421.404793 499.414790
440.165190 1145.528123
395.709711 522.492616
429.556453 1122.804274
421.309735 525.061908
445.113520 1129.277882
425.598616 496.251337
401.890394 1133.571222
436.970875 471.675589
436.896780 1106.051156
447.576112 1158.521644
457.072560 489.072582
406.705302 1164.091772
445.477702 510.731755
426.023388 1133.010813
435.293144 533.081700
471.556313 1164.483952
459.226259 534.331419
432.141624 1115.874537
432.351446 523.749737
489.376633 1133.190098
449.463261 486.936669
504.730518 1138.294607
470.980297 507.061979
464.475749 1150.772184
478.142573 501.144580
504.734280 1142.538695
437.767978 489.767710
481.591799 1085.457794
492.963774 458.837815
446.330891 1135.887236
505.398671 481.679893
478.435315 1123.438507
465.514732 511.639080
477.805487 1148.061767
468.783114 471.700181
449.286596 1178.797506
475.139217 485.878560
501.026109 1165.285590
464.954538 473.639989
484.221818 1132.516749
519.279459 489.085314
490.307119 1157.960645
503.898264 476.061946
485.076543 1166.633387
481.471011 485.880737
493.226313 1145.979511
500.438300 508.529185
549.330501 1117.395464
495.262081 472.479322
489.940411 1121.321467
481.654274 511.272399
550.441449 1166.504922
503.120367 477.698305
540.010935 1160.629043
518.240240 487.689284
487.291115 1115.034694
560.988749 505.031232
501.653555 1187.048281
542.886475 444.966605
542.707857 1112.163054
525.186318 447.784416
528.276268 1162.920648
536.402561 1118.436935
534.861149 476.181909
523.025036 1156.333698
529.758654 479.852124
566.568876 1144.340181
555.208097 483.870757
521.477088 1155.789064
580.541092 490.105385
527.626664 447.028305
560.612001 1113.501581
556.634466 458.778259
587.281278 1195.034299
571.253837 496.650756
503.804057 1141.316390
564.726535 447.848024
557.445992 1154.442828
544.852932 477.392579
518.231420 1151.664407
550.389157 474.560932
565.978229 1177.217826
545.142867 465.102392
555.428179 1167.449296
570.685443 444.234774
540.194241 1148.640245
603.391335 497.536564
568.165796 1184.662051
562.247120 489.517061
610.758675 1169.503975
567.421434 489.664170
579.949230 1164.002418
517.061392 1034.608750
582.032501 473.443138
594.639389 1152.076165
559.472670 997.333970
608.048007 1092.628248
608.029751 445.268167
655.827326 996.231895
596.068446 1052.157603
614.316719 1042.132978
568.962251 1182.802032
603.318266 489.670676
596.782289 1049.689557
622.906297 1063.509646
582.838014 1152.507653
602.539020 1053.224561
581.167961 457.974816
628.884673 1047.062208
568.712432 1164.087359
606.070201 1037.925747
621.279249 1036.547808
565.828878 475.091589
601.367067 1150.862592
612.041086 1055.881506
600.205863 1027.018663
608.899723 453.963293
602.717639 1133.012170
578.750486 1024.379040
630.632237 1043.685038
593.882721 466.214116
664.196801 1175.115087
635.524404 1025.014267
726.587693 1053.128370
642.987982 469.197578
606.132352 1161.126274
612.989871 1064.841433
592.813669 1078.705262
631.878339 454.737254
646.258551 1175.258272
664.461068 1033.966579
601.416868 1081.395595
640.672364 1048.049736
638.225649 1109.816390
630.395442 497.397287
658.176664 1042.711239
637.560232 1073.813673
611.739009 1151.336892
623.407832 400.775175
636.425809 1062.801265
644.675310 1029.566293
631.509924 1131.264834
616.940123 475.053355
621.733460 1073.704459
646.136178 1097.696544
649.300946 1046.407248
643.650793 461.784728
665.543027 1094.463709
648.071671 1140.894260
629.719988 1025.228096
622.981428 465.688906
623.064799 1069.815614
616.887252 1135.266042
624.453476 1051.986068
640.059866 1093.983313
640.193897 1065.939481
656.403488 1079.264568
667.170800 1108.612236
639.769425 1088.089006
635.160636 1115.428504
636.033903 1111.700475
646.854759 1096.662968
639.648072 1097.954343
626.831597 425.521613
663.173033 1061.071207
667.075068 453.272433
665.738452 984.119628
639.682359 476.293302
652.873025 1003.389155
655.362221 476.420761
682.002537 1035.558023
669.688864 472.418336
683.205047 1005.980645
649.337977 434.462075
643.534328 1013.106913
684.277936 470.068534
684.655851 1048.858457
671.754034 460.052455
648.630579 991.373328
700.840220 461.751498
673.674953 1036.509618
664.795146 509.106166
700.712531 1028.810320
655.211490 439.610170
684.902801 1011.651124
674.102774 425.924937
674.113901 1009.247723
651.434315 453.319133
689.026107 1002.508752
740.341279 152.130303
680.059201 198.211613
753.614211 192.961194
695.982888 151.476666
675.290884 190.982992
691.004880 200.665636
697.405655 199.379660
712.451396 200.600023
685.232385 195.842975
753.601669 209.009202
712.099863 219.898430
703.621629 204.904702
692.569503 192.249581
703.710643 223.261079
698.434372 248.237813
695.105899 229.059291
677.092831 259.722223
714.196754 281.967095
698.165717 240.028401
716.841284 470.678201
677.125529 997.049816
707.154490 130.079533
739.836806 245.727421
710.124122 283.267264
685.156196 250.027397
674.676620 226.889443
694.317328 456.238859
690.180626 1006.604526
712.436054 142.918597
686.861438 274.039478
748.017041 463.360619
714.713962 1020.369398
707.079702 258.861195
712.454406 167.742360
701.211171 1019.860418
719.635819 467.546935
701.999406 292.490550
746.432065 265.873591
717.324633 134.904238
767.977302 1000.706122
721.104476 483.352427
700.250758 301.439236
728.339352 987.492106
717.481033 151.721006
718.758339 284.429879
753.634826 256.808884
730.691884 455.729762
666.987509 1009.498944
724.846949 164.953703
712.860425 280.324883
706.026430 487.139654
690.686317 286.868478
739.468908 995.982531
712.359469 162.344486
735.044885 499.757874
718.682144 293.004366
729.476069 1001.072742
768.489699 155.499112
731.111512 470.536102
728.562401 295.771327
707.091778 989.569776
709.960135 176.725142
741.231629 306.988526
703.489474 458.101666
748.485326 162.100530
729.540369 431.839518
718.708701 1018.616853
713.042546 291.681928
730.135428 270.442723
696.267375 1015.733381
704.926320 1016.304524
720.151529 175.889255
755.140480 313.593052
752.108411 448.047377
734.849501 1008.451162
715.165037 270.737561
773.926557 1042.818073
765.555694 157.076575
751.269811 450.104786
743.407719 169.269284
764.623783 328.243570
767.555867 997.332283
753.136694 495.991518
770.091966 211.874329
747.255035 298.915812
765.823113 1019.121014
770.599763 485.505733
732.576200 1022.842703
785.322206 162.786323
760.435212 304.974637
742.975313 200.859378
747.033230 455.319971
753.436366 327.016825
789.239575 1035.964455
729.037817 171.525376
757.097465 472.719197
759.773780 354.309514
768.871395 1015.165774
772.268804 161.172951
809.595404 333.491668
758.287753 457.115853
780.101836 1035.107870
750.937351 191.256295
765.925139 473.124126
780.512195 380.377972
773.438553 1059.181195
770.763176 157.786963
771.712111 490.980707
780.936066 337.378384
798.217736 1018.422538
799.156662 207.684142
810.229831 362.382160
776.015481 501.513975
752.724765 1045.613898
744.185100 170.215797
756.423020 487.044436
776.090161 346.039856
787.156578 1082.787807
790.013924 202.759750
786.944696 247.689143
778.520848 452.960334
747.026628 364.275737
848.523701 1093.985033
762.357046 344.455741
782.423273 1048.259649
790.810745 191.862502
762.967843 480.870707
817.658004 212.597600
782.876246 365.592103
782.762229 469.876200
787.771587 1014.968340
780.310686 212.244520
824.304572 176.200457
786.049496 377.555827
769.424118 490.576481
815.103797 1060.176306
827.220454 320.288070
795.353423 223.148612
809.834297 502.376143
817.076620 1044.015807
831.589797 222.452786
808.421136 355.540066
803.243126 488.187227
813.337987 1050.542901
791.210689 248.987507
806.971378 358.706909
824.188512 468.872002
824.734669 1084.136870
793.125264 211.806225
808.176568 365.791805
815.588243 223.748063
853.625190 466.754677
832.508402 1098.075557
788.923554 281.659098
804.009697 400.273908
818.689403 237.704015
832.454998 424.871393
824.295536 1097.866198
805.488610 361.505623
841.680888 220.051936
842.324228 233.742103
879.557425 248.374783
824.057976 455.928848
818.683611 1027.335326
823.951224 405.990282
826.092974 145.025644
813.250259 125.179954
801.299119 139.083287
831.512551 176.317389
827.706353 109.830728
819.145051 121.455998
840.482883 170.595105
830.625128 177.180634
818.633907 148.372891
831.935635 138.555639
830.618047 163.533284
870.558440 178.927855
863.935759 124.375516
794.842090 138.559893
838.504682 178.701815
874.440424 183.545054
818.658860 203.979313
830.962441 186.822893
780.644520 168.963397
803.530774 163.986522
846.904950 190.977338
847.721014 369.278500
801.955020 370.936087
798.968813 255.405165
817.239529 256.879607
854.654046 473.440877
826.549559 1059.282337
803.229336 209.642665
808.883337 267.103615
846.821219 119.170507
817.488505 392.615550
821.596046 241.059494
866.915809 207.007808
820.047516 229.608902
856.329254 1063.131661
817.431781 377.007189
826.302370 511.884288
854.382330 273.233798
844.340819 237.480602
853.877181 123.408663
792.214798 287.092790
827.065063 228.685580
852.917061 1065.273532
816.952704 195.233185
802.073165 175.327231
824.679206 416.561239
798.446098 469.445069
796.713151 97.433342
860.999421 252.746942
846.521516 1055.465499
847.768407 224.623985
847.924084 305.445160
836.075003 420.560492
847.790138 458.634296
828.436733 126.366775
842.622255 242.432746
849.327158 263.930366
828.775248 399.846380
829.434572 438.707116
811.932670 396.322006
840.542974 434.238625
850.727119 465.195869
816.662622 392.462019
844.606378 420.604411
811.394516 435.277944
831.192412 446.337267
856.828831 489.130903
832.300006 1023.872274
815.703167 394.305458
802.770028 288.173821
844.916050 474.828245
807.189154 108.118441
810.912631 235.008549
886.946142 429.528888
841.200294 427.834680
837.427154 1085.606438
865.837815 234.509575
839.061155 265.824324
852.255820 391.609254
839.487689 396.642249
856.919324 456.861204
837.448385 437.279713
830.799726 276.449605
849.423465 100.265404
855.340336 1082.987419
822.937700 261.783511
866.526866 305.205431
855.177654 195.050364
858.966128 119.739666
893.661492 259.544434
812.952127 1095.751771
867.407167 219.444803
863.105911 1094.430926
843.587021 283.887266
872.299813 91.462364
882.868478 248.108357
874.549837 1104.421988
865.552679 113.951808
841.638964 335.918866
823.134817 265.719232
869.610556 1067.495632
804.500337 297.311873
880.254067 288.233870
856.507402 109.947013
881.764841 279.062824
857.576553 1099.165824
814.496521 254.274667
862.685174 286.492454
842.997581 129.809585
886.618395 315.544893
838.570115 267.624422
891.823470 1061.890753
887.236546 244.051662
847.563882 97.819116
858.614533 290.570774
912.115447 1071.658858
887.235905 97.438769
850.204048 304.174288
875.858599 249.039995
899.775358 359.842321
906.103908 1105.777030
873.454598 136.929840
883.378346 300.081974
863.409013 270.825552
896.713310 1053.623471
854.247467 153.151232
883.577811 290.251948
873.008238 315.578158
897.215347 103.188053
860.210689 351.534693
885.962683 1111.932440
878.310253 269.968498
837.079315 301.167453
902.606597 295.777870
883.297859 311.935084
917.336606 1092.505269
885.863588 137.041086
898.356869 358.705064
861.911807 281.952883
881.373694 1110.409673
905.159999 136.955653
929.236527 329.841457
897.567150 146.235053
915.787893 313.894630
904.523336 1092.286730
921.710587 320.670938
865.172414 295.852880
873.990484 314.379996
885.095723 99.776057
899.019153 1118.250972
879.633713 293.001154
876.556616 337.594123
873.846961 1071.777050
911.910378 147.690412
867.790577 313.173232
874.984584 188.238383
900.862166 296.113651
908.145110 1109.183587
938.871136 330.231221
913.435179 330.365333
907.005204 1148.984004
921.341190 1140.521448
940.175869 112.446679
901.224296 986.318118
940.388142 992.301052
895.083869 1096.404622
929.910603 140.115600
942.716421 1120.210303
880.845978 993.943452
890.539015 995.043658
958.911855 1023.662278
911.736544 954.698639
909.448204 989.045489
933.897118 179.515960
915.350936 1163.927503
898.890179 945.734077
930.412170 945.875965
928.426461 915.626047
925.109426 959.849561
885.913512 961.377009
898.955537 952.053083
956.708356 950.120839
886.713478 971.970440
914.501713 929.742580
870.103236 983.224290
880.565487 961.463138
890.609328 1014.789079
949.926905 174.362888
959.231787 1009.899954
894.387568 1108.356721
923.847411 159.458584
964.342046 930.342182
894.489901 997.275817
874.496482 1114.092431
928.654868 186.304381
960.840607 957.057405
902.802114 1162.323958
939.589086 1036.488014
926.140052 174.191233
926.752994 907.824624
913.499376 998.624941
957.675848 1140.467856
924.625561 207.427255
873.112421 925.639775
947.302733 1031.256888
935.517924 1121.873010
955.829830 143.676346
929.516809 928.384732
941.406187 1037.089374
920.476467 1131.973646
917.143519 187.831803
944.410713 946.897661
979.129437 1032.116877
916.809673 200.975149
920.769327 1130.375868
918.262225 917.360259
925.385962 1024.834405
965.909511 196.095251
944.860652 1149.829640
972.297179 1037.410591
997.552923 174.233466
905.778547 171.211670
956.216744 171.146788
942.130859 196.873993
966.285044 213.122389
934.407946 916.349489
947.479864 217.419281
950.341787 1028.464610
940.305207 1092.438065
912.007837 904.678309
957.024410 222.778564
968.755541 1061.298134
961.242278 1134.067826
965.769006 203.263633
941.357000 902.715052
971.357752 1054.571178
956.669810 1148.682538
960.584238 185.542202
949.205540 882.136878
927.634360 1038.493970
954.213851 1129.835445
946.407731 239.445142
982.365538 242.091333
935.509169 246.100045
966.840200 228.197150
987.835753 230.835230
946.265150 243.587893
964.691813 905.791455
959.206123 904.969056
959.822524 1077.206026
954.234751 235.138684
932.019275 1139.812395
954.162513 903.411952
930.330785 1072.500959
953.788102 221.501885
975.447440 865.498103
995.799924 1063.468799
942.070842 1113.190020
940.675517 226.804561
963.201438 899.534115
955.223048 892.788372
923.668741 899.860906
951.572901 1077.202533
973.233868 1186.160513
970.473425 278.892662
1023.775644 876.160232
978.230404 836.119252
931.537931 1076.297546
993.629388 1127.535315
959.751747 268.582000
982.182818 1124.039005
953.029910 281.065524
946.632921 863.125090
984.420645 1026.454651
963.122048 870.753541
942.255457 289.199434
993.090890 1192.676666
980.425367 1064.158842
1001.334308 838.855011
1004.054137 262.931958
963.312881 1150.005451
935.038040 853.654300
984.522113 1072.005966
977.685752 262.795864
1028.276305 1120.017440
968.925946 810.539532
973.535361 1084.982245
980.332154 268.029966
985.257091 1089.647219
980.792262 1171.810729
987.922445 296.058841
963.184781 268.889079
1001.769883 305.582671
962.745279 312.416208
999.254351 308.040738
1008.850005 835.992546
1011.232409 1065.161208
996.140637 1071.872057
989.387979 1056.601374
1011.377093 1095.845813
973.189013 1097.421959
1002.960322 286.342388
993.940184 1123.735112
1006.822430 1157.966004
991.095227 819.189444
1017.191544 316.531442
989.051624 357.463180
993.308775 324.077198
994.452911 360.975074
975.016573 322.668884
1002.493220 305.336434
981.634367 358.968522
999.052300 846.029494
994.873790 299.041179
982.087715 1075.639333
989.388340 1131.259515
1010.427990 823.178791
987.158160 322.539231
1016.973842 328.874058
989.601885 1120.780605
1000.306141 1116.943266
1041.431853 355.129708
966.744135 822.651718
1033.369577 1056.970576
1025.535260 1095.991866
1025.200678 380.305674
973.232563 770.609444
1004.885494 837.725818
998.153508 839.195132
1033.249050 1089.799524
993.914078 1132.902207
1039.163889 328.783859
1018.706558 776.025186
1013.240120 1127.150016
1002.635545 803.575951
1024.020802 343.842930
1044.592496 734.664755
1020.014037 800.549322
1026.279544 792.366126
1009.427238 792.989723
1025.811649 356.193545
1070.607925 794.883216
984.105779 348.651839
1047.503162 796.236402
1029.722418 348.604193
1035.341416 745.498607
993.806738 778.536739
1064.856980 784.360931
989.569089 792.453566
1061.428051 323.406103
1039.950380 766.442352
1032.070208 382.030921
986.275410 749.079346
1072.024271 330.340837
1050.873094 778.532559
1014.436466 331.498211
1042.501576 736.157593
1055.460636 372.244241
1033.381054 754.018590
1018.356337 693.078996
1038.390339 681.466545
1081.691596 734.553362
1077.375528 707.669955
1024.965126 712.844306
1049.286547 720.924769
1058.093113 723.874986
1025.121929 349.867779
1044.840778 684.351950
1033.525858 360.065467
1064.582298 347.758182
1040.067167 676.681326
1065.286710 374.213465
1061.956609 683.655799
1076.593163 338.538295
1060.869322 690.939025
1074.959896 369.918640
1061.298958 703.052890
1093.480997 407.120915
1066.475329 697.279322
1075.737128 345.787658
1062.202092 715.878841
1068.517723 365.989232
1054.246785 646.663474
1086.312398 398.632629
1093.951818 704.579820
1088.375203 352.960901
1122.373472 684.337901
1086.635617 369.843290
1096.496978 662.439615
1099.026787 335.998695
1067.013840 653.180582
1116.728327 345.809670
1153.075609 674.037166
1103.051445 340.754436
1094.649051 671.934064
1068.191149 387.953286
1111.545130 671.247342
1101.479295 355.968368
1109.168639 652.205497
1099.202980 368.368608
1146.886045 621.448035
1122.748945 635.731892
1107.661500 375.517244
1167.001213 659.383599
1144.375296 406.025672
1147.686668 631.328334
1109.684242 352.994373
1100.805962 618.559921
1150.967489 397.215671
1143.111936 642.463377
1146.792724 422.135945
1133.866591 623.410020
1112.025057 367.993490
1122.305012 393.640047
1140.972967 624.567607
1124.285698 362.179234
1123.312845 611.472964
1122.606176 389.489526
1111.275319 627.850758
1129.792479 376.076183
1142.674770 652.495085
1148.205779 390.457003
1135.589397 624.515278
1168.294194 416.238021
1177.775439 627.749349
1164.253646 415.874764
1163.778889 607.044476
1138.765032 391.160591
1106.070912 611.648198
1165.159006 628.898217
1161.390380 413.253835
1163.398378 384.471587
1138.184422 637.500785
1147.761563 378.831929
1160.978772 647.691960
1189.474536 418.575722
1159.138755 588.519826
1177.975524 415.901301
1167.947051 596.548061
1189.715023 428.686319
1203.948648 600.776950
1185.924356 388.551187
1189.553838 594.445691
1218.603760 382.608481
1221.017185 591.361691
1238.567431 399.575512
1227.781338 574.894215
1225.404773 434.075854
1261.870986 426.394921
1260.580685 605.742682
1194.578416 430.935921
1234.768901 590.295606
1215.522930 464.890989
1214.263916 416.066268
1196.609457 467.758018
1200.153611 454.847342
1199.023040 600.717929
1203.616705 416.129101
1235.706301 597.034436
1248.539154 495.504311
1187.385357 558.227426
1208.464904 466.268585
1242.263838 457.330392
1222.749821 586.190015
1218.372052 491.232322
1241.420422 460.484914
1218.873844 580.276239
1235.820733 457.539664
1229.736461 586.298481
1224.526939 457.906742
1226.110642 446.583802
1190.881015 558.241361
1213.885059 473.548348
1218.704739 622.097074
1221.660151 460.913057
1181.301721 509.841090
1257.055136 503.009067
1250.141264 517.470345
1277.529255 481.556148
1223.212045 520.074376
1246.214243 547.689318
1204.082447 500.854605
1257.213238 491.049608
1263.216907 514.563087
1264.659038 521.686310
1249.364537 502.358116
1203.111646 569.029510
1232.583851 546.208407
1267.551233 545.423490
1239.334845 532.285709
1249.099904 569.471064
