49.941788 308.859006
48.961538 296.846533
47.118258 311.994119
47.592711 306.751374
50.175197 333.030240
57.536333 282.522594
58.590909 315.715643
58.074891 277.273067
58.602291 309.424864
61.430519 313.606894
59.853944 332.882991
55.415720 342.853627
60.578892 331.430582
51.841805 335.591669
54.836612 361.726750
60.805976 275.135210
54.274770 352.684124
66.064136 98.782080
60.794075 128.038605
66.303991 261.458049
66.045004 334.839425
60.868179 372.146256
53.838616 380.806194
65.531881 138.180124
69.560743 113.069024
66.045595 289.173279
63.304227 345.522106
71.719178 99.984246
66.618245 108.216290
70.480234 111.127445
73.158300 124.652671
60.784325 171.445162
66.602075 135.252171
71.120089 144.730492
66.535209 145.762534
72.621524 158.245086
58.712074 292.145027
64.057960 364.603227
67.906699 385.992935
64.089126 380.822779
68.163077 358.483775
67.336984 386.961169
69.045687 386.089603
59.436114 376.954579
66.475022 389.508007
64.603025 390.902875
68.406202 395.741095
70.023917 408.548794
62.275809 419.031937
70.411178 414.722835
70.879989 91.196814
74.301523 160.402313
70.318861 267.766407
74.005149 427.217110
70.827920 94.947256
70.141595 160.667565
65.818819 165.115953
67.615531 249.860360
72.293313 425.726024
80.701737 413.406994
69.589699 80.717721
81.427640 159.837886
76.681941 252.531002
73.523705 456.492639
82.772685 178.951638
72.107049 200.422515
66.810485 417.801835
74.381201 440.855852
77.761765 440.715962
74.679441 438.932889
77.938233 81.424194
74.671791 271.569072
80.074576 437.225640
73.993645 179.702571
82.372769 464.939175
80.796338 477.898263
81.789412 81.045410
84.447981 180.751853
78.856828 254.772201
93.082118 459.661395
86.983600 79.990285
89.092391 176.266455
88.431250 473.159766
88.375837 455.456357
83.016108 455.947967
79.399871 477.884972
72.953056 471.619115
84.327455 486.888070
84.835323 481.266216
79.314168 513.737645
87.640858 273.462809
86.401153 55.000645
86.286295 174.721122
89.158425 491.860140
90.589201 254.451923
95.254046 486.467686
88.313895 495.751543
85.367692 527.795141
88.676315 518.641207
83.871972 517.581124
95.994021 512.127995
92.849272 518.687666
94.234358 176.770544
93.592292 68.557727
93.423750 244.114598
93.054406 550.665173
96.622953 185.893688
89.322683 547.096147
97.460886 531.667866
97.078861 536.578987
94.844966 538.064606
96.124957 68.013308
102.404781 252.331298
103.244359 569.183235
102.942987 217.943858
102.333098 218.402235
106.814354 558.648334
101.289773 574.841893
101.042705 548.305752
107.879117 62.020205
103.680602 196.558250
104.366667 213.714785
104.387595 560.008652
106.056951 51.309892
99.952794 207.278172
107.407591 217.090153
103.430433 208.165662
114.316563 199.415150
106.961357 217.001358
105.107774 203.523134
107.177436 192.719352
99.997720 558.371229
103.391500 560.865281
104.887802 576.239521
112.026727 560.750158
109.525998 591.614610
109.540558 63.850315
101.269057 591.012936
111.142645 572.846078
115.206029 40.882802
114.735121 597.622607
110.110885 608.422693
126.047782 592.243855
116.488931 55.986164
119.261369 594.978370
127.146062 675.336377
124.180226 673.098732
128.948107 705.356476
120.568112 686.669985
115.456512 712.224011
124.562045 702.030493
120.176288 48.296037
124.462402 571.620208
119.765701 690.304555
126.225404 654.571669
127.858156 62.538319
126.779361 628.095222
123.501530 688.028465
125.882992 677.941734
125.359054 684.667510
130.157072 726.625887
120.279048 723.664504
129.549493 705.990083
121.445251 743.096782
129.674049 720.726824
121.599797 746.451626
126.703537 722.004794
127.604878 741.834424
123.035024 754.257897
129.179797 772.829166
134.765400 804.689231
120.214207 795.251304
118.229230 806.804183
122.361798 783.383440
127.120585 790.241814
124.742779 827.504299
127.957200 826.367079
126.057697 813.901368
127.867867 822.600686
123.383761 812.949660
126.030106 829.098264
125.609209 844.394678
132.847207 780.052096
127.944128 52.700416
130.205743 613.333111
135.647309 658.976596
126.471877 739.531496
132.671202 672.193807
135.671214 750.132743
122.021665 753.686418
127.765408 796.547513
133.008887 754.856914
133.187145 825.418851
136.701041 637.669012
126.277366 67.745145
137.571300 641.083837
131.784137 822.388579
137.414448 609.242770
141.754659 614.336906
125.179905 652.979707
123.513869 73.585875
140.171404 649.288222
138.192670 840.248170
144.157572 648.684612
145.847532 632.352849
149.880818 619.301649
142.610565 650.338686
142.457628 626.954942
146.426142 45.631575
135.707963 850.766774
147.368136 51.459988
150.218980 834.377130
161.289901 56.078230
153.416654 814.835711
154.147989 45.242385
156.211102 831.111873
157.448100 54.573065
164.953158 834.847708
157.598518 850.250243
161.376169 49.114307
166.257034 853.340309
159.693301 66.320349
170.531361 841.744800
168.840599 71.354014
173.583213 828.400578
176.587529 53.658792
177.204231 46.807217
172.317726 838.034079
176.526407 860.704061
167.273828 24.983819
174.634489 856.339574
178.072646 52.916042
189.147113 852.782144
190.858681 58.588013
185.124754 843.711007
195.663723 66.564895
197.964917 853.910257
199.547748 46.163988
208.255099 31.464744
196.651841 855.089520
208.396892 57.590927
199.297779 832.237810
207.168656 48.399226
206.819171 833.722699
215.404270 73.929953
214.724200 863.753123
213.997476 45.441307
211.370257 850.029793
222.511671 56.630012
219.570226 66.355741
221.901032 846.426144
225.324195 60.324452
232.318109 838.868931
228.216242 82.472360
231.599021 839.157958
228.374525 86.831496
238.103397 818.739541
235.346039 66.263309
232.613270 868.155430
242.312083 67.995369
239.974304 751.422904
238.607853 763.624036
235.682659 842.208899
238.130171 91.907204
237.433648 229.641220
239.892370 720.396253
246.035079 743.962623
240.592868 762.743526
240.546422 756.342134
240.412607 766.518753
246.978434 863.849241
240.758299 77.225180
241.713178 761.616710
252.523773 241.978813
252.765051 252.332636
245.570478 751.868965
254.978492 81.464583
246.002624 90.945111
250.048552 100.017990
249.580729 204.592453
246.614773 215.953386
254.523893 224.402505
252.377014 229.527092
246.168135 225.864698
256.333667 236.926894
246.576546 233.525734
252.453407 232.156387
247.743057 700.667316
248.173764 716.231359
248.573580 731.219743
246.080785 703.950783
252.883332 714.472443
243.693510 721.713162
248.322961 729.128780
249.366875 852.529594
247.450580 257.143802
251.587922 780.729751
253.424344 106.693554
245.318663 201.416348
259.019298 700.258392
255.548064 789.442359
246.917926 835.669331
251.092154 103.476729
254.119044 143.781709
254.134202 94.280676
262.980580 103.220228
253.260881 132.019022
259.072213 132.509229
254.060626 147.100121
255.078124 159.859829
253.148844 186.543294
264.662249 161.574654
248.671941 178.526811
248.695991 192.586860
251.319601 185.754625
242.001750 220.461630
252.929386 694.608332
251.349324 699.233142
261.664212 690.189664
254.052399 711.370390
257.862795 697.931481
256.924799 126.802619
254.358092 252.178883
244.841277 845.388268
258.187285 770.634993
258.039161 166.309945
258.146278 174.793950
256.408220 182.889628
256.971529 691.853724
258.495001 126.340558
257.586190 136.127400
255.332407 172.725331
252.935225 193.903218
268.207774 197.254611
258.310637 639.976477
254.062182 684.047749
258.574756 671.276835
251.277414 655.374272
263.264856 663.954079
253.801808 266.623955
256.954197 829.881643
261.266371 796.603280
263.256791 264.329255
265.499051 660.769317
265.095470 290.479668
260.175911 642.843440
261.395471 848.088999
258.406881 274.133455
263.670103 770.647876
274.080838 648.548558
268.161545 796.208667
268.317875 843.892131
261.370006 263.895629
262.593897 273.917951
274.768550 255.330471
272.515683 291.652433
265.403209 304.849508
274.815820 303.157109
268.716119 300.060128
266.977911 632.662235
273.398207 850.688202
265.292620 774.786294
265.448549 302.397590
262.756407 622.036624
274.996591 303.326242
269.128356 315.247060
268.646084 316.142018
270.034246 345.202205
274.826304 350.245716
283.402739 357.163851
272.717304 351.261648
275.064771 337.710057
271.596700 354.445177
273.261214 603.898701
271.664184 595.112052
274.441366 586.012406
272.452559 607.128710
276.811832 610.535166
276.856623 615.351295
271.719744 616.961399
279.216682 836.692555
269.937009 602.095987
272.199219 618.484703
280.343546 773.270431
274.781753 329.664554
278.689946 334.419778
283.819820 381.556405
275.268712 594.561138
277.475559 305.729155
278.535182 330.550831
280.412110 320.840789
279.511563 374.443416
278.476033 600.608137
281.721042 623.436380
271.602856 835.041870
283.073676 393.214225
278.017568 801.554235
271.267604 589.037619
277.793942 849.475229
280.925898 362.945200
286.429783 394.366857
282.954720 795.031653
282.839479 382.057037
282.755905 574.006466
285.983369 815.269276
288.376987 807.911996
284.449090 375.575336
294.413604 585.576981
292.614153 404.179799
288.362530 393.858483
293.018708 794.068736
290.323320 851.142521
293.715075 574.181848
293.354389 410.931900
287.372833 406.873971
283.789309 416.905098
287.665129 406.706451
292.020262 420.202890
298.011792 805.788945
292.302786 821.958235
292.955181 573.916783
300.046237 401.566949
302.928138 420.276377
300.458855 410.671309
299.992137 794.552380
296.796193 840.054003
301.866619 447.797734
298.423056 572.581315
302.883191 792.184517
303.926362 848.760803
297.579987 435.412922
302.254849 436.241860
310.558564 554.865841
300.054977 567.712941
297.411164 445.684897
306.795109 797.941227
303.554571 816.158157
314.384397 550.625628
303.659450 557.150396
307.294534 555.449068
302.273537 449.532225
309.389592 441.244062
304.250739 526.383203
309.310306 569.189844
313.978646 576.844240
311.130253 466.498053
301.695363 540.577113
312.976183 803.159374
306.067786 804.767816
310.632463 563.604479
323.297164 532.443750
311.031183 818.817385
311.177293 467.701519
315.033654 459.798693
308.688092 460.201833
319.965037 458.222577
317.279867 456.911321
313.747070 804.440132
313.497526 821.847709
309.464927 834.392892
313.126441 508.604470
326.930412 473.600693
311.235916 501.096653
316.524694 478.310722
309.721774 478.331698
317.638690 524.998633
320.044120 477.090724
319.099797 497.116741
327.064630 498.715928
318.836428 510.402653
322.226168 477.883940
320.665697 518.397938
326.930159 474.727788
321.201721 481.818883
324.759539 523.757431
326.450592 509.219906
