121.466422 212.057875
117.075345 220.135517
111.499941 220.270593
123.653254 221.805191
124.476566 212.834419
123.090813 216.773306
114.356075 220.848348
120.466020 222.192117
128.591099 201.449951
122.909121 207.461787
121.870087 235.566422
122.981079 227.745471
123.718601 233.067805
123.465394 232.509061
119.357395 232.834677
120.335412 235.959472
128.363171 233.282517
120.506706 242.712313
128.193599 237.844021
122.545438 242.872283
114.273283 242.489639
122.097324 204.637534
126.416670 240.478234
117.072538 198.824873
125.268315 246.865663
120.574017 246.671170
127.172583 213.791571
129.701065 250.419633
132.941557 206.732379
136.300241 207.758091
127.400723 246.037560
129.061672 259.512330
125.610807 215.349795
129.431255 250.339464
131.688362 209.233718
131.745291 218.620070
133.908968 250.627208
134.882307 217.228611
129.187478 257.229915
138.636942 219.972566
132.497446 255.164487
138.313504 220.337310
139.720056 255.326100
146.609190 168.486381
139.980118 169.732934
137.388651 180.974486
136.016225 186.929550
143.719197 212.230894
138.520812 256.332217
141.587575 167.565328
143.336239 174.045238
142.056986 177.299653
141.494630 179.251989
143.446825 213.027753
138.527096 258.208371
144.053539 176.355371
146.193708 181.974204
146.606496 179.872437
139.104305 177.369100
149.595776 184.906211
147.914895 211.141286
143.862881 255.205818
145.208267 262.821052
147.031954 168.283385
148.751060 180.807355
143.009557 216.141047
150.405239 258.167112
147.126642 172.060050
150.283835 182.877373
149.830580 216.370603
155.025919 190.645050
144.920754 254.773173
153.174403 172.618255
150.290942 184.802454
154.368252 210.137914
150.239915 259.621542
152.070249 172.774448
151.061867 191.398477
149.762699 212.750449
154.922564 263.324773
152.650878 171.518437
155.409291 191.706586
153.176598 194.745670
158.240354 221.206083
152.269381 213.668093
154.307352 257.738856
155.847609 204.032069
151.484361 191.844127
154.095420 204.836361
151.910988 199.040111
155.390909 199.507140
148.231371 206.411522
149.816004 206.031763
160.072428 209.967290
154.314659 261.712089
152.237328 172.011859
153.538950 268.375737
156.656581 174.287968
158.294302 257.935391
168.870237 173.720519
159.329066 268.125514
164.168599 174.493956
166.888303 269.408434
162.730000 170.256004
161.980335 274.860978
169.659618 176.719993
164.817166 258.671228
169.294979 169.717072
175.512229 261.235631
163.126532 260.225544
173.108673 168.097769
175.596298 266.400034
173.521816 170.907630
173.436645 172.932623
177.123858 263.711431
173.132129 179.329788
175.682756 267.993573
175.507261 165.441925
179.273639 177.094357
181.565042 271.590839
183.330776 177.739212
179.028473 273.882991
174.725467 271.555998
179.570429 178.818302
178.506893 268.278687
184.061685 184.855154
180.975522 186.201463
186.410498 265.497850
186.147075 188.839887
189.631717 271.919581
187.830381 275.960622
185.334138 190.909675
184.109667 285.215192
196.415652 185.583921
196.559064 285.236226
188.481811 285.324901
189.553836 193.548111
191.277800 278.977798
199.263313 186.729263
197.775915 194.204659
201.678270 193.794317
192.546971 196.192531
192.985484 189.913689
191.651922 187.672012
194.383845 201.342939
198.911012 288.609369
197.430696 199.171556
195.024295 292.306397
202.188029 287.136605
196.523204 284.944976
188.419280 290.901889
205.241985 199.706209
196.663185 197.313724
200.607145 203.014093
201.784047 205.493542
196.980926 215.348107
194.425380 205.053006
199.593689 213.869700
195.993781 293.439085
200.092211 211.368846
202.404042 290.013095
200.987112 215.123166
201.405887 291.632799
198.025945 216.914504
200.133716 215.225409
207.047960 220.780937
200.778749 219.991732
195.161061 228.645365
198.742276 230.747066
201.516547 227.944046
206.231402 299.183589
200.251444 228.108236
205.701499 294.745373
207.023181 297.071059
201.983036 230.019645
207.263329 234.222538
204.891829 230.942905
215.871677 239.749673
206.267911 299.317360
212.153257 240.184618
205.852313 245.199816
208.897820 296.032303
212.573003 298.717885
210.708554 237.999367
212.327632 304.918225
216.254111 243.171071
213.628162 244.772372
209.960030 303.561177
216.434972 302.812736
214.769463 242.095204
215.956445 311.055562
218.836724 248.523238
213.729500 254.783664
214.234081 248.621983
218.540706 256.721074
217.795580 303.609119
219.580083 257.988727
222.788169 313.652062
214.099546 311.255851
230.449296 253.674120
219.378948 305.757550
226.219288 250.979964
219.774857 252.148587
221.776630 256.489380
226.004326 263.960981
225.913258 257.132119
228.423184 320.463894
228.321465 315.794612
228.384791 265.470709
225.474292 323.877405
221.708028 324.114875
225.515873 326.336280
228.149808 334.108001
220.175194 320.729877
226.458042 325.089050
227.096580 263.677141
223.513188 268.485616
229.285831 266.297728
226.109632 268.957942
228.184070 324.449580
227.483070 275.462347
229.865197 338.377932
233.497722 332.965817
230.220548 275.439685
233.553450 331.948121
234.443949 271.906107
237.693502 275.081317
240.526906 332.226824
235.312537 277.388166
233.195242 331.138227
239.484071 335.577926
235.553086 281.530633
234.901616 286.849147
238.526604 334.190075
235.390225 288.570881
240.082658 338.913014
239.873507 289.360781
242.890120 339.171678
248.739852 286.139749
242.206310 286.725159
238.597427 339.777993
247.345168 290.748145
244.538364 339.882539
237.559205 349.824387
251.950908 289.074241
249.467756 283.851841
243.278698 346.904717
246.504947 289.708269
253.301739 345.018749
254.315918 354.285399
249.160176 290.287929
251.379793 348.203284
255.413457 294.504160
252.015663 351.861057
255.340265 296.656815
251.665132 352.145086
252.347741 349.370599
258.772135 298.483023
262.623215 294.238736
258.945237 299.616980
259.372781 301.929984
259.292044 351.615005
253.587930 305.683311
261.045227 351.750077
254.414171 354.510996
263.599206 300.974267
268.277074 361.565282
260.094228 310.074107
265.543806 311.580169
263.830860 304.873321
269.648274 315.494099
267.285830 313.035297
264.703127 360.548956
267.378922 360.682676
265.793206 315.797355
270.609619 361.034248
271.899248 313.543338
266.108267 318.328161
266.352671 323.622096
260.369662 321.545025
266.462351 364.101835
269.070475 321.862154
268.832985 363.771146
268.385386 364.642662
274.592221 329.736401
268.066519 370.813404
268.282819 368.958051
269.979433 376.914093
272.525489 323.691410
271.018127 375.177316
277.895321 327.374229
279.741136 326.151815
273.813659 379.008335
280.958548 377.458362
279.031405 326.530989
280.808110 375.707442
275.580217 331.481835
280.813793 342.911788
281.589497 376.455684
276.331535 331.835762
284.409843 378.325832
286.319297 333.386641
286.061293 377.741652
288.922923 340.298056
278.240730 334.499115
282.825981 377.820999
281.634939 380.213146
283.723351 335.698316
293.069043 387.333530
292.155522 352.932779
290.772625 341.251741
287.114724 390.395645
288.199046 383.927065
293.536284 346.245381
291.233282 386.935964
283.496683 349.431754
289.562438 383.877593
294.149450 348.158572
299.391869 349.465075
293.947618 390.352335
297.522428 385.548298
294.164022 353.673540
297.071928 396.056912
303.650955 347.990172
297.656663 355.293052
301.681600 390.143977
295.317923 388.070757
304.153533 348.669897
308.195088 392.416446
297.055760 359.167538
309.907259 399.977321
306.391613 356.974956
302.841284 394.368164
301.180933 353.057464
302.467494 401.626644
303.446571 369.090885
307.560490 358.027257
307.998241 364.581413
309.021814 364.910842
312.508984 406.308103
306.742672 395.549699
312.148791 362.447875
312.338583 408.733140
304.952848 405.391050
308.170249 409.308860
309.317533 411.717560
312.903091 364.375880
316.865819 368.042120
313.030937 412.711243
310.348589 369.834422
319.001508 418.807995
319.199272 417.353242
314.687253 417.198573
312.371188 423.188623
319.089470 425.983309
322.165339 428.043173
314.633398 426.099577
325.186407 373.048550
316.505843 372.448317
317.339793 428.543043
318.794359 368.893513
319.016103 419.737051
318.499604 371.827291
317.515325 421.006261
320.249044 368.861682
320.443410 383.831565
317.030945 376.025793
321.431475 375.299944
320.697944 385.804551
320.076952 421.222634
327.966005 427.794178
325.590882 372.320614
323.810881 429.748488
323.051582 385.053153
329.446779 429.697636
327.863395 395.419839
335.120183 390.158584
329.068926 422.505317
329.619172 436.286597
327.490285 384.781778
334.171778 432.948437
336.296169 390.322993
330.148019 431.485228
335.125499 392.166768
334.218220 440.363318
339.035794 395.095043
329.641963 430.608901
337.141849 391.602473
340.357192 395.933791
338.286460 431.296645
344.168715 402.079066
334.966235 441.456235
341.396122 396.571748
343.244165 399.845042
341.687590 428.608439
349.644360 398.157435
347.128751 432.170248
349.892646 401.092281
346.147408 433.898474
350.882020 411.090530
347.688519 403.053855
348.781715 427.602667
354.800686 409.018179
353.524373 432.701946
354.830307 408.923232
355.080812 397.020904
349.111438 437.772386
360.774064 406.066314
360.953539 431.824001
358.395654 407.707719
358.659522 414.515773
355.497283 409.452054
357.730765 422.553641
354.829861 417.009911
358.835360 425.036914
357.828364 419.795699
355.666962 427.332652
352.925313 430.282327
355.719269 427.036575
361.506861 427.299176
360.860578 437.322949
