150.415672 138.923481
163.791055 141.380446
161.042947 138.432345
145.570575 135.688249
149.692848 129.045615
144.016545 134.879648
149.118061 139.986832
149.549362 135.328972
157.455664 123.981500
162.427713 133.613779
168.388870 128.159877
148.161932 124.483184
164.167153 134.747775
148.228052 125.747616
159.203369 137.784647
156.203563 138.201128
158.718745 155.169623
159.522099 151.465135
167.405135 149.176047
159.026495 143.884034
154.218151 147.324275
152.874695 143.072354
158.325335 145.627124
154.313498 147.624431
164.081598 117.307084
168.271845 127.694405
176.219432 119.334634
165.400025 118.563807
163.974253 117.080217
171.110678 124.910910
167.292077 115.447458
156.904655 120.432296
165.789089 151.233611
170.432840 155.710930
163.588079 156.267589
166.349111 152.997214
173.876262 148.501696
164.770887 152.115934
163.869026 154.230843
161.025966 143.833317
164.115469 159.413312
164.614941 168.114208
161.539918 163.313273
169.075936 176.380499
163.691098 166.900440
159.772061 156.151369
167.160114 164.988415
167.751319 165.673345
166.481130 244.067210
167.248502 238.123736
179.101325 237.053326
173.125519 233.154254
168.497905 239.331715
161.061542 231.133442
169.266370 237.291541
171.616082 234.971230
181.151095 171.617020
172.746841 178.611414
171.269537 169.875133
170.141960 175.287047
184.107784 168.846487
172.181108 171.279471
169.537277 179.729221
171.731492 173.903034
176.797120 119.898425
162.418574 118.930538
175.905478 126.078659
167.149458 127.552628
169.143615 110.218894
172.949670 123.307860
180.976923 112.777595
174.858580 108.537313
170.562331 232.999915
180.942727 227.017417
177.295656 227.343199
174.062951 227.116875
176.679803 237.506962
173.522479 220.244128
180.870956 234.974954
176.117579 223.507527
174.647587 243.098702
170.696917 241.553693
177.458604 232.574008
170.764455 246.378926
182.632714 235.709840
172.113958 250.388265
176.491048 238.941313
175.496571 240.424417
179.284741 128.924956
175.926878 129.030364
174.961730 133.863015
171.443040 121.590198
182.591123 120.175250
192.197989 128.715392
191.574425 129.725588
187.368493 123.243814
183.697583 174.148759
181.680066 177.972874
171.022216 174.941900
180.205346 179.092088
189.816720 181.527023
184.749131 185.944036
180.013186 178.077832
180.803225 174.730381
183.078505 222.395746
185.682188 228.950857
186.929732 217.435059
179.012743 209.661305
183.409501 223.133404
183.116733 209.179585
180.380657 229.382617
182.145282 219.035662
186.773766 263.800397
175.602629 260.736099
193.302183 254.586049
186.228410 247.396283
189.847977 252.486264
182.715704 255.947533
182.711782 252.360757
181.568909 254.735966
191.928567 440.477623
181.766171 434.778064
182.585099 444.688403
180.732741 432.541797
181.480493 449.236546
185.489180 440.537872
182.988019 453.960969
174.366664 436.894615
188.951793 444.845622
181.784300 453.774478
180.089610 463.229934
184.325688 452.286892
180.284461 447.132512
186.686286 452.146517
187.323511 455.426352
183.839606 451.762688
186.234607 140.251868
185.267585 137.532687
182.624063 127.805730
185.503326 137.189634
184.951173 138.076993
173.573239 141.683048
186.980450 139.783161
189.811548 145.930661
182.708897 181.628738
188.238372 185.845498
192.328299 185.185502
193.436281 185.712971
183.707764 186.494306
177.592895 182.965586
194.463567 187.554523
182.912444 179.407824
192.108956 461.262710
196.151778 455.652037
187.685772 462.364100
187.163798 459.613945
180.161525 467.558767
189.974968 462.380987
190.120313 459.317660
195.659335 457.805273
192.782017 201.737769
193.916102 219.668169
181.864907 220.379268
188.978845 219.254797
195.308906 214.872456
202.535251 217.701147
192.362285 210.101860
189.821863 215.858463
196.834196 438.987026
192.953197 432.758482
193.584772 437.755852
191.857106 434.507701
181.093701 429.799411
197.520249 438.318551
190.111219 426.711070
192.228823 431.341171
187.867627 264.661734
194.032386 255.081228
193.293139 256.169981
193.143498 251.964927
193.564599 253.449542
196.408995 265.270029
201.278206 258.495617
199.492062 252.894818
199.748819 143.240327
198.813166 147.390789
187.637745 150.581630
191.140176 145.596859
194.942876 141.703624
191.944797 133.857881
198.186976 152.951844
189.361741 139.133152
203.532854 188.409716
198.811000 187.691448
190.060246 188.463833
188.933118 196.893858
199.635029 190.367259
189.695764 189.987929
200.727127 184.061140
203.376715 184.946491
201.020181 461.401585
192.246697 470.749772
198.819230 470.912887
191.842717 468.289190
195.575529 468.713302
188.428819 466.333625
206.474363 475.660159
190.225817 474.702486
195.874191 398.910451
203.850854 393.825987
205.474155 391.988536
205.020021 384.962093
198.616159 393.775028
202.480167 385.138824
192.992348 377.658365
196.861448 382.667906
201.883186 386.658689
200.620540 389.827585
204.125627 398.696805
198.317924 391.262443
200.004143 397.651985
199.063753 397.139512
199.965805 399.160828
205.218662 387.442517
204.080304 410.356573
207.672957 398.503135
204.858817 408.151201
199.626173 406.669506
191.131209 414.437962
205.057533 404.647926
192.827617 412.743724
198.300083 406.581731
203.591589 422.926947
190.280365 428.671040
199.397018 421.831789
208.427016 423.878372
199.018424 421.302528
201.346449 423.453985
202.761972 424.945208
205.682167 417.099898
201.947974 266.586835
200.343241 265.328989
194.032818 265.933803
204.790008 252.990434
196.613304 263.417213
189.522393 261.802228
202.151907 257.231919
201.410102 270.840776
208.740588 213.686170
200.923117 210.125918
200.945988 209.714518
202.565367 210.695412
201.050680 210.535000
203.024095 205.702395
189.570500 210.545553
202.470959 207.812164
195.565703 154.743514
202.028993 147.038123
206.872267 151.555695
209.470921 153.318465
210.484267 153.472632
208.535757 139.344735
202.302146 152.688261
205.951866 151.790293
205.474833 191.380662
207.278719 192.420716
204.697178 207.613177
198.429880 205.986366
201.299829 205.415643
196.348506 205.263249
204.868238 199.547432
203.085596 199.318525
196.091763 372.507455
200.695505 378.187221
195.150142 372.307384
201.103301 359.769427
199.950952 374.381897
199.253913 361.317767
201.517064 366.703796
206.905463 370.835018
203.861502 378.095401
208.290814 368.060671
215.488497 378.755829
203.890050 376.941675
201.666288 382.017309
200.091975 367.479243
206.595987 373.944348
203.159926 378.839345
211.279575 483.230361
207.277714 486.043462
203.290904 483.406916
203.536194 468.881771
195.022170 474.394819
209.056965 477.569290
201.349956 471.676860
204.583383 474.024509
213.420084 350.936344
210.325729 350.993769
208.760056 355.095155
218.810273 361.554178
208.629696 356.849378
217.123569 352.714778
213.739086 348.145666
209.058754 353.405910
200.149035 268.376967
212.781495 269.592393
218.344924 272.434809
207.510307 254.941926
216.689686 263.866007
208.547263 277.425979
205.223767 258.331992
215.051363 266.214980
212.738219 153.495976
222.017147 155.181353
208.375651 164.929270
208.561302 149.819069
208.639980 148.798488
216.424233 153.845292
209.467471 157.470278
208.987654 163.103985
215.038360 480.165084
215.249693 475.713220
222.455417 480.307621
223.154484 484.318909
203.070291 482.018160
220.097908 470.704287
213.649331 479.460850
211.200654 479.766821
218.291251 335.145964
204.882991 345.857570
205.119589 334.566821
219.714059 340.234210
212.709612 343.108946
212.421044 342.957213
214.239040 340.749665
217.178491 347.306817
214.123120 277.534784
225.104981 272.414553
214.242401 273.591442
222.589806 269.364693
215.762838 273.080094
218.837312 279.020199
219.469111 279.437326
215.612787 269.846972
217.564241 335.787474
211.225212 332.070057
216.666938 320.361322
215.933309 320.159670
217.185082 332.436906
218.863799 332.198917
221.083885 337.493009
218.558483 332.192838
223.661866 485.113759
219.834752 487.977999
224.556175 491.824331
213.684493 498.164428
213.174538 496.479737
222.037346 497.401616
219.744220 491.558947
216.454664 490.304959
221.399768 144.883025
226.348685 148.439478
211.533644 147.581546
222.492158 152.677942
221.412409 156.183840
223.681317 157.503367
213.419146 145.059178
220.681471 152.516176
224.897806 284.416686
223.737074 291.038166
229.322463 285.131358
234.619868 278.875562
226.566034 279.163712
226.192380 281.155891
232.047706 290.142415
225.178270 281.880392
236.602444 498.040586
220.187890 497.315774
225.121650 496.390661
223.847562 496.401271
231.915348 487.577786
223.076741 496.338130
228.617361 489.904321
225.062309 499.917076
238.158209 326.807981
222.992104 325.599884
227.623376 329.516980
232.916854 323.035677
231.026994 324.282990
228.175842 329.209362
224.510490 319.011686
223.835994 324.354492
227.437923 311.080786
222.785863 308.673260
231.096029 308.022306
235.431510 312.760078
233.466772 314.940359
228.404400 311.670553
227.191868 309.796473
238.247953 316.958082
231.718072 154.368159
238.691939 147.454038
232.884704 158.203499
231.205344 154.148709
226.529219 150.132723
224.892757 159.507083
233.392187 155.381056
233.134092 153.581446
233.409642 286.734142
220.275166 290.714667
239.448850 287.308631
227.367163 283.976389
233.372544 286.926825
239.299551 297.191879
236.070979 285.652272
241.074750 291.757688
232.356309 504.675060
237.307122 499.425284
233.253151 504.974987
240.027082 499.906511
240.431528 498.300500
226.776902 507.956442
226.126012 514.799041
234.533134 509.410784
233.160643 302.048890
238.969273 305.509649
225.404545 306.089597
230.084045 304.608939
244.227950 298.350754
234.439979 314.943801
233.915773 306.253799
233.515149 299.516822
233.836119 514.644925
230.341120 510.379647
231.476971 506.732123
244.413598 519.963739
226.924057 521.285174
238.669658 510.329157
236.604189 514.059270
235.295825 514.145294
229.264212 163.215317
247.382853 157.583211
241.246259 159.223096
242.569638 169.496922
233.605754 159.959329
239.497230 161.298816
237.597538 148.544683
241.216795 157.265756
246.067772 529.679575
252.122292 529.385404
251.299995 527.910781
239.205365 532.615742
238.341090 517.616051
245.403273 524.757749
249.913943 526.782483
243.745098 526.977553
247.444265 531.141857
252.357232 541.137831
239.307160 537.315652
248.197799 534.829470
242.924380 531.308508
245.607203 530.003526
242.557957 536.225187
241.030849 535.150245
256.475270 536.120159
240.447235 535.433779
246.860167 550.216853
256.765277 552.339045
254.863305 548.287186
244.516333 550.891717
249.208277 542.021619
256.343145 541.950488
254.710937 161.071886
251.199271 149.404057
252.753751 154.976836
253.446193 154.538072
259.413225 165.934002
261.848929 160.216807
240.221840 155.224484
246.748681 161.037430
258.272600 549.540736
247.771920 546.522373
259.941723 549.745659
248.744329 555.013881
255.959922 555.459486
264.886534 555.211198
247.518793 554.170030
264.308881 541.898052
261.246166 156.553241
255.184464 143.248079
261.920439 155.805271
258.311240 164.452161
259.339111 154.080698
258.336033 154.322540
260.363562 154.167409
262.121032 150.128272
264.424917 569.202966
256.153073 562.648572
261.486851 561.674353
271.377086 553.314012
262.144124 561.003008
267.808816 549.292513
269.822945 557.276290
257.669710 561.724846
268.210273 568.200813
270.887250 573.615547
265.621822 559.629567
268.197795 569.899920
259.397893 578.596540
262.214530 569.929664
275.380274 561.981084
267.682289 567.338743
263.139896 161.157075
269.237764 150.947751
279.127503 158.916621
269.837720 151.185141
272.547079 149.518635
269.624352 143.634861
266.092636 152.803195
269.472220 154.328152
268.778379 578.648042
285.720008 575.904958
266.506165 582.528298
284.213010 579.896775
274.265030 573.017568
273.104492 576.032943
277.060531 566.362175
281.987357 577.148227
269.875148 148.733231
279.750105 146.677980
281.311162 143.657477
283.020648 142.979753
275.422460 145.014421
287.880566 147.512765
287.480082 142.788364
288.660812 151.241061
287.733081 583.460945
279.331328 584.980280
286.061851 592.140628
281.912658 583.833911
281.875552 583.626046
282.043677 583.642434
274.742140 581.428313
278.936864 583.343287
287.964216 149.654233
293.349207 141.625208
298.823734 144.549572
280.321363 146.323844
293.052359 152.069067
289.236434 137.317389
289.810754 143.939724
284.249085 140.379632
294.345010 586.159849
292.761781 588.483627
287.532107 594.524852
280.071744 590.761375
287.707781 591.524077
288.803266 590.808603
287.106244 578.801888
279.261957 595.635110
287.567862 141.532934
300.283015 137.030020
303.469731 138.798129
290.343640 138.532167
296.771811 148.189165
294.030982 139.035966
300.195003 139.309612
299.418407 144.895293
301.930703 584.855463
295.293104 599.045006
302.233846 605.857985
297.746998 603.889330
306.699301 590.960605
302.015637 599.388812
301.504625 605.305007
305.454466 585.066580
308.800100 141.920328
312.676674 135.568970
303.937513 135.642714
307.052556 146.442468
316.594859 136.228525
303.901917 147.209979
312.801841 143.776953
307.876466 146.069916
309.131312 590.081335
300.577583 595.325990
318.501835 598.256002
303.067527 592.501888
306.727442 597.913935
305.299377 588.804145
308.438814 595.814077
307.976464 597.337908
319.236944 600.201921
317.457768 600.228831
314.648245 603.080510
318.488352 599.656398
311.960758 595.033732
324.807764 602.758845
329.030704 599.223691
314.600626 602.529257
327.825275 136.982187
316.097878 134.227750
324.299588 137.137286
310.819015 139.461420
322.414197 140.717660
320.591117 145.529137
319.936163 141.636673
318.469287 134.121188
320.854181 594.141989
330.729292 596.355268
327.800280 600.075709
328.428300 600.700081
337.327709 597.808811
333.669517 608.405157
319.549726 592.574223
324.662809 604.510394
326.427658 130.186344
337.035069 135.820826
322.758256 123.879424
327.769805 123.182424
316.768102 133.401425
334.556815 134.781360
327.754054 141.009046
326.176865 141.772186
340.886490 593.107651
329.354446 600.404286
330.034694 605.595619
333.529682 600.650078
337.976485 600.421321
331.568474 598.943097
344.019854 606.249421
339.787496 606.623940
339.617804 134.837918
336.530753 121.521740
344.686341 132.633892
336.636041 143.524287
339.174675 132.020549
330.957564 134.729990
349.432096 137.892103
342.016525 128.467013
348.877017 595.767329
344.401496 598.611243
345.425580 594.993658
357.297742 602.945392
344.337876 607.050792
338.334445 592.333802
347.560974 600.909416
348.681429 600.729699
337.591432 131.988223
348.631939 132.732491
349.397233 134.394862
350.260179 130.486334
349.415863 132.886132
353.358667 133.222459
359.801078 137.682108
349.028165 122.040939
358.006481 121.247613
358.689748 129.187706
369.081628 130.364015
356.604872 118.247367
364.633404 126.317801
355.445760 132.705343
354.120220 128.013067
360.542495 122.612820
360.448293 600.314074
358.039466 598.997099
364.640061 601.193056
359.946303 596.321442
367.627502 598.126889
368.052779 596.082359
346.532387 596.801161
362.683187 594.756233
364.882701 134.109829
362.848126 124.084325
362.367632 140.631799
359.419584 138.772391
361.377049 134.353403
372.691285 144.404231
373.649590 130.133069
368.397534 138.814736
369.428968 593.939153
375.102746 600.343406
364.965620 595.926498
361.288055 585.721696
369.124489 594.786756
370.640092 586.847746
369.117158 600.723439
362.308741 596.619403
377.821392 131.075870
380.608164 124.957167
379.697002 127.552960
378.489402 129.661870
374.550527 136.244816
374.355305 132.853159
373.739140 134.819529
381.055571 133.968297
377.938871 603.078029
381.618466 584.446096
372.389542 594.482434
380.205544 589.456281
386.693662 597.907937
377.725038 593.496467
382.695603 601.751104
373.846105 602.055143
392.150951 135.626445
388.349583 126.139499
388.174865 137.951300
383.160704 132.805407
386.236771 144.125939
386.132782 127.934021
384.592750 142.363068
388.448027 132.446053
388.187166 588.706214
391.796718 593.633279
387.540338 587.599508
387.591354 588.790906
387.211777 577.031610
386.537214 579.888690
393.334358 592.180126
388.617180 586.726644
397.804883 132.498910
403.251420 128.647639
388.030079 131.241312
398.628196 136.759783
390.658291 129.698995
403.853218 127.982016
392.661053 132.462821
386.672532 131.817583
397.468676 584.007290
396.929249 584.151392
399.276903 581.421476
398.655128 580.615798
393.610906 589.192643
397.992489 585.072988
405.375151 577.688098
401.678466 584.746169
406.312013 137.784533
400.220591 141.518443
402.894878 137.069458
405.641562 139.761682
407.265150 136.881450
404.330652 139.165118
404.995704 139.058090
399.685088 146.948766
400.299125 586.252651
399.938585 577.952817
405.457106 577.381742
408.380186 578.469955
410.816366 580.618684
400.223836 576.977891
417.773491 573.750725
406.820804 576.162807
413.430311 571.430843
418.746341 562.935910
421.538059 573.695898
421.354013 577.667389
414.838470 573.439484
419.036349 575.808343
411.787219 562.994223
416.487528 570.856815
415.550526 139.472337
412.491668 148.382745
416.497705 140.019544
425.778527 142.736303
418.789362 139.842872
413.760116 138.936791
415.966652 134.842158
424.167913 146.974863
421.743231 560.993354
422.697857 555.602404
420.280648 561.736976
418.864523 572.260889
425.514259 551.430246
427.313537 564.909885
415.445894 558.033025
427.614141 559.617299
427.586858 143.968582
424.106344 141.919137
419.903080 153.469398
427.404075 135.999348
425.004906 144.322166
425.464994 155.663958
425.359359 150.498317
432.290185 138.766577
432.940369 555.778171
422.942220 543.688218
414.749804 545.825503
425.121571 550.999787
426.036476 545.096874
425.734351 550.121963
428.979500 549.347694
430.412091 552.387347
422.736683 541.565746
425.875627 541.813472
426.495102 534.342804
429.291150 529.524640
436.558333 547.667289
432.958890 534.600469
430.145142 539.996075
432.917508 546.593838
441.299496 145.576220
437.633896 149.642019
424.721844 147.819258
435.125069 147.081978
432.212129 143.235675
426.934236 137.687045
437.652988 149.910855
434.275950 144.762290
428.017730 537.636891
445.869710 538.605156
429.254413 528.892914
446.302546 532.266705
438.809635 533.250736
442.389390 536.431194
439.156337 529.799390
429.847650 540.353425
428.077312 522.603904
438.981728 517.976995
435.749306 520.800196
439.818596 519.949037
431.150429 525.220260
448.781421 525.798258
443.893616 520.741124
439.730156 516.612699
447.139559 163.374826
445.046903 154.542346
455.080305 146.915496
442.059289 140.011828
446.013591 150.217734
443.843378 150.198791
434.695290 144.740862
444.575588 152.901129
444.578321 516.989678
455.330867 509.444294
452.324120 512.042035
453.136650 505.250243
442.152371 505.622150
448.125956 510.713840
442.327159 517.822258
446.713756 511.370075
453.849970 501.029120
454.044645 502.888246
454.415547 506.762711
457.459206 506.791818
441.767921 506.338725
453.098692 502.840080
457.644623 493.607072
450.368592 507.592165
448.782605 162.392149
450.995370 154.943012
454.407618 155.824308
445.974408 158.597279
456.976505 157.670829
449.538019 149.919104
454.053335 154.851049
460.778884 154.295924
444.428545 279.337951
458.855336 268.120860
455.224607 280.643352
454.795412 280.062165
444.938234 273.520803
455.914856 277.737303
454.393632 280.721365
456.116697 281.213501
456.555560 489.703655
453.907507 488.864364
450.999313 496.071277
454.178061 500.278351
457.806348 489.201824
449.122314 491.599105
458.478569 491.969052
447.380624 480.407493
458.433407 282.369809
456.565381 288.197696
460.833033 280.636135
458.016282 297.840515
459.712978 278.773982
453.233647 283.388169
456.975719 289.939380
454.182618 285.640443
463.357132 173.905412
448.833353 160.590153
458.543442 159.641517
467.317465 156.492673
460.854535 159.126786
456.349337 169.606154
464.030504 160.404299
457.056461 161.636855
455.793915 471.735639
451.677718 487.549749
457.000235 481.510122
466.550717 483.618689
464.816186 473.965123
459.929606 484.767993
459.907190 479.427198
468.657567 485.898478
456.108717 277.449698
470.870861 265.715500
472.847711 277.787332
463.674508 271.392052
465.949953 266.283694
459.287889 272.038080
459.659327 267.467563
455.384673 272.386255
466.089639 285.459800
469.743837 298.021427
464.589380 291.111144
465.489104 297.878343
467.038393 289.719547
467.113633 296.730115
464.653787 296.851300
463.833832 295.751704
473.102365 180.692895
470.488077 170.494086
468.470808 170.750130
463.174643 172.652506
476.353479 168.829323
468.813472 171.784224
467.149844 169.473973
474.127085 166.955289
463.559313 474.044728
468.259790 478.925719
466.856060 474.466166
463.744902 474.522688
471.731787 469.849064
461.695376 469.775433
480.411927 471.841554
467.957220 473.185641
469.005576 307.497099
465.730702 310.456442
471.028744 311.649051
468.686651 305.307879
469.762401 307.043507
474.001295 303.737594
477.276024 299.090448
465.307335 313.976388
464.657593 463.777756
470.234056 468.106186
474.814986 461.044337
471.377505 456.039511
470.789676 460.343274
467.987453 455.912001
460.442635 464.175962
464.132559 450.171468
473.164765 256.340269
474.818392 259.229399
480.468207 267.457879
477.790189 263.015208
478.182611 264.312762
472.839726 264.668105
476.534962 254.680491
479.108128 265.952559
473.906025 179.507275
474.300559 174.897705
470.652904 186.101607
477.625064 179.216455
463.081108 180.045995
473.432502 173.904686
480.677931 188.765298
473.816430 176.330412
466.725488 315.356636
475.608161 308.967830
480.136184 316.096911
475.355231 326.881640
477.122908 313.364443
472.324203 315.895771
475.322296 314.657366
474.063037 316.320053
476.234791 445.415343
478.194313 451.033797
474.981170 444.983591
476.128007 454.931448
473.701463 443.764529
466.677869 445.344827
475.549152 445.644363
467.641342 440.467375
474.212581 321.394139
487.250446 325.689133
485.635885 325.295980
482.993315 330.458187
485.344516 328.373095
482.837384 329.293523
487.008164 321.862300
478.845572 328.321347
482.317689 432.574453
479.842358 435.347666
478.803088 435.695809
485.498060 436.927315
475.727396 427.759213
486.167306 441.548413
477.998779 437.403525
474.362667 426.249193
477.202855 184.330096
476.090061 178.458899
482.923262 172.978487
494.281815 184.715253
477.608384 187.543211
487.943981 191.765106
488.317666 182.919323
475.793450 182.257885
485.067025 267.822003
485.973678 252.100064
489.915286 262.694532
488.215862 259.601025
491.993877 264.957380
482.780087 260.250442
483.960691 261.652473
492.867613 254.604577
487.455957 196.014788
490.163607 189.900116
489.692657 197.488630
480.052283 198.572201
484.477616 196.010700
486.835082 194.070689
477.953365 193.209406
490.678032 190.470382
488.062668 325.594725
475.990046 332.377912
481.189220 340.891713
482.708162 338.472457
487.252033 331.283569
486.700588 332.020345
485.994902 328.831580
490.829326 341.509603
484.143032 345.461382
491.299623 340.214469
488.996418 341.360989
487.584340 342.587093
483.125148 341.844922
485.582596 346.627160
485.023572 343.063869
488.506764 345.227323
480.435424 418.652779
486.851763 405.335111
492.068697 411.552443
491.357796 406.629563
485.157290 414.730014
485.180782 403.268643
488.737257 420.766495
487.898708 411.934358
486.271192 424.938946
486.186976 424.757291
496.215104 425.717028
488.067161 434.912552
482.617037 420.605761
485.173737 424.080149
488.654194 422.890240
487.874928 415.374620
499.629936 201.440865
494.717947 206.778345
499.575699 209.390034
490.148282 207.477805
489.992671 203.981713
482.308557 207.259990
494.156987 214.151203
496.087966 201.808727
494.601698 347.322256
489.274880 352.263095
481.855023 352.185408
484.918198 361.599529
486.402240 353.187589
491.340918 360.536719
489.493833 352.895919
489.377864 351.847052
489.064450 365.052387
478.394002 364.411652
490.398978 357.977242
498.800618 363.147888
488.953190 357.612930
495.290232 373.200338
488.237122 367.812983
487.634625 372.909054
492.096342 382.456672
488.084681 372.977321
489.149134 375.260166
485.064107 381.205626
491.030251 371.305844
485.991606 376.778670
493.453228 372.505544
495.097889 368.031306
492.486095 379.055520
490.352933 385.166380
489.169242 383.411758
491.306910 386.123019
492.863637 386.830197
493.390497 395.541783
489.824661 394.211193
496.336615 391.954727
489.293799 407.614589
479.423227 404.281084
494.543930 391.302916
492.097294 395.366938
489.197173 398.701547
492.697322 402.811572
490.537619 398.526630
485.181983 390.996757
499.277559 265.233713
495.881205 249.048268
499.867201 253.782777
497.173590 257.888581
491.354625 261.990769
487.610448 252.797470
495.790421 253.535378
500.659121 253.125314
501.266735 204.814295
500.030878 203.865611
499.273612 200.193742
496.005807 209.730179
496.585312 201.683099
493.228060 199.066861
491.165709 202.633497
496.416598 196.564596
502.331699 255.335260
507.508211 254.668905
509.281173 245.571819
502.714522 254.562021
501.392946 256.180747
504.686786 260.332707
499.527465 252.918701
502.904512 257.464456
509.826721 205.882758
497.782374 204.978193
513.550937 211.000810
513.152026 217.029436
509.741552 214.591939
515.083489 210.370126
517.759931 204.483438
498.465480 209.622725
509.301146 257.974554
520.197513 250.949126
511.918089 263.944077
518.786136 254.720332
515.333109 256.262955
516.331723 254.360265
502.788768 250.699026
511.955739 255.459058
519.223462 216.553465
520.824089 212.147080
517.130614 198.947331
518.270693 205.137755
516.212205 210.467334
512.126657 211.244787
515.955867 209.336725
523.712185 204.766959
524.147711 251.645433
525.905242 266.260682
520.565249 254.760819
522.207215 249.547994
516.263379 245.219431
519.006341 258.043193
513.100114 249.082596
530.053276 262.958735
527.674811 212.828652
530.985378 208.620907
518.788419 207.723124
521.706613 213.840886
529.567873 214.466297
538.574987 212.216461
532.452748 224.851910
527.287603 217.217025
533.961423 249.471156
534.015557 245.598512
528.377869 243.954818
532.312888 255.506364
531.149036 251.999707
530.409438 248.405411
531.813113 249.999625
534.961700 252.076598
539.952778 222.507215
538.222135 213.835945
537.936296 213.851935
542.079931 220.677784
541.698986 218.288698
530.854822 207.941561
541.515469 224.130494
545.098203 212.567957
553.168654 248.683162
535.802742 250.392893
540.900453 253.249114
540.704799 249.763938
540.406606 249.587048
542.963163 251.130187
544.145646 240.765331
543.456308 261.015140
553.184889 211.070777
547.445568 209.734275
545.824559 200.649467
556.018194 204.520326
548.539687 211.475506
547.778863 206.218209
545.601460 203.895561
542.595578 216.035953
554.749684 247.898315
556.799887 252.163771
556.949216 252.799847
550.739127 248.867689
551.369420 248.135511
558.329963 239.155630
557.285383 255.303157
552.166108 243.071741
556.862440 213.480444
564.087940 208.135873
568.311160 210.404601
559.141735 206.709781
552.392408 217.667126
555.535985 204.765925
557.915700 212.561063
558.162420 207.464919
560.776461 246.467200
566.489482 240.880086
566.545720 241.686967
562.396854 243.211697
549.304450 240.993587
567.506792 244.798972
563.955151 242.351676
558.771017 241.160314
567.949414 190.730687
573.742820 202.556231
566.239199 205.561725
566.576143 187.844733
558.258135 197.566652
569.111241 206.694169
565.739356 192.873167
562.824526 197.937226
565.595808 183.591029
571.904936 182.091882
574.513817 193.380817
578.174173 179.541906
565.170803 192.908750
569.618464 186.580953
562.512110 189.450432
572.070059 191.347328
559.857099 235.735863
569.063279 238.113124
572.146316 230.230934
569.547397 236.246270
564.825259 236.010901
569.142084 240.676596
569.351532 248.685893
568.027790 229.400084
580.078983 186.026841
579.511275 189.914916
583.040498 192.409748
586.885570 197.512061
573.760670 184.233047
579.496311 192.407837
584.687956 193.600448
587.869964 190.505303
577.282680 226.858108
582.440162 233.149552
582.356853 233.960753
585.948555 236.534467
569.092423 233.286153
582.268826 235.947004
580.335743 232.231980
578.135531 234.628585
591.767908 205.800309
584.802665 199.677021
587.241964 198.275177
583.972976 201.918583
576.754644 207.532428
592.814471 193.697756
586.731932 200.520059
578.309646 201.396042
583.003556 222.034568
593.771175 215.707619
582.769723 222.472843
585.361972 218.564625
584.164284 214.218993
581.478502 229.135048
582.775939 222.097176
587.198143 213.856023
586.771778 216.801878
599.349382 212.166069
580.240313 207.296265
587.659479 208.499644
585.963748 221.113448
594.524460 216.918296
584.354197 217.352732
588.596518 210.355712
