66 306
66 308
66 310
66 312
66 314
66 316
66 318
66 320
66 322
67 324
68 305
69 324
70 302
70 304
70 326
71 328
72 300
73 329
74 299
75 330
75 332
76 291
76 293
76 295
76 297
77 333
78 291
79 333
80 291
81 333
82 290
83 333
84 289
85 333
86 286
86 421
86 423
86 425
86 427
86 429
86 431
86 433
86 435
86 437
86 439
86 441
86 443
87 333
88 286
88 420
88 444
89 333
90 286
90 417
90 419
90 445
90 447
91 333
92 285
92 415
92 448
93 333
94 284
94 414
94 449
95 333
95 451
96 281
96 411
96 453
97 333
98 281
98 410
98 453
99 333
100 281
100 407
100 409
100 453
101 333
102 280
102 406
102 453
103 333
104 279
104 406
104 453
105 333
106 276
106 406
106 453
107 333
108 276
108 405
108 453
109 330
109 332
110 276
110 402
110 404
110 453
111 329
112 275
112 400
112 453
113 328
114 274
114 399
114 453
115 328
116 271
116 396
116 453
117 328
118 271
118 396
118 452
119 328
120 271
120 396
120 449
121 328
122 271
122 395
122 448
123 327
124 271
124 394
124 448
125 324
126 271
126 391
126 448
127 323
128 270
128 391
128 447
129 323
130 267
130 269
130 391
130 444
131 323
132 266
132 390
132 443
133 323
134 266
134 389
134 443
135 323
136 266
136 386
136 443
137 323
138 266
138 386
138 443
139 320
139 322
140 266
140 386
140 443
141 319
142 266
142 385
142 443
143 318
144 266
144 384
144 440
144 442
145 318
146 266
146 381
146 439
147 318
148 265
148 381
148 438
149 318
150 262
150 264
150 381
150 438
151 318
151 481
151 483
151 485
151 487
151 489
151 491
151 493
151 495
151 497
151 499
151 501
151 503
152 261
152 380
152 438
153 318
153 480
153 504
154 261
154 379
154 435
154 437
155 318
155 477
155 479
155 505
155 507
156 261
156 376
156 434
157 318
157 476
157 508
158 261
158 376
158 433
159 318
159 476
159 509
160 261
160 376
160 433
160 511
161 318
161 476
161 513
162 260
162 375
162 433
163 317
163 475
163 513
164 259
164 374
164 430
164 432
165 314
165 472
165 474
165 513
166 256
166 371
166 429
167 313
167 470
167 513
168 256
168 371
168 428
169 313
169 469
169 513
170 256
170 371
170 428
171 313
171 466
171 513
172 256
172 370
172 428
173 313
173 465
173 513
174 256
174 369
174 428
175 313
175 462
175 464
175 513
176 256
176 366
176 428
177 313
177 461
177 513
178 255
178 365
178 427
179 313
179 461
179 513
180 252
180 254
180 362
180 364
180 424
181 313
181 461
181 513
182 251
182 361
182 423
183 313
183 460
183 512
184 251
184 361
184 423
185 313
185 457
185 459
185 509
186 251
186 361
186 423
187 313
187 456
187 508
188 251
188 361
188 423
189 313
189 456
189 508
190 251
190 361
190 423
191 313
191 456
191 508
192 251
192 360
192 423
193 312
193 455
193 508
194 251
194 359
194 420
194 422
195 309
195 452
195 454
195 508
196 251
196 356
196 419
197 308
197 451
197 508
198 251
198 356
198 418
199 308
199 451
199 505
199 507
200 251
200 356
200 418
201 308
201 451
201 504
202 251
202 355
202 418
203 308
203 450
203 503
204 251
204 354
204 418
205 308
205 447
205 449
205 503
206 251
206 351
206 418
207 308
207 446
207 503
208 250
208 351
208 417
209 308
209 446
209 503
210 247
210 249
210 351
210 414
211 308
211 446
211 503
212 246
212 351
212 413
213 308
213 446
213 503
214 246
214 351
214 413
215 308
215 446
215 503
216 246
216 351
216 413
217 308
217 445
217 503
218 246
218 351
218 413
219 305
219 307
219 444
219 500
219 502
220 246
220 351
220 413
221 304
221 441
221 499
222 246
222 350
222 413
223 303
223 441
223 498
224 246
224 349
224 413
225 303
225 441
225 498
226 246
226 346
226 413
227 303
227 440
227 498
228 246
228 346
228 412
229 303
229 439
229 495
229 497
230 246
230 346
230 409
231 303
231 436
231 494
232 246
232 346
232 408
233 303
233 436
233 493
234 246
234 346
234 408
235 303
235 436
235 493
236 246
236 346
236 408
237 303
237 435
237 493
238 246
238 345
238 407
239 303
239 434
239 490
239 492
240 246
240 342
240 344
240 404
241 303
241 431
241 489
242 246
242 341
242 403
243 303
243 431
243 488
244 246
244 341
244 403
245 303
245 431
245 488
246 246
246 341
246 403
247 303
247 430
247 488
248 245
248 341
248 402
249 303
249 429
249 485
249 487
250 242
250 244
250 341
250 399
251 41
251 43
251 45
251 47
251 49
251 51
251 53
251 303
251 426
251 484
252 241
252 340
252 398
253 40
253 54
253 303
253 425
253 483
254 241
254 339
254 398
255 37
255 39
255 55
255 57
255 303
255 422
255 424
255 483
256 26
256 28
256 30
256 32
256 34
256 59
256 61
256 63
256 241
256 336
256 398
257 303
257 421
257 483
258 26
258 64
258 241
258 336
258 397
259 303
259 421
259 480
259 482
260 26
260 65
260 67
260 241
260 336
260 394
261 69
261 71
261 73
261 303
261 421
261 479
262 26
262 241
262 336
262 393
263 73
263 303
263 420
263 478
264 26
264 241
264 336
264 393
265 73
265 303
265 417
265 419
265 478
266 26
266 241
266 336
266 393
267 73
267 303
267 416
267 478
268 26
268 241
268 336
268 393
269 74
269 300
269 302
269 416
269 475
269 477
270 26
270 76
270 241
270 336
270 393
271 78
271 80
271 82
271 299
271 416
271 474
272 26
272 241
272 335
272 393
273 83
273 298
273 415
273 473
274 26
274 241
274 334
274 390
274 392
275 83
275 298
275 412
275 414
275 473
276 26
276 241
276 331
276 389
277 83
277 298
277 411
277 473
278 26
278 240
278 331
278 388
279 28
279 84
279 299
279 411
279 473
280 30
280 86
280 237
280 239
280 301
280 331
280 388
281 88
281 303
281 411
281 473
282 30
282 236
282 330
282 388
283 89
283 303
283 410
283 472
284 31
284 236
284 329
284 388
285 90
285 92
285 303
285 407
285 409
285 469
286 31
286 236
286 326
286 388
287 93
287 303
287 406
287 468
288 31
288 235
288 326
288 387
289 33
289 94
289 304
289 406
289 468
290 35
290 96
290 232
290 234
290 306
290 326
290 384
291 98
291 308
291 406
291 468
292 35
292 231
292 325
292 383
293 98
293 309
293 406
293 467
294 36
294 231
294 324
294 383
295 98
295 310
295 312
295 406
295 464
296 36
296 231
296 314
296 316
296 318
296 320
296 322
296 383
297 98
297 405
297 463
298 36
298 231
298 382
299 99
299 404
299 463
300 36
300 101
300 231
300 379
301 103
301 401
301 463
302 36
302 231
302 378
303 103
303 401
303 462
304 37
304 39
304 231
304 378
305 103
305 401
305 459
306 40
306 231
306 378
307 103
307 400
307 458
308 41
308 230
308 378
309 103
309 399
309 458
310 41
310 227
310 229
310 378
311 103
311 396
311 458
312 41
312 226
312 378
313 104
313 396
313 457
314 41
314 226
314 378
315 105
315 107
315 396
315 454
316 41
316 226
316 378
317 108
317 395
317 453
318 41
318 226
318 377
319 108
319 394
319 450
319 452
320 41
320 226
320 374
321 108
321 391
321 449
322 41
322 225
322 373
323 109
323 391
323 448
324 41
324 224
324 373
325 110
325 112
325 391
325 448
326 41
326 221
326 373
327 113
327 390
327 448
328 41
328 221
328 374
329 113
329 389
329 445
329 447
330 41
330 221
330 375
330 377
331 113
331 386
331 444
332 41
332 220
332 378
333 114
333 385
333 443
334 41
334 219
334 379
335 115
335 117
335 381
335 383
335 443
336 41
336 216
337 118
337 443
338 41
338 216
339 43
339 118
339 440
339 442
340 45
340 216
341 118
341 439
342 45
342 215
343 119
343 438
344 46
344 214
345 120
345 122
345 438
346 46
346 211
346 561
346 563
346 565
346 567
346 569
346 571
346 573
347 123
347 438
348 46
348 210
348 560
348 574
349 48
349 123
349 435
349 437
350 50
350 207
350 209
350 557
350 559
350 575
350 577
351 123
351 434
351 551
351 553
352 50
352 205
352 578
353 52
353 124
353 433
353 550
354 54
354 204
354 578
355 125
355 127
355 433
355 547
355 549
356 55
356 201
356 578
357 128
357 433
357 545
358 56
358 200
358 579
359 128
359 430
359 432
359 544
360 56
360 197
360 199
360 580
360 582
361 128
361 429
361 536
361 538
361 540
361 542
362 56
362 195
362 583
363 129
363 428
363 535
364 57
364 59
364 194
364 583
365 130
365 132
365 428
365 532
365 534
366 60
366 191
366 583
367 133
367 428
367 530
368 61
368 190
368 582
369 134
369 428
369 529
370 61
370 136
370 187
370 189
370 579
371 138
371 176
371 178
371 180
371 182
371 184
371 428
371 521
371 523
371 525
371 527
372 61
372 578
373 139
373 175
373 427
373 520
374 62
374 64
374 578
375 140
375 142
375 172
375 174
375 424
375 517
375 519
376 65
376 144
376 146
376 148
376 156
376 158
376 160
376 162
376 164
376 166
376 168
376 578
377 423
377 515
378 66
378 149
378 155
378 577
379 423
379 514
380 66
380 150
380 152
380 154
380 574
381 423
381 511
382 66
382 573
383 423
383 510
384 66
384 573
385 423
385 507
385 509
386 66
386 573
387 423
387 505
388 66
388 572
389 68
389 420
389 422
389 504
390 70
390 569
391 419
391 501
392 70
392 568
393 418
393 500
394 71
394 565
394 567
395 418
395 497
395 499
396 71
396 491
396 493
396 564
397 418
398 71
398 490
398 562
399 73
399 419
400 75
400 421
400 487
400 489
400 559
401 423
401 481
401 483
402 75
402 558
403 423
403 480
404 76
404 555
404 557
405 423
405 477
405 479
406 76
406 471
406 473
406 554
407 423
408 76
408 470
408 552
409 423
410 76
410 467
410 469
410 549
411 423
411 461
411 463
412 76
412 548
413 424
413 460
414 76
414 545
414 547
415 425
415 427
415 457
415 459
416 76
416 451
416 453
416 544
417 428
418 76
418 450
418 537
418 539
418 541
418 543
419 78
419 429
420 80
420 431
420 447
420 449
420 534
421 433
421 435
421 437
421 439
421 441
421 443
422 80
422 533
424 81
424 530
424 532
426 81
426 529
428 81
428 527
430 81
430 524
432 81
432 523
433 517
433 519
434 82
434 84
435 514
436 85
437 513
438 86
439 510
439 512
440 86
441 509
442 86
443 507
444 87
444 89
445 504
446 90
447 503
448 91
449 500
449 502
450 91
451 499
452 91
453 492
453 494
453 496
453 498
454 92
454 94
455 489
456 95
457 488
458 96
459 98
459 485
459 487
460 100
461 484
462 100
463 477
463 479
463 481
463 483
464 101
465 474
466 101
467 473
468 101
469 470
469 472
470 101
471 469
472 101
473 462
473 464
473 466
473 468
474 102
474 104
475 459
476 105
477 458
478 106
479 108
479 455
479 457
480 110
481 454
482 110
483 452
484 111
485 449
486 111
487 448
488 111
488 442
488 444
490 111
490 439
492 111
492 438
494 112
494 114
494 438
496 115
496 438
498 116
498 437
499 118
500 120
500 434
502 120
502 433
504 121
504 433
506 121
506 433
508 121
508 432
510 121
510 429
512 121
512 428
514 122
514 124
514 425
514 427
516 125
516 424
518 126
518 422
520 126
520 419
522 126
522 418
524 126
524 418
526 126
526 418
528 126
528 417
529 128
530 130
530 414
532 130
532 413
534 131
534 413
536 131
536 413
538 131
538 412
540 131
540 409
542 131
542 408
544 131
544 408
546 131
546 408
548 131
548 407
549 133
550 135
550 404
552 135
552 403
554 136
554 403
556 136
556 403
558 136
558 402
560 136
560 399
562 136
562 398
564 136
564 398
566 136
566 398
568 136
568 397
570 136
570 394
572 136
572 393
574 136
574 393
576 136
576 393
578 136
578 392
580 136
580 389
582 136
582 388
584 136
584 385
584 387
586 136
586 384
588 136
588 382
590 136
590 379
592 136
592 378
594 136
594 378
596 136
596 378
598 136
598 377
600 136
600 374
602 135
602 373
603 367
603 369
604 134
605 364
606 131
607 363
608 131
609 360
609 362
610 131
611 359
612 131
613 357
614 131
615 354
616 131
617 353
618 131
618 347
618 349
620 131
620 344
622 131
622 343
623 133
623 135
623 137
623 139
623 141
623 143
623 145
623 147
623 149
623 151
623 153
623 155
623 157
623 159
623 161
623 163
623 165
623 167
623 169
623 171
623 173
623 175
623 177
623 179
623 181
623 183
623 185
623 187
623 189
623 191
623 193
623 195
623 197
623 199
623 201
623 203
623 205
623 207
623 209
623 211
623 213
623 215
623 217
623 219
623 221
623 223
623 225
623 227
623 229
623 231
623 233
623 235
623 237
623 239
623 241
623 243
623 245
623 247
623 249
623 251
623 253
623 255
623 257
623 259
623 261
623 263
623 265
623 267
623 269
623 271
623 273
623 275
623 277
623 279
623 281
623 283
623 285
623 287
623 289
623 291
623 293
623 295
623 297
623 299
623 301
623 303
623 305
623 307
623 309
623 311
623 313
623 315
623 317
623 319
623 321
623 323
623 325
623 327
623 329
623 331
623 333
623 335
623 337
623 339
