57.617368 1520.544100
64.175085 1475.704813
61.151658 1498.435645
50.939245 1506.105208
59.326356 1487.646994
67.185026 1528.006576
54.101250 1542.765278
89.886934 1539.438674
82.295402 1547.269988
79.806747 1556.305281
55.436589 1558.247005
69.532015 1524.047660
57.470164 1601.301665
56.653459 1562.401124
56.191564 1559.416802
95.609852 1524.434698
62.539874 1625.359927
79.413306 1599.852803
74.169638 1503.852236
72.852825 1554.602482
70.448010 1546.327215
71.293624 1584.608073
65.119629 1551.840373
87.250912 1542.540245
70.358329 1636.417975
80.269145 1531.594855
73.773284 1559.431706
87.089014 1495.340392
74.467013 1601.904309
66.910000 1502.665050
70.678074 1469.397078
80.543266 1479.641063
67.652457 1447.366472
62.960126 1505.335098
72.792678 1476.040285
90.304421 1455.086774
85.190168 1483.567265
81.666895 1500.622099
84.371041 1594.241713
62.069863 1491.972938
105.806912 1601.365723
63.028085 1416.286228
69.384625 1459.875147
84.199803 1412.081429
80.998313 1411.163421
94.077851 1456.357670
87.576284 1460.961020
79.480835 1567.623957
90.450829 1450.985059
76.145922 1422.003325
102.629187 1418.704156
70.236943 1423.690780
103.321119 1613.853244
99.923116 1447.279955
59.372832 1343.084303
106.040910 1425.235385
100.329068 1380.187207
101.029286 1387.642662
107.771910 1385.900119
87.123501 1413.159381
86.779399 1618.697079
100.475909 1373.387320
101.565174 1262.059518
91.451753 1266.188468
86.426414 1276.475787
119.143596 1250.063034
94.812052 1283.638594
83.176970 1287.636615
74.610740 1284.996010
94.407923 1293.853969
84.253273 1328.479978
103.837979 1281.538319
95.442951 1269.493270
114.862322 1289.590649
86.725087 1284.443410
85.228806 1345.486922
111.053569 1320.523952
98.407560 1353.939485
107.763694 1315.903063
91.321156 1312.092120
86.734002 1311.004695
80.391608 1361.302636
72.075172 1318.791909
98.646606 1361.018456
85.571953 1335.585903
81.480750 1329.822184
91.797827 1358.449641
81.921001 1362.766169
92.570393 1359.350152
117.485417 1414.195673
92.932009 1381.868826
100.105217 1328.834743
112.053979 1613.663110
107.595668 1209.578020
107.321500 1636.508191
96.995299 1199.409133
101.100856 1229.448175
102.286183 1245.438037
98.187699 1204.604265
115.916375 1246.443624
85.742883 1256.593833
110.173002 1622.091035
101.864595 1250.818266
106.081127 1222.950164
133.648175 1612.866366
113.514525 1183.853222
124.938027 980.474596
88.407428 948.653323
110.243841 957.721780
109.475984 1009.560026
118.884208 970.286598
81.413268 976.726115
122.455323 988.959438
116.750283 963.298217
115.579201 1008.340052
113.528874 990.450551
114.339784 989.683199
121.071320 1014.759229
109.911992 1045.456689
130.262325 975.054818
113.930309 1025.245374
112.104799 1004.175276
103.909864 1003.510177
109.501141 1046.189403
126.317961 1002.315947
110.350369 1051.564300
105.345326 1020.938472
103.243255 1037.019710
106.195620 1203.455673
114.348135 1059.589780
96.553000 1618.723631
88.767092 949.756047
120.326854 1214.878751
117.022347 1601.427624
116.979779 927.700120
103.794651 921.812131
125.410318 954.823421
126.372945 969.146465
96.963876 918.810564
114.856210 977.564787
137.035264 1014.483610
103.661994 1040.558407
143.517057 1018.436599
128.479811 1051.882895
94.398628 1021.091671
116.530990 1079.208389
119.689652 1067.517249
129.896222 1085.658839
137.226037 1067.042163
101.012182 1109.723466
119.342849 1163.657349
101.387884 1214.681289
109.373526 1198.067528
139.985017 1191.685150
140.583181 1515.203342
129.337157 1525.593228
108.201925 1524.445426
117.638352 1482.959955
114.211815 1560.202476
118.184716 1514.201759
124.229538 1136.952479
107.531735 1535.919331
131.197201 1586.919685
118.234990 915.921332
110.573723 1092.289920
130.297624 1168.233046
124.007067 1161.511959
122.222958 902.174769
102.518132 951.196472
118.605876 887.416933
109.606933 887.233480
127.049626 914.434857
124.198369 1087.600821
88.965696 1088.871857
127.340401 1115.640445
120.067712 1118.517666
94.962775 1098.207010
120.098333 1140.279959
146.310986 1111.035501
129.553216 1101.521842
115.058460 1092.345891
143.199709 1134.279280
118.405994 1128.165813
107.606471 1134.378212
111.298273 1139.419912
106.464172 1134.611189
107.893498 1159.029780
107.802884 1200.460557
116.486855 1147.000069
116.510192 1139.700408
114.406334 1159.421303
133.453568 1543.582153
137.204947 1538.266827
117.364021 1505.553884
121.608221 1465.742712
118.754408 1498.860656
128.150326 1459.014237
126.438609 1549.887398
126.008182 1509.470132
114.555651 1539.816716
118.215116 1542.021283
116.534156 1598.082629
125.500107 1572.626679
148.030619 903.075584
116.040388 885.482252
128.760713 888.503096
136.203818 914.469444
136.265844 1479.096164
128.449996 1604.967440
137.848214 1466.821355
119.182491 1572.311377
114.275304 1577.234216
135.503986 1585.918531
136.654110 889.162218
126.983706 1609.270481
126.680382 907.786001
127.546034 1482.476995
122.830959 1422.833942
138.615674 1416.793926
146.622613 1419.684445
142.112831 1443.744281
144.402571 1403.159992
120.507191 1414.419484
147.390151 1465.778564
138.378595 1449.204346
121.663003 1406.390494
127.489242 1471.119627
127.284971 1476.221348
145.284955 1523.451275
123.132760 1616.779085
149.187668 834.496659
138.642699 1596.455492
132.535523 875.380486
127.097760 1434.488953
150.077535 1574.501438
147.418425 1573.089809
131.312874 1616.848836
128.057614 1645.067361
152.291562 1592.015947
148.295999 854.787813
128.309337 866.949991
112.754722 849.675415
136.462156 1436.526336
137.104463 860.267641
131.179801 1412.454004
162.097172 864.613098
146.964502 1400.562322
167.169439 828.027905
154.304464 1406.297339
129.930683 795.206580
163.374269 839.513637
158.881273 1415.284583
169.556384 754.314506
153.674187 1419.079859
169.702597 811.577822
157.522887 1416.541050
182.478055 809.309337
171.173008 1448.582938
156.069392 1402.071379
152.290545 784.260671
164.545432 804.096394
174.952059 1403.697220
172.138722 1354.897580
173.240951 1352.979513
156.102686 1372.360415
182.023365 1388.358033
178.690420 1404.868355
185.227076 1345.919008
169.612732 1428.458690
165.371673 1388.658601
180.887233 1351.677721
170.658887 1388.195336
188.133585 770.733876
158.077467 1355.609796
179.724311 1252.162419
203.444278 1226.432670
165.794814 1245.893169
175.733002 1187.778275
181.848899 1242.587009
150.710825 1212.498018
169.140937 1259.824876
182.724031 1219.608762
178.798107 1237.169809
191.085173 1211.877381
159.041452 1255.290127
197.717165 1266.290389
165.663757 1275.344580
149.719349 1260.410772
163.711868 1263.803306
169.277561 1247.358795
206.189566 1230.868695
160.306780 1296.582245
156.121111 1333.273086
196.087335 1262.574224
183.966325 1345.282795
175.183520 1282.298440
172.936471 1348.355342
171.060500 1349.915890
154.459480 1338.247872
142.294934 1306.935254
192.469343 1337.741876
172.852169 1318.181161
166.524254 1300.969474
175.708172 1325.350144
187.196793 1326.663667
185.734441 1317.539360
172.438960 1389.764126
164.076490 1303.731561
190.589761 1347.830900
182.842634 767.316039
190.295647 1173.229010
207.472720 780.338873
176.290226 1178.331905
184.508322 771.821972
183.264643 1202.394305
187.750643 1190.914975
219.044374 796.039348
184.095389 1167.668751
194.157069 1139.369791
195.603990 793.850957
216.738722 762.423612
201.125022 1168.082097
208.077875 1157.734479
222.858456 740.160724
221.608684 1186.971279
181.752045 1131.592218
209.419137 768.012190
214.393118 1229.729754
178.914952 1241.697377
194.572815 1215.069579
196.927878 1208.418871
192.396732 1249.322883
195.579110 1272.015455
182.235818 1280.783067
210.520980 1284.457571
208.130207 1259.367409
228.085838 1275.734849
195.109781 1168.426600
192.562012 1167.079624
193.263763 1148.455582
202.396389 798.328906
212.727969 1268.699989
227.362464 1310.429228
209.426090 1224.627098
236.421021 1250.485677
221.669014 1296.139915
210.573359 1297.702857
206.834758 1305.550981
219.054360 1188.606600
212.965225 790.735555
194.585403 1123.950207
198.352260 1346.753681
206.227613 1197.460187
181.421822 771.578007
236.908718 1262.548586
228.724225 1306.347947
236.563384 1313.753267
206.002664 1126.684638
238.811082 794.949444
237.817882 1152.807000
240.287363 1230.133379
211.293759 1336.885047
207.656390 1298.847197
222.125549 1301.725583
245.985934 1338.371875
202.383528 748.018081
231.813686 1139.194627
222.763936 1207.188913
227.745886 1318.701687
213.761975 1321.868364
219.220026 1333.928457
229.191755 1320.309445
215.853152 1320.993812
238.892832 1196.084868
233.969848 716.805633
213.305120 1076.347785
246.598532 1317.256658
243.942806 777.612516
217.897106 1143.003016
235.535954 1113.017807
225.771662 1191.919669
238.928073 1157.580617
215.829626 1322.081741
233.089189 1328.431579
229.999575 1353.036019
221.738307 1291.478875
248.108686 1393.719104
219.980669 1570.959057
233.613092 1551.479990
234.686478 1544.032066
228.735705 1533.628179
230.172757 1557.905056
240.755036 1569.009241
243.191563 1347.662629
247.806069 1625.274638
204.785921 762.172755
233.576058 1150.881098
219.087113 1217.008457
239.664300 1549.762194
224.838734 1171.957290
222.541082 1138.358693
259.098824 1152.418326
227.196567 1131.550527
241.912549 1157.104746
242.163533 1201.516975
229.022732 1189.058514
236.862733 1167.677043
239.422392 1209.205548
228.737122 1339.788277
231.088840 1354.767498
252.153773 1363.984608
227.386542 1334.781348
246.886523 1391.942610
266.770597 1374.284263
214.219121 1401.217844
234.397451 1399.141497
233.671550 1398.833917
235.794799 1403.428476
250.494001 1379.181288
250.778277 1417.705191
237.083945 1411.064435
245.481721 1446.330893
228.502879 1466.976912
225.236767 1426.738121
244.551751 1409.913541
230.710757 1429.554966
231.265090 1455.646971
248.236452 1461.641848
231.726431 1479.406011
249.091640 1435.967638
236.266738 1427.041516
227.149117 1510.419552
236.773381 1456.216074
251.541257 1396.957818
247.602212 1459.362592
243.130809 1498.789223
217.945474 1487.190258
223.595655 1468.612391
245.850818 1473.996321
225.338416 1461.556589
248.094880 1545.308057
225.888709 1471.577329
249.500468 1506.480439
222.595681 1540.494187
207.786726 1534.996341
228.468364 1501.833180
251.554268 1471.616418
245.704724 1471.188046
239.003890 1535.328482
238.533868 1538.241178
229.854647 1515.436707
245.395344 1546.584294
230.219891 1589.253379
241.877048 739.418978
233.383678 1213.921229
257.990094 1182.558321
235.248483 1567.733188
241.127287 1585.619079
239.461373 789.903315
228.634988 1589.705695
279.863638 793.098044
241.400021 1537.351779
249.555983 768.404022
249.895677 1562.234102
262.591460 741.246847
242.219980 1621.193906
256.276843 730.824182
259.399194 1587.467818
249.056195 754.369463
253.735242 1596.811442
288.827137 765.518499
279.264087 1586.172245
264.267501 749.631912
276.006642 1591.977007
281.674686 709.338902
277.813666 1610.422466
291.202584 1312.525397
279.883795 1339.161352
308.543046 1333.064114
254.128082 1400.556606
293.226515 1294.009259
284.349321 1341.445428
266.781363 1352.622243
256.636842 1337.700920
274.679796 1337.817544
279.942741 1381.574742
289.458628 1336.872441
270.615593 1379.788183
284.717495 1381.442591
269.165767 1375.978225
284.234132 1354.460094
263.746697 1366.304713
303.726645 1347.765523
296.123828 1382.696377
295.910609 1400.335433
282.222751 1395.553630
281.581039 1385.737959
281.367537 1407.546684
267.801235 1449.530656
285.466045 1444.718100
272.941780 1383.028776
287.545230 1391.775653
275.813870 1436.362606
278.440169 1397.248190
292.657590 1419.201391
270.811872 1461.881117
293.328608 1460.720783
263.170593 1445.593003
264.173480 738.879961
295.214234 1590.864196
294.158632 1473.997484
276.115551 1285.646548
297.395813 738.789268
295.313169 1293.814903
285.330020 1329.025418
303.192565 1307.890454
271.781778 1343.744575
276.726536 1339.989584
299.815258 1480.865115
247.210546 1493.297203
282.603541 1457.970384
282.454462 1448.284271
258.871976 1447.706581
282.962769 1488.333797
289.669237 1466.872244
279.156492 1597.654796
310.493297 1475.351870
278.929187 745.891366
290.346537 1300.809104
277.157872 1624.778438
275.534624 1336.783642
298.431736 1295.854660
261.774506 1478.961224
282.290456 1443.278809
293.620876 1486.503604
304.566199 1511.435925
292.426213 1498.261565
280.135750 729.590825
304.896826 1611.119548
310.290954 1265.728393
302.055031 1553.470872
297.317351 1309.962542
299.277089 1547.256761
286.003040 692.682647
311.404358 1579.809691
299.497776 1291.161550
292.214109 1251.099533
320.078782 1261.582901
310.161162 1250.064695
311.982635 1506.616564
308.571993 1567.657815
285.457077 1495.425980
307.371136 815.116061
279.153364 1580.074443
296.818279 1555.642342
295.925558 1258.657772
306.499233 695.548943
318.880636 1266.330119
294.770678 1212.964721
303.047073 1243.277282
300.516571 1242.661626
297.414388 1529.700418
300.373507 1625.074655
290.884089 1510.484577
289.279722 716.401778
310.442274 1253.776120
314.860974 1610.952956
286.604055 1489.734096
323.690167 1539.893094
324.748439 1551.389429
310.201881 1245.876503
305.405115 758.429921
335.193993 1591.656506
313.680826 1556.850399
305.746991 1245.446417
314.816183 1570.084594
328.398227 1524.126208
338.579379 698.163094
309.841414 1598.331534
324.871477 1251.615524
321.290600 1198.066325
320.069411 1548.830697
311.988180 1581.194003
322.756258 1600.826976
336.953647 1578.737307
325.186021 1568.673414
329.851450 750.206939
328.438688 1580.311135
318.733650 1213.016545
332.962828 1576.489726
317.705056 699.401667
313.882864 1187.344873
318.050581 1198.639690
313.642869 1570.751699
320.046222 737.753422
301.216201 1196.609643
348.885988 1214.724467
339.595002 740.658470
322.635704 1181.555639
320.009684 1174.650675
330.599451 750.432940
333.353585 1167.973543
351.279448 1156.252818
345.521053 731.577542
352.315712 1156.895074
363.539135 737.415608
330.182914 1100.156340
348.211630 1158.913287
351.647676 735.413732
335.455278 1152.521293
341.421674 1153.218475
338.055898 765.575042
339.067150 1140.106333
354.558922 774.461168
364.783589 1158.389043
364.786973 694.216606
371.599320 1178.412473
361.458615 683.244417
382.332577 1140.588899
366.424921 740.526371
344.688498 1124.617195
362.308457 726.322547
348.476428 1117.093580
377.675883 759.943939
368.567356 1112.779685
397.109166 702.812888
378.060521 1139.970759
395.202676 730.562851
388.876083 1151.132330
368.931133 742.517951
393.531052 1133.374770
377.158669 694.740383
420.219471 1130.431941
384.980979 685.018947
395.773327 1119.485006
389.588313 722.447311
361.191998 1142.026449
390.954472 793.111436
393.529647 1092.960852
392.415728 733.279014
410.524821 1126.481429
383.360686 664.760553
411.000309 1177.075296
421.054633 1220.938157
444.293399 1275.520757
406.807732 1235.522456
429.456501 1260.865181
408.861481 1263.483065
397.310234 1300.738044
406.078944 1266.797019
397.617318 1288.980441
419.359850 1275.998809
410.394710 1259.832093
415.376864 1164.108984
399.008537 694.579230
421.676281 1259.820600
405.690079 1330.843968
409.902512 657.878137
405.287933 1185.546477
436.689479 1140.834346
422.588263 1271.598566
407.340531 1269.223629
403.619869 1324.785509
431.966667 1279.131603
404.812738 1291.822067
415.439628 1532.674210
405.582872 1545.993760
419.863665 1544.182587
400.074095 1565.789431
419.586269 1573.082832
420.440836 1553.742929
411.894588 1165.545390
419.986956 1564.532252
440.888393 721.291827
414.711488 1226.751349
426.550825 1316.297646
398.977920 1535.576212
420.550605 1150.020968
409.396935 1163.982879
417.521591 1176.727133
409.854731 1191.436172
436.099244 1132.789096
425.752215 1147.090043
418.710965 1178.846024
418.020169 1158.559284
421.536239 1161.726984
437.849248 1196.347084
433.846289 1195.033964
421.854557 1216.709304
430.166257 1188.891230
429.255739 1153.468786
416.660236 1224.002120
413.815824 1231.185135
422.423110 1231.921422
421.023707 1190.988398
403.879637 1255.483105
416.684922 1303.098264
433.250571 1295.075489
425.586491 1312.529077
424.150162 1478.476464
419.978971 1480.610521
397.448244 1453.828928
436.877204 1479.259420
435.989899 1501.300146
422.471027 1461.389909
449.831377 1491.450366
425.939451 1483.132089
407.935355 1500.786465
405.822277 1494.832152
439.465823 1516.564988
433.492098 1519.202962
417.177626 1563.686858
428.862501 1521.009947
421.736801 1515.668338
416.014255 1534.279812
442.883207 1547.170989
436.322451 1517.606502
433.919347 1534.569045
419.546177 1595.485348
411.727089 676.839877
427.257009 1307.518293
432.980401 1487.508392
419.908536 1594.397641
430.822745 1309.001258
433.293330 1315.309205
419.760214 1380.377492
429.260670 1258.156358
443.148376 1337.760653
422.857048 1403.432250
435.039106 1335.604414
413.746560 1353.072867
431.881217 1342.161904
423.264135 1373.162147
414.100136 1356.166858
425.985043 1354.441723
435.396338 1341.387296
423.580551 1373.255013
430.234962 1397.207086
429.482863 1399.119651
428.496549 1399.935125
415.824458 1387.394370
440.959240 1381.239754
399.162694 1420.573392
450.278022 1410.026766
421.010372 1417.441460
431.862270 1393.928443
425.529774 1391.026126
400.343537 1414.973595
426.319937 1434.257940
418.547314 1433.636636
430.819263 1443.759319
407.860913 1486.952238
430.757030 1422.406577
432.630701 1471.943989
406.909322 1424.761566
412.101160 1454.924891
427.147985 669.503252
414.730199 1617.744114
434.696456 676.039047
434.586702 1590.996397
441.550206 709.746374
458.589526 1579.140729
433.649601 653.218523
436.433701 1643.102960
446.645195 639.868541
438.375603 1564.958957
457.608191 648.363698
451.802665 1593.338538
448.131188 670.800984
432.819610 599.452514
437.203302 1563.913325
474.807678 636.808347
458.959781 1583.214920
440.983969 674.895275
460.838904 1607.175984
477.395335 688.513974
479.939512 1553.904402
475.683969 662.862927
464.195621 1297.945175
478.085361 1293.815195
466.849235 1308.923500
467.295960 1306.470716
472.975713 1269.150773
477.133944 1385.837813
471.908749 1345.294135
480.964579 1300.244329
461.621090 1357.593242
473.015540 1331.073984
460.121361 1350.523279
466.230607 1325.204810
469.453319 1355.030233
451.890595 1366.391048
473.887715 1360.466147
463.318805 1368.852988
444.308418 1349.207909
475.835715 1375.110209
452.721971 1401.674557
460.247480 1387.997446
480.122018 1385.373686
471.772878 1340.713205
450.315763 1407.762437
478.398823 1393.960651
486.348517 1402.507616
456.785556 1450.851644
475.910449 1385.442710
468.905773 1413.568719
494.787905 1428.982169
473.815460 1409.421870
479.184417 1435.512494
478.799242 1413.951527
482.854676 1441.380458
468.624708 1448.125266
469.754588 1453.183609
456.277299 1426.244236
454.457874 1450.515090
462.953339 1441.826543
456.496739 1445.764994
476.667203 1436.707355
467.401196 1487.017243
456.368550 1466.580366
460.431993 1452.365634
466.464761 1507.265088
476.809507 1440.723243
471.153268 1483.302219
454.021672 1443.914748
476.157251 1491.441173
456.290524 1451.086377
468.588403 1532.279479
468.916493 1474.896722
472.957742 1548.321483
448.122763 1501.949043
472.570819 1512.640599
475.088504 1541.116095
480.449113 1558.194111
470.438003 1328.615698
461.711850 679.168654
461.897131 641.606243
458.641571 1532.190565
469.035545 1587.952940
473.532437 1283.824779
467.475587 1267.419903
500.649144 1514.034924
498.614231 1527.600376
475.013927 620.854229
450.108440 1584.098366
471.001879 1289.871351
476.892496 1549.536139
484.816279 1525.182595
504.271684 626.130195
488.410111 1533.236345
467.129283 1596.365406
457.489791 1334.306798
490.123723 650.757290
488.919370 1294.089977
492.697024 1283.814872
502.338512 1310.453508
465.010260 1524.486282
490.527985 1542.395481
498.735735 1583.165406
478.961715 1555.927470
467.023995 632.978902
498.474922 1313.467498
507.374548 1536.296422
492.270173 1198.762578
492.082669 1222.127556
492.638578 1240.402521
506.500797 1247.629233
502.110928 1230.848139
496.621787 1223.355121
481.890978 1272.834421
479.520078 1202.961984
495.013621 1282.917963
481.134722 1216.081087
498.798978 1257.279548
484.998618 1262.055936
486.533078 1216.960431
479.799366 1585.851505
507.282698 1552.486245
518.094064 1564.451400
496.932911 1569.419377
487.615536 589.665113
479.280864 1236.938499
486.431645 1182.278623
494.203397 1179.309670
503.105304 1159.229707
482.854191 1175.955222
500.162517 1154.715482
502.160382 1236.215602
499.154138 1185.607329
497.229418 1172.605349
496.322317 645.467861
499.821934 1150.812286
520.252121 587.230330
488.010457 1145.685398
483.126677 1149.058804
508.401274 1140.043464
501.113626 1137.829424
484.622049 1144.869056
502.533281 1146.417438
494.973511 1125.306238
519.043670 585.910591
501.126628 1116.269377
506.333787 1152.058044
505.683460 599.836000
494.111518 1070.298759
497.776632 584.194686
501.881133 592.651216
493.956971 1097.614064
519.552806 599.149439
502.935981 1121.450355
520.165472 556.770551
503.962004 1102.035581
504.021864 630.533705
531.185299 1150.949558
525.867357 582.614566
514.655891 1119.886731
495.948043 571.327761
524.432283 1095.014387
540.857126 552.396562
529.922781 1087.823987
506.454169 566.447655
540.924197 1162.517121
549.346058 1122.939171
549.690799 1127.851673
549.749453 1142.765262
533.635860 1139.737575
537.777326 1144.983524
539.044597 1153.838196
516.454444 1164.045417
520.053055 1130.162727
524.930830 1213.791991
570.966843 1240.852390
525.097655 1175.706143
540.025160 1236.958950
549.436871 1198.735917
536.377012 1171.186327
536.352530 1211.615479
541.432865 1242.663239
540.430730 1228.205114
541.143135 1191.753749
522.960498 1219.016870
533.611352 1204.440967
531.794450 1184.533784
547.380921 1171.297143
526.508065 1206.872395
515.597776 1221.969290
546.734543 1249.117437
538.355955 1299.630320
538.011955 1232.519712
531.069937 1250.673166
533.081301 1265.201998
534.208808 1271.473376
512.034516 1261.198910
542.337040 1264.877132
524.092937 1301.011325
536.958500 1257.873662
525.448595 1276.886454
510.791592 1088.394842
543.790750 1322.098192
537.075714 556.922113
528.179039 1154.555207
542.155262 1085.201875
513.336734 1133.711627
532.959428 1169.065524
540.123705 1298.574082
543.192641 1331.014030
565.512117 1332.817879
548.957249 1305.224707
531.849199 1338.652750
548.153793 1307.906957
541.772989 1339.234735
556.525802 1315.550300
558.134729 1335.844747
545.680072 540.891777
548.506285 1307.949793
548.767031 556.402985
540.762720 1381.445872
541.817039 1337.150893
539.666353 1327.470444
558.987286 1373.098741
558.596908 1332.702666
540.580525 549.801479
529.455928 1334.161427
542.282081 1344.291319
553.830251 1299.601614
523.405523 1394.766544
531.498835 1416.755670
552.422400 1363.323152
549.382500 1408.247977
560.552773 1342.418788
560.374420 1383.862768
536.454520 1386.164145
541.312832 1432.631302
547.338974 1376.273711
541.655909 1391.595566
556.579947 1404.473341
540.837721 1411.831587
543.786253 1390.718421
535.937022 1420.420197
533.457700 1447.228582
537.089632 1474.162328
545.192522 1514.040327
555.392222 1498.417315
540.285157 1501.612681
537.277249 1486.349676
533.465878 1531.615169
538.337191 1535.151520
536.352625 1524.437017
555.439421 1529.957440
552.188984 1550.608286
559.525618 1536.639895
530.252068 1555.587202
546.172690 1595.565810
549.052398 1560.815770
569.135987 1654.295061
546.651521 1626.433211
557.020465 1535.743343
543.030653 573.276197
555.640575 1427.226806
554.601949 1511.842845
546.591667 1527.063578
558.616963 1575.692867
560.247502 516.688282
553.881784 1437.970835
604.198073 1427.635672
549.376294 1440.059383
544.328449 1443.048106
551.019744 1451.899231
564.501380 1448.246548
543.786923 1430.904913
553.128229 1445.148992
555.738422 1445.258308
551.803332 1471.499021
563.425408 1465.032525
539.597444 1453.430026
540.779678 1462.160626
548.478903 1445.841547
577.816563 1504.742785
573.324204 1439.915818
570.525122 1461.847320
550.198221 1509.348155
553.501847 1521.678790
545.971804 1533.253627
559.955240 1582.364267
557.253500 558.607208
574.272114 537.285027
553.821703 1586.558045
563.814008 500.839170
556.285843 1598.719015
576.630800 486.861583
580.035921 1626.074398
584.888503 1610.241659
567.459915 522.999779
573.025162 1596.808481
572.552225 532.584619
563.778277 1586.712631
582.202866 529.304333
590.249313 566.030758
576.701419 1579.649160
580.005746 486.883317
597.791666 1591.214907
570.520897 537.144617
583.133089 1623.987926
585.654935 536.432251
591.291471 1380.722183
586.787913 1323.831381
591.987835 1381.522301
605.478657 1320.715983
608.312763 1360.072531
598.422989 1301.830143
594.830182 1588.359696
579.126212 439.982146
594.236011 1355.565220
614.805464 1317.121111
569.837108 1182.303426
579.118812 1264.487911
621.987333 1234.033722
597.480494 1220.182978
596.299448 1235.442517
599.973037 1270.467915
591.921892 1258.822107
592.895393 1259.912031
599.467368 1206.217015
588.662989 1307.880802
597.128870 1310.828074
593.655968 1310.114980
592.580046 1342.191085
579.724299 1288.536905
593.043852 1352.682969
599.031993 1355.138269
592.218472 1375.049971
584.797724 1342.184602
599.638034 1371.882398
608.975132 1358.477929
599.203186 1416.844017
598.225750 1385.694331
601.249150 1378.492113
608.883493 1392.944718
584.207395 1416.624627
614.347875 1385.905410
610.233732 1403.971027
583.628720 1429.555889
600.632558 1407.553634
582.716780 1446.563799
580.561739 1432.182777
610.638188 1408.467590
597.815300 1427.108202
593.781477 1422.088239
585.751724 1434.243969
602.623214 1421.895916
603.696065 1437.241679
584.680835 1450.172006
578.016195 1429.265840
588.194562 1437.098640
603.127014 1440.933744
600.741727 1461.670542
593.770979 1452.534250
592.537041 1411.468281
621.035013 1456.246403
603.213778 1583.689795
593.233486 470.123794
625.851461 1475.232527
588.133696 1258.181349
601.970447 534.044149
586.763632 1236.023832
590.481355 1288.995957
581.668990 1595.916746
617.892855 1223.380868
592.658867 1186.392964
593.984755 1184.205102
610.406928 1187.682980
621.649559 1211.350217
615.368071 1309.971504
606.854582 1282.029012
628.643932 1255.647376
599.162092 1266.032332
597.501977 1286.788374
588.499630 1281.046431
611.544141 1291.932601
609.557527 1473.969497
603.922452 1502.006705
599.677019 1514.963035
596.911955 1497.414744
601.271657 1500.317008
638.203000 1482.460483
593.075925 1507.696397
607.546110 489.282030
599.724748 474.055481
632.657808 457.407940
610.207424 1619.701033
608.055608 1205.926486
604.147041 1144.298250
600.450022 1128.141264
608.146834 1147.605651
613.823975 1210.889541
610.447109 1174.833340
624.659781 1534.023976
599.710064 1502.935471
616.875735 1509.467738
638.809756 470.345858
604.067720 1547.835449
593.086620 1208.856692
623.233307 1135.989452
608.875424 1123.693365
599.644743 1127.986197
621.921618 1162.425154
612.687630 1181.548040
610.844705 1514.012414
603.005380 1503.757806
612.440042 1556.270879
629.685752 423.519639
615.977454 1540.139767
613.336916 1567.133130
607.493219 430.803675
616.824288 1121.072560
602.508671 1109.186985
616.389601 1112.015722
633.861919 1103.148636
613.148597 1528.100081
622.965694 1598.918900
615.447846 1564.161727
613.821276 473.062258
606.888413 453.135840
623.562091 462.178434
593.292680 1106.314880
623.998127 1592.144405
620.020838 1133.588835
638.113971 1516.865423
623.090384 444.036731
640.585885 1618.242723
624.325595 1131.286893
635.113592 1524.746836
631.260308 1082.224026
622.829705 1575.909128
653.839579 444.739844
626.545062 1608.501547
623.285341 1584.471127
636.659951 410.970735
609.239606 1103.856849
645.568222 1088.186688
626.898241 1540.281308
624.272855 1541.812686
648.907569 1510.076337
628.429807 1596.294463
627.973664 416.000735
645.759646 409.563060
640.000356 1108.587604
633.603265 1066.164146
624.287834 1092.641752
651.332824 1529.352084
632.627157 1548.621100
632.993071 1567.517637
622.078593 1541.997387
636.429730 1595.782001
640.415794 1575.382666
631.524461 438.060902
655.279884 1063.227281
638.204670 749.292720
628.588591 781.292110
663.673304 766.876528
662.398639 798.727942
637.598806 804.284061
615.398664 791.196171
642.547462 778.027905
643.945830 793.277821
649.388296 836.005722
645.799785 1060.311775
625.509741 1072.037776
650.015459 387.328086
643.187135 742.709233
649.235275 794.817344
642.403915 1063.806924
664.442189 402.812045
623.505916 407.283272
626.779148 380.460275
641.162159 706.793127
657.563721 726.636706
655.893647 771.779935
644.074075 739.466406
667.763010 738.784586
655.420680 747.564665
648.939626 836.752849
644.297511 805.964844
647.454233 794.977271
637.289233 823.702558
655.147342 844.794210
645.655226 863.298151
627.878852 822.649133
636.652905 1044.039340
636.155758 1053.915282
631.956563 1053.103879
664.653507 1069.143429
650.150996 1077.509969
643.375996 835.555993
656.092162 411.587916
648.303484 774.328254
670.147197 1030.330881
654.887393 730.435315
672.133715 750.216880
649.472109 818.552201
654.754548 840.607193
622.279610 887.769945
630.814314 838.063173
640.837025 836.246987
661.717454 850.627586
649.281952 877.219887
638.184689 875.049352
643.601297 834.194750
670.972905 887.382423
657.149801 911.835028
653.987581 902.815564
668.551598 895.263021
656.539901 898.136332
647.378757 915.723162
642.671036 917.471906
653.166943 879.444488
657.841274 888.100395
627.419091 904.073203
654.097877 898.693371
632.448805 921.241744
628.071033 963.477673
651.919406 928.334122
659.094646 920.434439
663.854626 944.756245
653.975434 937.074250
653.540704 995.960752
625.561087 966.528436
630.784506 978.519745
642.785554 937.734551
672.154275 962.430126
684.321042 942.134154
651.593749 964.157031
663.347076 1020.256288
663.142810 974.847175
642.430386 1020.898415
638.323021 960.659051
642.919672 996.176710
656.194464 1039.614321
666.022693 1010.367199
647.615212 983.032735
642.849269 981.217602
641.113889 1047.947238
668.798891 400.926981
665.500809 1038.557002
665.122446 1027.001015
659.632108 358.600437
649.243081 362.421836
664.103910 390.680174
677.646902 750.125200
644.764913 723.729645
673.589949 407.018920
656.046733 707.523864
680.265185 397.424275
676.477887 367.948734
669.818969 355.335410
681.429534 361.800896
647.554567 727.295188
664.800321 399.876779
683.246388 727.884773
671.076457 335.195129
687.778459 687.961246
657.910565 363.538536
659.999242 329.299970
674.437516 306.999733
693.504474 375.696522
687.902353 710.105327
675.272129 704.782905
691.577212 351.564898
703.788575 281.258839
656.596177 292.554793
701.669946 279.597160
680.141226 685.460935
685.352224 707.528964
684.976826 324.592843
676.403449 351.369654
685.391404 274.399564
686.734735 304.137795
685.994292 688.770866
687.201030 297.287834
693.583795 653.800932
684.766209 133.421782
704.531475 140.932936
678.725352 140.366219
683.480413 135.320065
683.590855 160.671205
689.866972 160.917520
708.435909 181.777670
696.832883 281.558868
683.489255 257.857248
690.597944 262.171380
690.057100 261.048434
707.578692 317.329938
703.099984 265.009998
703.887276 131.281430
701.293154 664.782391
684.388763 145.133208
693.333247 252.204700
689.698555 206.410298
701.048569 196.242801
706.410053 222.746228
709.248358 276.996799
698.140120 241.721364
702.998783 688.443035
710.122324 684.095497
720.541579 673.670218
688.088328 697.627277
670.954122 175.673048
718.875544 181.164646
704.660782 241.220173
709.265458 187.556672
706.353558 189.994937
702.573899 198.659482
696.955947 222.202249
680.851114 226.454832
675.999641 162.768358
684.847742 185.249712
688.875118 196.863238
705.698913 234.693511
717.018997 232.970131
719.764159 189.595889
708.669743 225.584269
691.816619 243.934396
699.518345 230.974137
683.997052 619.539437
706.538332 129.748913
705.974625 647.616473
716.667428 631.802931
681.875841 618.135988
703.211617 665.045535
695.457682 153.099049
730.834585 636.229384
702.763750 655.015658
699.512679 643.455293
703.128399 625.945522
728.651135 164.383732
714.367802 622.328434
716.352969 140.459205
715.457925 611.486677
716.237689 551.658577
692.943835 577.070870
718.666697 562.949888
737.835546 577.528724
725.637135 159.961166
732.238008 614.675690
709.561490 153.060276
722.475999 586.616497
731.340802 614.300719
721.759747 569.703555
719.883857 563.990989
726.525873 582.024156
734.374273 134.752318
719.317892 570.416521
725.047215 557.639848
724.187174 532.110976
709.475847 570.155725
707.070568 119.494816
744.483051 567.612109
734.995061 536.838951
728.428202 524.190606
751.157127 525.670479
715.425205 509.752571
731.927288 492.389359
719.486452 161.121334
714.787241 153.339932
730.890899 524.929779
739.155077 513.750712
729.252400 531.202837
756.787928 503.048928
731.679673 135.761739
749.252981 500.831973
744.629891 488.989253
746.339919 468.225728
758.701410 479.156606
740.169652 485.536467
750.137482 509.733513
719.743928 476.048754
742.547653 516.176390
748.940513 169.773108
743.679036 467.102624
769.666951 428.666067
747.887020 460.436523
756.773393 397.943112
736.100966 442.247567
748.320380 443.231388
777.871399 447.606640
750.481060 141.940420
750.617347 451.363878
755.517750 155.514599
755.015415 387.236211
747.776170 421.175252
766.206051 398.963452
738.015680 407.420720
771.107504 437.975488
756.112207 412.875944
755.745996 424.866481
749.120748 186.495087
749.536307 403.916651
763.053309 395.934169
743.515228 393.955257
770.886318 381.691133
770.465844 400.207170
762.194623 118.637745
773.539759 144.066774
774.062914 357.339273
768.846073 330.724408
753.714335 340.376846
763.716221 324.102863
777.196681 348.333516
760.432065 375.041599
761.500737 347.827143
750.044166 366.240299
759.673353 364.489739
780.228576 308.839710
772.445286 185.442447
792.827527 129.525742
782.324205 129.644798
774.375585 143.724961
743.200999 117.834726
759.491577 112.449435
767.669190 163.636250
751.976612 339.148121
774.546578 305.113263
771.795097 349.344464
761.062953 335.352737
779.690090 313.149324
781.980570 125.649057
764.513799 297.129652
792.553035 128.967352
754.670118 296.703211
775.608183 90.741423
754.283514 295.855613
765.861053 63.053929
785.972253 289.499366
772.069048 97.732036
791.969803 312.074188
777.414316 48.541825
789.407131 262.466159
792.330302 75.322286
802.626675 82.434266
791.959077 283.534681
822.396463 82.670171
805.114847 302.395613
818.905221 97.725604
800.101969 294.134036
797.426514 123.807624
817.355588 286.968376
810.613838 113.720399
793.845917 279.111649
797.663041 167.359255
811.498918 270.105212
828.530810 104.669183
794.497878 101.738756
801.216714 146.053445
840.794447 119.216414
811.155797 313.973434
843.666433 310.022157
829.464727 119.116694
831.139082 116.266231
826.960614 159.885367
848.955096 298.527501
835.710637 142.505827
805.372313 134.617588
842.300844 177.504507
820.019538 267.780504
837.575451 318.713873
831.597101 190.454730
825.413678 174.341522
840.924274 165.240080
850.930643 268.999430
836.653811 127.647611
832.991185 220.731811
847.923043 139.518503
846.704693 318.843240
819.833247 326.408272
862.247660 168.913159
845.783252 144.941863
833.670554 184.780943
836.955121 288.000785
866.683672 198.042488
859.434867 204.560981
852.645938 177.749725
841.734147 175.341758
854.330823 346.612730
848.406813 202.572158
844.585144 221.901342
854.842450 214.141232
853.883393 312.816162
880.820493 231.663112
861.925573 333.249227
891.038737 252.038338
862.815910 216.467945
859.703111 199.773408
877.179282 353.817697
848.358449 185.583111
861.550879 202.126139
863.243844 233.742888
867.699395 225.333987
863.765097 325.481174
875.324729 206.216576
861.036338 309.163510
876.545704 266.235107
865.247059 334.587646
873.468847 254.555969
882.606710 277.734530
879.653196 310.591711
881.640602 263.428022
895.888835 351.152815
890.720607 255.084540
880.336576 299.953183
885.783233 296.923086
901.606629 325.318705
896.840992 253.487582
881.217946 333.348887
895.743583 248.507810
897.399396 300.695667
888.712705 344.529587
892.762674 284.539330
873.628599 318.947169
888.648067 248.881550
899.138674 254.428014
903.223243 281.306432
895.769834 276.218019
924.074592 287.416875
913.575784 320.041099
916.234685 268.622839
886.640715 314.494450
904.068797 285.386020
902.607889 283.637121
922.642002 305.814768
