16.913112 324.528938
19.595124 328.271292
25.516920 338.486395
35.185123 336.567701
24.541298 350.050087
27.622692 335.439603
27.141300 349.649272
43.536176 355.800669
25.131749 356.462256
25.005909 355.450310
25.136472 328.106419
32.161894 364.892967
27.542866 368.966586
38.750809 381.931127
32.190211 317.877288
43.050413 373.028830
19.423872 313.096119
34.461200 380.927736
30.095469 385.766870
30.257709 394.513805
38.402911 291.141761
44.692446 378.118140
44.702400 277.107752
31.262624 300.742479
31.107662 409.828991
52.679265 391.491088
46.495758 391.440059
57.688271 306.792636
36.259488 400.240946
39.586702 420.560584
42.731819 414.289327
32.407883 418.656193
53.391098 309.657730
58.345053 422.477562
65.080129 294.002399
47.183073 287.199728
30.609538 289.688749
53.276212 425.630478
46.300490 436.761424
49.239840 423.973599
55.926948 281.133073
58.381847 433.350044
62.228826 251.770486
55.298851 255.071356
65.793024 259.759052
52.699698 437.839210
66.783297 246.864991
46.636101 230.965526
52.140330 215.344192
63.020249 234.143030
57.838404 241.013090
59.474580 231.437829
64.793868 236.971973
62.944454 424.887623
65.518317 451.769751
66.816470 452.703311
60.695608 220.133556
64.875747 208.684764
69.133887 449.667533
77.406495 454.037188
65.204307 470.410942
73.384576 215.677049
70.562292 455.946290
86.580894 482.372876
70.363830 474.908569
76.774779 211.669993
73.238785 469.339429
72.229521 199.814075
68.036925 484.203692
87.552809 480.841280
78.376801 198.292197
76.554919 478.652304
84.186514 497.102194
83.432205 490.967250
93.197992 505.062858
79.386280 203.367651
85.999188 514.602286
85.874946 191.076450
87.292609 486.933878
86.953222 510.805099
97.696540 189.626600
103.160244 528.327029
92.750856 515.464674
97.275433 525.887070
108.544808 169.990742
93.987144 504.608719
92.739512 492.564372
103.631767 527.936924
98.590003 183.170595
106.990684 531.468172
91.747301 172.620531
87.034043 533.343187
92.520742 533.286049
116.452144 167.029352
106.701258 559.753323
123.758060 544.891199
110.531875 549.803529
112.675554 153.027490
120.396617 564.094430
105.234447 564.361108
106.461337 547.594625
120.917954 164.164246
110.670064 558.736122
119.128493 145.784230
113.523795 136.750930
102.499157 545.790421
125.223279 122.347772
116.498302 572.363994
115.177733 570.659211
116.893260 141.948004
116.897214 584.768878
122.493625 574.452330
122.842390 592.320068
121.709000 142.334617
125.508730 612.038270
146.747103 138.052116
130.724141 585.052356
121.589628 604.487104
130.989806 130.352683
135.408093 603.733764
150.692304 596.128248
148.540252 107.911053
128.564988 613.326198
140.162256 599.804196
145.240115 119.973794
133.294628 607.950829
127.754700 111.399906
149.776262 620.579339
156.975922 130.060906
144.475085 604.337421
160.043523 624.742813
151.790007 117.359507
169.424302 629.100595
147.261461 632.263305
152.355326 630.823996
147.200676 109.490965
151.839439 643.165609
150.383469 110.559364
159.176352 646.848801
162.927482 104.910045
169.125453 640.510213
169.433734 109.654506
156.838801 635.391388
170.430414 665.453357
164.991109 98.304399
172.677767 112.168910
181.872577 634.257408
171.954744 660.345320
172.301312 640.641595
170.552220 90.905640
189.353377 660.122624
186.512255 72.774376
188.434045 660.677684
188.001366 91.224597
185.097790 538.193180
192.093396 537.265309
183.854435 547.366900
189.118308 544.694830
197.486115 547.525888
186.705925 675.958520
190.115293 71.819857
199.051229 530.838187
191.362016 666.015875
187.066236 546.826544
203.255124 85.696269
204.243234 560.223884
202.472747 544.529118
196.940390 685.010776
188.600416 567.840231
188.911703 61.837570
198.609630 571.442283
209.370314 529.091757
179.440205 682.201924
201.374380 679.446007
198.650786 698.399725
204.611296 78.795208
201.458646 587.613723
190.781600 513.186868
195.814503 540.193395
220.816528 575.823965
210.602713 698.477306
213.601875 550.157995
202.621181 66.448419
181.913740 519.715923
215.597087 555.434728
217.227938 589.956315
200.318867 695.618601
227.812439 74.548860
214.434838 684.159065
220.450871 534.290286
222.299354 581.010295
199.855584 60.842417
222.298106 708.980119
232.416810 63.522991
204.267943 529.800007
238.007964 583.995981
214.434733 702.222080
236.371704 62.465183
226.406664 524.489180
230.169412 580.337795
241.527345 529.222841
217.054356 599.162623
240.130280 692.087151
219.652510 51.687134
240.457491 596.954899
228.749121 541.638586
231.330370 697.535487
231.708528 64.377543
220.248409 593.728250
227.634329 525.904756
215.083520 599.447667
228.197978 703.167957
228.112688 46.774231
223.377108 726.623039
235.504264 606.808320
235.182278 532.337475
234.884073 629.160772
244.417748 44.986364
235.748035 543.177696
234.150274 720.834729
214.755139 617.904056
240.265119 44.256669
236.775900 543.187371
239.636188 625.737047
261.288957 713.513956
239.398786 40.739961
243.958313 564.825950
239.071771 616.863879
232.873347 710.586458
255.614379 625.522055
236.248064 37.565562
245.624001 538.269880
230.720329 626.239750
243.180817 733.378084
243.752084 625.561892
264.985952 542.508674
245.767614 52.282540
251.253342 728.222991
240.854297 620.466426
257.262687 558.752280
239.040061 637.308270
251.587679 36.485488
246.497048 712.361770
275.014956 563.692603
260.367453 635.505502
268.574474 35.591720
264.308327 711.343533
263.943869 649.779539
259.045922 563.864128
258.437483 34.501356
259.641263 708.354424
267.766735 642.728313
267.495379 573.023822
257.209228 559.947087
281.852508 39.916446
289.946353 650.095957
275.839292 709.103479
271.020834 648.129960
274.109482 573.757070
267.926267 36.266253
265.254817 716.438288
292.386092 659.208646
265.987709 670.066597
279.056957 574.126417
268.296014 663.371670
277.583248 24.936787
292.497017 576.414881
287.938199 703.808819
273.029539 674.673921
294.490106 666.585883
292.973306 657.399072
286.457473 33.547676
266.866633 558.362636
275.274419 708.567087
275.526266 583.430767
293.693626 690.532774
274.529655 34.354254
306.428771 697.243348
259.266496 680.192543
301.070211 591.215898
309.626097 41.711407
295.812773 672.221250
288.940473 700.009486
291.696734 692.550806
288.332500 692.136463
279.036234 605.451781
293.883208 43.016584
288.339714 597.612311
286.508644 9.401404
299.570440 574.609568
300.432206 44.775417
298.974561 603.798068
315.790057 20.494828
314.278243 573.594412
295.261508 38.144399
308.676878 590.798597
312.230530 26.053971
308.608668 584.986184
291.078405 42.883596
304.563591 604.125894
321.345809 627.241065
337.698536 26.634722
326.771018 611.757067
325.275984 12.004600
333.863265 27.862716
313.746514 626.879222
326.764812 601.389360
321.058299 58.595087
338.606854 630.851675
312.081162 61.261296
332.855786 52.332753
340.844449 628.100739
330.132845 639.749105
345.205656 56.571175
342.968511 638.941470
350.132385 62.097240
343.583097 58.576614
350.425174 633.186466
347.386958 60.852351
348.916886 632.935047
326.125730 635.427511
352.582172 657.709962
361.073533 38.037910
346.721357 646.740699
343.442970 58.262812
366.853001 641.929500
366.062748 57.308789
368.941494 645.847886
362.705466 64.845218
364.007734 654.363278
366.083420 652.267830
373.732722 68.262133
368.741471 73.910755
372.654259 675.277867
381.189948 74.160594
368.827266 670.570415
382.354735 60.500458
371.767078 682.689142
382.814058 63.198970
377.551480 672.752983
380.547024 72.009533
390.445162 674.225605
388.627830 676.191741
389.924048 685.011797
394.002434 83.227310
395.271505 92.216549
384.538535 685.779635
384.167799 91.376435
411.554850 682.257773
404.652319 680.199078
400.134315 683.616947
392.137466 92.141137
408.078356 112.460813
390.373435 698.241537
417.257551 688.259904
409.262962 96.252047
401.294402 697.754762
400.866604 89.577101
411.910268 694.008927
412.253167 99.534177
406.023497 705.869755
405.046621 102.598844
399.286406 717.703710
426.133177 107.855298
424.551399 707.593987
418.164756 114.028760
418.302899 721.316355
423.247265 109.122777
418.966406 717.114060
408.618971 107.992782
427.811460 736.138000
438.390307 134.180798
444.081041 723.499125
429.519025 573.666347
429.995829 574.862914
427.543510 564.850247
433.258361 603.103692
430.436749 142.224109
425.728925 730.175131
430.060982 743.236894
448.615646 565.919908
434.484103 595.473217
442.611583 737.433162
442.701348 125.348443
443.543942 559.706731
447.570639 591.346651
440.246021 735.040497
445.671808 599.755467
449.279075 126.790324
461.665158 597.249555
444.509227 555.969490
454.739731 742.390379
443.105152 129.215138
449.658152 570.365091
452.351949 595.416073
449.489641 594.702822
446.709734 609.148667
445.787596 131.801465
457.209376 755.164660
461.802858 591.533029
443.062262 760.704372
441.250299 607.374646
436.436711 595.458750
447.081474 118.667879
446.293475 606.052874
459.922040 584.735474
461.030280 754.780805
444.950784 124.181926
444.309573 606.466926
481.473317 583.430090
463.194864 610.883067
454.562985 764.949091
458.635201 150.222667
465.314572 601.994274
454.712377 763.560569
473.287489 767.965478
460.624630 614.880120
457.925741 162.339805
458.647382 599.687201
452.645908 778.869441
469.863880 637.582834
456.722584 766.390710
470.811428 622.029285
444.212844 156.547979
463.360496 578.572764
475.866219 632.642307
453.105023 159.008250
471.244206 578.434171
462.556207 778.842992
486.445698 627.430403
455.333395 155.733703
474.610890 637.041848
470.661757 584.353479
473.468516 785.975680
473.253467 648.041322
480.373323 157.009629
481.325174 647.655044
484.428702 589.377750
481.882903 780.334585
489.102207 778.478939
474.273060 794.511043
473.594165 582.021014
479.364494 158.628889
486.009248 647.256624
472.276628 661.331422
481.031966 647.720526
461.815314 165.353342
486.241937 788.069422
469.545041 601.755986
488.910296 786.329513
482.797688 664.561540
481.827225 672.348587
492.298052 173.598891
492.891420 656.795350
494.860839 589.566919
490.048891 790.256314
495.267501 154.254532
498.700058 667.193161
497.396716 672.661173
492.718645 587.826932
501.607405 692.133685
503.131749 175.902014
497.528995 794.727716
508.154385 601.068637
493.579592 789.727413
506.101655 819.280063
492.758261 680.767302
502.385179 674.320110
505.914346 170.558968
503.185520 677.952243
490.489321 615.822505
526.305730 811.236086
497.170841 174.418003
505.365392 597.157634
503.999070 708.573956
502.335990 700.506445
519.546299 698.377415
498.600459 815.236662
511.608755 172.447231
513.954163 621.453813
505.757909 793.785872
496.058229 695.783723
515.074735 722.412814
516.739385 173.884064
508.218983 716.772304
493.289724 614.393220
496.910279 826.141646
524.877654 819.973327
526.672114 800.683189
506.122503 189.656419
500.006093 691.961827
516.723826 608.348558
517.199937 185.135262
504.903421 710.814746
509.706538 835.395029
520.587436 823.383010
519.814357 492.000720
514.233637 622.426695
520.405837 730.338252
517.206701 198.794469
523.655943 726.171195
527.881055 633.648995
526.081985 839.862434
524.805513 495.496519
536.456656 500.443875
517.020707 184.362193
531.252377 489.818548
526.329207 731.027631
516.500931 718.484947
528.438336 730.048396
540.752671 189.615390
529.850676 640.283754
536.399006 838.045093
532.914269 493.187457
528.438897 500.714056
522.230166 484.587860
548.595365 628.612050
535.353432 830.752294
527.474716 737.161062
526.681298 731.608215
530.926737 183.679026
520.709242 496.562239
521.638259 745.267906
531.499595 502.089578
524.764800 628.332763
530.622597 844.603776
546.414396 172.955199
514.382280 508.924259
522.612784 753.193354
535.479391 748.057690
538.128719 744.728590
549.412180 202.259901
534.264643 496.573723
534.998058 495.522622
545.808507 640.052065
532.490639 853.072896
529.338086 631.990546
543.032661 842.149771
547.406627 755.973497
548.390501 768.258994
537.706009 204.701186
535.363412 502.404014
550.565575 523.911685
538.567185 758.180094
538.662097 511.934396
539.420646 659.557806
546.673108 853.145302
534.055517 858.577371
534.164750 225.158432
546.678526 525.715233
531.006641 765.229607
540.812750 772.783263
546.765721 779.360035
537.146646 846.089750
569.502956 509.268325
547.417811 509.517457
529.249374 636.375553
550.629818 193.914141
547.305651 866.470877
553.538061 780.954980
545.983581 768.621814
541.512936 522.083565
530.719372 522.574371
557.738670 649.669495
544.782631 777.638275
561.476163 218.904978
546.872959 502.208601
552.421661 652.773952
558.060277 883.012114
561.818818 520.049088
540.036960 798.391726
546.387389 778.946942
561.987656 211.843733
555.853799 782.277024
567.917069 512.291927
550.395537 516.406949
538.967541 653.605647
551.590766 870.206484
556.138027 233.794815
541.270374 867.359883
546.002266 799.667254
548.469481 804.052972
564.352851 511.127678
568.582875 532.943891
555.272762 650.670444
560.191727 801.486807
569.793935 215.867019
543.692102 515.495368
561.829080 862.137536
564.725328 541.559324
562.239952 642.673745
555.215703 814.515196
557.947976 791.988385
576.659857 221.393071
561.977257 813.622822
563.058098 519.135995
566.079077 526.936070
568.694646 889.262663
567.085646 654.849957
575.797463 519.237385
587.561948 230.659179
553.777871 821.352274
551.471748 822.685522
567.862959 511.016502
577.343363 819.846653
564.955055 880.583436
568.213433 223.355669
585.746595 637.513549
584.724257 522.035896
564.918458 883.661924
553.781153 525.209505
578.346621 659.486666
575.522069 824.121272
566.992685 833.212609
574.683274 849.364542
569.241587 252.233940
579.699298 844.668480
577.556250 520.080442
563.387966 540.583025
587.482003 892.281314
586.585101 687.581959
583.954307 890.871589
581.783503 885.515512
562.871822 244.127990
583.388352 550.891890
572.219490 845.183280
591.582448 833.682488
570.498943 528.236676
575.253802 526.795107
580.130608 834.890843
589.885309 242.129386
578.835275 670.786019
601.605983 902.834541
580.192777 531.868820
589.161356 891.438681
586.651504 363.356944
581.299496 369.200343
587.026543 377.837600
585.108895 561.323797
585.190876 855.189145
574.115539 861.835175
586.587037 246.743639
588.999370 376.861720
584.865697 676.353156
581.597492 852.828919
594.951696 516.677862
574.994581 902.019810
587.159635 259.949262
580.958709 365.510549
576.909155 541.808466
585.705233 376.879448
599.330425 671.907407
582.772381 848.820956
601.698870 866.018355
595.647085 868.217829
597.237835 531.800753
597.811309 871.716242
599.194906 249.302247
584.711211 387.607927
587.273132 566.706071
591.670528 896.924441
600.267752 355.918420
596.120359 676.435391
584.903109 529.134175
595.696801 888.661053
597.036336 883.820032
587.378977 252.969391
597.213783 394.092742
596.285105 562.115381
584.519412 889.311272
579.853688 916.864426
595.205885 346.862083
605.823114 682.742776
604.471678 545.492107
606.704380 254.592140
603.584141 376.099212
594.627384 558.560238
608.197134 893.341339
584.177219 893.675015
602.957334 895.749106
592.531032 909.975190
597.651553 912.016741
596.740289 367.666599
610.045313 676.404732
600.485916 256.364231
596.405114 397.691046
597.803641 539.107709
613.392117 568.724678
604.366160 363.404363
607.755871 542.863249
596.439032 672.212658
601.858448 270.949914
587.342423 397.122902
595.186196 556.572602
612.719753 377.589780
607.862845 556.391417
607.857984 686.366582
602.831224 260.969790
612.015127 400.149286
611.166862 560.284724
602.717760 396.246775
622.102200 379.265938
616.416789 400.865132
632.536648 262.428563
597.803618 560.552890
607.169762 574.602065
608.395825 684.228033
624.625515 551.483463
617.070001 704.504354
613.514290 354.497192
592.270557 399.083126
627.023698 265.417544
601.288291 559.103372
620.465674 406.622225
608.357295 559.289903
621.484327 699.580507
617.780339 347.718737
616.273580 578.230355
620.766803 293.998161
623.346364 421.217184
621.900541 285.667481
634.386408 361.748362
612.650003 558.547597
625.362969 576.688178
617.298056 698.197180
617.019433 430.714063
634.666570 278.878329
634.744810 361.712436
626.217598 563.944563
620.864143 564.904907
641.276370 708.508445
627.050779 427.029540
620.468932 563.709010
633.597355 703.636594
633.863645 695.470311
622.573265 276.857630
629.342799 592.745617
619.752461 365.176166
639.054145 422.645040
630.822504 429.206013
618.569315 285.009811
647.047567 559.675055
621.524665 587.503904
630.066101 717.671907
630.122417 361.545230
636.833707 440.157031
632.387410 278.753435
657.761378 562.194922
631.303662 587.180332
621.915210 712.795043
620.727780 363.893878
643.440894 442.406380
643.344375 304.253547
641.772564 606.533259
654.419891 559.388020
646.205622 708.978583
637.200802 364.597205
621.288083 450.354700
632.842786 294.570602
629.479370 597.862592
642.312189 368.020011
648.330119 568.655077
630.273419 725.190217
634.178848 439.899949
645.697529 285.269105
633.438420 601.279057
641.044248 380.772152
643.552266 445.078418
646.703597 573.006810
643.689631 705.201398
654.078275 298.867816
643.958776 572.470641
656.432905 615.353228
646.366353 372.814274
642.163716 464.280321
650.801449 728.812230
661.546900 308.020089
654.099411 600.381618
650.402496 602.092009
671.875091 447.633096
640.194067 377.410132
646.554080 720.880912
653.138847 301.035103
657.680134 616.157163
657.133715 448.401494
644.603528 580.952128
649.610932 723.528543
657.105213 371.967325
673.254490 631.402208
659.616591 292.432913
659.508862 455.725443
665.959446 457.945934
671.297339 465.344342
649.153994 576.583013
636.129833 296.073535
650.917442 615.291926
674.579210 730.674431
653.471989 366.953688
648.868772 582.516796
643.561596 463.848316
673.705801 318.233148
659.592662 491.171392
647.990509 629.106696
664.966920 717.875950
666.732938 373.659944
659.138171 593.681370
671.269651 739.325139
682.323866 586.942520
684.203460 295.288082
669.775283 479.537886
678.714937 619.436221
653.254322 364.102772
679.058408 475.142121
677.620763 633.231248
677.372600 739.090964
666.039205 619.995471
666.756987 323.565123
680.077406 735.844991
668.352722 364.355321
671.774518 481.918800
660.152993 631.325781
682.486035 602.117588
661.282603 317.625290
676.994289 742.065147
667.521033 357.992543
691.525355 480.580055
672.291272 604.857985
671.593087 487.772160
678.512131 619.977554
679.690040 624.804135
693.237685 491.267756
683.712541 645.455551
679.838551 315.133388
674.435474 380.583485
665.466192 754.991801
682.621316 613.945689
689.450287 737.947144
693.312595 490.671744
672.209821 618.190586
698.461725 309.092474
681.415203 392.533174
674.171792 489.856994
688.088841 604.261929
696.759679 613.595708
684.314659 758.812825
693.203712 592.790478
673.848329 321.267272
685.668705 378.087261
696.359463 497.530231
702.466375 641.565877
692.176223 748.942811
672.107026 623.459965
691.417670 319.044843
691.628755 389.808885
689.905210 634.077496
684.346047 500.960619
698.006955 751.097026
702.299221 478.300634
701.201737 603.447920
705.518444 655.372967
694.715403 305.596135
693.524661 381.549514
706.792558 747.535806
692.747665 497.018695
699.297855 617.273398
702.567869 641.427174
685.925067 320.960921
716.257779 390.309350
702.205213 770.340285
696.960994 629.769444
690.809649 492.545608
713.162759 656.052857
713.110453 321.239457
701.164213 373.186168
707.819114 763.436846
713.397320 521.485371
706.298239 607.839748
704.615980 650.295617
691.836513 759.894278
709.406211 307.594850
709.333943 631.928389
702.568157 376.070426
711.817532 499.373456
707.844673 646.835627
699.242724 761.004207
721.839151 335.119864
706.606560 392.699002
704.722141 635.654685
715.351352 513.273463
721.858270 656.489614
712.505800 767.354083
742.168843 310.468676
705.173710 365.864188
714.705233 542.577455
718.211485 623.389887
718.028050 673.949479
715.608581 746.834112
696.353622 300.498224
721.740830 381.695665
703.072304 522.608867
718.379228 638.585402
698.364205 668.752550
718.488305 779.188961
736.703485 628.659752
708.237312 534.231563
726.578379 664.540789
703.798961 757.993901
723.423827 314.347425
711.852264 405.378680
729.301904 537.001786
719.021208 539.545234
726.669405 312.310727
723.778245 637.302731
732.160780 660.950081
723.253897 779.809672
737.116100 385.111986
714.781325 543.694928
726.479177 327.472458
722.359162 641.608205
724.273010 672.961706
727.240165 543.169473
716.174389 788.077786
744.380130 391.097546
747.148725 690.968706
724.877564 318.142524
735.780544 655.493615
748.686209 551.013519
726.764845 776.025964
736.952811 399.613172
742.810998 694.997084
735.809169 644.039658
719.972986 782.101790
724.909040 324.075687
731.949771 555.287944
743.088784 392.719199
727.437159 682.628224
724.990745 561.001721
730.829301 645.311798
728.647033 772.394326
724.196117 335.315808
737.248649 689.401983
729.753845 367.152637
751.663665 554.861503
757.913489 652.522272
752.263238 789.510616
744.992595 335.120559
735.240045 691.242616
750.685061 386.423713
758.104873 642.498272
745.310464 795.832387
748.184620 554.009055
748.830308 692.680009
758.113797 319.035339
753.125012 703.083520
750.247158 398.792903
750.573572 645.222069
733.453087 784.140339
761.782106 577.280265
744.689760 332.319503
736.646270 656.033708
755.069698 794.439901
749.672445 716.977025
754.214505 393.563020
757.815444 554.005197
747.403814 698.762589
760.063760 329.988406
757.257205 654.937902
763.619925 783.834949
763.589791 387.626859
768.085109 581.473993
763.334463 723.545303
751.319328 339.092716
748.077345 661.823802
763.874617 787.156177
762.587666 389.934068
753.219450 564.397924
762.533128 722.893044
755.958605 567.377830
764.982258 308.716845
758.649011 569.607605
755.394366 649.359167
772.667717 781.321302
758.797560 711.956329
761.569032 390.821541
769.076688 669.339899
768.729438 320.783487
771.977365 581.899322
764.311619 797.045135
749.855384 729.990165
770.452078 398.334390
767.881429 576.898365
756.375640 660.718586
772.785601 337.359704
765.828961 666.211620
769.558407 731.038725
774.302654 797.814296
770.071710 390.732405
776.359027 592.030340
788.174574 326.353426
763.052611 811.223181
773.457276 396.970760
777.377750 669.878934
777.877680 708.320872
782.428649 603.970859
760.154401 728.863366
772.076181 743.618344
766.012389 345.671969
776.324241 731.314442
774.663352 802.664197
782.430396 375.254472
792.079570 597.843834
788.581009 659.509313
771.256822 341.621165
776.332240 589.179184
797.387208 750.562378
790.080711 811.475304
786.193762 392.207243
782.656891 623.824335
792.286345 685.787808
777.885371 751.792585
795.059951 335.050777
791.267505 794.500926
805.428669 390.936101
791.412218 604.614817
787.579095 673.774977
785.602786 738.392644
779.533771 342.171649
796.915858 613.195222
800.879736 671.913836
787.427530 814.970945
792.766351 399.943250
797.760118 746.712423
804.062372 740.206524
791.703519 340.574080
778.921499 620.906765
805.210358 762.295167
781.392440 692.496192
805.561880 788.043717
789.796740 393.300448
793.476006 608.212974
802.221236 664.412605
793.442189 334.435313
792.878862 619.213878
793.144369 769.207765
802.630239 749.584301
795.371570 615.587009
795.344120 763.427672
799.974389 785.885559
786.797547 395.848734
787.196735 698.802478
785.438432 348.864211
813.740987 634.875364
815.752472 771.645692
799.209689 782.315331
813.376307 764.024904
804.485613 782.377079
791.769141 788.957981
810.583173 781.598499
808.780614 395.542798
795.927093 688.004192
799.258120 335.195681
807.600965 636.571587
798.495471 392.129722
805.635649 686.320392
807.437437 343.804516
800.492948 619.970289
822.315226 404.952019
825.496680 693.410804
815.491079 352.908338
815.498063 633.087406
805.583047 391.420975
820.664147 697.120796
809.626972 643.479096
815.280354 349.158663
832.472644 403.657798
829.456183 670.038838
817.006658 690.214732
819.507245 345.980470
824.088265 655.691144
829.356037 411.056432
816.960947 638.461424
825.353762 687.800775
828.835409 346.311897
834.442922 690.661524
815.303083 403.091272
814.818283 663.497470
825.272645 340.904063
826.275686 650.083497
830.997064 705.324434
825.508934 395.644372
827.043792 347.386428
841.364806 660.701692
833.754609 655.782530
830.121261 700.268931
837.608626 389.161151
830.991450 348.104325
825.053180 669.827002
842.945754 665.007034
841.473552 703.097911
854.785066 683.479511
815.689525 386.205050
837.870659 342.059699
844.489905 687.990686
848.776705 679.027282
820.593272 697.676888
843.668123 691.869035
839.608306 395.577768
852.666552 683.716502
851.642299 349.128663
852.142771 704.088128
841.179285 386.040616
843.734623 692.158899
850.651883 355.986928
845.621090 411.096485
850.893754 356.165381
861.527276 388.897947
860.167595 348.365856
862.121884 350.957790
850.990535 412.715471
872.877508 353.486034
859.716888 403.952771
870.662627 359.704640
876.723581 388.403732
859.996373 362.912470
869.342635 399.073928
872.438204 361.641384
872.384102 386.931713
870.496532 364.630981
885.288704 402.824218
891.345595 376.646325
874.552578 425.376483
881.642140 372.334125
884.294882 418.662197
906.865593 371.055696
887.906603 388.602470
879.390356 365.597229
898.292211 380.595598
886.064597 375.923243
893.723347 399.701360
912.975111 375.850866
908.183773 394.920808
914.528197 383.364629
897.586312 395.175758
901.547577 379.995109
907.779566 371.627193
