36.083988 250.609187
16.967148 234.835616
36.525281 301.368612
4.716374 311.267344
27.300247 255.834271
2.702743 292.987910
-2.577754 324.358737
25.543134 285.375312
28.492671 292.866867
31.432648 283.295237
17.134148 304.994068
-2.448784 311.239848
27.396025 276.991023
23.672108 318.638240
13.096123 351.697275
2.200085 332.227085
32.052600 320.991504
21.690040 323.822797
6.060214 265.894693
30.456630 264.829972
48.449921 273.694639
40.135464 254.819009
49.663649 336.551311
-2.946925 367.639933
25.856212 336.738351
-6.604610 345.271900
51.291694 344.957362
47.075528 337.793005
32.114494 373.137167
49.447234 377.679413
20.817819 184.779246
22.721453 199.778368
34.668871 362.765866
57.033487 370.250397
39.806295 259.191364
44.282573 383.609409
64.450703 226.532551
44.681728 404.185536
63.149326 351.254426
37.520850 351.820657
82.243722 207.741656
39.889943 368.451726
41.578692 375.137241
30.821793 413.095906
63.937399 416.361319
32.764614 394.812614
52.279334 419.847692
67.510849 414.804016
49.450262 217.953423
77.889166 192.130964
51.041258 389.454797
65.038176 446.074990
61.961478 419.783941
52.514087 422.797453
48.372618 237.423637
39.181638 430.311369
53.617247 460.682366
77.292909 422.529634
52.987700 412.186121
89.901482 440.527025
14.178274 452.064773
60.833590 466.990828
18.640097 223.567081
44.452499 456.024165
59.079995 428.768479
54.389595 507.994255
99.838378 451.931545
51.862572 468.731310
92.719309 169.967810
68.977314 482.610000
72.768158 152.244930
80.706109 171.630408
56.913096 475.287480
62.925345 488.868454
86.049236 527.154543
55.232092 494.375502
74.032091 490.823847
42.480574 513.964765
73.594907 512.187939
68.823850 491.313925
66.384776 519.453877
70.685991 520.214537
59.565759 154.269987
61.616689 478.772568
52.899936 546.676771
37.413082 517.418981
78.713080 511.063779
54.290890 191.827477
62.610434 542.144148
98.059900 532.460402
56.356211 571.304576
69.322606 583.779084
81.640355 566.171679
80.452698 580.612711
115.176258 175.792025
100.151240 592.703096
78.130644 187.609879
72.918292 163.889376
65.730774 580.443050
84.773121 581.879703
71.534768 548.379955
88.110553 565.143419
72.745296 594.375899
98.497183 563.429480
53.185358 163.985457
104.070123 555.611023
74.497671 598.515145
79.946140 579.683201
75.315669 621.977371
124.681473 615.956835
77.136676 598.178101
81.148798 655.781724
84.679470 613.955192
77.158607 629.317027
78.152996 631.641469
110.192230 169.430497
126.532912 634.161360
82.850187 639.356804
99.149673 642.671864
78.563188 648.648106
102.320858 639.657467
81.183260 153.214827
88.948827 688.904732
107.716211 153.711358
69.012202 628.486536
110.768888 674.498604
89.698697 657.564961
117.215928 678.533341
87.102574 671.010976
93.859792 136.586380
95.068911 668.001606
118.475320 684.414779
93.960753 133.078652
68.412638 681.722635
125.533266 689.016028
114.274643 696.594731
97.920192 705.322405
128.552504 711.686944
110.750898 695.510332
105.824413 688.769478
106.855682 675.688883
121.943923 129.948985
106.602444 737.253495
85.071095 152.897937
131.862282 769.162105
92.157198 696.322836
98.369497 760.918845
117.878760 724.941322
126.452509 708.137891
125.227137 100.984762
122.101831 748.174630
113.406414 743.693791
123.050788 740.644119
135.924429 755.729615
112.508648 739.107343
115.392379 754.853410
126.835142 128.936174
117.792828 771.869393
128.072631 812.035528
142.380460 131.608823
164.919167 765.726006
123.207722 119.223591
97.044532 748.614276
114.730816 790.094228
126.353760 819.994046
118.504684 122.879439
136.822728 794.441235
106.872190 806.329315
128.147838 792.927179
84.640080 779.663830
123.119875 804.758621
124.411768 795.906982
167.897758 849.050680
124.846403 831.651648
134.680308 139.267529
144.107897 810.960488
150.537072 819.807905
129.737693 830.301144
134.589527 850.512304
134.073574 116.354230
123.937358 842.178243
161.549344 810.179580
157.622916 859.347262
152.228065 831.062301
147.890233 833.239879
141.626413 119.401481
104.031352 872.136777
165.390571 133.791441
163.419028 859.042437
129.980870 89.159640
185.932247 833.371650
170.498901 853.297688
120.814856 908.401507
181.526717 827.518032
175.507681 846.594194
125.024454 84.769353
141.954352 855.970042
133.654564 890.740021
145.489644 869.701005
163.109022 887.650882
149.896203 874.179648
153.201662 888.795127
164.468952 102.037228
143.920640 900.041538
150.518403 143.680602
188.699892 896.215933
168.499788 901.781144
166.467009 930.183280
168.114779 900.839136
185.479591 89.059654
174.365544 908.057730
149.838704 914.884817
153.338221 941.394077
142.358472 934.604569
164.411311 902.001128
167.665356 105.902025
160.002905 949.264131
146.266502 921.850632
195.186625 74.004836
179.853069 948.689649
169.825901 946.749184
157.600421 963.871538
185.810797 969.553706
196.400526 970.710424
175.264997 934.122884
175.996630 959.799153
199.630467 41.212866
179.669050 986.944529
197.684987 85.676007
175.453142 974.698308
208.807733 1004.023191
161.650621 78.461692
157.758642 1006.831418
184.958438 998.634314
193.125385 948.535221
161.829773 960.672475
194.200206 67.645436
180.825401 1026.896807
187.291220 1017.172020
173.002385 1034.870896
192.908847 1022.221873
193.154245 92.622463
191.021497 1009.611830
210.083602 60.032713
179.209801 1025.265932
222.448082 1014.543712
188.220684 1032.386164
205.949396 1033.529717
203.218685 1029.617032
199.563899 1066.753806
178.510703 58.661347
184.039177 1011.433013
179.143462 1018.778504
200.275959 1055.651899
200.102199 1042.841278
219.770444 1053.121637
201.972188 98.938133
215.856227 1032.785289
231.563572 1080.395347
225.634751 1036.442424
209.332568 80.483216
203.954344 1045.905334
264.536853 1082.994326
205.299237 1059.516422
183.915747 1081.143070
213.157358 56.728700
206.901511 1075.511242
190.531835 88.665261
225.933078 1105.148120
177.515882 1057.697492
204.997715 1108.913066
190.719062 1071.958413
216.121075 1122.144630
220.730650 1120.471064
229.070965 58.081238
211.064756 1110.582022
212.748768 1080.372486
206.281527 61.457532
216.885782 1113.341756
232.540086 1109.047981
249.437150 1139.028746
203.294233 1124.064412
199.364064 73.267423
210.182088 1153.638101
248.758452 72.280567
254.599521 1136.086258
232.907796 1152.720832
233.818349 1141.661198
235.599882 1128.987868
228.086668 1132.697127
264.068259 52.642626
224.624531 1173.979773
231.836744 1154.173334
237.051897 1136.249835
247.614960 67.017282
249.964359 1165.537663
217.805516 1159.711027
247.905882 1109.736551
250.139464 1169.082430
255.840027 78.905161
237.979542 1160.933071
246.066088 1201.510131
255.612859 1168.736260
268.292159 1204.468313
222.665051 1167.756773
264.936842 1178.372047
264.857727 1186.131772
268.161205 45.221934
244.757577 1195.233382
267.695189 24.124031
217.820584 1221.133386
244.328726 1220.395789
224.997708 72.856018
263.686909 1194.790383
248.102226 1212.933709
245.082244 1240.821075
243.533932 66.227352
261.612296 1214.888741
260.266088 1226.848316
278.084616 1228.167983
250.510194 1259.929533
288.483807 59.048990
250.877073 1245.430195
274.748407 1222.739106
251.416193 1239.695632
233.547717 1199.933172
263.205349 1212.168139
253.423093 13.529977
240.714510 1267.236410
275.684030 72.256508
287.897574 1234.809913
281.286696 1269.902499
285.086098 56.513748
280.239976 1272.152623
283.028500 1256.358352
285.814631 1246.339490
275.581703 1292.291816
271.426485 34.591124
292.581503 1307.635171
333.057438 1298.532022
274.892632 1284.842164
266.781517 1284.667192
297.029887 19.609964
280.446282 1288.557107
270.745233 44.528384
273.666126 1304.678209
279.495982 21.515595
297.254930 1298.146592
303.355616 1330.462739
299.898045 1310.349770
297.842610 49.410507
316.817339 1298.044757
293.963031 1317.093797
298.056742 1346.724109
292.170054 42.685566
299.507209 1353.754908
301.560343 1391.245050
309.791563 41.538570
298.423478 24.081038
314.334178 1328.989756
314.830452 1336.579339
309.641049 1331.907797
315.507512 33.309260
323.655196 1370.196749
317.279068 1343.833549
305.199702 89.299666
352.330901 1363.565922
346.706212 1363.524684
332.106375 32.165062
334.770513 1330.286648
321.170355 34.127714
308.375611 1372.549986
340.287145 22.388561
330.735355 1386.594571
335.728613 1364.916117
354.958890 79.151799
317.694346 1378.383106
338.744128 1372.634493
315.699911 74.993159
353.581256 1384.911301
322.073143 1382.678879
315.351421 60.570324
335.448970 1385.815479
344.221284 46.374579
344.308412 1395.180346
348.819574 35.586343
348.195004 1408.302116
345.279174 40.264458
348.590680 1378.635069
341.822366 1362.725161
364.815584 14.898762
372.136654 1389.830911
356.969151 40.340418
336.602189 1368.357552
371.063388 43.326592
364.629119 1404.410262
354.070985 61.946093
363.624187 1417.015811
370.076212 -2.180555
373.071704 1411.695933
358.273209 13.041679
347.212783 1398.797171
359.297838 1432.306383
363.078194 16.687032
388.884301 1429.496180
367.772167 -16.962649
379.098242 1414.466718
395.304692 32.635386
388.908008 1432.728627
429.906126 71.196695
395.852457 1409.079861
371.161817 46.046361
368.960767 1412.759740
386.917395 43.866215
413.795082 1439.570154
411.355653 54.096399
422.919856 1421.818102
376.625043 87.082794
406.193569 1409.163658
455.861886 61.091778
402.196930 1429.984667
395.844909 54.054757
404.151129 1443.601092
394.615015 59.009712
403.208204 1436.765664
440.773430 59.565151
438.908784 1428.954836
398.291935 44.104558
380.174266 1437.612976
433.901554 38.888336
448.476748 1425.719443
395.710103 46.406686
447.589815 1438.775983
435.957633 79.717269
451.392625 1437.124252
443.902420 53.062965
454.726952 1435.095933
428.044030 16.725754
438.078266 1439.756143
449.632788 63.405357
463.498839 1416.762991
463.686724 80.756024
436.276089 48.733016
451.697578 1409.911914
463.495126 50.355467
472.530710 1427.468260
465.762042 53.820009
458.624522 1392.600590
486.128523 34.790076
435.290351 1424.409696
476.729823 86.954884
466.574426 611.312435
459.954577 593.226815
483.670602 1469.205084
451.241876 51.677127
476.766040 638.792294
467.813739 626.855014
487.252906 1431.748254
439.792193 641.550572
480.312707 986.449185
477.188127 1005.112188
460.523085 1009.456299
481.379077 684.933743
467.548491 649.325978
439.708320 1022.362518
517.996720 78.295816
475.978287 1438.837735
474.936456 1014.816038
464.561417 638.326561
474.709388 653.349990
457.336389 997.924812
448.961028 1028.607228
445.108622 1026.820834
469.091452 88.707401
493.419170 1036.824785
493.271536 1404.505561
476.237186 1026.999377
477.115024 635.202012
470.869406 655.804055
501.600165 78.983579
488.334252 619.197927
505.209833 1039.916459
477.271440 997.383608
469.400402 1084.747073
491.129064 1404.338612
466.879884 1004.728619
444.295330 1072.945854
482.407240 64.279324
455.894269 656.448036
468.645659 652.736109
471.307750 1430.930126
480.878737 1009.270252
470.256688 1050.553276
494.947999 1033.638053
527.954858 1045.302678
483.374619 76.149698
460.919903 699.726447
497.792064 1045.915399
471.558832 585.618114
486.516198 1386.148973
498.510543 997.059057
489.633874 104.879252
484.585498 632.359925
493.915645 653.899911
508.665503 1053.674856
523.573890 1051.275566
479.208095 1037.556257
479.566756 1065.171781
508.404015 1373.004547
479.411042 100.705820
492.842306 653.809194
503.694062 1012.939654
489.260332 596.250722
501.092082 1099.532248
473.571402 1089.162031
515.272699 1081.299447
504.992092 1112.518246
522.729270 1099.677410
505.468409 1382.397494
482.562545 96.851458
512.987388 692.700320
475.711374 978.588335
480.752346 633.717899
494.068540 1090.611155
514.729536 1409.424716
485.708211 93.394224
512.424743 716.867979
514.147264 1107.846769
488.102347 1002.976150
523.496579 1132.638025
496.297518 596.347935
519.179084 660.684034
476.099200 1382.678698
496.161686 89.760090
525.893080 1003.081646
511.827784 1094.247486
499.570374 1091.721022
515.154101 1409.807722
490.850790 585.427433
505.751215 699.021702
515.417358 1117.006978
500.873282 64.783600
492.723946 1018.690553
520.325869 1361.743116
491.102279 584.162669
518.175610 605.503627
499.478360 683.708844
530.887076 1132.691192
519.656968 1149.278893
473.001768 1122.060521
513.706128 1124.694486
486.288682 1109.105805
522.339720 1147.889493
529.183680 1111.856479
495.416973 1157.459163
498.552919 1128.895711
485.062153 85.342046
537.531474 1370.154659
508.022733 985.240199
513.567135 572.527705
524.420866 657.309674
505.113692 1113.125703
497.799583 1130.912417
513.310388 1385.681437
490.577579 100.405172
505.461915 1194.603391
548.630177 714.924424
544.412347 1006.578408
526.755097 606.115348
528.981861 1361.632714
510.122930 78.060237
539.445290 630.509316
509.637266 1142.062323
518.970256 1184.445502
493.198431 1171.388058
520.655831 1164.469086
535.223846 1354.734739
520.079731 1348.787969
514.049330 1322.515505
527.031264 1349.129588
509.235877 1358.834207
532.354266 686.906468
547.901466 1001.323879
513.437971 1163.041651
539.522132 100.258243
516.979496 578.164308
527.767847 1182.167920
493.018871 1324.995642
506.169871 673.009591
532.567611 968.736932
532.193943 1186.300081
518.368949 1194.163653
515.211117 1165.833430
568.276039 1205.800887
531.110136 1198.426003
561.191797 1205.966699
555.547224 120.616951
490.325451 1222.101917
526.371212 553.053173
539.694034 1347.123210
552.445528 701.821434
543.004587 956.732873
539.253418 33.325918
536.134950 1207.853114
500.989144 1238.438905
529.734801 1221.689813
533.679546 1155.142159
509.060620 1223.184345
534.233784 1249.261694
518.592655 1224.449803
529.141074 1212.208181
539.834877 1292.989465
562.201513 1294.970159
567.057938 1288.533585
528.059106 1256.880352
554.711817 1268.290668
549.586637 1348.953866
561.546059 1296.961118
528.141638 1307.656067
545.366427 1357.914889
532.893317 1295.606384
519.388804 1347.371979
518.611588 567.027382
554.040770 1288.140847
563.091789 114.312801
550.568826 1238.758765
543.750702 1257.827501
516.101063 700.893450
526.200572 966.168797
556.759107 1261.360903
566.259271 1262.196062
494.181636 1260.858469
567.564528 1287.544959
557.176580 1314.601973
545.920491 567.383266
546.281818 1283.829139
529.826937 1311.867960
528.294025 97.044213
546.448187 651.453479
552.884526 1005.897552
558.176534 86.736709
567.995844 529.275879
557.862057 679.063115
538.280287 972.174022
551.390572 543.857435
545.973756 93.213983
580.482284 985.094391
499.401182 700.663326
537.841809 562.544082
542.437775 155.276653
539.404133 659.470290
534.329174 1025.640537
518.374300 553.325900
579.801014 121.770986
549.569980 727.579724
545.896732 985.128094
539.290383 572.454080
567.469585 700.063045
611.510229 102.135512
520.146470 986.749345
558.768967 527.591706
570.722703 688.218002
564.570480 90.826986
583.856403 969.417796
532.816490 499.583957
559.843444 664.100241
540.322383 136.001463
558.704042 997.896233
538.670667 537.244120
585.058915 711.962801
551.772613 82.951352
580.409692 550.076422
550.934867 701.819163
553.019436 980.278688
591.939899 165.536604
584.781177 500.653073
553.852678 674.008208
574.003851 964.854908
603.201801 102.293137
575.438193 670.982533
586.104886 127.847619
571.617662 517.382010
583.903257 522.919720
558.525781 968.005109
590.223541 126.304172
597.288169 683.371104
610.027825 529.093020
580.585790 952.749747
616.338136 137.241527
586.525788 517.879155
581.374047 689.916183
572.292607 993.354319
587.351657 101.628672
607.612443 507.830067
609.207047 713.147136
594.858430 118.222508
610.022688 990.160492
616.275215 494.905950
603.926423 113.689979
577.726057 493.858968
601.165783 685.618982
607.850583 140.494686
611.988996 981.957385
601.188974 484.383841
607.925502 666.717068
592.747672 140.626971
591.428181 994.346176
567.772239 473.325319
612.134494 704.049671
603.300911 128.610156
615.328387 956.331470
579.352159 510.847686
573.717650 131.887930
614.780672 696.226082
599.455488 979.080491
627.193567 476.315515
585.617318 475.557489
624.635166 98.718647
615.091560 675.479398
645.756414 983.727206
568.971600 142.250637
635.383958 453.180376
602.912224 670.176319
602.416648 968.102509
611.917386 145.067864
583.727250 484.954327
601.519050 684.445932
608.144251 487.463437
593.628237 949.911564
596.162461 146.736086
593.824731 703.446993
604.158323 433.688410
627.640023 996.723313
596.620265 196.660885
616.112736 153.477947
604.292948 448.299076
620.001818 660.292325
665.143886 981.223707
627.820158 174.001832
624.306654 463.055594
626.270016 171.280313
618.767217 683.831852
649.997455 971.628421
657.862842 449.019665
638.378393 184.463082
618.970800 659.795989
621.142100 1000.808801
617.365659 193.359374
605.121320 460.927379
651.274794 700.859090
601.284845 431.333835
636.969809 983.907002
633.574812 154.898440
632.960617 677.422203
654.409104 186.852912
651.612188 425.428164
636.348551 958.435216
625.225033 446.215680
659.076563 184.133879
648.753632 722.714794
659.011708 989.624136
653.923888 411.528292
662.190901 447.482182
653.758176 178.483435
650.335711 695.480955
646.759651 995.858904
671.754378 162.638853
662.275586 430.227990
650.128433 963.646860
643.904708 439.545680
659.621263 671.061568
660.572491 222.141399
689.391777 399.328164
668.708032 952.443538
644.853836 686.299151
638.228143 366.931418
656.416644 380.979063
645.379820 209.547690
670.995002 707.918763
652.975039 969.575227
704.439438 215.411398
651.929601 411.822085
674.441261 245.784197
667.049857 193.600276
628.159595 704.640767
668.584328 969.132605
664.050705 353.793258
667.108612 198.572113
629.397449 366.566114
677.034229 663.788548
631.093174 995.671976
685.843052 230.628407
636.617177 355.408958
677.982329 703.243265
658.889994 985.037009
679.214847 352.752943
666.874597 219.435352
706.579187 688.080045
681.593274 976.908631
674.811524 230.902517
658.050178 316.556837
656.262524 204.201667
657.658517 362.214859
651.728287 345.334717
666.351655 197.573946
667.492226 716.064692
642.635573 965.798816
686.902423 342.734139
695.191774 254.446718
662.177412 219.563134
690.660234 240.957256
691.808523 337.666758
682.246724 325.119454
698.303064 342.840703
684.559624 346.648366
693.989122 367.122969
654.056970 254.444384
670.366556 718.572720
692.123753 993.560532
692.212200 300.627941
677.967912 228.881010
640.330880 286.749466
686.396410 204.811970
705.360663 264.816521
672.663190 320.437944
706.825895 311.213402
711.782836 317.742576
681.642412 312.951376
671.323716 289.225874
639.784450 253.941037
657.489590 313.248777
690.792190 322.146263
681.895693 328.187164
682.511054 708.793761
679.808698 998.712501
702.816885 223.727407
658.682690 689.492346
688.083471 257.348394
699.205827 984.915589
700.813199 258.596348
700.170588 272.744485
683.276311 239.512024
691.472954 297.942861
715.913525 696.452546
692.137721 988.151836
695.832865 646.650995
713.228736 970.725813
709.098551 678.474945
708.316865 969.401759
686.994931 725.330544
710.054115 1002.165971
689.570164 696.639488
722.471762 968.021710
732.870029 690.143926
726.725375 976.859557
720.981985 704.193415
740.136064 977.931700
712.935381 707.513750
702.508055 1015.355420
739.564285 721.889482
750.895253 957.351877
738.624543 687.629654
743.486520 967.397689
756.159641 684.063786
740.780310 980.813711
757.214245 694.880246
722.170170 1001.802637
732.870807 690.910001
738.692978 1012.480625
736.577440 700.193030
712.705597 970.620726
741.930910 693.139084
715.018524 1008.748873
716.103727 688.031602
751.471822 963.179036
728.925092 694.640281
749.204905 943.244139
755.594737 710.977802
779.407963 981.685973
794.881107 703.121517
734.889934 657.141613
767.666342 1000.181197
803.839979 713.819966
796.672731 984.297533
758.248204 702.356286
801.561228 975.487079
763.746678 695.365260
761.633476 952.107122
771.727082 704.825857
764.977620 969.877856
774.633867 699.071010
793.540456 999.476826
785.634931 730.664556
800.862258 976.908826
797.614369 729.328960
806.849811 965.378357
814.963249 697.035371
783.303611 991.382080
785.840352 695.954939
852.189379 979.064266
825.263427 698.260120
805.804675 1015.309164
817.724010 709.770526
799.549592 985.254862
832.317890 731.022977
798.818476 939.305474
811.440115 706.421737
814.216319 1003.941581
842.232298 728.256704
822.183707 995.118171
810.543878 695.637782
805.498704 961.592779
829.991880 726.752253
841.818129 1005.049975
843.971060 708.181092
823.059369 981.342731
836.942686 719.371949
837.010548 1007.923599
823.372502 714.076117
821.225712 1011.673931
855.062805 711.851779
842.441296 994.799013
848.874754 776.496650
835.383072 1010.873608
840.264670 693.754827
822.860953 1012.658668
861.571526 977.887038
876.546126 734.377797
853.540968 754.154970
869.642728 973.661099
849.872898 1010.305780
843.740293 769.190703
825.637377 1021.187545
854.308211 719.334133
857.469294 772.661897
877.710300 980.480984
880.307214 717.088785
885.859027 1020.804720
880.460966 998.107864
888.898596 721.704283
864.246672 971.973685
909.533124 725.067932
869.013555 1013.824913
891.202051 732.060069
911.104582 1004.683680
897.992264 754.995403
896.161345 985.366992
903.113311 761.054176
916.601730 758.487345
878.311654 1027.906532
868.259042 757.112477
917.169618 1020.670981
888.474992 1028.366601
895.658274 781.055972
899.091554 1047.063067
891.370821 729.015702
934.227897 1025.428285
897.563595 739.037385
910.818396 1003.230246
918.091059 733.284155
941.534054 1034.834039
920.337934 722.463999
900.380418 749.665253
890.131339 1026.707896
928.202804 775.127228
945.007625 1028.451859
913.693091 754.873856
900.350869 1062.991897
915.450346 728.707762
917.011536 997.758325
955.315581 745.305637
919.910896 1011.253426
924.313083 752.225256
912.729222 1032.778628
916.128550 770.724528
914.566876 1008.487065
917.354261 790.403308
962.123344 997.704612
924.224874 786.641955
934.762046 758.011397
952.689008 1025.298486
959.274919 763.921748
940.612504 1025.303431
985.015782 1067.880683
928.587257 766.364735
955.634499 1036.315102
980.481660 780.307502
973.337330 981.241870
973.393815 746.217212
944.825579 1052.683839
942.461287 789.271123
1007.225936 1049.259357
972.781046 770.157005
976.877696 1006.516707
985.568151 795.340762
965.603209 1056.023663
974.351234 783.286480
985.286522 1007.854474
977.520289 765.724014
944.232742 1050.243137
992.477491 757.044025
991.702587 999.012837
997.742584 778.602122
996.955560 1018.755176
972.470051 769.076004
1000.197045 1009.550719
979.576206 805.841476
1024.982265 828.973783
1021.702176 1031.083166
1006.042254 813.256661
994.579695 1035.411148
1012.442219 845.488422
996.093291 1006.371871
1034.433300 843.427164
1009.487273 993.282817
1008.360493 798.803513
1032.919786 1037.806723
993.674992 853.402372
1009.516903 1025.313306
1031.843544 832.087359
1012.729018 1003.746092
1007.374233 819.415622
1021.588088 845.319996
1010.112184 1026.427331
1037.650039 819.044076
998.786725 1043.370084
1046.612236 840.762062
1021.025904 1035.581373
1047.985619 821.842565
1015.808243 1045.654834
1049.251215 1052.393381
1044.708295 1090.182117
1030.494052 848.649867
1051.193148 858.967035
1064.170301 1022.383848
1074.713051 874.095442
1035.868131 1062.136803
1054.146901 851.073560
1075.888084 1035.245217
1040.443846 831.940197
1031.809456 1053.894873
1099.192349 855.252246
1051.432777 1051.534719
1061.719726 864.443571
1059.035934 852.003707
1083.189110 884.531274
1068.325926 1082.682996
1073.986072 876.769964
1065.373048 1047.092133
1051.615885 888.645774
1100.935860 1041.442583
1031.939388 866.137423
1087.434567 1068.285686
1080.062393 863.998338
1059.763393 1086.884618
1077.514129 884.140588
1060.158528 1070.222641
1084.082455 837.088850
1063.820435 1093.572116
1086.614762 892.034981
1076.083414 914.717187
1099.068161 1042.721381
1107.809019 859.295541
1050.033732 1082.190648
1090.202241 885.985684
1111.372850 876.893951
1111.969976 1076.704582
1066.512593 913.511736
1092.726903 1101.825013
1062.699874 902.111769
1099.112941 1061.086471
1078.058962 911.313654
1065.116622 1088.840340
1100.089232 922.274961
1109.944953 899.368481
1117.407222 1064.424623
1072.526904 922.796757
1106.913513 1080.718837
1127.027353 882.644972
1104.906381 1093.377371
1101.044057 925.432943
1113.741366 1054.456393
1117.155291 909.684097
1133.313174 903.487436
1113.248747 1034.593412
1107.808417 914.912098
1119.217724 1054.124567
1129.045748 937.677667
1119.946970 1028.077389
1140.332683 921.244213
1143.122416 1027.806872
1133.997391 933.311424
1181.885034 1078.913760
1145.215365 928.112271
1152.925934 1062.489170
1160.062084 953.147808
1176.901948 1100.153474
1156.284709 925.194374
1137.014764 1056.673064
1176.723627 961.382252
1134.955296 939.869466
1176.046190 1055.987646
1128.272610 941.850028
1173.891887 1035.823237
1168.511586 920.658093
1171.717358 985.046860
1164.308474 942.539585
1158.522718 1051.451563
1148.069598 969.479661
1149.904100 1024.966545
1170.340132 961.624892
1206.581065 990.710424
1208.093303 996.152558
1207.946981 915.386925
1205.351454 967.007417
1196.181612 1026.812340
1162.455763 934.361825
1170.706616 925.813599
1183.959330 1015.793353
1189.257800 992.196925
1198.412586 1000.090262
1210.171923 1005.695043
1207.469376 1005.077746
1231.064868 965.577219
1206.079089 972.331380
1180.019867 992.309570
1182.959422 988.182341
