73.243730 141.478262
72.628880 144.960322
69.854053 144.810146
72.140359 145.635498
68.702475 151.422021
73.363278 151.610971
74.177932 155.189316
71.441449 155.909238
74.418821 158.131488
69.533318 158.955051
69.185155 159.574181
70.543264 163.729718
68.680671 140.412266
71.106705 163.855575
74.393836 136.697430
79.116528 137.914613
74.513102 162.001614
74.047052 107.426337
75.771811 110.485601
74.601253 109.572337
77.824995 111.507890
74.490274 112.354480
71.227998 112.403635
76.518692 116.080052
79.500618 121.127750
73.012736 121.974263
74.415436 129.037919
73.723847 134.618128
78.043908 124.263457
77.100566 162.862396
79.600446 102.757278
81.101825 131.699305
75.361102 125.483921
72.806765 162.535041
79.265992 101.066580
81.139889 105.242928
83.269689 124.159327
81.050403 127.718224
77.284248 65.182574
79.428186 68.070472
81.716486 70.015712
85.053412 72.215929
81.455888 74.783891
81.000527 74.685402
80.859018 76.774174
78.466470 85.855328
81.007680 88.753471
79.204265 90.242267
81.466510 91.419880
83.642557 92.076002
85.615588 97.143129
82.166397 98.787515
76.103440 162.068534
80.589724 64.273130
84.254278 77.923103
82.424153 84.760450
83.634306 161.035050
86.165371 64.693398
81.538714 64.373287
84.225712 79.682982
84.026721 81.036677
85.814203 83.443484
86.839850 162.917846
84.970100 60.806965
85.307207 167.300100
87.861717 58.731912
86.247572 162.227499
90.138726 57.405838
96.793919 162.196597
94.721549 57.877736
98.778613 162.886410
95.489442 59.002784
96.927633 57.568013
90.392651 164.341384
101.978020 56.789734
93.662362 160.687223
92.653531 59.167912
102.043118 162.080764
99.711530 55.939998
99.603500 164.053806
105.215840 54.865471
101.155087 162.921957
104.564815 54.937265
103.232279 163.067827
106.718618 55.754891
108.108424 162.966998
110.445255 56.715924
108.550324 163.620324
108.473473 55.953657
112.125282 161.276289
114.404366 55.310081
109.988580 165.357331
116.496978 53.456524
112.271408 162.798604
110.049913 169.759266
115.045766 55.372954
116.171840 165.596800
118.855434 56.329395
119.513901 169.658004
119.266805 57.253135
125.025419 172.182024
123.482032 55.292392
121.245106 168.419251
124.662235 55.440230
127.144428 168.510975
126.896229 56.471589
127.851810 169.686090
129.797169 54.605941
135.333711 167.559526
130.537452 57.234927
129.985001 165.532397
132.765525 54.408849
126.099604 168.630662
135.025152 53.480657
138.183233 56.158996
136.609450 168.376822
138.740654 169.932526
138.256401 175.919577
134.104119 176.138891
132.710626 176.647102
140.266418 51.651747
137.030636 178.206384
139.435962 51.223043
140.054342 176.880206
141.152536 52.465768
138.751289 334.758928
135.258915 337.473726
143.948522 340.990675
142.140549 341.469817
138.869554 342.886764
136.200720 344.698956
141.883892 348.204304
141.530074 175.972754
144.462729 48.334808
144.316862 337.827824
138.439907 346.577857
145.642695 177.219261
140.577175 47.792508
146.149206 46.463950
144.080439 333.750965
143.488685 349.577874
144.477305 178.346624
150.011767 44.993093
146.233435 335.620659
147.041877 346.651294
149.434797 175.623950
151.724685 50.122881
147.763347 335.942745
146.779707 346.631544
147.494092 179.157605
149.278609 181.486557
157.542889 45.407345
147.790951 337.621493
154.510730 345.646911
152.251001 181.356978
151.515330 46.818418
150.681668 339.336383
151.038426 348.649587
150.077983 47.937171
153.562242 182.486641
150.059339 50.327397
151.162821 326.822412
158.803295 333.534540
153.204629 348.968329
153.826703 182.682575
157.715087 51.591878
163.849765 332.121584
155.579496 346.998807
157.829862 50.407867
156.720431 186.972375
156.624033 53.874531
155.621659 331.674480
158.798184 349.938645
163.156741 187.046377
157.234710 184.471497
162.008538 54.215895
156.469484 332.009167
160.827126 350.027330
165.251581 188.218925
163.772130 58.533290
161.014760 331.860337
163.460888 347.715088
160.136738 59.251629
166.999258 188.543731
165.141927 61.304283
167.711454 191.353169
168.376219 329.666577
165.108555 328.073064
164.173555 348.026625
161.969983 196.212906
171.041721 322.117095
159.234818 322.325364
168.593064 58.536057
175.871001 344.711795
165.757680 193.740994
166.087946 324.175837
169.501653 62.759843
168.432618 348.995014
170.590467 348.365582
165.541079 195.872903
168.671042 315.674348
168.158357 318.209152
173.667404 57.568711
173.704699 314.367499
174.036987 311.726931
174.185496 343.658626
176.513123 193.345650
170.301593 60.760314
166.773578 311.264342
171.190507 342.367961
169.532836 192.920655
173.398332 60.922508
179.807217 197.160736
174.787186 308.531238
177.217219 310.448675
174.643510 336.137349
175.841159 198.283654
176.217790 59.198715
176.861597 304.399656
174.834436 337.734746
179.110462 199.902918
180.401587 58.114968
182.552374 303.987022
174.108575 335.042049
179.675201 336.664986
172.505614 198.919651
179.564170 64.781940
181.236285 290.464437
180.418726 291.195100
180.476167 294.726735
185.298277 296.977902
179.519060 297.227090
178.160867 298.609013
180.338079 335.000263
178.173389 199.533947
179.390718 60.616293
185.052413 288.889923
181.232701 332.568990
183.253844 62.819072
183.254797 199.816015
185.319677 63.432890
181.840485 202.982317
183.236728 288.324009
186.430913 287.166577
184.073812 326.619720
185.832393 201.803403
188.150207 280.676790
184.732532 286.866496
185.467737 65.144703
190.176153 328.473343
190.741377 202.715805
187.512773 278.867155
187.309377 65.429947
190.222316 326.224829
193.623173 327.104620
191.610119 203.736620
194.902714 207.105995
193.800814 275.385060
187.299827 280.314959
190.251055 65.145635
193.589207 207.164213
186.653281 211.198795
185.497219 212.010076
189.696134 215.971720
190.050550 214.465288
193.904667 269.686774
189.521334 270.548703
189.819787 322.811668
186.035386 219.830070
190.686667 66.381242
184.962045 269.903083
193.661548 323.105404
199.924887 215.781443
196.757475 66.038088
189.972919 220.552720
199.615128 266.319490
197.893497 266.435074
199.032890 322.064432
196.120445 223.612358
196.534165 249.033317
193.676470 254.205373
192.078400 253.235013
194.769041 255.207981
196.518638 258.198157
193.780008 261.715865
200.154697 263.026417
196.978686 66.589776
196.152300 315.920883
198.322815 221.576884
192.322407 249.302568
201.150074 314.280065
196.427442 312.707428
196.619954 69.082440
202.842918 70.917592
194.828925 223.428805
202.438590 227.486252
203.378435 246.877935
201.733341 250.970904
197.914764 310.149282
202.455004 72.971549
198.328921 231.204434
199.614748 233.270471
200.504974 231.029980
204.369461 231.948071
205.216915 238.015631
198.188186 239.200969
204.617457 240.827620
198.556986 243.901136
201.097395 307.819915
201.861332 70.661767
205.184866 304.793253
204.674417 306.681668
204.365330 69.684052
208.467289 304.636670
204.483770 69.641197
211.212613 296.929462
209.444314 298.044893
200.540226 302.238390
210.630694 306.971227
204.715500 73.371944
208.572729 292.620931
208.603807 73.952471
211.758013 293.736851
210.277310 70.098740
213.456031 291.298093
213.808176 291.626582
214.287520 70.621321
214.428365 287.434623
214.619314 74.327087
217.005119 285.985558
224.102366 71.626049
224.774877 284.831098
217.228454 71.953513
222.811181 282.133096
225.850347 70.277616
225.164145 273.953907
224.231666 280.826557
228.426116 68.258837
224.720152 277.230433
220.561317 71.611079
227.966198 273.197001
231.268230 72.002496
226.772053 269.626298
229.909574 272.743987
231.757665 72.070967
233.146490 269.036036
232.122121 69.692549
228.416583 265.859707
230.596337 72.681254
234.937373 264.421891
234.950426 71.347191
234.603160 265.365943
240.879398 69.611500
244.694477 262.651314
239.311679 260.936100
239.997449 73.487348
242.395749 259.609687
248.091018 70.435967
244.257047 252.232281
242.509339 254.457530
245.664673 255.641468
245.386386 256.139715
249.160349 72.044711
243.375193 250.494498
246.045666 72.214733
249.016300 247.710413
250.332311 239.821220
253.350094 242.634634
248.530250 72.750004
251.029436 74.711004
247.033315 241.368825
248.415624 75.359577
251.704903 239.314926
254.851118 78.137928
259.376018 236.025019
257.367478 237.207302
253.057085 74.617024
254.707967 233.285437
258.587716 75.185032
261.882071 228.544365
257.353993 73.572009
264.427733 230.203381
264.986908 77.904473
263.449201 229.204579
261.654127 75.181489
271.492321 228.822791
260.205802 76.500422
265.114087 226.884779
268.703390 77.389675
260.878922 226.805353
264.891162 74.823401
265.173803 79.637722
268.268142 229.226868
273.135576 79.073661
276.972130 228.788749
266.013936 80.567396
274.274894 227.769026
274.904943 80.183357
279.923070 233.139422
278.516318 231.599053
272.074751 234.817608
275.830448 237.122060
281.004969 79.429999
275.955928 236.810149
281.023398 78.933564
280.613689 238.205146
272.522192 240.511959
281.203280 82.172064
279.999839 241.036370
283.769690 245.064823
275.008870 246.591180
273.924961 337.158269
280.866556 337.417399
281.011443 250.713549
283.637756 80.588206
286.004637 338.203031
281.684622 337.735768
285.832707 82.837744
284.428571 248.909526
289.424883 84.040418
283.173829 251.128589
285.598965 331.665112
284.922352 332.857482
286.708360 342.407208
282.578351 343.653445
283.272941 254.096236
284.235353 253.829610
284.814745 255.699425
282.061911 84.002413
284.146492 258.413036
290.287278 329.087827
282.740293 342.098178
283.211211 88.340016
284.786433 259.085933
292.741600 330.375932
282.023699 342.691366
289.262344 260.510738
293.184222 87.910875
294.046315 265.769304
291.350992 268.159886
294.019938 268.523082
293.445551 329.926894
292.102246 342.151872
289.587376 264.658253
296.493006 85.190180
295.226474 330.887184
291.719450 344.256618
291.648622 267.779554
296.163595 84.767437
291.424332 272.692100
293.910018 326.786982
293.474416 327.726164
299.951517 343.944960
292.204644 271.852607
300.696748 273.293458
295.973489 275.565962
288.450093 277.484075
297.314779 283.427551
297.342334 283.753951
300.355429 285.112029
294.946818 285.388860
301.054491 85.918134
296.053997 289.176265
296.480772 322.694651
295.129657 342.203487
300.601565 84.724940
297.518515 287.309396
298.494683 324.074399
301.081624 342.348913
298.773080 292.268218
299.702800 87.592858
306.750868 296.285809
299.386491 295.155272
300.731456 296.647708
301.937186 299.034355
298.607420 300.243818
298.574872 301.682799
299.748004 303.289786
304.276471 309.136067
302.273758 310.962583
297.705833 310.141715
304.828789 312.612855
303.978185 311.846064
300.731291 314.003165
301.741742 319.489167
298.466426 321.780411
300.327384 343.493630
303.417837 86.271416
300.381639 344.281493
305.160173 85.102707
303.102332 340.317659
308.750943 87.201235
303.609247 344.236296
303.024266 82.727669
306.752520 340.049680
308.417857 340.265328
312.166592 86.423732
308.366349 338.484026
314.351139 86.855467
313.704290 332.005766
312.145765 331.354954
315.817225 332.413874
313.510657 338.956800
313.195390 84.053427
314.490012 329.553491
316.093478 84.646457
316.989861 326.932089
320.848830 232.935466
323.020087 230.466756
317.838151 239.529708
314.919656 236.978711
316.076572 241.022252
312.814952 242.311157
317.925607 244.154691
316.196199 247.642470
315.411801 246.832647
315.873730 250.820634
319.502168 255.789866
317.595377 253.884592
312.751355 257.216894
317.654918 256.964041
317.536414 260.750823
316.790382 262.507712
315.870778 261.041188
319.750969 265.885559
317.788606 266.232567
315.015442 271.025767
317.445407 271.561193
313.849734 273.503196
316.242118 275.224102
317.142606 279.327813
315.673502 279.743908
322.862726 283.451138
321.837092 84.510165
319.324651 284.256489
318.107475 322.240184
315.566000 326.264874
317.339838 229.612551
317.508320 85.799480
321.454768 284.296374
325.389631 324.792470
319.339154 228.364225
321.284901 89.059710
323.730931 285.992846
324.056193 289.560292
321.960649 287.703896
323.780386 290.931971
320.051236 297.933782
321.950271 297.992539
324.081665 297.435811
323.316445 302.754702
321.180814 301.394551
319.108190 301.926620
319.597389 305.208690
324.929972 310.328760
326.109813 309.098311
317.913564 310.779669
324.733051 314.953351
320.210006 314.794198
318.545004 321.538406
320.618932 317.466904
321.656802 323.971228
322.876253 226.743181
330.570895 89.235998
322.128251 225.382296
324.992712 87.664185
323.713792 230.257848
326.999568 84.088680
326.244452 227.236497
325.079453 86.541645
331.698689 224.873175
330.009345 83.587685
335.232329 224.929419
333.185976 86.237321
334.162928 227.833168
329.090254 86.003117
336.113542 227.089787
337.979651 86.804874
335.231318 225.894801
341.905664 83.444153
332.771296 227.358440
344.251572 87.158430
340.405038 227.158461
341.312274 84.655366
342.718931 227.960256
342.956407 87.136438
344.310871 228.660019
354.399062 81.956315
346.311548 228.251745
354.897687 89.112187
352.305316 226.298367
354.834379 86.741762
353.676912 225.841725
355.057451 85.796504
354.557805 228.759394
361.579335 86.214751
357.932007 227.281420
362.990606 86.344135
358.585640 228.085168
359.091569 84.780726
354.941225 227.819872
362.427592 86.129427
365.717598 227.579989
364.531387 88.946320
366.301096 227.678398
368.518585 85.605753
368.683756 228.793326
369.079294 86.058637
373.333756 223.555044
370.068480 84.621943
370.627797 222.930708
371.170658 87.083699
377.832489 227.470906
372.855705 86.023669
373.454093 218.851564
373.536149 84.222814
375.798574 224.787716
378.553249 84.973888
378.260927 224.874653
381.470212 84.276453
389.225725 224.078386
386.623390 85.340107
388.907273 222.314363
389.964526 85.574270
388.691365 223.843882
384.279096 88.259474
391.946644 223.071028
390.289019 84.148770
391.437773 223.238074
396.466925 84.887901
392.443824 222.494559
391.933419 85.954176
391.904568 221.442121
391.641946 86.551181
398.688441 221.282423
393.029259 84.417200
394.781391 220.420464
399.017365 86.618958
403.264968 221.518523
402.611388 84.452658
403.290744 224.213208
407.306415 86.657014
404.515426 221.809448
406.340910 84.832664
409.871481 223.472812
409.931212 84.904426
404.444199 223.772390
406.816632 84.002223
408.428135 221.889463
409.849068 81.510622
413.818791 223.010216
412.906267 80.877537
414.064602 226.024152
418.628324 80.348988
416.809260 223.357487
415.596025 80.302370
418.812438 222.114186
424.953701 79.725074
418.825902 226.114372
420.122318 228.629605
423.484766 79.777221
421.465675 224.751773
422.076883 79.612584
424.372108 232.884488
426.481774 79.104177
419.111310 232.336491
429.402015 234.821381
424.785458 237.847905
426.725706 238.126521
426.933807 84.492423
426.252849 236.751932
427.149757 78.558113
427.070192 238.065200
432.951304 240.384265
430.850513 81.312676
430.660993 241.361436
437.224311 79.601848
423.629433 244.022061
436.269661 84.141240
430.485903 244.940191
439.473416 247.197987
438.944401 247.449336
436.754886 251.452714
434.792696 252.733236
434.218132 345.366736
432.691073 350.146483
432.977310 352.902902
434.116820 353.193792
439.770487 80.290884
437.919587 254.662572
438.573608 342.737233
444.297126 352.174182
443.723842 81.706701
435.985503 84.949464
442.928211 258.338432
440.012687 255.574297
438.065200 340.913998
444.058347 342.920564
439.693218 351.601343
443.579433 83.485234
438.383319 258.200278
443.942703 340.400608
439.729821 352.170376
444.370940 83.283575
439.518941 259.078979
443.097105 340.957292
442.422531 352.232035
442.131239 83.237170
437.086738 258.900076
443.617590 265.576921
445.646351 334.401045
444.498986 352.456960
441.461399 84.006852
448.559126 265.545864
447.630744 335.118966
447.461948 353.420865
446.873083 85.729788
451.092000 261.038065
451.776828 265.807754
453.915073 338.553445
442.578206 352.219831
452.860965 86.177467
449.478698 266.975543
450.955121 271.084589
445.400555 271.014983
449.891859 337.356784
451.778144 352.603852
455.947377 84.540616
454.615568 276.259250
451.328597 332.758914
454.714349 351.202460
452.687296 85.237981
455.140742 274.758432
456.717583 276.747798
454.210438 280.112305
456.289986 278.645779
454.545055 282.402947
460.172971 332.012314
456.065447 352.406555
456.564357 88.506959
454.915591 282.937884
458.275761 330.355642
458.566557 350.043872
457.821948 84.762865
459.660347 284.768045
458.035402 287.491620
458.599883 324.128920
463.709215 328.930401
462.016993 352.892316
457.667340 85.259804
464.370615 320.341770
461.293205 324.860919
461.834475 284.295792
464.678302 352.815192
460.278492 84.159093
462.781901 320.798916
469.905051 289.374425
469.005438 351.009945
468.593776 86.842691
470.638989 291.481054
461.949512 320.409805
468.673958 321.174673
469.599607 291.376841
464.328198 297.276129
463.662579 299.030611
468.559234 299.140263
461.917467 303.353782
464.253560 302.469531
465.670374 307.100357
460.663685 306.530553
468.822540 309.486498
467.809541 311.236090
460.286126 313.783448
466.559120 352.261042
468.907707 86.256236
468.531835 352.285131
470.498506 85.616194
468.667361 345.498025
470.838646 85.270630
466.051789 348.442859
472.870383 87.752009
474.379433 340.150793
468.870838 342.151346
480.595867 88.354508
475.437021 90.792586
474.255849 339.287685
476.626562 87.681816
478.086518 339.331389
480.278612 331.142989
475.982335 333.779444
483.203308 91.203430
485.380901 328.977602
479.972966 91.991625
482.246712 325.247749
482.588182 90.230804
484.768630 321.772031
486.058982 324.194993
481.374702 88.668005
487.228302 319.153555
484.857930 90.158330
485.066226 318.095841
486.723767 91.505447
487.417093 311.007799
489.066907 315.443692
491.360647 90.708561
492.066374 315.315409
491.761697 88.650431
494.984433 240.266220
498.006575 243.439504
492.571506 245.290224
495.040256 251.357527
496.772276 250.320140
492.515382 251.095421
492.240835 255.180086
490.866891 258.809007
498.558316 258.280607
495.692705 259.028255
493.295584 260.165914
494.959666 263.318326
492.675747 265.715867
498.466396 268.691319
494.230334 270.220198
491.416301 275.637983
491.884728 275.003521
493.317192 275.147801
497.968753 298.046203
492.759218 300.826131
489.425515 300.242462
496.573978 301.806006
492.564907 302.974481
499.637354 304.696792
489.432548 313.062637
492.129517 310.468265
492.890990 312.434591
497.135588 93.428816
500.698982 280.148824
498.916763 96.614655
494.649713 237.154921
492.130137 280.480308
495.773160 291.280037
498.034728 94.455046
493.442987 238.082262
499.850538 282.466359
498.898837 292.923268
499.602664 98.311583
492.887480 281.225548
495.498710 283.804533
499.848018 285.181528
500.940504 289.695465
497.824269 294.123749
496.148782 100.637487
500.852314 235.309165
494.007901 235.901038
502.382115 100.910465
498.770285 234.318283
498.826570 98.223054
502.559894 232.111126
505.574111 99.363581
506.224864 234.742125
511.548866 102.629613
501.343928 231.279578
510.347741 99.220223
511.655213 233.376568
508.996056 233.359405
513.235920 101.715786
509.407305 239.629716
513.227489 100.324293
516.805159 242.963421
515.833138 104.578798
511.058724 105.001671
517.996031 237.249903
512.651748 107.876743
517.771843 236.627200
518.792709 107.286822
518.504993 238.287706
515.333123 244.902609
524.614914 106.331900
518.714821 242.561087
520.054049 246.145968
524.900663 249.210794
526.649160 249.573978
521.488927 107.601125
522.941811 108.163745
522.324731 247.160992
522.872409 109.567697
522.128040 252.856914
526.889039 251.963493
531.830725 111.713493
531.827293 252.095476
528.387427 110.594764
528.794850 256.363170
530.989488 259.142416
532.953326 109.061609
535.454944 258.503989
532.918510 109.837771
541.131614 110.463193
534.889354 259.966567
532.713946 115.049693
537.739686 259.492086
534.462781 113.899878
536.708473 115.479153
538.690496 259.206629
536.222539 119.748803
537.758309 257.681191
537.533852 261.925371
536.215791 120.968110
541.350243 261.969335
546.919508 122.236474
547.443670 119.494383
544.678982 263.790389
552.087616 124.488221
545.878616 265.832773
548.233010 268.476421
549.727430 125.144737
547.394505 125.543381
545.893165 132.591720
541.598896 131.116503
548.612307 268.673189
549.239863 137.037702
553.603508 134.469855
550.065315 267.702985
556.174227 271.838188
547.643940 335.275388
552.508564 338.971950
552.586180 339.477998
548.546185 340.253150
548.191488 341.888287
552.080405 346.531216
547.659333 349.626895
549.909920 134.252209
550.785647 272.573680
554.990389 139.355668
545.258402 334.082526
553.133944 348.528615
550.339881 140.198133
552.990887 273.100682
552.337112 276.086446
555.798505 333.400258
552.568730 333.548841
550.565766 349.089992
554.449823 141.363781
556.045260 277.193535
556.347654 277.520426
557.252709 278.982315
561.051253 281.849598
558.389937 329.130546
555.330814 346.958361
559.457053 142.630384
557.873109 142.871551
555.107628 282.391734
563.846502 330.400216
562.910196 345.331966
556.273722 144.455019
560.408975 283.038450
561.570011 288.260635
557.045828 288.914329
563.449767 293.759104
556.482122 293.692173
563.220248 293.745682
559.505614 297.179463
561.775031 332.877544
559.095550 349.771448
560.620620 144.075144
562.431821 146.143547
559.401570 150.423147
561.122624 153.296246
564.306382 300.483880
569.401261 330.135250
560.309135 347.584465
565.284593 152.958196
564.732302 153.647581
566.223956 299.813650
569.059396 301.542903
569.982287 325.088783
566.099357 328.927772
564.689698 347.323921
569.682222 306.442492
567.647925 307.011496
566.591312 309.148936
568.017405 310.369863
570.549105 308.882735
570.840813 313.958792
561.829576 314.376619
562.768394 317.729891
567.060630 317.311142
569.035356 322.451351
564.744876 323.596348
567.693363 155.260324
568.114292 351.077857
565.629330 156.323623
569.433645 157.777886
575.968924 161.853262
567.142655 162.208155
565.159132 345.622028
567.851179 345.671814
573.831374 166.597116
570.196860 342.668449
575.171699 167.510574
566.266310 165.232892
572.056748 168.886488
575.105358 171.357693
573.464286 339.915647
579.195544 170.721218
576.542046 175.741047
579.246661 338.105481
574.938333 175.633522
576.824131 338.697120
576.757223 176.566792
577.560482 269.587828
574.780814 267.278780
588.848228 270.941509
577.830225 273.696536
577.839776 274.060008
578.011308 274.137289
576.896099 279.662163
575.298165 281.656213
572.729027 331.110761
575.513393 331.777014
582.120707 179.554040
576.939026 284.633587
585.977541 263.475710
577.284459 285.409320
573.887820 326.950673
578.469918 179.849289
578.704267 263.206583
579.462433 285.788474
583.817991 327.849600
585.094560 180.604058
583.989151 181.658161
583.764022 185.702567
584.620882 185.522015
587.336147 286.550937
582.800957 286.915256
584.068492 289.060582
581.785851 291.202348
584.931218 294.525107
581.322410 296.348039
585.109568 297.955412
581.671466 302.755375
581.535779 302.947068
581.356530 303.564418
585.394347 305.607428
585.942649 308.945096
582.385834 310.445401
584.941712 312.558046
581.529832 315.925230
581.838928 316.767970
581.543032 317.976516
582.220604 321.327291
584.311448 322.443602
587.982679 323.454050
584.011769 188.172156
584.550153 261.663065
585.932777 267.348337
587.787748 187.795270
584.983155 267.337636
591.034856 191.394495
584.305382 193.486908
593.313242 193.045139
586.987065 196.584983
591.407482 269.656734
590.105311 198.580911
593.234703 266.987607
588.471287 197.983675
591.554869 267.613591
587.498363 201.927511
595.996972 204.242733
599.733108 268.315111
594.132210 202.708100
598.494217 269.021295
594.929168 273.828316
598.634818 203.870156
601.995776 207.227664
598.017029 270.853998
596.322192 209.661455
597.283612 273.187348
599.425438 208.022423
599.932963 271.210785
601.978421 209.278013
606.999421 212.568993
601.963706 273.395459
605.317991 215.203684
608.449492 272.867696
606.504109 213.958261
604.930734 216.404069
604.000744 219.506805
607.296954 225.369125
609.897558 275.073234
612.351525 222.190159
610.606854 221.517160
607.279637 273.107898
612.843044 278.065709
613.016741 223.083456
613.570753 278.212033
611.152306 227.639813
614.104004 226.134564
610.633552 271.396690
622.893568 229.104872
616.968029 277.715868
617.596388 229.259157
619.924938 280.207982
621.899669 230.411522
614.120037 278.423936
617.776475 233.042221
622.640289 278.930689
620.616102 230.780236
627.107821 232.725210
625.201910 276.916027
627.837210 237.136663
623.736729 278.823716
622.264557 235.657172
628.705045 277.984605
626.107500 236.861746
629.648757 238.741675
631.652210 279.699885
627.216018 239.311745
626.595422 281.156964
632.912624 241.153046
632.733567 244.575566
633.083310 278.096226
630.759078 243.235885
634.822840 277.549390
637.476684 246.089770
633.669055 275.355440
640.070102 248.720310
641.492050 279.559715
639.396386 244.479778
643.327063 278.294570
641.812651 244.779733
634.932145 279.383535
652.631325 248.065217
640.385604 276.984595
649.765322 242.855471
646.829574 278.801186
647.618331 249.872438
649.993994 246.265517
650.739092 276.923270
655.148393 247.932933
644.957218 280.005392
651.671354 253.140949
652.388432 254.072549
653.510478 275.405433
655.519382 277.906369
659.979691 255.350888
658.110649 274.748286
651.917196 254.827438
654.403079 273.830855
661.293948 255.828508
664.912715 272.608534
659.137728 255.639648
660.962230 273.269203
661.091205 257.837163
664.137850 257.852723
668.579978 269.938928
658.544055 270.887262
663.283079 259.664609
667.843681 267.392942
669.756217 262.525975
670.223036 262.338999
663.750641 264.161919
663.607608 267.648562
