16.259542 307.651929
19.893517 301.035842
15.267272 300.229971
20.978318 293.469044
26.963512 295.682444
18.896266 290.020284
27.404615 301.369594
21.248145 302.786504
22.633768 309.043860
32.897198 288.170844
31.664706 285.929777
26.862441 283.621617
31.592830 310.455294
32.129253 312.268301
33.213929 311.665616
41.433216 286.086558
40.673482 295.634952
45.585463 294.085227
42.967407 310.133468
37.859715 312.098890
45.603576 314.218854
53.231031 281.984694
58.087707 286.035698
54.553061 286.356463
49.052895 315.227719
55.002510 316.788599
50.355960 310.763913
57.763323 282.093446
62.959625 281.801399
67.183224 283.277927
64.981856 315.114610
59.553837 319.075902
61.567603 314.683290
72.293975 282.870006
68.991290 287.439725
69.829836 284.176672
71.839930 318.800814
74.142740 319.842637
74.658527 316.285996
80.493589 280.916119
82.583275 282.291390
83.010707 281.173648
77.161373 314.590548
79.081715 315.157182
79.810197 320.096266
89.483258 272.645302
89.531388 278.313361
88.563109 275.660969
88.331858 321.850581
87.475359 316.208798
95.438590 319.911863
104.289299 278.110631
108.894221 276.582070
105.011629 274.815734
105.351793 317.514933
102.850550 315.029511
102.912915 320.438145
117.143399 275.505100
109.003475 284.572107
114.298953 278.397848
111.830914 321.216952
113.531737 319.762348
112.121286 319.662278
122.306352 274.214642
119.624074 270.012955
120.891639 270.004113
125.483682 321.362916
123.651311 317.721663
121.983467 319.997701
126.317521 327.386344
131.114290 320.906806
134.173012 329.113657
125.901497 266.318452
130.766877 264.573474
127.539341 266.910336
141.610956 335.079655
140.947703 322.596664
136.983798 328.518639
143.029296 262.852524
141.798424 265.017248
144.348259 258.387559
154.424234 335.066183
149.180332 341.048665
149.096982 335.194295
147.322444 264.118862
154.028797 263.973072
150.998937 256.115232
155.599987 341.227988
159.965056 333.736486
151.894972 337.955954
159.099235 258.457066
155.856980 253.341750
161.859854 253.634488
169.154597 345.061665
163.828687 344.661680
164.200521 346.032504
177.846154 248.144152
174.221360 254.977609
170.950530 241.815620
176.552716 349.967324
175.600150 352.279795
177.270190 345.888888
185.765838 244.219199
183.986346 242.565821
181.204675 250.414603
187.556112 349.746518
191.776080 350.541372
190.742997 354.219282
191.829760 241.778326
189.922599 247.735997
185.216545 246.998975
197.489977 354.603201
200.302218 360.098155
195.804129 356.400838
200.627780 243.584391
204.221427 243.131182
198.100355 236.423869
202.363257 356.939679
202.544095 356.776444
202.008563 353.770080
208.123678 243.071300
210.782354 232.189476
205.084951 235.452710
214.921881 359.964364
220.342374 364.529111
213.169359 362.291423
221.945346 235.668795
220.653871 235.923383
224.842616 238.917375
228.929125 365.894890
222.058558 359.401558
225.105386 359.048226
228.725306 238.227416
232.394829 235.627389
231.039185 239.549377
235.558172 367.183502
234.248528 364.401765
233.607328 364.030841
235.252346 231.364499
242.039366 232.847426
241.315923 233.086004
243.419988 358.442152
240.963890 364.511817
241.878997 370.116182
253.667487 226.940455
251.276460 231.871388
252.663599 224.376212
249.110596 366.936102
249.431379 363.126104
254.358224 362.911750
259.768850 235.142869
263.313261 223.472087
258.643103 231.121242
262.645951 371.441674
263.945822 370.136507
261.722801 375.914473
269.559731 229.810146
269.963634 228.444396
271.624342 232.744554
270.971714 371.086387
271.565464 368.103688
267.273626 371.187992
279.769569 220.998674
276.887791 215.347775
279.023160 222.643469
281.324676 380.818626
282.362091 371.282585
282.872838 378.749631
289.677739 213.649677
281.837320 218.384676
278.240167 213.927610
293.996440 385.495749
286.835914 377.663446
294.496005 377.568093
288.112844 209.529262
286.987477 198.685091
292.005242 208.758197
301.037763 390.614595
302.090239 391.729398
293.139590 387.632660
302.468299 202.576573
294.567952 198.334211
297.519342 192.123124
299.160440 400.271369
306.031535 396.263771
306.221384 397.706876
305.779920 187.023026
305.497623 184.698781
305.418671 182.120858
314.964872 404.567427
309.099922 404.069076
308.694879 406.929768
311.021367 184.868002
312.566750 177.129344
315.170453 176.783150
313.898386 418.330156
320.734353 416.199150
316.864882 415.327268
325.079378 167.280910
322.719598 172.158121
320.383263 163.170314
324.523481 420.792209
326.983588 416.568501
324.276520 416.474571
320.592149 157.599535
329.296036 157.046658
325.521320 158.011385
329.343355 432.371597
323.106671 426.998687
326.364107 433.381795
332.871864 146.004416
336.385259 150.218269
327.537841 147.620909
337.567291 440.701862
331.588590 433.460788
331.276974 440.258437
344.918111 134.858620
342.676333 133.569240
342.493287 139.190916
346.193120 447.710036
341.137954 442.749882
344.493296 446.623882
350.041259 131.550992
351.304156 128.194552
352.652971 126.133696
350.280829 451.237171
349.687397 454.666263
352.630971 449.858499
351.151256 119.344583
356.213530 119.256923
357.231752 116.120837
350.790762 460.360522
352.994801 456.654005
348.928098 465.107756
356.361921 473.626841
355.152797 472.074718
362.563871 469.792911
366.767379 111.599976
360.380518 120.835930
367.044827 108.238678
371.810535 104.708085
371.419148 102.512751
371.666115 107.847930
370.079048 476.300456
371.518218 476.300407
368.598882 474.201767
374.968261 485.247330
377.463984 487.538780
368.626087 490.860338
378.765072 99.817742
375.665890 95.079205
378.613546 101.922053
386.667440 497.496920
381.154195 496.893378
381.015192 494.172710
378.229871 91.961240
385.080157 85.291330
387.256297 89.150999
388.938992 76.823353
388.197918 74.894800
384.673148 77.488934
389.741718 501.244410
389.573352 501.983868
389.376237 508.348857
399.696768 65.258028
398.845744 73.109488
390.627145 70.013994
397.191842 509.155498
397.696171 510.256599
396.326790 507.790319
398.833211 517.162012
400.264652 520.084459
395.713209 521.673648
405.012362 60.951828
401.065398 66.245899
398.310992 62.478753
408.332709 525.536486
406.220647 524.250318
408.171135 526.557265
408.371868 49.753421
414.367596 50.461533
414.066523 56.560650
415.439421 538.756815
419.202068 534.820281
415.647404 533.350346
422.868466 51.597188
425.064013 44.078273
421.976940 49.018131
418.869500 539.269078
424.049120 542.406229
425.343544 538.810456
431.965398 49.190523
427.489030 44.285547
430.140290 55.384418
430.640106 538.222633
439.025855 539.081056
433.842345 542.359916
443.771822 47.216835
444.772204 48.927611
447.925148 45.086067
435.523182 540.270534
446.797624 541.476439
444.142119 536.881286
447.359717 185.168214
447.525881 185.305398
449.008366 183.046292
445.700026 199.355011
449.246064 195.563385
446.429821 194.898311
440.058997 206.477898
444.963021 204.753957
442.619175 206.484786
441.944127 212.764029
447.592757 213.174859
438.068774 215.223046
444.673946 368.467352
445.691085 372.221256
450.597289 374.173967
449.868331 386.323757
450.144321 389.071218
450.232340 388.459024
451.002690 140.110304
450.261953 141.344583
445.983821 137.046415
454.183830 148.199588
451.921650 152.513688
450.751705 151.595018
456.624427 158.446060
449.673905 166.456400
446.689491 155.124804
452.116385 171.048798
447.532553 164.097272
451.328693 165.109337
451.289240 393.672112
449.995083 390.944314
454.887875 394.047984
450.697014 404.227373
451.955707 408.214459
448.377613 402.938107
448.459167 414.408276
447.555111 417.478599
449.908576 413.715269
450.356340 53.075248
449.897613 48.603979
447.310504 51.640898
451.654449 544.868544
451.492156 543.786666
452.760778 543.953899
458.941651 367.101410
457.463551 363.502348
452.873744 367.224719
457.286936 93.638535
454.738826 95.170082
455.136539 95.144343
450.256182 101.843131
452.552172 109.258064
457.360390 110.055398
455.525401 114.924852
456.581975 113.280993
449.035058 114.800336
454.808413 127.603121
457.979655 127.291267
458.272981 128.996719
449.405077 216.491490
450.223515 220.596449
454.690622 225.572558
448.440030 420.781740
451.898259 429.619003
462.141033 423.878272
454.647388 437.325221
456.582467 433.197541
454.810857 432.935292
457.901837 448.478840
454.534439 443.688889
461.425469 445.054730
458.960967 60.075898
459.947949 60.599303
457.706546 67.631017
459.618914 78.021405
460.374165 78.078927
460.690452 75.850985
454.856253 88.564809
457.441946 87.883109
459.321235 83.473926
458.360517 451.420796
462.330589 452.798005
461.008948 446.902445
455.664682 463.652141
454.642911 464.017612
460.773676 462.538817
462.555639 541.268716
460.730941 537.812764
459.560039 543.803502
460.867383 45.244614
461.451931 48.951574
466.338169 48.138324
458.596887 365.466798
457.492499 373.667150
462.567780 366.774440
460.063196 477.045724
468.199025 466.045970
461.280204 474.171534
462.391317 218.932813
461.338231 217.829608
461.580438 218.827338
465.877689 481.273059
467.376884 483.214627
468.590289 487.303762
464.538675 486.218462
462.361986 491.209093
464.957079 493.600898
470.913279 502.442911
466.465421 495.190214
468.991274 497.712704
471.119425 506.700759
464.741045 509.044080
472.237860 511.581938
471.903254 520.612390
467.656494 522.873427
469.723226 521.058525
465.027132 542.989099
468.656200 535.297138
468.897367 539.692062
474.225214 375.291157
475.327413 371.147240
479.688936 369.824096
473.354496 224.452348
474.589671 218.105803
482.079927 218.585539
479.315119 531.943856
475.506482 529.395984
475.977932 526.991051
484.874198 372.737331
484.131448 380.461067
479.113027 381.161408
487.687756 218.548760
483.096464 217.712258
481.378224 217.162644
492.545702 380.259716
492.254073 380.466931
487.600951 374.141111
492.849920 225.508948
490.819758 216.298507
498.014848 216.417892
499.122889 387.494529
496.029491 391.495190
499.648808 381.766960
499.267336 216.230612
500.746887 218.356394
509.605083 218.884139
506.868233 395.326357
499.718104 394.108370
513.800057 396.344026
508.006483 221.684307
512.971769 221.643085
514.288859 216.683911
516.295734 404.341666
511.031475 405.721743
518.412867 401.662461
517.550019 404.554817
518.650400 411.275379
524.988681 415.736185
523.666955 218.685047
523.283062 214.422058
528.922244 217.220076
531.659262 413.815481
530.171688 417.197928
530.333596 411.599017
535.686488 222.848705
534.299220 218.875512
536.884138 220.275583
532.802443 418.031810
536.758388 422.539409
539.196763 421.792037
537.446169 234.029791
540.762687 228.555736
542.692033 232.441153
541.986915 295.470304
540.981901 297.135490
539.448794 295.278622
546.957747 238.001608
547.516537 238.072274
539.345117 236.363656
544.757267 283.101307
545.647393 285.266297
542.460816 285.730340
543.938109 304.556039
541.559286 301.628017
549.401670 300.746452
549.025313 432.228882
550.353627 423.380768
547.663545 429.539692
547.739249 343.893029
549.805805 349.512249
548.691401 350.101682
554.476666 281.646317
550.668901 281.328575
553.911635 280.882577
558.992011 308.698408
553.074778 308.735475
550.617210 305.926478
548.514113 438.960702
547.581786 438.164992
551.391375 437.307192
553.767164 245.273815
556.823472 243.657660
555.164559 238.940998
564.491338 356.978672
554.878807 352.333478
556.072847 351.772513
558.114656 439.424805
558.251879 449.229217
567.771072 448.132447
566.109767 275.932652
564.514415 276.681592
563.451720 272.654325
561.683031 306.291394
566.688066 310.963836
564.198453 308.806737
566.104548 235.952110
564.887458 242.097360
569.553770 246.579009
561.178587 347.530737
569.993726 352.852551
559.524908 349.657588
571.812930 361.156866
566.749738 358.159109
567.193933 356.962751
570.350742 251.107969
570.191653 251.075266
573.205465 257.187080
574.007626 257.748580
567.605208 256.229722
569.053860 262.303770
574.065342 320.218307
563.190182 316.350363
570.442010 320.247819
569.052700 327.893021
565.149038 329.015284
567.301301 325.850380
566.106323 337.376853
568.304179 337.476136
565.147281 339.750600
570.835633 449.170970
564.099624 447.102056
570.866648 449.379938
577.847921 361.181738
579.883528 364.056956
579.088526 363.642687
581.040720 454.161021
574.436775 458.135313
578.395597 455.308512
584.151914 371.491450
590.443230 370.984410
588.418087 369.876685
589.342544 447.678739
587.763475 445.988171
585.978500 454.665837
591.095214 383.526129
587.276698 385.284069
589.918208 381.792996
594.313332 391.986763
589.297544 395.478920
587.655214 388.801681
601.300359 401.106943
588.173683 401.767318
593.136633 398.092290
594.257907 407.145649
595.362440 413.965091
594.885233 406.141037
596.405865 440.699527
596.570241 442.597530
591.773750 443.755699
599.381543 419.618924
595.475131 423.684986
604.835237 419.619287
596.964891 432.353771
599.184537 430.785072
601.716785 424.625774
