41 86
41 90
41 94
41 98
41 102
41 106
41 110
42 114
45 82
46 117
49 79
50 118
53 76
54 118
57 76
58 118
61 76
62 118
65 76
66 118
69 77
70 118
72 81
74 118
76 81
78 118
80 81
82 118
84 81
86 118
88 81
90 118
92 81
94 118
96 81
98 118
100 81
102 118
104 81
106 118
108 81
110 118
112 81
114 118
116 81
118 118
120 81
122 119
124 81
126 118
128 81
130 118
132 81
134 119
136 81
136 123
136 196
136 200
136 216
136 220
136 224
136 228
136 232
137 204
140 81
140 124
140 192
140 212
140 235
141 156
141 160
141 164
141 168
141 172
141 176
141 180
141 184
141 207
141 239
141 243
141 247
141 251
144 79
144 124
144 255
145 152
146 128
146 132
146 136
146 140
146 144
146 259
146 263
146 267
146 271
148 76
149 275
151 279
151 283
151 287
152 76
155 290
156 76
156 294
156 298
160 76
160 300
162 304
164 76
166 307
168 76
170 308
172 76
174 309
176 76
176 313
180 76
180 313
184 76
184 314
186 318
188 76
190 318
192 76
194 318
196 76
198 318
200 76
202 318
204 76
206 318
208 76
210 318
212 76
214 318
216 76
218 318
220 76
222 318
224 76
226 318
228 76
230 318
232 75
234 318
236 71
238 318
240 71
242 318
244 71
246 318
248 71
250 320
252 71
254 323
256 71
258 323
260 71
262 323
264 71
266 323
268 71
270 323
272 71
274 323
276 71
278 323
280 71
282 323
284 71
286 323
288 71
290 325
292 71
294 328
296 71
298 328
300 71
302 328
304 71
306 328
308 71
310 329
312 71
314 328
316 71
318 327
320 71
322 323
324 71
326 323
328 71
330 323
332 71
334 323
336 71
338 323
340 71
342 323
344 71
346 323
348 71
350 323
352 71
354 323
356 71
358 323
360 71
362 323
364 71
366 323
368 71
370 325
372 71
374 328
376 71
378 328
380 71
382 328
384 71
386 328
388 71
390 324
392 71
394 323
396 71
398 323
400 71
402 323
404 71
405 319
408 71
409 318
412 71
413 318
416 71
417 318
420 71
421 319
424 71
425 318
428 71
429 318
432 71
433 318
436 71
437 318
440 71
441 318
444 71
445 318
448 71
449 318
452 71
453 318
456 71
457 318
460 71
461 318
464 71
465 318
468 71
469 318
472 71
473 317
476 71
477 313
480 71
481 313
484 71
485 313
488 71
489 313
492 71
493 313
496 71
497 313
500 71
501 313
504 71
505 313
508 71
509 313
512 71
513 313
516 71
517 313
520 71
521 313
524 71
525 313
528 71
529 313
532 71
533 313
536 71
537 313
540 71
541 313
544 71
545 313
548 71
549 313
552 71
553 313
556 71
557 313
560 71
561 313
564 71
565 313
568 71
569 310
572 71
573 308
576 71
577 308
580 71
581 308
584 71
585 308
588 71
589 308
592 71
593 308
596 71
597 308
600 71
601 308
604 71
605 308
608 71
609 308
612 71
613 308
616 71
617 308
620 71
621 308
624 71
625 308
628 71
629 308
632 71
633 308
636 71
637 308
640 71
641 308
644 71
645 308
648 71
649 308
652 71
653 308
656 71
657 308
660 71
661 308
664 71
665 308
668 71
669 308
672 71
673 308
676 71
677 308
680 71
681 308
684 71
685 308
688 71
689 308
692 71
693 308
696 71
697 308
700 71
700 304
704 71
704 303
708 71
708 303
712 71
712 303
716 71
716 303
720 71
720 303
724 71
724 303
728 71
728 303
732 71
732 303
736 71
736 303
740 71
740 303
744 71
744 303
748 71
748 303
752 71
752 303
756 71
756 303
760 71
760 303
764 71
764 303
768 71
768 303
772 71
772 303
776 71
776 303
780 74
780 303
784 76
784 303
788 76
788 303
792 76
792 303
796 76
796 303
800 76
800 299
804 76
804 298
808 76
808 298
812 76
812 298
816 76
816 298
820 76
820 298
824 76
824 298
828 76
828 298
832 76
832 298
835 80
835 294
839 81
839 293
843 81
843 293
847 81
847 293
850 85
850 289
854 87
854 288
857 91
858 242
858 246
858 250
858 254
858 258
858 262
858 266
858 270
858 274
858 278
858 282
858 286
860 95
862 238
863 99
863 103
863 107
863 111
863 115
863 119
863 123
863 127
863 131
863 135
863 139
863 143
863 147
863 151
863 155
863 159
863 163
863 167
863 171
863 175
863 179
863 183
863 187
863 191
863 195
863 199
863 203
863 207
863 211
863 215
863 219
863 223
863 227
863 231
