28.078756 545.265298
22.631947 572.091551
30.142227 542.557013
46.030157 547.919598
51.551793 536.460043
25.976013 543.779302
41.155152 557.734883
41.674668 580.261778
39.295438 547.811372
31.636932 565.154667
50.400041 539.912365
21.801480 584.535000
38.862810 543.641435
22.857132 607.533873
57.044333 522.948798
29.002726 551.880949
47.899590 508.686953
42.031405 562.580327
50.632088 518.107957
68.345093 503.477908
65.139677 521.741788
67.390172 584.470552
63.813740 508.105024
35.861401 585.587969
37.515016 605.680459
68.836233 492.810671
83.914038 600.889157
86.670153 501.500335
59.257521 602.493821
72.621667 485.695097
81.615977 511.432951
49.871857 483.961721
58.740976 600.462867
83.465804 487.615925
66.489450 590.217442
71.514176 494.205998
88.335623 597.681463
99.516515 479.436394
73.827951 456.351188
82.868677 466.129849
90.757580 476.118951
71.206731 614.746494
77.546567 467.293303
91.019123 443.103293
85.863938 610.383086
98.132999 452.171634
100.155207 446.210545
89.735921 594.855559
106.322927 445.377330
97.860944 586.809574
106.120361 426.338779
88.817682 597.728228
106.334197 443.752355
99.756624 593.575724
119.697599 444.532321
103.549251 597.900320
100.500807 415.169465
128.025522 598.656562
117.222067 416.056108
120.442330 605.606991
127.794355 424.992872
118.263201 593.815553
109.496570 425.083698
118.597837 598.625749
137.459002 414.043980
137.054377 596.173730
127.018234 412.069049
150.936159 611.764233
146.207020 420.189646
132.395231 590.798089
121.652560 177.723003
149.818566 187.388507
118.471502 198.826472
136.435080 214.994184
121.788979 193.693100
151.132857 203.884607
132.190678 223.763326
148.888180 424.354151
140.141061 208.894450
133.340118 590.426420
141.044783 190.046451
157.347025 407.157213
132.366950 212.755549
125.232137 229.646694
155.052190 232.089606
134.962005 228.912447
154.791616 593.953650
142.264836 177.292730
152.588925 390.557776
125.151668 596.800955
172.156989 171.990225
142.951459 176.404887
153.992503 178.128872
141.932132 245.918348
159.977742 230.670276
144.321935 402.936822
162.055824 244.603959
165.842714 582.008686
140.745474 171.075519
154.624813 167.216026
169.048764 238.665535
126.856207 258.700247
139.897489 397.131216
147.657257 598.581308
161.902010 158.482159
163.401820 251.023420
158.009236 390.476669
171.403197 158.767655
156.026660 234.786284
158.928497 264.608561
165.336210 270.342795
139.684646 398.138293
148.949405 593.978294
160.904928 141.852310
164.125204 278.643871
148.450216 396.355526
149.170926 585.660096
170.786683 128.071661
180.837620 251.839742
114.914359 278.687079
152.611204 381.643483
169.798552 579.680285
175.516158 152.101360
151.070843 277.999096
165.690696 298.392020
170.962395 292.592630
188.893138 328.885757
177.909853 399.535683
152.833715 576.297269
164.735724 141.123326
176.899433 285.412744
175.927093 317.088647
173.919594 306.963556
153.429933 308.237526
193.678364 373.262911
148.955617 376.249916
167.641468 119.820456
164.705349 555.537296
161.714020 313.468690
173.424360 360.005707
183.488744 574.522579
169.024397 135.173975
184.589522 127.394925
197.907836 312.634672
155.543326 333.916641
158.991896 319.045614
169.499932 317.858466
172.796630 314.278928
169.790129 332.617750
201.710586 347.609498
166.233380 341.112752
165.855084 341.895883
174.357408 361.732633
177.909593 373.408823
202.693398 564.716714
172.806068 105.580051
165.358087 592.745590
181.839802 104.261539
199.364375 122.831023
196.576508 566.338753
188.490886 540.272713
186.488122 92.379310
182.616503 563.975246
199.154882 82.126125
211.854679 106.103610
227.998930 556.189319
194.204502 93.446395
211.848629 543.571885
199.682898 92.369317
204.291138 571.529352
203.068354 93.640114
212.650098 550.974767
214.933541 87.396683
211.787174 532.143441
202.760328 89.592033
213.148570 74.865842
211.653949 538.873183
222.088902 526.308212
208.222819 64.607946
228.755713 538.073177
206.912998 86.718702
242.538146 530.216647
245.829118 60.554906
240.864527 535.555947
234.251684 72.058678
227.976329 528.920357
235.700065 59.269822
233.046126 511.867922
210.215087 56.036932
247.142017 531.141936
262.389909 56.422754
229.942881 750.748573
265.423514 540.125019
248.280855 54.968227
252.593062 742.400717
254.748825 721.160144
249.071592 532.304325
247.854600 714.233372
239.550926 726.338216
255.280740 739.601910
240.144684 705.536956
220.137748 733.956084
261.753366 733.455740
233.881079 744.285623
243.826059 739.715472
254.581433 768.054975
232.113875 757.929195
269.329468 50.839626
225.931387 769.164065
253.532475 526.144558
246.050428 726.116977
249.479733 56.875292
261.241375 693.931912
255.714519 775.530667
262.315670 532.853305
257.122111 62.303662
255.906361 693.008152
263.594166 790.017901
248.530128 706.264899
268.264479 678.818419
267.203948 763.736218
275.424544 782.093465
265.748880 543.260419
261.497032 62.356456
255.316985 685.674047
263.190835 776.744318
235.493593 71.303393
266.152905 526.188437
260.239191 712.749032
277.617848 764.146843
261.929061 41.192831
267.190249 536.656043
272.685519 665.155128
273.967877 679.525697
277.817600 685.454337
270.386056 797.922523
295.589179 65.694036
295.444913 509.708637
274.620348 657.640939
277.969029 777.138891
264.617535 647.606659
282.600925 71.944113
287.467749 534.012106
280.042101 779.631830
279.925364 639.533030
310.823803 538.543963
240.290267 790.058373
265.546194 71.162835
285.719244 630.129706
291.697886 46.929167
263.461827 534.285775
281.400487 778.183544
281.516583 656.840345
291.870082 561.888765
303.197678 88.939083
269.325021 792.298642
305.723910 625.081443
291.152118 525.889344
293.731666 32.185656
290.941608 800.983682
296.121204 619.115484
286.431330 74.534825
308.781522 526.194856
296.886275 627.201635
277.624267 543.471848
287.132423 806.412431
301.041222 105.223275
303.050304 645.389235
322.072184 568.866944
309.118730 805.227496
294.704525 68.917858
302.296866 629.379734
314.699275 85.488945
305.459001 554.473396
295.727847 792.868467
296.539210 552.514019
294.236201 564.663254
312.476168 611.552500
323.789815 79.172584
301.740899 791.052079
323.783333 558.373675
308.049566 617.322295
279.816772 560.511180
306.628733 563.477319
324.667434 583.902151
324.053781 575.371483
293.634607 580.666649
302.625898 580.877745
309.274965 579.531248
304.206744 604.880379
310.545796 597.281234
331.089304 610.756082
336.816949 83.207528
323.631701 782.579994
315.036310 83.767435
331.027894 789.226516
334.386532 91.539482
332.133376 798.152571
315.404532 91.084571
331.430798 770.801296
328.806324 87.213153
340.772367 791.542709
318.928057 86.643342
329.782374 780.811231
323.447475 82.490306
335.422380 778.600093
318.565124 77.969867
338.480947 781.094360
335.519129 103.442136
354.248101 767.050087
333.945205 101.418127
363.787727 761.396094
368.976592 104.838855
343.885830 748.486896
345.597824 118.484037
346.866903 770.177384
362.833084 753.537105
358.465160 97.099606
337.447723 749.262000
336.092381 84.961137
370.257085 106.257159
361.259101 750.110266
345.087271 720.812592
358.239793 710.403999
335.603038 128.397961
368.935923 724.914161
372.287300 110.447109
363.533065 729.875041
369.493108 98.411383
390.122740 712.842011
396.866550 126.176396
397.138971 732.047032
392.021001 115.598154
360.778343 694.814994
368.779663 687.471717
360.249287 107.783232
386.078689 711.234333
405.736069 118.412623
377.685409 690.320325
398.990781 713.129782
397.192567 122.529909
388.821907 687.876971
382.694574 116.884433
404.607684 700.769124
387.187217 141.741941
399.247320 688.513458
408.358972 138.781335
401.313852 685.517256
408.347220 680.080343
403.659340 126.150302
416.518800 695.227400
424.526006 111.627040
414.315672 694.817278
408.653373 142.483589
401.001857 660.846431
421.238466 108.079068
402.776202 677.472805
416.970985 135.741684
417.730366 665.151939
405.409272 632.010394
417.268262 113.656642
415.499217 647.805614
459.066669 136.574401
415.078012 640.757128
436.791765 132.277909
434.030943 661.934889
424.251711 637.007049
455.881781 122.145075
437.847230 634.146639
427.223409 133.002655
431.786816 656.615448
426.506709 644.282033
446.270684 115.028835
459.890980 118.430468
440.122613 637.572195
453.643285 109.252868
423.695407 636.651812
433.380846 119.898514
462.271764 632.576361
447.744818 107.949223
465.229868 629.030471
457.055040 115.747969
451.929301 637.772995
463.102765 89.194390
464.733424 638.447022
477.771644 101.283802
490.704203 632.455342
471.292729 93.977166
465.515751 642.368359
479.751339 89.564863
478.725220 641.663844
475.932521 81.105102
485.554359 623.661921
476.286171 90.849105
471.823517 627.095383
500.010835 80.553342
502.429925 632.473224
495.570552 98.295349
506.643386 615.737759
479.237361 86.367620
494.758499 634.068311
497.675512 93.382138
491.045278 632.007848
490.445355 65.430836
498.651274 640.315444
500.534780 622.873955
491.944442 73.367532
522.949068 660.363582
493.850904 63.924608
516.745194 644.901174
512.075490 66.216388
517.085281 646.640150
515.816783 65.725300
516.171417 662.578181
517.714354 56.983783
527.602558 638.669199
530.924402 81.068478
538.328328 656.273692
522.930545 91.285552
517.500112 655.730759
536.057827 61.730878
542.071481 664.062491
548.389708 57.085514
527.351119 674.918230
535.871585 51.698869
556.495758 679.206290
555.532977 56.997408
552.643923 664.512203
555.213047 45.517095
570.571379 680.116852
537.323127 37.341151
542.747126 667.435813
547.076564 51.885318
578.206836 692.420538
556.147904 678.994794
547.377796 37.203343
557.943319 675.166203
574.368830 38.845988
577.977293 686.035863
582.603958 54.033345
558.739496 684.000804
575.355960 40.929551
570.005530 691.991413
554.684493 705.031832
572.760649 33.476330
568.989276 690.617580
589.748594 44.590849
589.947502 250.823165
588.418993 246.817858
585.887323 258.710485
579.769790 277.079206
577.365340 281.276654
600.483495 246.187553
567.610975 267.496150
587.843484 262.937498
589.934796 275.366789
594.115229 294.459854
601.626138 696.885434
579.654484 34.152391
573.931140 237.429967
600.496890 705.413603
573.829446 245.474648
592.988509 266.111921
579.916373 302.279116
600.960052 270.166938
584.882929 282.142970
587.966189 66.026794
574.678007 724.099769
597.943757 230.479843
604.751590 229.571506
585.773776 216.648833
561.489690 275.480609
577.556408 35.750505
610.231903 297.485498
603.224044 716.399194
586.296656 204.706891
603.985834 55.302955
581.287159 308.508520
585.218270 712.747004
587.867414 221.709263
611.956093 292.073469
628.585275 24.762770
608.528760 716.555212
619.553665 203.483458
594.638491 320.594317
607.390040 730.306388
600.431930 25.443112
620.368601 192.130873
599.783247 325.209322
604.206219 713.682580
609.113087 20.595460
584.557143 192.721038
593.506151 312.965883
630.634730 699.288434
606.797675 37.499738
606.528528 202.489657
615.901059 341.443703
627.128061 733.601692
626.812759 34.862793
634.215819 182.105312
632.508620 298.263254
597.456731 719.220835
606.601977 36.564339
617.153343 175.876656
621.030259 183.756332
624.411166 315.871743
623.866931 712.164944
633.120164 179.835736
613.436951 315.420050
637.581205 36.055248
635.911534 733.265508
616.774611 174.395938
627.271996 328.957880
640.860380 14.562595
625.452551 741.617696
638.580052 195.915965
630.800992 324.339666
634.528646 29.750727
620.741554 729.564321
630.601080 173.411672
636.972872 330.364503
619.283768 160.116233
632.941014 27.594108
650.460329 713.539603
631.372152 321.373503
645.625387 153.655687
643.574815 32.398463
633.318034 168.144888
642.893433 734.319396
637.693615 332.875965
641.805432 46.241011
632.451265 168.410765
649.538794 736.677073
650.900225 336.648331
658.041536 57.069513
649.958737 154.106717
643.640696 760.916347
656.391325 756.174251
651.328441 335.483003
650.772096 154.652429
654.124833 32.806281
657.382648 770.297810
663.006261 323.358493
657.043410 39.142051
668.096260 168.243524
644.994215 124.829447
672.199969 143.335700
659.762960 749.173611
660.089657 51.074712
667.715114 325.201208
677.228248 760.832984
644.908848 106.599627
680.714400 70.336431
661.000924 83.367035
668.862526 124.030597
652.564053 122.469681
656.345810 72.411781
659.428160 339.637066
669.188209 734.881678
660.594758 113.458663
667.364267 74.554348
670.388215 67.454736
690.057988 74.711481
661.366698 60.898973
656.616762 97.157829
675.258647 72.595063
651.925867 78.560409
654.547248 83.485670
670.711856 84.717552
656.358583 331.737149
666.938412 731.532137
686.349708 338.200362
680.988325 494.871612
673.361553 507.410276
691.632722 511.352656
678.976597 496.101091
680.530421 501.872222
676.573100 527.666014
671.096362 761.469236
685.122480 331.109339
645.117204 500.660215
701.745512 521.784924
683.334735 752.599218
658.775994 475.187328
688.382334 501.869712
689.419874 539.876554
687.727034 527.670776
697.530897 324.539339
698.071082 741.298681
679.604315 491.931173
699.410679 469.729079
683.136956 479.122745
695.761838 487.736268
679.994095 525.746217
701.281129 516.382843
679.068970 545.530579
675.106106 330.147613
669.479883 541.508927
680.118538 741.364744
687.838589 465.741352
658.577385 335.467305
712.450737 459.058773
680.061213 531.581770
682.970293 549.561556
712.232368 554.266933
662.440435 558.999428
715.986603 547.524420
702.892670 753.646702
690.573527 317.978711
664.509100 437.450300
690.836308 555.547114
688.563581 728.687944
703.363550 320.453067
697.162147 440.271272
678.130017 720.136294
697.210092 542.138533
714.169178 581.398652
707.815480 315.692937
691.653241 464.072696
706.363221 579.686807
711.763419 718.694610
684.251660 318.461507
724.718696 446.605963
691.127392 556.244011
702.199525 586.058984
708.252419 590.440808
693.350643 727.788798
712.582362 584.476667
694.631962 704.127045
695.282033 313.565546
705.991849 438.173376
720.207927 588.204609
724.341296 710.649847
716.593844 433.562237
720.759068 582.514308
719.378149 321.431239
720.014160 699.472236
704.251930 449.518518
706.130971 592.855516
705.925681 316.916335
709.230407 604.552157
705.559969 717.951990
732.498156 428.560102
718.716831 595.048127
752.966619 602.636829
716.771897 304.006024
718.259612 618.635990
720.393437 702.707115
716.209899 448.186734
744.640253 299.126680
720.692664 610.555910
698.153401 603.324258
722.875120 700.179792
730.226624 625.907966
729.721258 695.008425
714.504332 428.404745
724.560823 307.900069
726.370924 698.466331
730.215236 626.585052
727.097638 673.951650
727.215234 684.496772
727.848220 418.738528
709.117207 627.366100
720.188012 642.132149
746.503437 295.518272
726.128360 673.450396
742.851773 445.156067
712.539631 628.649439
708.726652 641.159351
742.888734 674.007457
729.579540 664.508032
750.769871 665.210578
726.588381 297.082516
733.469269 622.377968
736.304086 651.298053
731.463570 411.304230
739.643794 658.614485
738.858523 295.851786
732.978063 645.125202
737.410879 428.333580
757.268189 286.781932
775.204941 431.811847
729.866714 300.795987
756.644400 457.894366
737.507208 327.223924
749.465488 439.206688
768.111396 307.388630
768.310986 434.033265
757.161967 299.021929
777.864969 413.654535
771.777769 299.281939
760.572423 410.185934
756.565592 301.304051
784.233177 393.551673
766.122333 305.828126
768.844214 402.240464
768.809715 308.437093
764.263458 396.811101
792.519015 300.919367
767.492901 400.508274
769.780479 314.714945
769.767938 414.489569
758.835895 301.841747
791.980300 394.851025
773.152807 283.824972
803.680891 423.017126
782.064402 303.333374
815.565081 420.825456
812.998286 311.440799
776.414101 404.474395
810.501207 311.923009
802.262622 380.443213
813.687937 309.646704
807.239279 295.361007
787.125294 408.857230
795.886101 331.514056
807.263941 387.039406
796.254788 319.020494
808.905282 384.652749
807.757614 317.174278
829.083532 396.683284
812.418837 323.304046
815.383035 378.133023
828.459776 339.897289
808.491210 375.254993
800.326617 331.743513
822.533255 376.963292
808.797307 334.202199
838.156882 390.120979
832.273479 341.089831
825.603586 362.915660
845.752142 326.542353
825.299676 365.204345
824.446056 367.775781
812.611602 330.781268
