29.814398 1155.879532
37.752099 1055.352053
23.412317 1098.470626
15.060542 1087.909162
0.280237 1112.146666
11.557938 1112.252037
13.739802 1141.058143
7.464638 1142.569805
44.046563 1139.751199
44.732882 1116.100579
50.070506 1120.520670
15.911963 1133.581731
2.116479 1128.369442
25.447691 1167.741964
14.890074 1152.621141
-3.031912 1191.379354
19.003947 1140.457122
28.486985 1129.826241
-5.348776 1167.340170
24.158225 1179.204397
25.085590 1165.524659
-10.620354 1158.646077
23.264354 1181.136294
34.240095 1165.643450
34.840767 1210.198667
61.707093 1171.561309
23.143387 1212.325270
23.642571 1191.018967
-4.177038 1165.024303
31.237475 1058.592314
56.729322 1195.011100
24.758782 1080.355215
2.227358 1069.153269
39.487846 1044.270601
74.602411 1094.640918
40.239530 1086.374296
27.296188 1083.352432
10.690769 1161.483409
42.729475 1232.014721
15.629425 1200.962424
41.563500 1055.429061
-7.212677 1302.176357
53.263590 1002.997457
23.359455 1021.613963
25.144224 1023.703540
8.258101 1038.705209
26.598777 1006.780740
36.714393 1031.250847
45.308081 1041.558708
11.042677 1039.601363
19.351850 1225.451180
14.450355 1235.122191
36.798015 1222.200246
32.554456 1214.971475
52.272133 1264.488677
79.299642 1027.981534
12.285959 1015.381406
15.135354 1012.490381
55.153369 1011.855573
4.949441 1254.178501
35.576629 1218.375356
55.872414 965.040747
-2.802471 1247.120942
17.563007 1012.673390
32.731684 953.571743
32.178472 1238.045701
57.292141 1262.777384
41.194186 987.783299
74.855667 1300.239265
68.784447 982.047868
31.166863 945.912052
41.457821 930.969302
55.127659 954.233845
71.155973 926.206516
73.279613 1265.492304
61.528838 932.246918
41.520924 986.372906
50.197319 956.526940
20.085424 943.265076
41.887820 1252.838131
71.470815 953.661444
24.866405 1272.701272
27.781411 922.950137
85.508442 915.931339
37.879954 898.678659
85.130419 1310.637087
86.980326 853.923244
46.059237 900.856534
38.508753 881.254535
33.602535 1228.818571
36.312330 901.879836
70.654115 1262.422728
68.617248 863.959165
63.162626 918.397899
49.911302 864.107294
62.572619 1293.496887
103.884354 845.918924
61.611776 858.310268
89.528192 897.871974
67.057372 866.120612
58.951281 1339.114980
57.866448 851.206326
102.571065 862.930963
93.297325 1315.075464
72.681683 856.008606
96.934108 1293.911897
55.942625 795.784705
52.305259 855.800017
80.791593 1326.101307
113.196088 835.167476
93.857829 813.337572
87.868624 800.403979
75.794284 828.979512
121.235858 1297.884618
79.784088 794.575894
79.675866 852.250869
82.373563 823.544821
99.299358 1270.788155
134.078810 818.333234
97.479813 1289.972388
106.044915 794.534656
95.115094 1267.657797
111.243874 763.999872
96.767637 784.007556
75.955885 758.491632
86.064634 1273.002393
113.005659 759.529385
107.306803 782.848677
67.969400 788.775015
103.879006 702.995103
98.594235 1295.018815
127.879519 793.327768
41.710230 786.505684
137.447587 718.813488
118.637421 1352.780778
124.298790 724.704891
107.062789 1296.455425
102.742238 744.392456
123.742056 1306.646136
129.891229 727.802574
102.160919 726.774659
117.493935 1317.150616
134.467321 738.484788
138.520868 697.111930
144.907098 683.459814
125.998012 766.372381
142.434507 1277.653909
171.976598 737.716790
118.327312 683.790111
127.196612 680.403153
144.997734 1308.591166
119.465702 707.485123
116.480703 1294.038648
158.258280 704.163964
135.147993 1280.454653
117.368066 670.473826
124.292408 650.322734
163.759946 1322.857638
145.153304 657.577222
129.923433 619.960330
129.118773 671.799268
137.965275 1274.417830
168.961145 651.305309
123.595933 642.055839
125.767928 649.731460
131.724192 1258.452668
172.996100 612.442208
186.707145 1271.804174
140.571893 642.055490
138.618182 682.877374
151.307698 1318.469979
129.251507 589.738625
139.825058 626.709854
182.091290 1280.387939
191.436932 573.044162
190.256643 627.403354
166.449695 633.136364
154.201615 1252.951656
141.405003 553.487291
146.871905 1287.713486
172.962596 599.281096
186.810270 1315.183179
176.339376 546.050543
196.559236 580.667315
148.797383 1266.598127
184.177591 573.446011
150.537728 539.429523
182.725651 533.760711
150.641893 1277.721198
180.528686 526.448087
194.446408 1246.063727
189.558415 533.208540
189.953418 552.327752
169.374577 1260.079181
204.115790 518.144934
191.920193 551.107142
179.895638 1240.137982
184.214122 558.195891
208.187726 501.326793
189.761870 553.728616
221.750083 1263.300681
144.062632 1228.621757
159.057327 550.574078
200.977038 491.761966
174.137081 1229.403445
195.624623 499.693693
192.853979 492.281328
168.273801 1214.297063
210.115331 511.476317
207.554703 466.456280
195.382655 1232.533205
221.576733 1199.524492
194.056816 475.226542
219.999750 507.639597
196.690518 1226.819352
206.834807 511.707634
206.156139 1207.993394
223.523276 524.459583
252.380293 1246.168160
229.112798 1237.001957
222.509017 1193.554864
189.340143 508.113167
214.377361 493.179782
208.157467 463.702896
231.717482 489.351399
235.684507 1203.603965
210.186693 461.106176
214.557084 1211.865149
233.180308 1219.100362
215.902114 461.070207
229.342606 418.487217
274.675809 417.439960
199.001613 408.905282
227.391772 1176.715904
216.482466 1170.475102
230.623880 482.802100
223.655088 461.230502
215.347623 1236.525999
215.246709 1162.212168
245.554144 1163.787512
229.775189 425.154870
234.847444 448.951336
264.744051 431.620828
271.290200 1167.807588
229.054047 1126.925944
198.957113 435.700745
275.886449 414.649219
230.325142 1156.550701
259.378320 1161.848691
217.811567 1193.909268
231.583102 359.534650
252.336436 400.201689
271.315986 419.971915
247.756337 1142.958691
221.769515 1134.182626
248.633983 410.930966
271.627221 1099.644692
243.956951 1123.045573
252.931399 1137.041802
293.984918 1134.184971
244.542874 1113.998184
247.560822 375.718711
286.813015 371.917843
262.882581 338.022024
256.986129 374.600364
286.334630 337.887537
263.574932 1138.716235
272.170379 1100.889634
254.787359 1097.384152
264.410319 359.120551
233.015647 1091.870157
293.134076 1111.379240
319.300303 1031.422756
249.450873 329.019094
286.483822 327.568376
252.014438 330.399761
243.839694 417.131745
276.098070 1101.734792
261.394439 1046.137362
279.800047 1076.852042
309.245787 1061.438727
244.841740 301.098645
300.265518 314.835010
285.127769 1093.796980
233.141643 1066.784612
294.294478 966.697405
293.219662 1067.546438
279.748172 1034.844866
252.229866 1070.915500
271.242810 372.053399
261.933942 321.958865
281.628643 272.148513
272.826931 1012.294288
294.513354 1021.278398
241.271435 1045.124322
254.459687 1034.655331
278.424990 307.779741
337.034803 269.093339
255.454354 1029.034809
266.778523 1006.430527
267.300394 985.444852
301.325477 1006.770573
260.737834 1006.377553
259.317549 288.378256
329.529987 303.894822
272.935732 336.115572
257.405335 994.219301
300.763897 969.880366
302.941843 1009.970274
284.324566 1069.393569
311.882263 261.779934
311.268786 941.968543
323.434363 978.553436
286.895649 1000.167961
273.588864 952.178791
271.930778 948.720851
345.207920 284.982791
354.608904 261.502150
256.857074 278.746254
285.054731 272.529756
291.706046 299.869087
338.750176 980.305149
318.513616 930.239027
317.430407 932.008437
309.935904 919.759847
338.502874 242.403102
326.655834 250.354799
297.426564 962.259456
318.026966 917.878808
304.886157 234.474008
355.281398 258.967600
317.312331 914.586703
282.731087 897.830815
295.632819 903.685546
305.956380 875.560318
309.395132 243.032860
320.802601 240.918756
273.432301 217.226314
312.094291 211.827677
307.113668 862.617230
305.023878 242.342372
301.645838 844.452159
320.492576 222.723401
329.902587 876.189044
346.494731 215.378017
286.821219 215.117917
306.535186 904.872279
331.151374 911.257903
306.736523 898.477140
332.345267 920.732776
331.469688 877.131448
379.306055 951.455446
337.429559 911.507845
306.369463 163.579003
341.773907 901.582399
326.850619 211.720060
326.538511 969.558219
328.679497 936.995662
355.977139 978.267455
356.211617 924.710632
326.504422 966.664129
364.956551 926.933525
310.630031 939.300341
352.919884 972.109242
356.355716 983.307747
343.536945 1002.198046
358.245760 965.308218
313.728007 1010.841611
345.384742 133.206794
298.937117 1010.507608
306.766395 149.391209
334.351150 119.957507
349.145391 170.995899
380.506284 164.801376
345.956106 162.637304
344.649922 153.599272
326.319629 163.017816
314.433442 207.166859
337.997455 154.259815
333.538759 248.094155
348.664900 179.171272
317.625470 962.369867
348.755665 968.538085
340.611285 962.783802
292.108221 987.898279
311.190997 1001.727118
363.095784 987.370783
327.424905 1017.222049
303.398328 1010.744095
333.766130 1045.991661
323.868740 1008.299654
305.165620 994.729613
356.251863 982.213292
378.550274 1050.744414
312.727859 1071.889340
366.552642 1044.348143
337.050679 1083.321174
308.248323 1028.772884
355.165272 1032.433172
310.453605 1084.070092
350.959775 1035.021678
345.300130 1002.652993
330.749747 1079.516917
357.667530 1124.350454
328.815279 1105.322441
336.734850 1075.681187
324.764213 1094.970183
358.857494 1104.258643
352.531984 160.743640
346.098425 1077.305211
353.617486 105.916110
328.586601 121.149547
350.830642 1118.815172
327.614496 1115.273575
344.280336 1106.478335
368.749758 1145.172446
363.527022 1209.569976
329.454877 1148.448899
342.828205 1156.583080
357.170116 1177.449903
314.628213 1127.523773
357.866274 1103.811735
345.022367 1143.570931
321.723456 148.337506
331.749482 171.242945
366.453559 1120.098025
325.800719 1166.763477
356.803186 1149.704029
338.214355 1160.190343
333.245449 1190.599661
339.162208 1139.894289
334.407921 1204.156971
361.157501 1182.524850
341.048446 140.802061
347.499988 102.972641
379.101973 1163.613289
348.692422 1141.140310
360.138169 1243.054149
347.905920 1205.237602
368.637950 1207.862279
359.152183 1203.312750
339.284827 1186.114127
399.932893 95.824473
357.710342 1239.514512
356.505474 1201.836071
372.063345 1189.711559
329.608477 1195.527129
373.119297 1167.358855
396.182247 1243.836775
351.522984 1188.045790
365.479274 1221.068019
365.604227 1223.951912
330.065524 1273.019059
334.837765 91.262095
346.495148 1254.105937
356.805554 66.353279
368.702404 1244.014488
391.493076 1250.982318
391.816391 1198.080801
358.241457 103.999252
363.710268 1204.892041
344.249361 1271.226503
370.029946 1263.653218
382.308864 1317.771555
354.452288 1273.282497
374.129841 105.670954
372.457031 1209.113596
351.225316 1322.532355
355.135027 1266.704039
360.743928 1309.754488
391.045279 17.443402
403.735645 1302.993120
374.328243 91.979153
394.454283 1342.637351
377.413306 1316.322375
388.027897 1288.156446
364.826296 31.355806
356.994586 1359.701715
342.053736 1300.082144
405.170532 1307.948071
408.688242 69.261254
370.433972 1308.370617
379.968881 1334.264931
342.288816 69.053515
385.695230 1375.428890
391.840169 99.871806
420.615531 1331.654219
399.227208 79.931176
424.555701 1306.787200
416.126461 109.136330
423.286340 1351.210370
381.927225 83.795412
398.770593 1355.495993
418.378198 1338.475410
418.260579 77.604474
405.374730 33.536444
464.551152 1332.845305
410.450259 79.686598
420.034384 1323.366810
444.678739 38.867790
461.586771 1368.469873
399.378923 44.908489
426.902697 1347.320503
441.245562 51.111613
424.593220 1315.118920
427.483020 62.093588
413.287483 1336.635980
441.883547 39.007549
451.587986 1348.093436
445.109389 35.710071
437.669972 1302.374841
433.587662 69.694930
432.111098 1329.674064
466.167931 42.436610
462.886578 1325.511925
464.396818 48.966361
466.877504 1329.516942
460.348199 60.344015
445.523973 1315.244067
472.303110 75.624926
443.885916 1343.724991
472.881039 68.102756
489.860968 1314.156443
450.159782 48.625168
463.538952 1372.180779
449.350314 1319.890072
467.048329 22.282197
456.943330 1349.283953
427.837270 1279.323396
486.726334 9.116984
461.960910 1278.922232
479.135945 32.319875
491.467798 1354.354278
505.956989 59.749925
509.716634 1325.694374
488.748794 1289.073385
477.395721 1291.496696
474.211251 10.511316
482.989262 1286.022951
461.650582 1290.813786
481.135267 1269.946541
503.731709 16.785741
455.649753 1293.343529
480.393562 1243.193136
496.034753 46.911271
479.987099 1242.589634
469.905826 1254.133953
501.709637 1218.187965
514.174300 49.244785
486.608281 1232.848505
528.044931 47.096752
488.754743 1211.705016
512.803888 1249.686971
498.192462 1291.822606
506.534824 47.272367
498.632978 1216.654290
526.377552 1205.270452
500.175347 1185.621657
484.463934 1247.710094
487.242628 1229.553181
498.492867 1253.043626
515.613006 17.424094
523.425248 1173.354154
496.636813 1157.692586
514.317419 1198.460039
537.292135 1231.051084
483.803249 13.723132
517.644762 1188.310276
523.355393 3.794489
543.199627 965.969266
534.018293 1038.053426
520.601112 938.563126
488.330598 984.674214
544.689864 942.373344
496.417176 999.343465
485.858741 1029.871252
544.610853 963.838678
509.171595 983.199255
501.842846 984.431921
500.809739 1003.497449
502.999514 1042.976071
508.683017 1039.996119
510.630100 1030.173257
499.073876 1039.416792
546.631439 1026.626518
540.230351 1016.029344
490.442020 1044.726242
517.654314 1054.172477
523.241801 1146.813191
523.052562 1177.016259
562.818674 1173.001717
512.165864 1203.158220
523.741195 1181.094989
554.455309 1027.015864
515.618910 17.351302
525.183654 949.794443
559.357496 1163.655988
528.832004 903.748086
520.088404 950.925010
481.624157 968.097334
499.221732 967.607960
528.590234 902.198249
507.259055 960.861513
502.499134 1014.633975
522.762820 896.648489
500.089289 968.662471
492.247393 925.977663
502.012441 943.393232
540.798644 1021.021474
530.581832 1063.806211
535.846818 1091.792084
532.176998 1140.120690
521.494197 1128.684544
527.847490 1134.462291
521.001227 1092.495533
515.988170 1150.217220
495.213813 1119.381096
525.297004 1167.309699
550.067636 1170.269355
519.392961 886.612455
521.199453 950.589328
486.001913 1121.572118
538.592741 1044.753045
528.483011 41.512081
498.572437 905.585786
519.275364 1146.273206
549.505623 1131.667965
519.957153 1098.987371
505.222461 1108.833909
564.270189 1161.333631
515.210816 838.061700
521.436406 890.568792
529.430576 876.494277
524.588095 850.263519
540.775295 896.799876
533.148180 926.141563
553.345201 897.264336
519.435122 907.394599
534.888244 891.942457
534.761706 891.010433
534.645173 914.941544
504.265987 941.428351
495.339064 1087.028550
537.215792 1098.842330
533.535590 1095.000022
535.715595 1115.833866
521.704467 52.396721
534.735678 855.242307
529.796753 792.845355
540.292025 831.254370
532.889675 836.778268
535.273890 844.117421
528.112867 851.294175
558.064391 48.614331
540.816443 842.386627
502.424627 40.367935
547.630793 795.841144
559.878578 815.302019
558.407824 812.435091
529.557318 796.203711
534.850743 810.430439
536.846487 24.229082
532.034588 794.051062
571.606114 815.676392
541.922008 770.729075
541.377585 824.485952
552.153199 811.884137
556.342270 768.656506
529.333572 776.951134
577.828081 29.175905
517.938244 749.498106
522.694319 744.220042
521.952138 773.157435
551.763217 750.881858
522.651147 741.967718
538.074235 792.510429
532.366164 39.920409
557.655003 748.719323
544.466858 717.378603
541.323275 710.946927
495.692040 670.828412
548.148471 38.914590
565.491135 730.757685
534.552347 12.475966
540.803470 690.434330
534.632561 704.695441
564.199035 703.670318
540.542309 8.977224
536.513923 702.035940
558.888665 724.225505
597.361221 746.737089
567.208491 711.221884
558.846922 723.858271
569.262600 59.020866
591.953036 717.249116
552.207612 657.315579
545.644128 43.212922
590.756543 655.719868
585.271152 695.054735
593.868386 667.711768
621.065903 -26.782230
575.486510 680.983830
593.673970 33.740391
585.959009 665.945977
616.565114 702.976406
577.117969 57.100811
583.946130 690.065302
548.955811 681.761718
616.169583 38.593325
565.812606 624.313661
599.553663 613.566187
585.400540 -10.404928
607.659623 595.836485
590.260357 640.891886
579.132174 17.294651
600.279052 661.997558
613.234890 39.698362
596.736460 593.518165
582.933787 43.840164
626.387281 586.808020
601.085997 40.237611
579.464429 581.224565
612.214564 -22.686881
624.581453 585.814633
615.911674 5.065490
643.427882 591.440304
639.739764 6.628427
621.693886 614.520865
578.075102 28.889587
632.897161 604.079494
619.601688 22.649317
633.396473 641.746246
637.888070 18.929324
624.542999 605.134586
635.252142 28.906601
624.085352 577.357300
649.029109 93.995238
648.823392 619.700626
630.285631 2.051070
658.278736 642.401553
644.476386 -9.904850
658.462841 609.290818
627.361396 41.539946
650.867324 630.370964
655.689522 -10.902580
645.238625 629.197111
662.967115 649.424419
630.623065 19.398579
672.799350 596.792046
663.721885 33.567666
668.486820 605.160553
645.094797 7.505489
666.547776 629.819404
685.202336 82.740674
661.036066 618.171302
656.423843 36.908431
707.947957 655.516995
692.286347 31.052661
738.535422 633.689934
685.529157 -12.125292
662.300072 590.553885
711.245990 4.005016
661.560857 612.870708
693.450193 38.532393
681.465285 64.051237
681.227383 651.981407
725.161947 22.704987
715.371749 617.393834
689.464388 29.895264
677.093821 664.962629
715.173941 31.736378
697.505045 609.657817
692.475581 72.431012
687.791027 697.666421
697.331822 -14.300349
726.152573 622.231718
707.742763 24.486886
721.024933 638.705511
741.594284 31.918138
699.676857 642.796416
710.061551 56.942359
741.140301 651.256569
702.358017 48.551190
733.588282 640.807330
711.526522 22.871693
718.031148 660.785193
722.914088 94.694077
721.193914 592.787995
748.885345 26.735358
716.629658 583.952852
738.704454 33.168060
739.852980 604.937077
751.582636 32.482722
755.413824 658.320835
723.724607 54.085569
749.205837 633.078165
748.096953 49.998880
753.657282 637.284099
785.873624 44.811063
758.924607 589.568386
737.112162 48.347946
778.482108 625.175833
779.103652 80.002122
770.454183 672.464580
771.827658 16.472982
783.668592 616.836066
759.709701 82.606235
807.967625 585.342130
770.793372 122.949402
775.279458 657.461645
749.844552 8.565409
820.432660 620.607205
817.898108 71.672489
772.653027 52.220985
803.658369 608.476201
787.117022 641.029686
778.962865 33.979010
796.958477 648.933858
771.494435 50.853324
776.360661 571.082183
792.224003 52.071980
836.664619 75.303561
805.069333 618.604122
813.441168 113.914767
817.739599 571.901737
790.853195 34.032051
806.583261 580.279050
803.811852 48.729923
800.026201 610.059504
823.641665 117.975155
792.524171 548.773998
828.261494 10.551795
792.282366 582.246206
804.044052 145.501594
833.314549 596.280494
823.526500 92.325343
845.322543 623.489710
866.462018 121.243265
864.326309 102.582149
847.845155 636.479098
788.650052 103.770816
846.089596 608.093867
833.834420 93.941928
820.234877 611.079517
830.112075 69.757224
852.597933 124.064262
808.153272 120.039805
829.642400 620.847891
856.639088 99.656651
829.507275 600.885354
839.427298 149.148508
883.115675 651.841074
858.284495 135.672068
847.742325 614.446387
849.566150 116.461071
866.632041 570.545825
831.220792 126.270336
858.602474 139.082917
853.672483 607.042856
858.084130 124.824776
865.653616 582.357690
860.627680 130.596898
834.304029 138.355621
869.103152 583.862544
901.427584 147.315937
868.453380 155.816165
854.180552 580.526217
889.491808 150.890515
862.622476 572.926620
849.594916 170.929077
865.851295 553.935592
876.266561 152.876183
907.805746 592.100547
923.865553 215.943379
875.016625 610.024688
828.869194 154.404274
939.417935 211.978679
903.453068 569.251054
873.623077 175.510059
867.383843 568.634442
895.366054 173.617972
875.754857 187.914860
902.263131 190.376020
895.897198 587.208645
913.258176 202.689172
876.354799 539.984987
915.431157 166.159463
936.823835 251.705366
907.121794 545.272578
918.988845 194.299197
911.484726 556.439459
910.031198 196.735890
915.386953 218.002126
933.582245 177.983253
910.016323 528.762193
907.730119 234.648128
904.617029 532.925471
896.190054 193.251825
935.997761 547.472799
895.718412 276.111959
891.700932 210.884121
902.692185 533.504826
910.642800 231.492262
913.620742 302.627519
942.387466 221.947512
921.831259 257.726660
902.873988 498.515864
939.563008 237.299169
915.157354 256.921251
938.283055 540.524075
910.921764 536.945946
889.926633 238.705574
927.755769 528.262285
913.317674 199.855023
943.373210 230.080012
931.811121 263.392146
930.241328 505.149098
938.422082 237.069803
951.032098 308.613617
924.771677 537.888413
991.376383 280.409376
988.330804 511.021024
940.566884 304.053420
966.151201 249.528292
951.311295 332.259922
947.815433 310.801796
974.940991 524.786890
992.118179 280.885442
949.847411 257.759191
946.392114 489.785717
948.519987 243.327397
950.818913 490.978021
952.232410 348.481197
943.436794 264.929806
936.324776 288.570045
970.184978 309.168426
943.287715 487.397170
984.633883 296.170321
961.220578 354.327633
1009.303426 468.225447
951.040960 557.812993
942.079785 361.191260
956.094881 447.512054
958.748557 353.149179
959.083239 344.871952
984.760255 330.396933
952.126974 316.191192
1011.849380 352.408996
971.923333 324.137065
978.339590 332.025560
955.049772 499.208586
1002.886458 484.025318
996.517603 361.262820
983.204513 457.488184
953.472771 330.808801
974.710646 339.527273
982.804090 385.953794
967.081686 391.410239
961.685138 353.868938
981.781767 499.563298
988.323276 451.784427
951.314407 454.492760
990.092302 387.623127
963.762057 455.244084
975.530732 386.588485
996.863886 395.934839
982.968384 391.527213
960.516222 405.166685
992.565543 436.639858
983.493940 430.174160
956.315861 431.154983
961.215711 438.995890
967.982131 439.622121
981.551350 397.400134
975.529702 385.605709
943.263181 425.740976
972.600728 455.633548
991.053796 428.243872
987.019845 476.290452
957.018863 437.167206
