42.522533 108.764571
35.182633 119.295991
37.836703 135.751016
46.593432 138.596681
44.703129 156.031059
45.507754 105.475193
51.357500 161.543869
54.765270 170.290200
57.811962 99.611527
59.539421 179.422091
64.709713 186.902487
66.288521 98.914792
72.280004 191.475141
74.095236 94.555805
82.493504 206.522146
83.642830 90.636136
89.387953 209.257632
90.798536 229.096423
93.432466 98.347931
95.883326 234.557272
97.365438 241.998982
112.507505 98.717867
113.217389 249.880630
113.593550 102.686329
124.953308 256.495251
124.830725 102.895023
133.195264 262.464283
134.507286 111.943510
132.811081 272.267355
146.184987 278.201401
137.684116 115.552517
142.196617 295.289293
144.189187 306.131747
143.527409 314.603980
143.816462 326.438084
138.760582 338.907555
144.067306 345.639936
147.885562 287.675627
147.349019 354.731722
158.027413 114.913616
154.933640 83.709469
158.784130 101.063820
161.055730 359.747513
160.624503 41.386680
161.751263 52.322712
164.149502 64.197716
163.055092 74.480629
172.553406 363.436388
172.372967 43.777035
176.499839 362.907130
181.333890 42.038438
190.257565 358.038076
194.528489 43.410903
203.178532 359.600541
206.032012 47.198999
203.459802 349.559736
213.947856 327.001871
210.385433 335.915664
210.051659 45.026137
216.041169 81.324924
213.488776 94.181027
216.095742 102.121701
211.624337 112.206738
217.502640 121.038672
219.646202 134.062977
222.129603 49.635788
217.236781 61.408543
217.184003 73.905875
219.726404 142.460676
222.416020 325.470659
230.327159 152.086880
230.917303 332.963884
233.703036 152.482497
237.399651 335.807310
238.800038 162.679740
248.900346 340.408115
250.914287 168.139135
256.853131 340.346103
262.339519 175.664696
267.141345 341.983168
266.802994 167.879761
278.905632 351.098017
278.671127 169.642491
288.399817 353.725282
292.413943 366.361922
290.257476 372.839758
288.160965 160.541202
299.903699 381.751383
303.664150 161.462782
299.973406 384.820302
310.358057 161.915279
309.475235 391.186653
319.787610 168.292178
323.343649 388.454036
333.083995 163.862617
331.893435 387.498179
338.405172 167.867881
341.303755 393.786954
349.930465 168.457611
347.414217 391.153467
355.824136 174.836266
356.833480 184.413695
355.727839 199.433953
356.391883 240.648176
362.821901 253.272143
360.485574 208.568380
351.850087 214.932110
361.869997 387.487298
364.425631 229.746135
364.022043 252.680515
372.252213 264.418439
377.025942 391.429710
380.181250 272.539554
385.244144 390.460940
385.881130 281.218034
392.065812 396.094918
390.177133 289.254567
398.795589 294.915753
404.075013 396.632530
412.860779 301.833412
409.984626 395.541287
412.905713 310.153649
419.408444 407.292555
418.487989 317.703683
420.535617 412.592059
423.547892 422.648012
429.980569 327.432993
433.363073 426.946003
434.409465 442.121236
433.972768 325.798468
443.045514 453.868857
447.912839 459.187018
448.087899 339.390845
448.558047 465.348656
451.699172 344.508028
456.426892 480.662191
464.267265 352.754914
464.545790 485.544643
470.097587 494.661719
472.493180 349.104044
480.940705 413.641071
483.589306 496.914533
480.825820 353.709099
488.847532 403.139440
485.149779 422.286976
488.137558 436.845115
488.332155 446.702317
483.463842 456.404621
484.579966 464.133975
488.792328 472.277864
484.880988 486.820903
488.538351 351.244895
491.322013 397.775577
501.221321 358.739193
505.189054 395.178196
513.348871 362.505379
512.862005 393.309904
523.879630 366.134157
526.855206 404.639519
528.810543 366.307194
534.614835 406.362785
541.462771 367.054167
542.293863 399.275113
548.223358 366.315756
550.086644 394.333451
564.098407 369.782025
559.948151 390.988920
570.063926 375.613124
