174.706699 147.408691
175.802930 147.593599
174.122985 150.604640
178.317666 151.749180
176.577699 191.337138
177.402436 192.648533
175.610696 195.216519
174.977924 196.186406
176.284281 199.501780
176.709377 201.136921
176.399720 202.393458
174.796716 204.923787
174.129520 206.108411
177.327599 154.874262
181.554641 145.575025
178.036044 192.140233
180.409235 207.085729
177.993625 154.620295
175.390706 141.533264
177.643875 144.819343
182.106765 156.439048
180.834909 191.052584
180.829581 207.782212
179.302468 157.502110
181.859536 140.192897
183.554185 190.080234
182.774327 207.258206
184.878117 157.539775
183.444616 138.029603
189.204325 188.363525
184.965695 210.067620
184.716239 153.711565
185.894380 211.542289
188.249620 136.483102
187.036375 185.593096
184.080058 212.692693
184.845208 214.303339
185.266195 217.109909
186.889311 152.458930
188.865155 136.672044
188.554276 185.281282
188.540039 218.076270
186.951181 152.172366
190.009231 136.789825
190.846187 185.239109
189.993736 217.869053
191.039375 152.761295
192.011610 137.239932
190.777513 185.594973
192.265371 216.950769
190.220285 153.741813
190.499830 135.793232
192.981000 185.029252
195.980792 218.547980
193.863507 154.287630
193.569123 157.308716
197.914410 135.603666
198.836308 186.001759
196.482803 216.981663
195.011797 157.741884
197.732496 136.193909
197.141677 184.575653
200.038996 218.487152
196.780088 158.784776
201.319697 135.714107
197.681774 181.240863
199.681371 184.847577
202.793807 218.147866
198.245762 156.599391
203.585399 135.563656
199.880034 182.092491
205.080156 217.757443
203.742912 157.300086
205.682965 136.411972
203.550964 181.555134
204.730225 218.487647
204.964170 158.116663
205.109072 137.357434
206.749170 180.447317
206.867232 218.159065
207.820661 157.709106
208.608609 135.567081
207.030128 179.212776
206.791306 218.436682
209.261652 157.367959
211.654845 132.650559
210.136398 134.233510
210.794126 177.876496
206.524865 179.244978
208.283136 217.409968
212.221243 159.102002
211.715693 165.935610
211.890961 168.035140
210.716535 131.573872
212.477864 176.255642
208.505262 217.084647
213.310367 159.803041
213.041575 165.894012
211.940159 169.634057
212.955224 131.923158
210.441829 133.339606
214.513931 174.068227
209.928312 219.560198
214.134272 159.857284
218.893467 162.249103
217.541572 163.428888
215.359738 169.887408
214.863453 222.430148
213.539947 134.935074
215.271226 173.085862
217.894568 222.931859
218.076606 136.217462
219.851223 221.274954
221.166746 138.439900
220.457820 140.817063
222.171322 219.456617
224.669717 140.083427
223.148075 218.996854
222.306736 140.498658
226.215852 214.879096
225.163204 217.302449
226.724936 141.968504
228.008803 214.772023
227.587403 140.134162
228.157779 212.479272
228.051262 141.264984
232.643705 213.823445
229.999373 141.452076
233.272584 212.768258
234.031034 142.292582
233.532863 144.574914
231.825533 210.871272
234.999384 211.593419
235.498191 144.899043
234.994293 208.615930
239.496919 145.911995
237.326273 206.941233
238.480622 147.226701
239.312423 149.521995
240.566452 203.857784
237.735424 150.187116
242.471493 203.843356
243.388742 197.549210
242.290781 199.790014
241.550254 151.626673
244.432496 193.644989
244.659115 152.245361
247.086345 193.918797
247.203248 151.632493
246.634754 192.784645
251.393400 150.552541
252.975289 192.415093
254.204931 150.672990
254.153036 192.927706
253.227543 150.698026
252.539136 189.946798
258.498833 150.957899
255.385667 188.578493
256.643508 149.838446
258.672189 187.220842
260.187240 150.467392
258.553396 188.100254
263.164920 151.316680
262.814190 187.413749
264.063552 153.341668
264.977720 153.993195
266.236998 183.615831
268.305074 154.111658
267.109157 182.633321
266.573819 154.940176
266.521969 180.475741
269.648769 181.542827
269.013121 152.019597
266.513325 155.154312
268.297191 180.252880
273.773151 150.066266
270.689322 178.997449
271.699159 148.575255
277.345529 180.088267
272.934910 182.566946
276.526051 146.211530
277.255124 183.917113
275.892618 146.148056
277.967066 180.447310
279.190573 180.852357
277.082713 145.843222
281.823884 178.966872
282.667835 144.975171
282.231835 178.259297
282.889414 146.620407
285.833827 177.737919
286.671514 145.231375
289.092530 177.358709
285.651379 145.988625
288.821684 179.017491
290.329678 146.132863
289.739255 177.877529
290.406837 145.949488
292.223098 177.659519
295.135036 146.865742
295.534164 177.178084
299.081205 145.414352
294.595782 176.979363
299.116268 145.938659
298.539121 177.267972
302.476578 147.062457
301.354269 178.866280
298.786038 146.362849
305.792376 176.677807
307.420305 146.075699
303.284768 174.531391
304.298016 146.843434
306.905007 172.162350
308.876112 145.091837
309.214915 173.462196
310.019354 147.055015
310.466060 173.019573
310.763706 146.124904
314.487798 173.359057
311.211771 146.393502
316.577981 172.735998
314.747286 145.953701
320.590481 173.082883
319.200225 145.951249
317.335774 173.488128
319.700809 146.078005
320.741624 173.430415
320.911898 146.106446
320.896747 174.239147
324.461036 146.247902
324.186409 175.078408
324.519496 177.338908
327.825348 145.276508
327.740998 177.148326
331.281598 145.892700
326.537464 178.118671
325.581799 145.597229
329.009025 176.798799
335.125297 145.369946
332.787558 177.430177
337.867308 147.053626
334.844249 177.979665
334.966877 146.662587
336.939125 177.891399
337.957880 144.698393
342.194767 148.246141
345.009200 178.345715
341.811512 150.185000
341.827071 177.531917
339.926351 149.240567
346.155670 179.884085
344.966296 149.903274
344.748002 180.375391
346.469134 181.093361
347.707815 150.247463
348.079886 182.918589
346.586891 151.338786
350.330639 182.117386
352.023589 151.301124
350.356908 183.170057
350.066872 151.962386
355.051136 183.807196
353.435333 150.674697
356.006799 182.363887
355.223545 151.757523
357.072514 182.369178
357.405242 152.372767
357.296343 182.573030
359.878170 150.861005
361.125234 183.995778
363.153165 151.627282
364.090552 182.995094
365.378295 150.927438
367.497382 182.841148
369.286354 152.232168
367.650354 183.251282
368.582252 150.398612
369.586670 183.834952
367.318712 151.324086
369.322483 186.446860
368.867752 187.138223
368.028804 149.990473
373.446602 188.743528
371.491291 153.426889
375.120750 153.312225
373.137173 187.966794
373.245487 154.941322
375.957786 187.600102
378.696594 155.519395
381.435722 187.924251
383.191044 155.346793
379.437750 187.069548
382.717181 157.648897
384.260936 187.743570
382.903226 156.517445
381.936330 189.021739
383.881849 155.024037
384.941665 187.459712
387.978046 154.972312
390.279037 188.107573
388.605729 157.086242
390.448647 191.049507
388.931389 193.410877
390.559768 155.693480
391.057502 191.847150
395.027797 156.344685
392.895668 193.298937
395.314930 156.296104
396.939838 193.471385
399.710097 155.683484
395.670279 157.853687
399.724915 193.203136
395.432565 160.145472
402.006929 191.681929
402.725060 159.157692
402.544503 192.657636
404.760369 160.619299
405.528525 193.832682
405.461713 160.805474
406.607676 193.070515
407.964237 162.100745
407.949936 194.844763
411.095996 161.232050
408.988374 196.385174
411.570431 198.162709
410.417854 161.794322
415.199523 197.262010
415.452697 163.173902
414.380933 164.069263
418.547094 197.497438
415.260839 166.151818
416.807073 197.660002
417.740000 166.521454
422.701776 167.780932
422.133208 198.830487
421.226736 170.043184
419.276960 200.884288
419.561621 202.939791
424.819456 170.242528
426.351797 203.931193
424.334627 170.502928
424.128137 202.440504
424.223798 170.576349
426.306712 202.226563
428.972695 171.171627
433.618852 172.439435
426.531192 203.164872
430.389406 174.678999
432.823855 201.865023
434.395398 174.437752
428.407607 204.463268
435.012705 175.414795
434.978617 205.348760
434.077680 206.376491
436.006218 175.622892
433.834108 209.769254
437.492548 210.523554
437.687600 212.446348
438.688825 175.819300
436.890116 213.520524
439.763639 177.044838
440.423925 214.169206
441.005151 217.006121
442.575017 174.898410
441.027258 218.321037
443.310070 176.093702
446.125933 218.094715
443.160114 220.768145
445.369459 176.911333
445.736194 224.318596
445.991397 225.786688
448.743841 227.043027
447.917313 228.186198
448.503223 175.517256
449.675817 176.772227
447.795511 229.186109
448.244323 179.509073
448.920956 231.849717
452.286232 233.458223
451.462139 234.639985
451.388745 237.487584
448.577245 239.826629
452.277848 240.487295
449.782671 242.638168
451.594806 180.350141
453.613437 243.475202
451.506234 182.324647
456.434856 244.998665
455.208288 247.506585
458.092400 181.840799
455.953122 248.455399
457.810459 180.551598
459.535611 249.004804
458.258106 182.133870
456.786622 251.581870
460.189860 253.512530
460.042979 180.752341
466.736883 254.691619
463.025510 182.692554
462.873376 254.451676
466.424587 257.296335
466.051579 181.699682
467.322164 257.770678
467.634056 181.341594
467.511946 222.470538
468.689251 223.635089
466.207845 257.422487
469.603972 180.338428
468.043197 218.469884
472.500876 225.722691
470.117786 257.235033
472.219712 182.084732
472.812735 217.721199
475.105741 226.400867
470.309037 259.376817
472.269176 180.942661
473.632273 214.634731
474.152240 217.702399
476.245944 228.445878
475.425060 231.256784
473.958657 258.148914
477.592380 180.833257
478.768188 213.696489
477.365353 230.807156
476.318243 256.890107
477.637571 181.505669
475.904160 212.528625
478.116681 232.800273
479.750737 235.096857
477.910212 256.746097
477.132259 182.186993
479.729685 213.239291
481.649568 235.083256
479.138581 258.481088
480.545374 181.079389
479.859810 213.252259
483.724371 236.872986
485.760186 238.490169
481.841724 240.231274
484.236121 243.195309
484.879891 245.130114
483.544059 245.838783
481.262232 247.472279
485.136279 250.635893
484.889863 251.390635
482.392379 254.099016
485.763194 255.237234
481.147863 258.519876
482.287088 181.890356
488.829382 184.466801
482.748613 214.469468
482.564102 216.229385
486.003209 184.447011
487.272316 219.329625
487.040537 220.608126
485.433684 220.997995
486.574183 184.739470
488.861298 222.407955
493.076109 185.593207
490.900587 224.283659
491.943224 186.291905
491.425159 222.373009
489.788608 185.870002
494.549315 224.576849
495.305438 226.494314
498.307512 187.012579
495.347097 228.177712
495.386538 185.502618
498.352272 229.258129
499.274645 189.597159
497.991252 190.296040
501.774442 230.775536
502.847312 232.628329
502.972483 190.980427
504.502243 232.811506
501.916675 192.643147
503.034462 194.337155
500.344461 196.479636
502.192755 199.054063
502.793958 199.349272
506.404174 201.292954
502.121791 204.540395
502.957202 206.263689
502.687438 208.505667
504.025769 211.030591
502.320812 211.286726
500.301413 213.585770
501.244768 217.387382
505.536158 217.871728
502.842046 234.207466
505.825162 220.906684
508.553384 232.648122
507.126439 219.619410
509.136644 222.756516
508.066096 224.133501
508.370777 225.717460
507.451618 227.557568
506.450485 229.917836
508.208155 231.340978
