109.294443 713.326881
100.683390 712.851479
108.706418 726.405843
103.317229 732.458352
107.789957 740.623573
106.682251 729.106263
104.877013 745.058810
108.257223 740.066469
108.107929 755.705008
103.205967 747.527194
104.763393 751.316406
108.825778 758.538001
108.370825 759.103288
102.174377 764.773270
111.370967 778.661365
105.151782 779.352408
109.032933 776.744715
111.011276 778.494350
106.283828 780.773911
111.161146 715.923929
105.070766 786.488198
111.869773 683.436673
111.629584 687.603383
106.673613 684.309609
107.053603 709.411484
112.288857 695.308130
108.161906 693.390439
110.709848 704.571483
114.331577 781.834567
109.616718 800.023273
109.833143 813.106957
104.697806 807.035524
112.413820 800.634132
107.685696 818.202565
117.314963 669.092312
115.175662 626.332281
117.017139 638.305017
113.764758 641.260918
117.350598 640.465436
112.983186 657.147339
115.251364 650.865739
116.001975 660.327832
115.241673 650.097606
119.924207 657.836314
112.024290 683.039395
119.658148 812.252211
114.206765 829.816952
115.081547 825.682804
112.519190 640.963684
121.470633 583.192455
125.810118 591.359133
118.716222 590.104915
121.358173 589.549535
123.122327 597.642617
123.876354 597.852155
123.792234 599.185266
123.421953 604.809905
123.074175 610.491871
118.411996 624.933451
115.724594 622.582761
120.508361 633.026766
118.979864 829.875807
125.144919 822.683846
121.911252 586.203503
126.283312 839.291014
129.635761 551.929027
125.270281 558.578410
129.720075 556.850056
125.953618 557.361731
126.710718 566.072257
123.773756 577.548206
127.520877 844.731097
121.553256 832.856980
129.424568 549.999145
130.037182 832.616668
130.114655 497.615008
131.787063 489.431348
128.820568 497.561899
131.190421 488.929332
127.902375 511.499981
130.428117 517.742825
132.283678 518.257351
131.583498 516.953873
130.479327 516.839201
131.561642 529.986654
127.794926 535.161519
129.438107 546.692248
131.239712 538.795529
136.058125 852.836344
138.376976 483.379091
140.925215 464.025123
137.099962 477.278275
136.776856 477.230915
138.890485 848.246038
131.655653 845.423482
140.211815 853.561713
135.932534 462.829726
137.549350 458.561121
138.887933 465.904175
138.988071 861.482169
141.014232 871.079864
145.257404 454.385169
142.270689 861.020252
149.895293 446.039326
148.593154 874.996476
153.002264 434.305990
148.744744 421.618637
152.386980 420.914039
148.582952 424.346259
154.377468 871.002445
153.158342 409.938404
154.826680 872.153512
153.360287 409.657823
156.571089 874.622510
158.341775 412.642590
162.562265 397.483397
161.096408 404.485595
165.815930 864.964881
166.223776 399.165188
165.896298 391.089913
160.398056 393.405298
168.019952 878.864278
174.713890 385.821302
169.149835 867.705538
176.339980 369.350990
180.133444 863.860034
175.654688 365.521536
179.951039 863.337594
178.274357 870.361211
179.791381 372.675403
177.925731 862.394214
181.778695 1290.071237
175.099320 1291.818450
180.600587 1286.442184
185.958253 1301.023654
181.271577 1303.078044
180.524741 1298.823504
180.343796 1310.837877
176.954080 1310.758004
183.744404 1317.574098
183.554010 1322.654476
182.728000 1327.261493
179.993055 1337.078386
183.033169 357.678185
180.408180 1334.710194
177.001710 715.509204
182.336137 721.708193
178.789822 727.536591
185.479841 732.056079
187.829995 737.358018
180.487139 745.123298
182.737186 739.062885
187.348075 742.276689
185.102859 742.111490
186.201014 754.145381
184.482603 745.683042
180.793321 762.995071
187.741547 758.237752
186.386305 759.157740
186.164963 782.953136
182.188575 775.650040
188.991237 778.521061
184.465329 777.044484
181.378245 774.704536
181.471897 791.836897
182.713495 818.268500
184.176508 821.010409
182.656568 828.420255
183.729995 831.151312
183.392323 831.719601
178.987588 843.124377
184.766982 852.089662
185.283393 855.344608
181.199722 796.610118
184.670683 1280.364417
187.729384 368.352908
187.361092 704.387730
189.619694 824.266050
187.714508 1163.215779
182.991885 1171.471172
179.852781 1177.523839
185.676900 1183.179248
185.170045 1174.285928
187.400059 1167.802691
183.346947 1177.738292
187.389031 1179.448609
178.716191 1182.017389
182.962218 1205.471028
184.156877 1205.696811
187.487598 1212.551728
184.733107 1200.961395
186.510042 1212.225181
187.968806 1216.409250
185.173503 1232.832417
195.892582 1216.434685
184.021219 1233.031515
184.837716 1225.542728
186.868761 1236.734760
188.794192 1230.979835
191.755289 1242.720113
181.398646 1241.889104
187.291745 1245.168351
186.518356 1262.070525
185.296150 1248.707333
187.656232 1265.697655
190.587291 1253.202755
186.672225 1276.365796
188.547729 1278.922402
189.018710 1334.661837
186.506159 1339.346108
186.345369 695.549913
185.343807 705.760791
187.715108 715.442980
185.023131 710.767542
192.396078 805.809517
180.252603 795.234567
188.955113 798.946056
189.491536 805.430029
185.288170 808.218262
188.702729 1351.255194
189.088935 352.323278
191.248557 1163.906798
184.727993 1105.147783
196.396331 1120.511649
190.628209 1100.669140
185.325446 1110.863027
190.833132 1110.832063
190.209334 1129.225665
188.487800 1123.807795
191.165990 1136.020259
192.885197 1136.712938
192.530946 1146.099590
192.812307 1154.604240
191.204867 1148.619369
191.307159 1346.683778
191.980673 1343.139379
191.546028 1355.310551
192.008305 1360.732217
190.850851 1370.833618
190.110805 688.248017
193.097638 670.245422
190.575568 666.846253
192.209569 681.780339
190.513102 680.309002
197.011563 676.041397
192.966879 361.586213
196.339169 1085.748860
195.649797 1365.000919
198.510565 1062.617879
193.093723 1079.180203
200.234878 1068.840615
191.781441 1086.138254
202.102191 1082.441399
198.107896 1080.821381
193.757466 1086.065252
200.664197 1086.175077
198.729139 343.299747
197.643244 670.898936
192.399740 649.553990
198.920928 660.499357
200.099903 1368.039318
199.889578 1059.350910
200.474882 348.303726
196.574811 1063.918453
198.719359 1388.396596
202.131479 1371.718732
203.504548 648.515278
203.304238 634.782149
204.461467 628.725636
205.614617 640.543846
201.336640 338.038366
200.456739 1056.578217
204.782066 1385.162349
207.700056 1030.027794
202.444617 1025.663397
207.682193 1025.490618
207.161008 1033.032076
207.197811 1022.202012
209.082341 1046.266420
210.423642 1068.306541
205.296342 1388.600628
205.032837 1389.556514
200.619005 1382.717519
204.672074 632.519970
211.406314 603.672461
209.066686 610.305012
211.951389 621.512603
208.310562 617.481424
207.976689 618.937140
210.545386 341.042375
213.155098 1030.608919
212.239924 1403.594630
211.728387 974.586139
210.004658 977.605011
210.219909 979.231736
205.825263 969.880312
215.140212 983.246860
212.872605 997.382760
209.663331 995.000843
213.258808 995.409432
210.880582 989.976439
214.002542 1003.157264
212.695136 1003.025471
207.418809 1013.197438
211.459945 1395.030637
212.761120 1398.909893
206.999862 1410.560102
211.066191 612.248058
211.843253 339.115668
212.028502 597.020053
216.788159 951.718330
210.452537 1415.746457
219.422498 949.974270
215.561989 944.112573
219.856732 344.039283
213.921590 591.538087
214.932666 1410.472635
219.799448 580.833067
223.199347 579.912146
215.084236 575.096293
218.294836 949.694559
222.983935 331.732092
222.640416 924.512065
224.631980 940.932986
219.197559 930.049873
217.804714 923.629177
219.133320 941.480177
217.283008 1417.779541
217.354387 581.153759
224.992474 569.449567
226.385256 331.571156
224.509553 930.408463
220.301389 1431.367105
228.414419 909.814643
223.415953 905.962188
221.817419 910.602942
224.310974 561.452596
228.256165 339.455735
230.784123 1418.408766
227.943267 918.055382
229.719999 579.291812
228.082054 878.492236
231.358597 893.879852
228.926648 899.084431
232.544622 314.378816
228.908213 1426.917737
239.238473 563.737220
233.563266 882.657285
234.810612 317.413458
236.285361 574.303087
236.447217 572.682777
236.363870 875.259425
238.895467 865.369494
231.442747 866.987756
239.498445 1419.270137
239.322143 320.691258
238.384483 569.424688
242.339620 861.346918
240.882793 1422.537858
244.470223 572.700178
237.549988 575.339786
240.834667 693.084549
242.192542 706.762290
242.642121 703.531936
241.222118 713.051209
240.199240 706.395999
244.946355 714.038638
240.733357 722.498651
241.422098 713.106089
240.518315 735.641179
239.370877 733.513994
243.408528 740.523268
241.504993 739.197575
237.618418 746.575862
247.250468 750.304501
245.692182 755.579984
242.234848 762.670491
242.693724 747.447152
237.681104 760.630895
240.046676 770.021162
239.243212 783.741041
243.720346 769.787088
239.843610 783.051723
242.465645 781.880110
242.849102 792.739263
245.601320 794.954752
245.154129 802.309721
239.367687 803.488832
240.465649 818.961212
236.188973 807.041719
238.952624 809.809357
239.634774 826.592258
243.698918 827.835207
239.428032 818.486888
240.756107 836.311475
239.796849 840.291775
239.704134 832.866215
245.090414 839.899137
241.583818 852.074825
243.178954 847.356122
240.282717 851.649378
235.468947 872.144475
238.713903 1408.277273
246.519486 321.258455
247.174428 591.219210
243.879074 680.661122
247.668951 583.336075
245.209635 596.278412
244.569448 592.912889
250.082284 604.841332
244.419251 614.869743
248.563139 608.841504
242.548543 602.983354
249.781612 615.022628
241.985598 629.058143
247.408016 618.691449
251.930264 633.389340
243.744896 634.146183
246.506002 635.249560
244.105662 642.501641
247.761402 648.588919
246.060648 660.909074
245.525069 653.499412
246.129314 654.518679
247.037213 657.655126
248.142932 662.138320
246.389296 684.261223
242.691894 673.278105
248.482062 678.197383
245.308178 689.540475
250.650979 682.851922
248.301555 1413.746352
242.642192 330.064329
252.857839 1403.014809
251.447711 327.853659
252.087309 1383.470295
252.074049 314.639624
257.986254 1393.681747
257.388396 1384.378363
254.469697 1393.241429
259.241318 1387.773304
257.078962 320.510194
259.937337 313.395577
260.527075 1381.345340
264.627220 1353.257081
258.459704 1366.879252
263.689809 1368.881162
267.580173 1371.473703
263.230049 1376.472091
265.512535 294.353091
264.333566 1357.974562
268.710952 1341.266314
263.872518 1348.689992
267.570072 302.165366
272.285482 1340.385382
273.387000 1323.725281
272.688384 292.251035
274.842296 1322.213134
278.653456 296.355654
275.938208 1294.139327
277.836535 1296.731837
282.671500 1300.847695
286.547946 1303.109136
275.954225 1310.024147
275.248972 1310.453071
277.634907 1319.548494
276.638205 1328.306099
279.591789 306.995239
282.716560 1300.667415
283.471136 1236.983192
275.396239 1254.205708
283.181253 1243.285954
281.712197 1253.058751
286.422026 1252.099700
282.208396 1260.743841
279.459873 1260.447192
286.997254 1257.632094
284.845108 1277.579460
283.392485 1262.619792
281.922827 1263.509124
283.045670 1286.177451
286.162541 299.934850
287.257446 1227.317744
289.466219 1222.054621
291.747110 302.786705
296.132655 1208.489001
288.924607 1189.706799
293.209063 1199.522921
294.485000 1198.831737
290.944694 1196.661925
293.563650 1204.554995
289.643718 1210.033643
291.604925 1212.878783
291.994420 1213.372560
292.888365 307.769583
292.601581 1186.051820
295.995708 296.498470
294.207886 1169.177161
296.660834 286.909891
298.355896 1168.279041
299.349362 1171.033118
305.171820 1158.412011
308.628047 302.786322
310.471187 1155.779404
300.584809 1118.670900
308.477442 1118.917009
305.129377 1122.247255
312.346804 1137.306804
308.188506 1133.498917
311.171660 1146.329224
306.700461 1144.968535
304.079299 1149.477388
308.813899 1140.489991
305.814017 1150.754164
302.037188 294.216702
311.666049 284.845147
312.455944 1105.929695
312.984376 1112.877291
307.420690 286.700639
317.680319 162.620696
312.384690 166.985031
317.440767 156.711714
316.658726 173.206131
316.429404 171.889319
313.455816 179.709443
311.803788 178.765131
318.438027 193.619367
317.740459 189.043807
312.986792 204.470723
312.157817 200.744475
315.128401 207.120397
314.158655 211.231793
315.068862 203.418884
313.892144 226.772536
316.990892 229.266650
317.598329 232.384637
314.156937 226.927870
312.600894 236.755121
318.256532 243.917406
313.421795 241.041947
309.894275 228.363318
311.391137 247.997932
315.247824 266.180295
311.610639 248.578109
318.490410 269.516718
318.843544 265.138959
317.056331 270.760590
320.328373 280.498454
320.414870 272.919688
310.954675 281.787031
314.657930 1106.373892
319.558282 1081.455388
321.794283 1083.508504
322.570560 1077.324851
318.977808 1090.691323
315.435870 1093.987926
317.429922 1106.353857
321.497656 158.248678
319.721090 162.327338
322.825356 1080.814745
324.130443 1048.707305
322.344404 1049.770005
323.980864 1058.554784
325.796201 1063.306536
322.019488 1073.988889
322.686328 1069.490567
325.498504 150.049098
329.672535 129.393453
332.306900 1051.840883
330.281070 1044.433472
327.466159 142.967935
334.531015 135.124249
332.198041 1045.291053
337.923303 1015.340515
336.521367 1001.957018
330.314857 1018.759639
329.515703 1010.149945
339.272994 1020.945614
328.372274 1029.252941
340.277791 120.187053
336.773804 121.843500
340.163997 994.140546
339.273542 993.134834
335.273622 999.441448
337.352675 112.853307
342.092610 987.014293
342.796734 981.758804
343.752160 975.273995
339.196242 972.409085
341.352522 978.308948
340.786564 979.721015
340.315362 114.602885
344.695312 965.956733
345.107799 114.920394
344.762989 945.270888
346.332039 950.038790
349.226269 955.995113
352.657399 114.343918
353.095361 939.743608
358.346168 111.166711
356.320840 929.638080
356.610791 97.953256
359.055036 932.857294
361.894805 98.271316
364.813368 940.214190
372.361108 115.577781
367.014056 929.824968
369.704165 941.825207
373.253410 120.794447
370.537919 939.611277
377.072577 927.820309
374.360840 99.928924
376.353121 942.136693
377.592666 948.797504
380.349267 105.388321
380.095045 948.426780
382.785230 960.270627
385.317656 960.677943
381.045771 964.753748
383.868266 106.684373
387.155300 941.348548
383.430836 977.485557
383.327723 973.056228
390.248801 115.736660
389.192279 978.815895
389.240649 113.663454
391.151466 981.928169
393.441950 986.615319
391.107533 980.969576
397.180704 114.212869
401.690808 987.602370
389.782788 982.151302
395.938295 994.914330
402.212253 108.297067
401.430460 988.990101
406.588775 1012.130832
398.188271 1007.251598
403.427469 1006.171109
403.456867 107.979457
403.914126 107.325289
402.780021 1004.251473
400.628203 1251.689125
401.795980 1265.615722
403.391777 1260.245911
405.921148 1263.117511
405.504153 1275.948566
408.419472 1269.654191
406.868103 1281.653460
403.677741 1278.765113
408.210853 1287.591896
404.450550 1295.395604
408.538727 1291.883082
402.939937 1301.932073
408.364648 1012.454667
404.976514 1299.630357
407.097971 113.462214
406.784328 1253.918729
414.149625 1022.391692
412.441750 1014.481833
408.768630 1210.960062
409.760959 1210.142601
409.561297 1219.540411
404.942863 1219.070200
411.329595 1214.476521
412.438630 1234.366961
414.211750 1243.760237
411.990619 1230.875280
411.108704 1244.438025
412.768978 1238.597405
409.269613 1251.094797
417.934251 1296.593000
410.723009 1314.061485
408.877417 1315.417857
408.436246 1327.326138
410.660300 1314.586015
408.070364 1324.708114
412.739119 1328.102321
411.949245 1323.201345
409.207352 1338.699782
413.574861 1344.449733
411.051173 1346.862352
409.842644 1359.966810
417.332257 1345.820182
410.436606 1360.714612
410.176035 1360.254620
412.058327 1368.380611
411.281050 1364.550777
406.293379 1383.092926
409.518045 1379.084079
412.593867 1386.321814
406.145117 1383.527172
414.048648 104.090952
416.707595 1032.734887
418.902849 1189.281595
415.575466 1394.160786
420.348112 1039.061263
416.288998 1048.279326
409.951792 1052.216354
415.839908 1035.680923
411.435120 1048.577447
413.204821 1049.965417
413.343422 1056.531331
412.543546 1065.103782
417.450783 1069.064616
418.722594 1063.493350
414.773972 1065.654376
414.366296 1079.576477
418.663949 1082.403746
415.237838 1087.437122
416.195497 1079.885979
414.362237 1091.241722
418.084255 1096.143015
415.659541 1103.189132
416.086958 1100.511905
410.756883 1111.960618
418.931545 1111.117677
411.358143 1113.143469
410.908966 1116.594567
415.374621 1128.275451
414.065962 1132.773383
419.783339 1127.422300
419.368569 1143.245032
414.064025 1145.022417
411.125478 1158.028556
415.204055 1141.798823
415.693242 1146.162939
419.346419 1152.883490
416.088132 1165.596908
416.439984 1170.979529
417.818503 1185.936720
410.845922 1175.770023
419.203935 1165.450095
417.953669 1176.072581
414.702554 1177.996159
413.262003 1172.961395
410.902759 1207.809535
412.874438 1391.750259
415.117583 1406.912365
415.790540 1396.934915
415.454913 1392.899535
414.932682 1400.291865
414.043750 102.197414
419.931299 1406.046366
418.323254 109.915333
419.917433 1416.084632
423.278609 114.637923
425.008379 1419.592735
428.756983 1421.545009
427.519402 109.638080
428.332633 122.277648
428.269002 1425.492390
440.309998 124.239792
434.061480 1423.142538
437.951997 123.680298
439.664924 1434.157991
442.197947 121.876276
443.331159 1435.070437
442.075812 124.336007
442.838019 128.539424
449.898351 1429.358107
451.026323 122.094547
448.964520 143.583905
446.148514 1420.357993
455.995034 134.790061
455.924015 146.062307
452.060307 148.942889
450.751010 1428.670194
458.317957 147.281119
452.914894 160.087663
463.802860 171.166197
455.333132 152.097229
459.226675 157.074337
448.594318 166.503270
464.505873 177.882243
457.961097 181.662020
453.808273 189.828099
462.801129 188.066206
456.447892 196.908157
451.717818 184.241410
452.785879 195.680933
460.173748 199.533104
461.827504 204.188943
459.782385 203.578382
458.199136 201.749781
456.131707 212.538330
461.594789 229.606593
456.069864 246.845391
457.241929 225.455316
459.905947 237.650950
457.472788 228.155966
454.712729 239.306401
453.036041 243.079717
457.017102 257.786858
458.110116 266.039091
454.829485 263.795923
458.899975 268.540435
460.168479 269.542542
459.774603 262.654378
460.548658 273.891269
466.082822 270.674178
458.009610 281.425626
453.165844 284.028244
454.150656 1409.193818
464.304073 287.055827
460.592591 1412.062437
466.716999 307.269691
466.771447 305.012849
469.118253 1414.281594
471.538677 307.449149
466.073309 1398.872592
475.665550 295.361321
473.737746 1412.443018
474.392618 304.505862
480.249355 1400.706854
475.467186 303.876962
475.783329 302.331426
481.339421 1383.015869
485.263674 307.054072
484.452678 1394.992292
485.411803 322.665208
484.343364 1380.582155
487.540029 1379.390467
495.735946 311.272219
493.441243 1388.016317
499.674043 1376.916662
498.648065 309.000616
503.622010 306.981808
499.575030 1365.533096
501.569429 1354.776030
496.319800 1363.443139
496.329492 1372.676806
499.415231 316.776013
498.901498 1343.081073
500.127214 325.186298
504.368235 1312.324572
506.496942 1317.517941
505.747811 1332.402319
500.668736 1329.090741
506.529401 1352.886650
503.028287 1343.532520
506.091356 1348.748059
505.516122 1324.446263
505.663207 333.181955
510.387922 1319.623218
513.994608 322.674316
512.534360 1294.263386
514.140818 1303.850851
513.082813 1306.490614
515.484401 1309.998470
514.060759 319.198241
514.407521 1287.751819
516.923382 1245.156655
512.627323 1256.983433
511.908217 1261.239261
519.663291 1257.800805
516.887790 1252.957097
519.451971 1268.864721
518.219875 1270.057012
516.683450 1287.072465
519.831589 1284.166827
516.615726 1281.173503
517.180929 1288.870863
519.058607 332.770647
517.762818 1237.310555
519.500751 320.879921
519.438839 1203.049813
523.143491 1198.625395
524.816751 1195.874827
520.306103 1209.791420
521.936456 1203.611980
521.874957 1221.684932
523.452017 1226.377242
525.759710 1232.609156
522.618778 1218.864442
527.321979 1236.931291
521.267219 1241.683182
521.127737 1233.398626
524.455858 317.931947
524.313511 1196.703109
524.197962 1167.707586
528.385170 1160.766672
527.464067 1169.663570
529.621887 1165.512828
531.046929 1178.826552
526.716463 1185.586001
530.666125 319.632833
535.473700 1144.820904
531.929723 1011.064513
531.423364 1006.305545
530.144620 1011.534696
530.916588 1010.459189
536.098830 1012.657465
533.096357 1034.294948
527.193098 1030.117344
529.021317 1048.009484
531.944129 1040.448865
533.422834 1041.247765
531.284054 1058.179804
532.035543 1057.196876
533.399163 1064.369155
535.300066 1059.631686
534.634067 1063.689622
536.836931 1060.679455
534.630044 1068.842812
529.490700 1077.551943
532.675324 1084.901172
531.168530 1082.478233
527.715769 1102.065460
532.921009 1093.737929
532.691501 1098.937016
535.185684 1110.122121
530.626952 1105.344159
531.837470 1119.147628
534.896140 1106.606139
533.928775 1127.121748
528.582755 1134.448202
534.293427 1131.951908
531.821355 1137.720919
532.805182 1129.431516
530.881569 1131.979832
530.275132 1119.243049
532.107523 1153.423460
530.649759 1154.900960
534.435870 328.134031
537.960924 1003.634722
536.108752 323.186324
540.930712 828.439494
542.070733 839.797502
538.835379 836.182320
533.471347 844.966450
535.559718 851.884317
540.834635 861.747118
540.283904 858.345642
534.989477 855.570776
534.996525 875.401619
536.387883 869.017368
539.138791 890.504349
531.768117 886.179991
535.392623 878.346050
538.117919 888.558785
543.380514 887.767141
536.544604 897.021414
536.002433 900.154423
535.484249 878.710292
539.610597 911.100906
535.902338 908.916933
537.062105 913.926733
543.454552 908.053341
540.185124 918.063694
536.478089 920.151554
544.737455 926.133911
537.739271 936.030592
537.063099 946.295882
535.730085 954.384146
540.812452 943.580590
530.634377 958.079143
536.057649 952.764437
546.250465 962.282802
536.732981 968.631419
539.931373 958.393474
535.961634 972.664679
530.865568 981.147262
539.374644 975.867347
535.553616 985.735977
541.543671 978.755716
541.286352 992.767135
539.557190 993.256822
539.475132 821.226484
536.097980 329.294686
548.120832 550.600233
540.165155 572.964518
540.814290 590.975198
543.999731 572.545946
539.210021 591.913427
543.592847 584.905267
540.056906 607.988933
541.359563 592.902533
543.164388 605.487252
545.187019 612.349676
540.968959 615.309900
542.592521 607.297132
542.027026 619.786302
543.594239 635.211768
542.702627 620.206742
541.076868 637.590030
541.792981 632.944938
540.397927 639.817220
543.403924 638.221701
545.401946 645.382330
541.994881 663.560839
548.150371 664.953719
547.036489 652.800490
541.217627 654.463968
542.396252 678.224529
540.073443 661.529223
541.922407 673.222246
542.141028 697.979651
547.449198 689.141757
542.478121 685.153585
544.238870 687.517064
544.089015 703.104994
542.214285 699.264298
543.383753 713.087176
543.040896 704.111663
545.232037 704.418405
543.574588 712.907369
547.019345 721.577047
541.931399 718.943600
543.935043 732.118565
534.695029 742.048081
539.500956 721.883294
540.351482 740.192450
545.019980 741.458277
543.781348 740.599899
539.736859 752.111415
547.221418 757.160958
545.751292 765.443874
540.163806 759.871729
544.635983 759.132594
538.059891 785.300221
543.504943 771.640360
541.494431 794.950331
545.101789 788.821008
542.051862 790.784170
544.075901 798.459938
545.572543 794.975153
550.985485 798.594791
543.399194 804.897065
545.533174 808.504298
542.426949 811.117048
548.488709 815.328710
546.149202 821.773439
545.237920 830.751230
542.075853 326.144137
548.648732 529.348864
546.568050 538.888686
540.551517 575.514782
543.831935 340.137814
553.918823 487.782609
545.864367 492.792313
545.419573 501.723873
551.193479 511.736539
544.283648 529.459651
545.846333 511.775012
545.727948 527.890992
547.433393 520.699764
544.616039 552.008392
550.865789 555.427248
544.060569 553.343096
542.376019 557.450094
550.891314 554.337206
546.372015 570.212129
548.953880 559.307470
553.039312 341.302136
552.981268 506.003281
555.908129 340.740813
554.556357 478.190633
553.966431 481.587074
556.384939 343.868588
561.537424 477.811675
556.203053 355.940252
558.770547 479.118679
556.526945 340.505468
561.906469 486.637500
565.764805 337.265679
565.436012 488.064412
570.476873 341.900331
574.101689 493.763733
573.742317 361.787186
574.468844 493.213894
572.755660 487.098276
574.944930 358.613785
581.470380 493.270383
583.216928 353.986583
587.758683 509.396870
581.246793 350.169965
588.660551 498.269621
588.797938 364.845919
590.266141 519.359036
589.249700 504.667937
595.749348 517.455757
587.600424 348.187711
592.663275 357.698345
595.675379 516.064717
594.351754 531.301326
598.553869 367.109196
599.328829 519.715411
605.857512 728.867422
600.282319 733.937526
601.084980 734.457070
596.717750 745.427562
601.397106 756.573769
595.895634 745.926291
598.795718 760.358686
600.320422 773.867670
600.268756 757.954652
604.631798 765.379616
600.327390 765.945074
601.323651 775.959705
600.055428 766.578970
603.289452 780.023368
601.602660 783.786290
598.547405 784.740411
603.093664 801.787051
598.132163 794.722791
600.125913 812.542601
604.585461 362.582677
610.956153 366.065815
601.502030 522.828125
607.314407 724.173090
602.297810 786.869893
606.996279 530.917824
608.564219 539.728130
601.928166 715.107940
600.215450 718.029756
609.747391 724.793610
603.958378 808.065116
605.957774 814.578796
611.321191 362.263204
611.035159 527.758228
609.852749 713.544426
614.420249 804.576597
612.389384 705.840715
614.011604 362.824083
612.253852 537.594410
612.521365 377.488869
611.915690 386.790132
616.634194 814.080885
613.486811 689.120434
615.107976 544.089954
613.409181 534.930810
616.453980 546.937634
615.807673 538.755827
616.130746 552.140333
619.388610 812.819324
616.963599 386.277687
619.199917 391.931703
619.363494 389.394883
618.901820 399.425784
623.858649 390.716265
616.619290 693.801225
620.702282 559.828182
625.966872 816.921305
615.791744 559.931582
623.554037 575.227795
621.716009 562.162471
624.528174 574.937827
625.247012 582.573222
617.628582 574.947308
613.893234 589.413105
623.799543 591.615589
620.977264 592.675050
615.149854 599.921472
627.699032 597.245023
622.451551 604.924153
619.908019 601.303948
621.698877 608.204313
624.091835 620.178841
619.165318 621.096028
621.136653 629.413078
624.072087 629.657156
620.664799 628.370336
617.752400 627.901446
622.581857 656.008635
619.781763 641.256957
619.263293 652.420063
624.397868 661.998656
620.663441 659.243650
622.857688 670.280099
611.201423 670.574074
622.585648 668.685559
617.448934 679.491522
620.647013 679.823359
613.440645 680.356232
621.270162 683.734939
625.632755 406.188816
624.917700 836.330316
627.506381 396.563384
627.084265 824.024039
628.914056 408.080923
626.865609 813.997774
634.976875 415.109513
635.684123 809.064914
641.378031 410.745804
637.973324 418.438223
640.330029 410.411644
638.513562 809.207502
638.375776 413.095051
641.719756 422.839798
643.885426 814.511760
642.110401 813.999963
644.175624 429.820028
646.452908 810.607587
650.373546 427.537036
650.215619 789.092868
646.651908 800.964655
649.657674 423.528852
649.971385 439.203923
648.621605 784.098059
651.653677 436.573912
652.470507 444.127523
650.519657 448.036812
657.596186 437.945733
654.739744 449.905560
652.324712 784.581045
659.110727 449.579020
655.383077 780.557681
660.066173 760.460517
656.726476 774.203409
652.397833 454.052759
659.186599 759.727561
664.915174 469.055553
662.092353 462.723961
666.522925 759.597655
661.717814 460.608089
664.304295 755.321531
668.161463 485.626986
667.928112 737.064585
667.300605 749.871043
670.127999 471.141452
673.500599 733.768397
670.316196 473.582527
669.540985 486.121210
672.953633 721.461236
678.915281 478.832412
680.329671 495.676966
675.305782 500.525906
678.689229 501.056879
679.602624 499.409812
676.913460 509.816379
682.406318 511.416865
681.271870 510.532025
677.369817 512.242935
677.625057 536.420038
678.215898 521.073305
681.332243 718.053248
678.627699 518.817137
680.499325 722.788718
682.438010 535.915067
683.285847 681.119222
684.116065 694.147368
681.007978 692.396095
682.837105 705.028481
681.724542 701.028267
683.456911 690.138123
687.583125 707.139927
682.203044 714.084850
686.894283 543.696880
683.612636 686.825940
689.548105 532.028317
688.956599 560.103883
687.096195 546.300598
687.637398 542.986245
686.353600 561.246160
690.403407 568.141940
691.260260 564.451146
689.222566 558.515556
685.673893 578.063453
689.014931 582.267605
689.385212 579.397444
688.298568 584.823997
688.103712 594.376642
684.548559 587.986443
686.567199 587.669804
687.003019 592.778948
680.451704 590.016342
687.887594 602.980188
686.616715 612.668490
685.507182 617.024699
690.727915 621.650635
690.649848 629.889883
687.270804 633.604302
684.859723 626.915575
688.493845 642.334430
691.434629 649.249314
687.755193 639.798132
686.904789 642.342071
683.158902 649.817765
688.396457 661.536408
688.518238 660.383857
690.632000 666.751159
687.344226 658.222817
686.755472 678.605100
693.951192 681.835003
