27.750876 208.759780
16.216418 200.444781
11.522948 214.318387
5.776868 197.973502
17.938339 198.606554
25.948591 216.030919
12.601962 209.115121
29.209445 196.621416
-2.843810 215.459098
11.932633 217.153438
29.865531 181.699339
24.344302 201.707956
13.163005 223.157931
18.987914 195.617817
16.991128 221.012225
39.618264 189.135750
27.819531 200.344904
3.445862 213.767963
2.138801 185.520746
3.606375 196.543649
28.582103 227.266730
28.402263 227.666751
22.714658 231.263566
27.153739 228.477865
28.282680 166.471084
31.156329 227.099956
17.129678 178.819280
34.629394 185.964614
17.637357 226.292280
28.302512 177.283860
17.618728 165.799142
28.010653 182.503159
20.287743 175.326631
29.798083 189.731819
5.993137 234.450715
22.977602 230.154835
51.513938 240.269121
32.784648 245.468806
33.243273 170.444125
28.079470 234.337460
49.342157 161.683489
22.510537 163.637024
33.565455 223.201036
13.860758 228.261834
48.809099 172.478674
52.332355 241.836428
34.833820 166.854460
25.792716 251.096903
36.443901 240.136383
32.944613 161.205240
61.308476 159.717034
55.474993 152.962450
60.104191 161.736647
42.956164 248.069259
37.301552 150.894866
30.991104 258.884622
23.374059 161.222732
29.218500 159.303731
46.817232 259.181658
51.291940 258.194809
52.733810 262.087004
44.357852 253.943222
40.499533 265.260565
50.853828 258.619629
48.981856 255.272691
64.283108 152.627933
46.431571 274.279451
41.417455 143.057706
45.884351 261.105230
54.887495 259.184484
43.398500 138.734466
60.156186 263.334519
54.278327 160.724371
79.654598 267.405227
69.661549 150.651461
58.294836 255.522459
58.991371 291.870811
60.254525 147.225966
65.926095 270.437265
57.409623 143.271178
77.508366 282.734765
84.492513 267.044350
70.501771 123.710392
72.146374 127.074897
70.762991 129.620834
54.195753 147.082640
59.056832 266.715980
67.010466 270.794588
78.498311 297.036085
46.497260 135.074924
74.262396 291.049188
63.984904 125.692242
46.356774 297.318000
52.188110 292.883143
67.225030 144.704254
79.627697 296.034158
71.740470 127.838997
80.216299 286.729198
56.916228 140.725488
68.645955 287.829034
52.509401 138.916904
64.585484 288.115923
71.087899 137.699765
85.540295 132.126616
78.523027 299.836605
70.589903 287.177750
89.346291 298.653415
71.797541 288.967019
80.202515 280.338638
87.139392 126.274872
95.052734 288.767591
101.223041 112.916103
80.870412 313.881321
68.932286 130.697330
65.713255 293.246044
68.597573 133.746070
96.585622 297.739746
84.505599 130.771661
89.960272 121.760292
80.892857 298.598723
76.279369 298.258462
74.109309 113.836434
94.375064 317.665836
78.798418 94.740559
82.752278 307.195229
91.211286 313.456774
98.328590 117.232860
86.316152 321.656183
96.457920 123.882607
77.502607 307.134348
98.070622 111.226815
102.470890 99.875849
78.542445 311.810062
105.590162 117.627676
98.398994 313.563615
95.759663 102.825918
106.515538 317.332046
122.278793 312.253758
99.441914 90.996687
115.099272 303.462880
94.473641 324.845958
103.651575 310.763816
115.407117 110.641190
98.491988 329.880465
106.182146 88.323919
106.813784 97.303861
99.777212 313.653480
96.354630 90.968947
106.917294 326.166375
94.649186 81.399413
106.744809 323.677518
134.846817 320.031203
114.667357 89.466557
128.846037 319.665633
110.439027 81.233544
118.381675 315.835039
96.043467 96.383196
133.585944 91.852127
134.493344 325.814965
103.171931 327.302961
124.293123 335.551074
136.751081 328.735725
124.135940 331.224660
113.491774 75.210737
134.599551 329.783007
143.376851 87.272169
123.899008 332.148743
112.432649 76.988587
124.410205 69.437353
117.120713 87.057608
123.998690 81.908695
117.030361 325.173773
128.962306 70.143803
130.357652 327.621785
133.367481 75.959223
99.139831 67.728134
117.290978 335.167822
128.663370 64.994894
134.328756 63.178922
139.541856 337.501736
137.172271 337.874535
131.575506 332.919993
106.422798 344.877110
141.980658 66.350095
136.215065 343.814694
138.603745 78.226318
137.680989 347.378992
129.271443 341.689832
136.352916 57.434242
104.425791 348.656553
129.723966 43.084885
135.017641 348.090398
136.792754 347.208632
119.625442 57.531565
126.855334 49.912788
138.850565 58.334296
142.399350 66.164127
130.168301 353.502011
120.135981 58.537228
150.108257 336.694047
150.722390 55.402651
134.750289 49.830024
142.603263 364.225007
141.016830 362.712537
126.296968 357.445383
145.025526 352.828394
153.808725 52.827271
152.682378 362.810112
158.063072 41.289084
149.578369 361.961716
151.952358 366.514934
134.306997 61.153320
135.178701 362.248648
153.564195 54.420712
148.185313 373.650873
158.583959 49.484242
139.057648 38.152238
148.265926 358.622993
174.315704 377.757542
147.969803 33.951888
154.625407 43.729370
153.246974 377.386429
158.361493 32.391021
176.152415 381.268652
156.915958 32.157676
147.249016 35.670265
152.359139 371.560980
160.587022 364.814735
148.104203 23.442380
172.546697 365.925763
169.675350 25.145230
178.476134 382.015761
166.024504 381.638320
171.359051 24.302439
169.300838 387.776573
178.031319 37.650314
159.143716 372.529088
154.044311 28.864993
177.815607 381.785643
161.133160 390.352190
184.993527 393.582853
164.866863 403.410896
152.045624 19.265789
186.281210 388.868264
186.524841 25.018025
175.963505 394.615347
174.783175 17.856906
172.816761 398.189390
152.200968 16.938272
180.705087 401.450395
166.070440 12.315482
175.583910 6.003268
184.860241 396.961839
166.205180 391.259465
162.511373 15.397427
180.898637 393.695320
169.426989 19.628140
181.893192 407.202548
178.941638 410.274581
186.453945 10.511011
184.778242 412.481205
171.765887 22.111606
178.985007 400.614200
188.602457 28.457610
202.896034 402.819570
198.027857 20.142983
172.366821 409.696772
189.763148 7.605295
194.158049 399.887476
186.586114 2.560347
190.730138 414.872660
194.670946 10.574589
198.096642 395.776501
207.667212 24.057980
206.864257 414.244428
182.733355 18.947816
197.790109 402.898121
194.840077 23.489661
199.982286 400.968590
201.539969 10.412391
198.714280 410.951105
198.490445 19.875235
211.303749 7.421147
207.985374 400.740665
216.567777 24.748228
208.104927 399.734587
206.438455 21.664735
207.306683 418.044283
223.474810 27.157280
215.606536 398.469123
228.912144 17.652847
203.854920 397.737651
185.641796 17.635600
228.678524 25.355156
193.156286 403.834575
242.442635 37.008945
189.677627 389.665313
234.675021 11.295862
232.228217 395.647286
223.519069 30.686995
215.860586 394.261335
211.160951 43.737828
224.124742 396.788671
211.096163 15.994992
220.171740 35.560269
229.242838 394.603244
226.386945 395.768629
221.320796 33.587377
226.519046 392.992841
230.921516 19.176823
239.505913 384.969384
223.781222 33.537199
229.856877 390.113979
251.219598 29.360823
217.632556 380.866529
224.389093 31.164827
224.232898 28.785542
217.162837 397.394183
225.143258 395.062262
229.264963 40.078993
246.884358 381.618885
241.146335 34.683715
234.773651 381.342133
227.728001 38.099527
236.334785 393.309407
242.612736 33.280840
244.331270 391.874415
236.259542 25.754225
233.839491 29.917918
238.999639 374.521549
244.974908 413.630931
241.336223 34.472273
257.054803 381.606962
232.498178 49.736680
250.990104 46.326318
238.837169 377.420957
251.752352 47.971235
250.528692 383.367192
255.215900 62.343752
248.276642 374.095166
245.002175 51.568500
266.979131 52.162892
254.192831 381.197187
247.239036 43.475382
256.402491 386.345304
245.489904 49.003630
277.046933 51.178370
264.829756 369.342281
242.361485 50.908249
277.997762 376.930774
281.238200 50.648314
272.110814 372.560050
273.573794 66.355159
270.016262 48.661818
275.403116 377.667054
259.862960 370.489974
261.722956 54.611468
268.743080 355.378844
246.313078 54.938850
274.639056 49.500752
250.856935 361.011036
259.076855 57.828973
263.535771 370.445464
302.114503 69.123123
286.955487 354.663819
260.331053 68.487175
280.925245 64.258048
277.427745 363.539164
261.148428 368.566689
277.407200 59.809779
300.614182 370.674170
272.372565 72.869402
281.284631 72.101175
307.120437 360.499929
268.131826 86.680053
282.609543 367.318382
284.791838 69.146576
259.193966 362.244290
291.366447 78.985048
306.990317 354.184670
281.859460 350.130332
292.326377 77.514396
302.567497 70.397032
270.791636 342.055296
286.686003 80.987517
304.951835 350.428246
284.184840 69.725605
287.774425 87.494565
270.897039 329.799459
267.095822 74.264046
293.080753 345.278352
293.918608 81.314776
292.114029 327.521733
296.114225 347.950136
302.224556 353.819564
301.135819 337.681448
317.351655 81.901925
319.667220 89.119502
297.782299 337.538261
300.513457 91.439738
291.062480 338.719323
295.267786 87.969244
307.623580 109.155175
285.674828 97.822763
314.687868 86.206535
301.096966 343.874259
306.440910 330.082479
295.475809 99.586947
309.605755 326.428811
321.916165 109.819195
298.195752 96.351807
306.669064 326.792168
316.391465 109.082839
325.419026 329.262170
308.292579 99.506888
309.738280 317.672624
295.147689 104.879172
303.107789 113.222827
312.260684 100.108946
302.898709 107.589349
304.205999 330.251913
316.951477 313.156101
327.918451 103.935396
295.825503 314.296579
329.050661 96.733167
310.635458 310.946007
307.710737 122.389847
314.705040 120.849117
335.398758 122.986417
291.648430 117.824159
315.825139 294.759303
326.426692 315.496883
306.046340 127.581988
328.541566 302.938392
298.378721 124.383336
310.333393 291.888066
316.980260 129.156386
327.539963 278.751308
300.814094 300.211176
329.408103 300.970488
307.324171 289.245829
303.507217 300.347717
311.418610 121.831108
324.953691 299.740552
316.709088 119.709958
321.423544 287.677691
331.844749 118.368736
332.874723 127.245268
306.579726 290.841152
330.893952 288.487373
322.595066 120.271601
311.308863 293.269093
329.075961 132.799694
333.591259 287.468929
330.264805 122.288560
322.536094 280.014878
338.757505 123.690288
335.270813 278.767573
351.501333 135.440446
345.240990 114.610984
328.245628 269.029032
354.493805 279.643759
331.000761 141.310014
351.702438 269.937253
323.244248 133.344170
334.646346 256.937434
336.297853 130.853403
350.216134 264.354530
342.451156 133.138051
334.285268 257.092739
323.975963 139.046386
339.349829 267.586928
356.703939 148.328468
357.760449 262.428113
357.930375 143.669146
344.127253 268.000862
341.949862 137.583140
356.996857 259.704248
350.848103 134.404564
353.018082 267.837513
326.662413 140.239856
349.161144 248.881077
346.168826 138.495126
358.183223 268.250958
345.430579 153.148645
354.793566 278.777697
361.781019 150.730345
351.069178 138.700878
336.991431 250.809596
369.086659 151.973627
373.830756 257.987426
356.189944 149.020380
340.399869 222.336996
343.314572 225.297382
367.049167 227.101597
343.242723 230.755619
369.122367 245.119417
372.360129 247.200673
359.370376 247.661637
346.977342 244.155615
388.123635 232.221375
359.411217 236.418937
342.845535 248.778130
349.912023 254.975600
368.260517 246.136918
381.687400 256.419009
364.214959 253.627094
367.814636 150.995028
367.800438 218.150236
350.767823 147.928704
339.353930 209.415732
354.434560 157.723360
360.000108 152.721128
357.136017 224.284093
365.840968 209.396512
377.456826 162.656694
374.721665 206.970986
384.624068 153.885838
369.033486 142.597024
373.168360 146.256031
361.640505 165.012882
375.830995 224.965515
362.381472 160.810391
400.382405 155.009443
394.532550 221.946920
356.332662 177.234599
381.899570 212.749899
388.854638 169.632600
385.660578 171.859050
382.245502 170.896298
383.251176 170.337486
381.408244 199.343628
377.098767 163.585140
384.866892 216.617968
386.733739 175.867743
391.168104 169.311871
392.077480 209.228182
382.246643 167.895422
404.962551 192.827263
381.877437 176.488927
387.588301 210.781219
356.665339 180.478286
395.508821 213.021332
378.215228 175.064976
391.345315 204.411239
396.108724 175.661096
394.872936 217.028603
370.994550 167.247418
397.721956 217.850776
385.547359 177.746663
417.610705 203.217129
420.802924 168.260668
383.578124 222.089720
406.723548 176.334945
399.937358 193.297237
397.368698 158.636355
409.278390 216.045656
396.970533 175.714851
405.583698 205.548623
397.486357 176.794900
409.311030 199.765047
400.126751 174.935579
423.067321 216.876118
413.297351 172.475196
406.057814 199.650437
420.128506 187.847373
415.834348 203.802916
396.665963 164.221909
398.289322 208.572638
441.807943 179.814278
412.626212 206.044470
395.170778 173.443504
421.087831 210.058838
421.098751 183.543497
419.344028 200.559528
420.917421 177.595688
412.138612 209.504057
430.643252 173.518386
419.319176 205.099304
441.870117 167.547589
421.168384 211.463653
438.076281 178.848027
447.747618 216.485787
420.989539 165.958211
424.318937 194.175056
434.751113 173.101500
432.970310 195.479384
446.173498 163.805893
436.898619 220.263947
440.300511 179.289101
443.433580 227.325084
431.475687 174.870514
415.159648 206.157219
441.284813 178.098646
450.102574 217.101870
424.792689 178.625424
455.239471 214.696686
434.437708 169.631778
448.426987 217.992019
441.391019 194.688889
454.314575 204.256814
434.342212 172.448376
448.447883 165.282153
452.467958 200.905444
450.496523 179.724056
458.553579 213.938195
467.868233 176.221887
478.990032 211.252262
441.087791 177.946391
462.061178 197.716497
455.261470 184.128181
444.068149 207.014420
458.742491 181.050505
435.587879 208.432274
459.148874 187.453546
463.670741 194.691806
455.516238 171.614769
482.127624 202.780783
460.236276 189.390112
456.497824 214.321620
471.561636 186.743364
477.274043 195.763616
445.977357 183.551232
460.169973 197.764338
465.353813 172.781040
484.035694 205.022321
472.802378 173.867667
459.140857 214.803737
482.756943 186.669111
476.051974 192.770537
483.853807 183.161510
467.079603 204.815035
464.093619 181.285848
478.651649 199.055732
487.647383 177.945876
469.253980 195.123860
482.535122 172.314160
486.361207 196.764984
464.653345 185.119941
503.373830 201.006898
482.278652 174.065145
486.660010 196.945606
484.443323 190.073635
492.362525 194.006229
493.454629 184.648048
510.616427 203.796575
497.815348 177.905204
470.923831 184.903128
502.834669 171.281044
491.770147 208.406035
502.533025 171.857039
476.290994 203.861854
501.291304 188.781115
517.429488 212.615804
502.408231 170.028646
495.001423 189.062174
495.540230 179.719211
486.528753 199.554375
493.930025 184.665737
518.736382 197.865301
481.586595 179.371488
504.985201 202.111894
500.505829 189.460470
543.797779 197.486166
494.526014 179.555375
499.277153 205.268481
492.689927 176.775515
517.274711 184.660297
520.892140 186.633606
502.097205 199.657547
529.856132 184.700213
518.438742 190.564218
534.600065 183.849320
512.580306 192.730394
540.112237 168.572289
517.826331 193.224330
535.103015 169.547444
541.198922 202.485289
522.756237 184.585636
516.931416 217.466827
521.615427 164.702553
518.995101 203.759052
513.912063 169.968598
539.546354 193.363211
546.483987 171.622850
533.240331 195.189608
517.637565 175.688761
516.872542 186.870381
534.835796 179.968063
555.005478 188.445335
539.824251 197.444891
536.951409 201.638583
542.902847 173.749366
545.041217 207.489641
554.731526 177.702165
554.065820 191.713535
548.884479 174.681447
542.653815 201.064137
534.533403 186.155394
570.639535 181.847355
555.225076 184.459587
570.478896 185.494653
541.776806 178.241446
556.625302 181.534915
568.935811 206.140094
543.944101 183.135801
564.736379 187.587169
558.723538 173.809190
556.975717 206.847128
548.961678 184.263885
554.685268 190.968061
577.070214 165.871368
551.313190 193.483391
580.598905 176.173252
540.476772 200.369849
555.564914 160.939120
556.212400 197.084523
553.254005 175.330451
569.571857 185.025216
583.947696 163.306348
552.507991 189.521758
547.373923 175.110024
570.882931 188.765540
572.594949 175.073574
574.581980 188.152517
557.251776 183.342608
588.362964 197.228643
589.194067 176.008215
570.625364 198.069964
552.828881 175.493973
581.224218 207.494832
569.584308 191.700074
560.510567 192.475958
563.047215 170.709773
584.061167 190.076677
584.286312 177.466379
592.377465 209.139362
562.153625 175.350483
577.231405 207.223559
579.014309 171.245237
557.013763 194.763958
591.560203 175.208137
587.814424 198.944325
576.233815 173.073902
604.086738 185.961140
572.787760 185.395514
592.851941 186.127456
593.911352 179.065977
603.731873 181.069355
585.564365 182.614093
620.585032 198.801150
590.035862 171.243340
613.595212 200.513282
598.174922 170.168820
590.640443 184.616396
595.075564 170.146743
635.658570 195.421496
620.153274 184.190296
609.905633 190.277319
623.979805 165.314404
628.908363 190.180205
618.745609 164.022595
610.506770 192.977411
593.233572 177.769988
621.398102 182.081049
600.797074 200.504419
606.387589 197.340016
599.921024 195.023325
617.807598 178.192286
613.999291 197.868421
599.631800 173.453658
606.788208 186.245760
646.416973 177.730629
602.452400 185.361023
621.082672 188.202868
594.839725 175.798341
639.167233 178.619355
606.063750 184.204670
603.530317 194.208181
608.132786 184.310018
625.290580 191.651454
634.686836 189.389614
642.972089 192.065219
633.493924 180.230218
635.400076 189.280503
