23.288615 264.921459
24.123852 278.898694
26.097437 280.268801
18.482328 285.581933
29.453466 268.221841
26.872463 290.701747
29.581819 288.951826
35.386816 253.007251
35.712741 288.419356
38.173856 296.569629
32.294487 258.713930
42.247393 306.741298
44.926876 262.994383
44.104177 300.533424
44.808126 254.004999
39.457680 308.816041
50.821537 252.249958
51.008096 312.282324
53.832806 302.507879
47.008291 260.887372
67.577682 318.837785
57.598659 261.413667
52.411748 327.485052
56.333099 260.239903
57.884091 321.126606
62.625362 251.031262
59.158118 331.930635
72.537608 257.969575
70.814099 328.842495
79.711352 338.366371
69.112108 250.518842
74.345053 340.094692
72.561434 256.625358
87.259222 341.993551
85.732160 242.833542
87.393540 341.699996
77.810613 258.293886
89.969418 351.603373
89.325378 261.245456
97.148971 348.104831
84.861228 258.595645
110.113377 338.192024
99.112247 243.036261
100.422368 348.432320
100.866174 253.451099
108.977117 357.177486
108.272996 257.060850
107.915401 365.886766
109.324236 366.961607
115.944080 247.678745
115.727766 374.596913
111.337939 262.036200
116.029525 376.142172
116.040098 246.496661
119.306123 370.635342
116.997422 244.742153
123.444254 365.671563
127.353661 249.719698
132.340967 380.206143
125.320437 381.463512
130.470997 256.870216
132.180351 378.126529
140.636598 261.362489
136.706570 380.726814
142.673287 256.134126
126.357187 384.540125
135.337020 260.058814
149.406339 387.514445
146.365587 263.522326
143.839617 387.735509
143.472348 393.256524
141.312575 255.865206
164.243517 400.910723
148.039990 260.513066
150.906025 397.645130
158.176873 262.341163
153.902106 401.389069
159.607173 266.833115
158.137126 396.972527
167.791003 265.885889
165.240603 413.489734
172.693697 263.531872
168.567039 413.434581
168.884333 257.698688
178.153018 410.450138
173.913714 260.638385
172.342519 424.089391
180.416443 259.893938
175.722211 413.529215
186.834443 269.158914
186.391909 420.527650
188.629316 420.572058
193.642278 265.415531
191.361019 426.937334
190.329032 260.334388
186.716564 416.992303
197.370869 268.331710
189.314119 431.056573
197.587918 262.870453
205.100320 438.595344
202.456151 431.647296
197.476712 256.962162
205.073649 441.039478
202.687318 270.118076
209.085561 435.704939
224.681584 260.768940
212.117007 451.645482
207.672483 257.138830
221.570602 444.639886
228.636362 263.064271
227.353533 454.768920
226.406466 454.968116
224.598433 258.756749
228.528466 450.822361
216.510919 857.313880
218.390976 861.598054
223.030374 864.314081
222.024662 871.980721
227.089362 876.529497
226.642195 881.524660
218.165915 885.882756
232.604085 888.377354
223.999952 895.793691
228.866970 896.565564
220.741831 891.053547
227.785694 904.887487
231.078173 912.205321
226.331450 906.358143
224.650238 920.526849
224.853414 927.441777
228.346805 923.841671
228.365641 937.669414
224.952845 930.240113
220.083199 932.777268
221.583659 936.682630
229.744313 945.098100
226.984659 957.032717
215.605026 956.737567
227.439473 956.536213
226.207431 960.383844
224.868430 966.661167
227.477462 966.055787
222.755067 969.801162
226.670643 262.154591
232.747106 451.672759
230.793152 853.363606
223.207949 971.607626
231.852010 258.616723
236.551989 821.721397
231.959961 822.432887
224.980432 834.487707
238.427189 831.763978
226.359564 835.222280
225.619209 839.292765
232.089638 836.651633
225.399692 843.444329
228.611268 974.687054
228.162904 984.261347
233.197321 980.640495
229.241872 996.639655
236.970055 469.008221
229.729204 994.466641
232.963972 264.476053
228.877885 816.610075
227.109161 780.243271
229.644574 789.870135
233.927066 801.574151
242.201323 802.101297
235.498116 804.433077
232.792899 803.568713
239.568244 805.472207
245.846097 994.861184
237.076403 1011.583553
236.640937 465.932288
245.177928 266.334917
238.364429 789.011978
248.575077 1006.782897
240.718643 476.562331
238.782685 760.180603
237.729461 761.332236
234.790855 765.263889
242.418633 771.825835
242.391153 772.486260
237.047743 774.233139
235.851185 1005.710027
235.058140 1011.723422
243.969969 256.478069
240.068282 478.986315
238.959613 755.457065
250.467218 1015.271503
243.682302 734.529467
247.564613 726.536004
251.383193 736.778126
244.572114 746.627890
248.406020 742.218399
248.011094 740.979326
245.483239 266.322293
256.495353 466.289705
239.657527 1019.437505
260.913073 724.492005
243.221910 267.771340
248.856079 472.710587
241.640309 690.718221
259.098813 697.859554
256.263186 703.852257
248.050263 706.788436
244.654285 717.204504
236.322115 715.354233
243.684848 1019.677242
255.619200 270.714678
255.457184 480.402186
254.295718 692.708320
258.774882 668.127114
263.231617 673.885428
255.976329 669.467747
264.882464 671.885455
257.440294 678.616716
260.062786 688.219583
258.680490 1024.484716
256.531127 479.639369
247.587083 270.803236
261.574835 662.386410
255.167740 1012.138545
269.898409 486.920541
249.883941 492.344901
258.593905 629.686299
273.904464 638.866298
255.824815 646.586933
260.124409 642.839488
262.878383 652.803164
258.514187 661.061040
262.888254 267.081105
262.075546 491.033359
269.014168 1023.899932
260.872737 637.548766
262.776455 596.419053
259.976095 611.796323
265.993178 615.693344
259.048638 619.460025
269.952818 622.620273
270.228230 639.623893
263.615152 272.194418
269.366821 506.597698
269.658583 1015.973225
270.588350 607.427265
264.703478 263.711948
274.193397 502.080417
268.757190 507.754247
271.829544 564.915902
266.085496 578.375128
271.027307 581.434196
274.902841 581.557558
271.302035 582.826391
264.494860 593.789006
268.716312 590.944135
264.131187 1018.550864
274.695968 516.565652
274.553837 265.934601
277.656391 567.431545
262.717507 516.973255
274.784477 527.310538
277.065696 518.002957
278.597923 530.583695
275.111706 520.126188
279.223084 529.205344
260.573661 536.931399
271.931517 544.377234
278.844992 547.151494
272.989638 567.417499
276.216829 556.108737
284.370877 566.128614
274.334373 558.132358
281.389800 1025.701868
276.302956 271.091367
275.493457 1016.857309
283.485185 268.756778
276.952900 1012.103823
283.471707 269.506625
293.888797 1020.746457
294.954596 286.783796
286.196896 1016.539304
288.605091 268.922073
298.197189 1022.138875
295.717633 269.134869
297.563540 1005.342362
302.157853 262.195501
307.773777 1004.261831
307.450857 269.391857
310.969155 1000.534224
315.503042 274.447593
317.155093 996.239121
315.475973 272.051989
312.772627 985.483193
322.992166 275.086778
321.039447 992.217966
325.926223 273.527625
322.370425 985.274775
316.107370 981.138809
324.589606 272.046111
326.465232 979.029772
331.452655 272.844583
338.627916 975.185473
330.972204 271.796599
335.380809 974.380393
341.760161 266.201647
343.027458 971.606977
337.230773 271.478468
332.827168 964.257679
343.528953 283.776337
343.727569 963.729162
354.745600 268.581399
345.211820 960.063036
360.866725 281.289756
361.977852 956.930675
353.448133 270.620343
357.112834 955.143472
352.674370 277.607386
372.912972 957.774931
362.770493 936.350865
358.562289 275.578223
365.512221 948.492019
362.222419 275.245708
369.083466 936.597004
380.565791 278.066056
377.968729 931.942594
367.951074 272.388944
379.100739 930.176378
377.554333 276.609520
393.758485 921.494288
382.783020 279.213186
386.082364 930.572637
388.205031 284.623132
385.193018 911.855829
388.163669 284.585006
382.703046 902.365426
402.373632 900.650662
393.952988 278.210832
401.211403 905.899233
395.554161 286.290877
403.551877 890.291695
404.446486 281.431564
415.708657 893.839562
415.717806 277.735021
414.250830 888.396857
411.805930 283.567577
403.073655 874.999649
420.018398 882.029048
424.071079 283.559473
417.782394 879.658762
419.008434 284.445971
424.002834 873.655920
432.171989 283.909593
419.883922 871.822815
434.744790 289.731714
432.243831 862.029268
427.913400 866.925789
427.368116 284.916652
432.883922 858.622578
440.880133 292.828644
438.083085 854.314880
446.427501 282.922971
439.965563 846.441835
440.277014 279.643255
432.184402 837.776675
448.770342 283.355909
445.750180 835.589679
446.411002 833.373972
462.858892 278.771821
458.252310 830.011899
457.074791 287.816387
461.210636 825.008193
458.404544 285.670611
474.068159 827.791844
465.128134 289.950844
462.651095 288.350509
461.697156 824.831433
476.569231 811.996571
466.729617 287.414713
463.110943 812.190760
480.350759 292.635640
469.581394 808.215349
487.144290 287.375574
481.946872 805.840028
472.604361 803.288884
480.905659 297.814493
490.240956 788.550162
483.859151 282.631937
494.922992 791.020161
491.155067 285.762390
489.125516 797.489016
485.890687 286.142011
507.883848 785.367694
498.251770 289.982338
503.916731 780.157777
495.876247 774.809284
499.864619 289.780100
498.640022 769.140283
506.886506 292.979640
513.664555 760.655536
508.700383 298.388896
508.014770 765.651154
511.367106 297.196049
512.306923 758.273556
515.036748 294.927679
523.830068 762.053757
518.347316 296.966191
526.549811 762.285844
526.702464 287.258686
527.426131 759.369611
525.680510 295.358230
525.539090 753.161171
529.813483 308.253001
537.622441 751.872890
540.742451 295.264918
528.864349 741.135944
538.485628 309.874765
538.801994 742.990135
542.884780 307.748161
540.543961 729.036271
549.097069 306.824792
545.672580 739.952641
558.823770 299.124371
561.761069 739.137580
560.884488 301.558807
553.220370 736.756498
559.828708 296.380772
560.083905 745.268939
563.135441 298.209577
560.200568 750.351738
575.492815 747.598910
556.731880 302.085904
566.448175 295.765157
576.521817 758.987887
576.319675 298.538978
568.772459 763.092961
582.618095 767.567801
569.472392 292.449223
583.086478 756.272322
587.322134 278.889155
579.516015 766.421427
580.301011 272.487379
597.412627 767.241459
588.800672 278.579938
587.750284 262.107232
587.001432 260.791743
590.957768 767.163241
593.289935 263.712423
589.841228 251.525914
597.259640 770.165884
594.513857 249.134142
597.654560 779.669006
589.550589 225.477566
605.672570 242.381449
605.262334 780.482307
611.284886 233.766733
611.283527 224.162011
607.482077 227.735718
606.763588 780.894810
609.376767 222.810381
618.973400 211.381383
603.021098 204.344142
611.590299 201.194138
620.642083 778.984677
616.071595 198.435722
612.917135 774.390223
614.821102 178.634591
614.018136 189.385475
615.032201 181.638262
627.238161 174.101923
616.849012 189.437173
617.875802 786.017946
623.352148 179.758180
617.309268 154.725052
623.896809 151.108880
626.737210 163.319324
628.072274 783.095596
634.951028 152.488496
624.929160 133.595633
619.065592 141.598274
634.116944 147.996597
634.991577 784.746094
637.776429 134.267839
629.010187 794.863492
626.101883 123.810352
633.271524 122.821777
632.208807 125.594529
638.017017 789.093440
639.458772 105.852443
635.013533 98.044452
635.353746 100.068227
637.914307 785.598462
643.155617 90.300481
645.559073 95.653863
642.843749 90.572433
648.125841 793.741517
656.621066 82.783336
651.107036 793.620918
643.314795 77.941087
647.003392 76.506134
650.979379 791.487277
653.505513 64.057275
655.123817 71.206492
647.395095 795.504952
658.755553 53.929877
650.748949 801.468449
658.853546 52.039177
660.748857 52.986449
659.532021 793.284283
671.242739 33.109164
667.658858 790.538879
670.346897 35.810927
669.217390 794.121469
665.916034 34.706141
662.476608 793.223541
671.933694 40.177655
674.362989 793.644462
682.755009 27.715298
686.390983 794.136098
683.710452 25.031472
680.981797 803.397632
682.613220 25.840319
684.530226 794.609681
688.450753 25.844601
695.969500 797.732567
684.150107 30.937488
694.665533 795.071144
702.844433 29.630559
709.372653 794.208946
695.699599 29.783400
705.694460 797.860852
702.319318 27.703889
699.853315 798.732940
708.842863 41.496604
706.076125 49.956031
712.456267 800.201828
721.122481 43.865582
709.264128 799.423608
725.970261 56.740833
716.696075 799.482042
723.063078 55.399873
723.663045 799.797988
729.185048 55.769444
727.261053 788.476093
734.917842 56.981156
732.398210 799.523373
743.038466 58.880341
742.923415 802.440486
735.423865 65.375991
745.967011 72.688822
738.624106 789.563417
744.273904 73.965770
739.842423 804.612668
741.249096 78.410468
745.035384 801.769198
757.880599 81.055705
758.984460 799.306737
751.544850 81.223275
755.250633 800.483867
758.575974 89.049129
762.280069 84.321836
756.894055 791.967348
773.308381 90.869313
752.494212 797.881585
757.479720 104.124443
771.030160 795.847829
770.920789 104.726654
773.524465 798.423743
775.445014 101.298314
767.151140 107.259723
771.531231 795.204143
776.745899 113.502146
782.135953 112.331161
769.755282 790.774433
784.291599 124.424363
787.175773 799.208926
789.486771 128.010798
793.583089 124.305636
789.860109 794.719889
788.384939 119.977638
795.755210 791.850798
796.580793 133.796706
793.318658 135.581518
807.241288 799.491772
786.983248 139.396917
792.219616 141.059818
791.939480 787.777845
807.226986 141.403644
799.924166 152.741312
807.056801 148.702215
799.086003 794.971226
804.090322 157.564508
808.001649 795.087789
818.660345 161.461009
807.921662 796.827864
812.381675 153.829194
813.297664 170.440523
819.552565 802.802696
812.447526 171.211811
814.513063 180.352721
816.200582 182.326081
812.333552 788.426957
825.503548 184.253276
820.235462 186.415508
816.879576 188.960457
824.468590 526.612162
825.871276 520.208550
829.825111 530.626249
829.502366 529.929021
834.936523 193.593687
820.322257 541.974833
820.004995 782.607148
827.779939 517.704511
823.466318 194.089850
832.959134 203.143425
834.685100 497.402881
815.851635 499.429073
829.284061 509.133966
828.206192 505.239399
822.855284 512.556586
830.046797 544.016600
827.757146 551.200070
820.611029 550.054070
825.704114 786.942801
831.526605 195.619623
839.257364 548.814665
827.413962 490.380374
827.729866 778.897867
830.951132 211.219536
829.902017 210.035705
829.221691 214.043243
839.230688 477.511314
833.816277 479.293681
835.981752 481.951672
826.767811 551.802409
839.225968 209.519622
832.285993 565.753197
834.511049 786.301089
835.502840 467.086467
835.504194 227.448130
843.136151 221.254037
836.306884 229.950023
836.862919 225.919226
835.551714 229.872013
845.651904 455.271582
841.814510 455.185097
839.614717 563.895398
833.777379 573.718450
843.573601 774.805026
837.756156 247.005679
838.408360 462.873580
847.727193 242.001949
842.173649 249.880689
852.164179 249.884663
841.560959 259.771108
840.902715 436.952060
839.994874 435.987895
845.272306 438.055772
846.744593 449.649432
844.086000 448.961847
854.317509 457.276234
842.434839 576.773411
851.602784 784.735936
845.603686 266.042447
847.340956 574.566455
849.320960 431.160776
848.605670 265.310523
850.381587 268.421241
845.926264 258.234484
856.785891 280.396428
844.314647 287.937449
837.797723 290.379290
843.487771 400.574957
847.602255 409.816035
850.700621 407.122414
843.755982 416.069469
851.089183 420.462688
854.839218 424.612120
853.369981 785.968768
847.120871 275.884795
848.583249 585.010843
848.605987 386.718097
863.646289 585.045913
844.231956 772.526582
851.875082 282.999095
854.103615 295.647796
855.069885 296.017921
853.252871 316.335790
853.181023 313.018829
852.667636 306.389430
847.256390 313.625546
853.481344 319.182789
856.666427 324.946988
863.924379 333.630081
849.613678 329.719957
849.765230 338.651373
850.798931 341.694009
859.523547 345.440626
854.080196 345.448536
858.795208 341.939176
840.999846 362.452824
850.379293 356.777687
848.672310 351.484191
846.243996 366.171293
843.149068 363.497376
844.729280 371.215289
848.621543 379.761115
853.122650 379.567102
852.546449 383.397071
848.860403 386.183306
850.677794 587.179199
851.215416 774.419192
849.602763 587.047091
853.160838 781.483455
864.322786 592.043042
858.489174 779.034180
858.956975 588.331035
863.092321 775.998484
880.868956 590.266673
860.781340 768.885398
869.789761 593.607606
869.402017 789.822992
880.859282 595.685887
867.292152 770.663325
882.009774 599.417658
877.189384 775.231296
877.050828 597.033190
891.570780 605.878696
889.280618 769.676388
884.589379 617.231213
892.442572 768.577313
891.317260 604.966730
898.027833 772.912374
894.548586 613.924016
907.842022 757.616503
900.882431 622.318231
904.431425 773.091382
903.718849 624.688753
904.373582 773.067024
901.601553 617.603632
916.444760 632.363627
899.129006 758.560850
914.914208 618.779977
920.075696 768.408263
917.018895 623.308973
907.031219 762.420408
923.936404 619.681694
911.078175 759.100969
920.546188 618.380297
927.604550 758.694413
927.733065 634.528569
933.949042 762.869898
936.732781 630.420974
921.331604 758.233990
933.932551 637.188435
942.024373 758.750950
939.910977 638.170229
944.791410 753.463548
949.077981 635.139425
956.655324 638.458042
943.337084 755.894592
944.127947 638.668379
946.699607 751.631259
952.793613 632.547742
954.517198 750.286697
955.585510 643.471835
959.305041 748.422126
954.727149 641.306027
964.607029 742.120402
960.248473 646.242048
971.546122 657.619540
968.087666 743.891260
971.595314 653.331440
972.298712 744.669626
965.367939 651.266013
974.702793 740.792687
971.443113 666.868231
989.166623 731.194309
974.184641 652.231538
985.280917 739.781776
984.638823 659.764749
982.848560 658.289626
982.756338 732.931193
990.413089 656.275668
984.901317 736.263607
990.850204 661.836540
996.880632 734.189630
994.546021 671.014248
1001.057539 737.535583
994.029339 671.533836
996.678097 733.664166
998.542286 665.607429
1003.243596 711.288962
1009.853113 670.333951
1012.874825 719.160477
1003.267473 678.828605
1008.395692 733.471751
1016.651399 682.339150
1022.748176 720.630749
1016.258402 672.036213
1025.761651 689.592486
1026.654877 720.364260
1015.652951 676.884282
1019.609314 721.078550
1023.635972 696.317594
1029.645408 720.992863
1023.263625 691.497522
1029.047566 708.221958
1031.761121 693.080313
1046.147576 707.165353
1045.056342 689.529436
1050.135077 706.687316
1040.546451 711.076067
