43.470777 275.184736
53.172741 282.546154
10.573373 272.483897
33.747272 295.489821
13.410253 268.721745
14.463468 291.775120
61.402319 292.617025
56.075298 253.475183
51.422693 291.481357
35.513819 282.589946
52.717724 252.509991
49.560446 288.152909
59.174766 256.305745
40.418198 304.061708
66.996970 268.066844
47.405727 297.304131
80.136966 287.407156
63.670955 312.474938
67.461708 280.559699
71.420352 257.983512
71.210385 310.349946
65.735063 225.451285
57.677021 318.413482
56.041623 270.889728
53.194197 312.105650
87.919646 244.768961
66.769665 317.349122
83.630483 245.207849
99.469651 364.525038
88.495968 350.264245
88.854023 235.979908
114.793846 361.235482
63.032520 244.561471
93.814277 346.412450
92.582853 262.265839
66.646590 355.809182
52.245689 240.785207
80.757868 354.390172
71.050893 243.506567
103.653934 359.714174
104.329099 246.517924
68.938168 371.223116
101.910405 274.695357
94.217867 369.379675
95.012679 260.645628
102.924038 358.613830
120.048795 242.243454
94.584737 364.623561
134.873662 376.708413
113.175001 243.730339
142.600138 360.815671
112.953469 273.392755
106.498554 348.342902
104.268379 247.036447
142.303455 349.922469
116.410888 248.949930
121.263719 360.598624
125.588854 226.818262
114.992648 388.153408
122.217158 379.231928
147.645166 263.907759
106.197780 391.918712
130.689657 252.465665
158.337675 387.074975
154.021441 243.832745
120.683770 371.628139
136.617463 251.938784
127.474703 382.164006
118.308619 263.055361
118.423512 382.053947
143.773356 401.804085
158.861120 220.147583
151.698460 411.719620
173.352920 259.376210
172.605141 400.675089
180.113087 273.774401
144.218344 427.529258
154.237102 249.858993
143.565094 412.728574
170.129496 281.023506
183.573133 403.264014
141.441525 273.781594
172.431543 424.249258
186.685631 247.164671
159.191750 412.788029
177.067500 284.421963
153.936287 395.712978
176.747939 290.326231
189.520673 406.883646
177.294238 266.417802
183.240348 418.755463
165.699197 416.412601
180.691747 267.229861
187.308055 430.863563
217.544842 258.075630
218.734422 434.780012
194.968708 249.193408
209.674606 431.106956
188.093684 285.852955
194.758446 440.726416
198.499033 468.692780
204.134385 260.343804
191.425391 440.825697
199.812527 258.818551
216.544579 439.262363
219.092954 268.022540
210.329822 456.804022
228.555315 263.979274
216.806123 455.188853
207.428327 244.648819
227.373420 428.059137
222.052611 466.629254
204.841311 281.095777
226.355957 460.490849
207.720581 868.789070
229.384751 879.552454
207.553327 863.599461
221.156269 874.317719
227.541507 850.208902
237.272605 867.832655
220.257560 849.157331
256.947174 886.090690
230.449050 903.216343
210.064282 879.470441
192.627395 891.206332
222.328958 905.426172
215.100561 888.985807
269.941152 888.294680
210.743950 922.403355
217.874172 923.086635
207.083542 917.834781
219.306256 953.341812
210.313203 937.398350
221.258610 944.014637
212.001896 955.402124
230.347479 948.888932
200.282930 959.300809
197.500208 971.066706
216.832730 958.903373
232.534362 962.026424
208.243631 970.829016
247.809372 971.165838
247.093157 974.634124
197.833677 253.513405
220.227795 447.227090
207.269058 876.478072
239.038277 962.429276
247.478567 248.667631
236.281585 809.297809
233.349065 820.112371
224.990680 824.820880
238.017591 841.289646
224.688697 841.432774
228.512927 841.145299
225.476818 839.856820
228.580831 876.366917
237.132090 996.346448
231.295131 947.051281
235.101639 1017.371693
253.888454 1023.584694
236.492669 458.162471
230.239320 988.866517
233.958106 256.700656
261.885238 822.785981
247.865416 789.398387
231.719051 783.981637
231.927379 776.218529
238.049491 814.904168
236.868514 803.442951
224.667084 819.339138
235.590966 803.411751
226.407559 989.928619
255.101695 1013.482053
212.496194 477.686761
240.227511 255.829063
227.144048 791.989093
252.075624 1018.774530
244.688416 488.576410
255.400613 711.369494
254.570636 766.269837
255.341560 765.012223
255.997262 767.097062
241.900427 767.980267
238.677234 775.766083
208.331795 1012.296111
225.199252 993.508958
236.195251 286.454562
227.386805 460.841411
236.384797 751.666712
249.169247 1003.433892
243.221065 720.446555
257.290534 741.156328
256.229875 714.221507
266.574557 763.255638
239.015613 727.751443
230.938140 745.926427
245.420275 258.907347
276.581419 497.477585
248.301067 1006.332964
246.165738 704.107174
257.900258 244.669191
245.119522 488.244759
271.703797 658.529243
254.523998 723.317556
254.906406 694.342852
228.043662 690.138831
272.657434 722.649417
255.106590 704.853384
255.276729 1013.218622
259.108049 269.124252
274.156791 501.186529
267.935445 704.973197
245.835000 676.744024
242.002935 646.591428
236.277687 668.360240
261.792818 664.175770
264.456248 663.067834
260.494806 701.372199
248.181413 1029.680926
259.634465 483.637772
265.481239 252.501443
256.531367 655.407296
237.060510 1028.617578
246.089191 472.300444
243.210625 509.570798
263.958368 642.997330
261.842413 675.022497
261.195649 635.343152
292.024244 647.164596
254.305215 652.746278
250.811502 628.748878
253.198656 282.301298
272.906849 500.473630
264.576222 1022.895685
245.326919 632.285369
269.635815 607.640630
268.323651 605.593246
266.260970 591.611964
255.962756 614.979579
256.318879 611.752322
296.193669 635.910593
280.690027 259.665271
257.432217 482.382034
263.134270 1037.657377
299.316418 589.491802
254.346566 271.989740
264.648478 517.164309
291.265729 498.562490
299.412483 544.894266
275.760003 555.995128
246.311666 594.186521
272.481715 568.831988
271.921889 581.137499
281.589848 591.946116
248.458934 624.036419
264.486686 1016.697571
261.559295 514.716912
270.549333 258.105585
278.914667 578.024780
272.851451 512.963322
295.837192 510.951498
269.169016 531.891334
275.099466 522.240453
246.059425 527.649530
280.590721 556.622790
307.811820 527.875777
304.514684 500.841648
256.519697 545.802446
271.369762 537.702399
288.244468 550.465495
295.660491 548.110815
265.512802 551.622555
265.056196 1050.089579
291.071400 287.426543
271.403725 1021.791607
249.983713 268.501649
272.075799 1010.418879
278.717660 270.812851
318.993238 996.801861
315.681597 264.158915
281.655608 1018.704198
272.826725 266.860739
311.011474 996.636620
304.749969 265.036040
283.813129 1006.572402
291.354748 263.999071
307.481587 1004.860901
317.852477 297.197686
298.082593 1022.833721
313.912106 282.722005
333.384183 1006.083830
330.153752 286.199296
325.038785 990.253468
326.102297 269.558425
319.702706 982.910856
309.781474 281.479891
324.985846 992.103638
325.711799 982.529775
340.368832 286.342405
324.936729 991.833233
326.184700 259.039230
337.580751 976.487901
313.226591 273.798680
314.728456 973.639253
308.486849 277.173590
359.142603 974.716135
346.963795 293.221245
333.381200 967.969393
346.190405 261.336514
339.454455 959.705743
310.058546 289.235526
342.417973 981.712843
345.306159 264.238845
333.409673 938.408560
368.425432 272.506897
362.595990 945.784291
363.899431 271.558099
384.695643 938.465327
355.514983 976.042999
373.698931 273.758636
356.193859 941.576812
389.920364 264.781555
379.993734 930.285970
366.148667 274.979097
393.427726 938.459351
358.451926 261.407057
376.262055 963.904559
410.202855 279.624655
402.575032 921.077703
406.403055 314.618186
388.836575 908.649258
389.369372 258.327056
398.585965 910.625288
367.357450 285.323406
383.974625 900.491511
380.812090 904.166800
409.473551 283.538708
390.751541 894.396419
379.116999 278.004104
421.541355 848.131986
392.632809 278.215473
396.851754 912.227565
397.000948 287.523646
423.775457 937.406989
450.479938 271.028095
408.656707 882.545710
421.817443 900.244620
391.851973 293.677104
403.722870 861.245602
421.199905 290.207423
431.079437 877.849780
413.626554 265.266232
436.058715 879.153618
425.004025 272.092098
436.178054 842.895993
424.118151 868.081732
431.227796 287.229053
407.844612 874.024560
429.369280 289.258614
434.139448 845.664363
415.415820 286.536903
458.823021 844.797027
456.514475 282.801503
459.948676 845.718927
434.076885 281.747270
453.736948 828.671073
443.040957 817.575384
437.579016 292.288326
428.964202 833.687899
437.246386 275.009338
451.510635 826.962962
486.149718 300.344524
470.778424 813.124864
470.434997 274.344977
469.763372 299.178102
462.260073 803.048314
484.202056 810.583365
453.309473 301.891006
495.558775 822.306828
477.624635 288.649361
461.284820 797.616451
489.058288 247.620209
499.699915 799.612252
500.678492 784.252229
458.799811 299.775285
498.593001 784.043943
494.620078 313.068395
484.470148 794.382136
479.723742 317.878442
482.598657 794.230811
492.934129 296.797575
502.334815 763.205171
507.770304 294.794156
516.545861 775.801895
494.360973 783.004331
506.854490 289.121727
490.653440 783.243450
516.206617 294.743198
529.315770 758.409123
463.758324 315.676343
490.811417 763.136177
504.089867 303.209808
497.603925 770.048549
509.138724 286.655977
503.417561 761.475804
502.887867 301.784879
523.292327 768.510229
514.777287 298.743749
535.471962 764.837050
530.034818 272.496299
527.453162 773.295154
541.120512 313.717802
534.645038 744.072668
510.734215 289.315238
516.946223 739.559266
531.459074 314.298899
542.485243 743.175268
558.319263 313.916945
573.019268 760.346553
558.501725 292.497982
592.333296 742.726000
530.616487 287.107734
562.552250 761.131692
551.794702 290.672035
556.091275 747.250702
575.813138 282.946082
538.798290 713.945339
571.848585 304.784599
570.895326 740.547497
555.255923 729.826269
575.492105 294.633910
582.668991 272.739982
578.383436 756.464379
589.973404 273.724523
575.934391 750.838475
577.814366 761.815388
585.808806 300.408934
599.976279 788.696231
575.247476 291.498602
605.529082 761.422794
589.656624 282.320151
592.402905 752.653866
606.761001 264.172055
588.421916 223.457914
583.345498 265.896694
594.581840 768.927622
602.021414 276.665393
596.866689 246.251150
596.806335 783.409470
586.341089 254.581085
595.811167 778.759025
607.629751 220.623127
586.484505 210.215487
598.812806 740.471469
573.627620 237.346251
625.708601 220.975785
599.492434 216.209599
585.790215 797.903409
586.765695 223.315154
603.078602 200.746858
594.679690 204.501247
643.724276 191.889759
617.589158 765.254772
629.674159 218.757122
624.858866 768.396042
604.882468 198.674360
614.531023 176.758974
626.576490 168.725755
615.044575 201.579937
610.264157 170.952294
613.885069 801.748650
623.335522 176.178968
629.632700 148.934617
623.011682 153.833496
647.994243 161.293384
588.325272 793.161411
623.138285 158.852216
644.711546 134.152547
632.290590 161.204998
627.858042 160.481797
627.193993 805.468830
636.054610 123.731856
638.142389 815.375457
634.760896 152.325834
639.992080 122.019259
639.549170 129.201134
633.036768 781.241310
653.203850 119.585837
648.049120 113.544535
632.251916 113.917909
663.800146 796.573152
614.458243 90.667457
626.418393 64.279986
630.049379 133.099263
653.869270 804.654167
650.365188 90.384711
654.213878 782.183033
642.949460 74.169943
630.275444 51.065520
656.114680 787.134129
647.792955 52.246715
687.808323 61.505585
641.229611 815.874292
666.512846 67.632782
648.190343 783.055049
655.555476 55.152001
670.983084 59.416407
663.250838 795.751123
680.679943 51.594749
672.541061 784.960014
660.788702 28.253305
677.933914 798.335595
663.061335 16.919292
664.748738 805.785823
682.248685 24.324073
681.067209 826.255909
683.075513 34.125168
644.258672 773.672281
656.784134 15.537005
712.281324 824.385467
675.714715 26.838497
685.246849 771.388427
699.875574 39.824269
694.095068 794.942533
686.692298 29.394247
673.876990 796.151568
700.428672 27.302348
677.194914 810.136959
688.430573 22.475144
688.151301 792.064963
711.121979 30.906711
704.726430 795.550744
705.657349 37.045041
732.297751 43.931461
722.011730 828.464416
707.056252 48.538911
705.024191 791.409986
736.133072 59.042487
720.754589 803.757307
692.964942 45.863702
747.992263 796.530523
708.188283 73.419295
740.991896 822.556277
728.688932 62.215220
744.140602 781.128560
737.318409 44.753672
721.516497 788.077495
733.046694 81.856009
752.454430 38.494119
739.942074 771.324293
725.655916 62.941193
762.350813 787.240605
722.458693 102.513980
759.009983 796.340995
751.443333 61.418522
762.658446 799.319169
764.588904 85.209474
764.679059 798.221906
731.262265 60.836188
765.875908 85.914741
765.162571 788.972781
755.992276 95.529104
768.900033 754.617607
762.691092 116.764834
783.129830 789.956484
784.981591 119.751707
779.556092 803.240568
786.197813 115.888444
763.280777 80.382752
767.916310 781.870437
793.160160 82.887147
780.899410 114.616205
793.672555 787.676990
783.087532 125.838227
779.011223 815.119587
778.704091 117.629007
790.641712 132.593317
780.335511 788.346526
805.552718 110.209460
803.681761 784.184207
809.257660 132.956679
815.954687 119.227023
792.104575 791.492784
823.986991 153.356918
823.170635 161.931559
784.957347 785.336883
819.946621 145.322086
773.422637 139.418333
793.925807 172.283007
839.541351 786.753731
797.303696 126.200499
812.489453 777.828318
813.586020 180.474869
820.403906 795.304702
815.235445 118.568437
803.161170 190.494325
820.584722 782.318551
809.785816 171.553440
817.865576 172.765228
797.797631 179.363188
809.852287 775.803465
821.351640 179.577434
823.227805 197.271683
834.768233 185.683550
831.043212 537.717755
800.826767 530.688302
803.837542 532.727124
838.539899 523.234506
833.247043 201.065614
822.276943 529.730248
838.567907 786.601285
825.764833 496.339209
839.272607 217.949352
824.079668 208.943530
850.883562 482.606852
835.569103 489.538876
832.767324 494.355294
828.832112 527.097535
866.485715 486.353870
834.121489 508.270587
833.921698 537.116358
837.376183 545.366246
823.639123 789.676099
830.046319 218.795617
828.363138 561.322179
859.668945 463.262263
833.501753 774.577658
824.937970 214.085980
816.449622 236.599917
869.834140 211.421368
835.278136 484.156881
837.677058 482.109686
832.691237 480.597900
834.977938 562.668258
815.110589 214.523110
863.653266 577.197981
825.911863 789.231076
825.667887 460.011207
869.682427 230.540180
856.471630 248.918590
822.237344 201.178930
859.963579 244.612429
862.357429 223.394304
841.450713 461.661606
830.147807 463.737563
844.292222 566.877057
828.848910 551.189010
858.200604 787.712860
850.387638 236.679088
825.752619 466.644213
847.175033 236.017893
838.068549 260.184965
833.493525 252.861738
870.720588 270.947498
836.269243 459.428418
820.183014 443.273825
814.299577 435.601276
849.977981 437.597915
848.613896 442.703742
832.543178 474.447351
824.586086 588.716576
818.434413 768.045138
826.232994 273.849424
851.470827 567.800406
848.772155 445.796051
851.242644 269.029603
850.496825 281.780984
839.066348 256.715509
836.489667 264.041784
833.665254 296.893883
853.126845 271.363604
848.304362 405.652701
870.225041 427.577695
869.901254 429.277603
863.357301 409.032559
838.358969 431.856073
840.384989 434.126688
875.743449 767.524757
843.459909 287.659307
853.185100 573.485472
844.656158 379.158587
860.433884 572.525775
840.700485 778.885803
858.494624 262.333119
863.553809 294.351979
843.033454 300.417921
830.569251 295.634280
872.762136 296.214619
863.280855 333.364631
861.954112 297.372327
855.413441 319.684668
853.388847 320.170428
857.205636 328.296321
832.695623 312.201733
856.093912 318.629208
869.250103 323.837090
866.870625 349.932403
844.307570 332.788339
866.415834 345.440295
849.533565 347.405512
828.554213 329.189927
864.676087 376.278185
849.676318 361.693522
831.423305 379.984520
850.996356 354.070283
843.147639 358.882076
847.571122 362.889967
859.129037 361.500820
847.162187 377.384337
844.885950 591.166231
871.278960 784.151391
862.708844 583.679837
879.028895 763.827873
857.995664 607.947336
881.444218 756.473647
897.582820 564.192853
870.150207 800.992932
862.073675 590.752553
902.455912 781.798586
899.041279 606.185130
889.616631 781.690661
881.399061 583.975842
887.002812 767.391936
889.586482 601.530531
909.989279 791.797217
878.402975 595.304978
856.378890 581.613932
886.248653 773.397999
901.520888 578.464466
905.315497 790.015107
900.132751 595.329488
909.722831 781.902749
920.873505 615.568292
921.263873 774.049730
896.727181 573.101420
910.349655 776.923008
917.335697 611.418931
896.798161 758.718292
901.910900 602.779497
895.326835 627.800671
889.851706 792.856916
904.002069 625.064647
903.677253 761.333870
938.482004 607.958284
908.925631 751.959506
906.392317 622.553902
923.925865 759.718717
898.192245 597.637456
945.708939 788.158537
898.404709 612.292233
909.135828 721.869055
929.255476 665.599856
933.380574 739.021971
936.334515 631.228036
930.966148 752.338091
941.981816 635.372825
947.507377 764.136558
937.954782 659.044305
930.405561 627.304589
951.964986 761.157783
954.617426 653.842256
947.015661 743.378146
971.909894 670.417199
936.463215 747.665838
969.716379 663.969232
934.602893 727.891455
945.043036 661.520006
969.210332 766.779029
957.876093 658.166166
972.188388 662.948691
933.139390 750.949853
992.515589 669.626055
968.456519 767.511048
971.217332 654.849207
974.359105 740.212637
956.814095 680.004256
970.391512 736.116100
976.711930 665.768103
986.218969 761.602131
990.225866 658.954526
986.661303 676.170887
992.457594 749.495589
980.701092 655.647490
1016.928284 717.427081
992.086542 674.532589
997.847562 720.076608
1024.639307 656.855792
1026.638315 714.490227
1007.566641 638.637161
991.658073 722.235854
979.225909 654.882122
981.107823 739.280312
1020.917857 676.513222
1004.688600 689.201412
994.938172 672.038516
1002.720312 716.441460
1001.050078 671.682651
1002.495500 703.249632
1028.670199 698.003987
1016.688308 703.055142
1019.383307 728.417936
1010.675193 684.208079
1020.106061 733.423090
1017.790250 705.602431
1034.405826 706.923323
991.393892 681.587306
1026.556743 727.896201
1038.933732 697.858694
1042.748480 708.128199
1026.654689 700.253093
1035.556822 693.999949
1031.881274 695.786898
