67.252142 104.910123
40.918658 106.118523
50.352980 118.421968
59.389047 131.460862
63.583705 96.252541
62.276508 150.327609
60.220362 153.242128
68.420598 101.679360
86.037611 153.471168
80.064422 106.792045
79.360945 165.678298
107.338947 96.193114
91.815975 163.805565
102.892881 171.818870
101.582878 115.429859
113.474059 182.039019
111.790141 94.269133
117.766278 197.007990
120.314004 110.654803
134.089466 199.034278
122.642278 119.542365
126.889939 216.286138
143.560368 220.258211
149.946048 110.209194
133.160176 229.693263
142.755115 102.515648
152.043324 241.618518
172.489612 115.858279
159.814400 229.535012
164.397893 253.782802
173.641028 113.185412
171.893594 262.902851
166.755855 126.858974
192.220070 263.121770
182.170240 120.741467
193.209688 275.189764
198.987700 128.306589
204.019801 269.506625
221.032500 136.993664
209.137789 285.624860
218.786120 287.781902
210.666217 144.711749
222.732054 279.888911
241.146052 136.825281
233.100991 295.287553
227.411426 148.498122
241.712189 304.334099
249.618541 156.038217
261.564961 303.137452
251.685982 147.827965
267.705765 168.617727
260.974192 313.611977
276.353308 315.259824
257.736409 336.034229
267.471536 341.921348
265.443685 353.764042
273.501443 363.489146
260.884926 177.390312
269.915721 382.714357
277.133988 179.971758
277.425515 377.840792
290.289916 189.515582
300.634808 383.356230
297.072327 179.806017
300.869737 363.843492
292.141214 353.573924
304.305533 180.766766
324.899497 339.758270
322.885516 177.967162
320.550325 341.849988
323.551323 175.228296
330.817394 343.189628
330.595870 169.548674
347.586733 359.620090
357.271979 179.642634
351.528499 365.766802
346.987288 379.328261
349.150786 177.191542
361.770466 375.404520
363.334066 166.304928
364.897011 266.213974
374.364444 375.545252
372.509282 174.010746
380.180339 398.328657
366.546450 406.990186
381.315298 414.506155
367.664174 226.234750
376.162629 235.413116
362.564490 255.127771
361.428370 253.790619
375.639009 263.143279
383.576843 423.117823
378.610793 207.339343
378.921420 210.629212
370.809474 269.319439
381.284414 167.886750
387.694423 185.572381
381.863004 286.078411
383.721088 419.050910
380.905267 296.403025
394.523904 413.620788
403.644563 298.472758
401.894904 417.360606
414.751782 308.786905
422.252187 415.915562
430.982028 311.602973
421.112779 327.610097
421.947472 386.951330
435.935722 341.911802
429.078082 402.618974
432.131478 411.195543
438.990447 345.043637
438.155352 421.270025
427.123916 442.352481
453.493627 345.892196
462.147071 448.246654
449.261560 455.668721
450.013556 467.195464
458.344593 479.500309
453.262998 363.422537
448.740711 490.937929
454.930649 499.872036
449.287449 502.415406
449.796267 360.067255
472.821460 525.173063
470.304370 359.132134
472.244231 513.855454
482.969934 361.820638
477.430499 497.891498
490.346052 471.051501
483.369799 492.806003
480.341500 434.352377
499.252096 447.525761
490.945827 452.683907
494.017870 463.408357
484.995241 358.322127
491.381405 415.398966
500.443774 375.038202
489.539783 421.781149
501.728958 372.898172
500.214035 384.735652
507.320521 398.796964
