70.059873 515.828327
74.352626 533.998095
76.109020 522.661301
62.692604 540.858880
77.499440 513.627151
77.167212 548.591122
71.577456 534.087375
76.585908 516.847412
90.845401 547.228880
79.636817 489.608985
78.003031 486.989994
90.223775 493.545343
83.699693 502.583054
78.615299 498.293359
75.960976 512.349720
86.482029 517.537058
93.800340 543.844872
91.957106 473.725514
94.211053 475.189440
84.297867 483.065137
67.737006 544.492998
81.637993 457.463386
83.960395 554.172063
93.139779 401.839395
90.035521 449.943080
78.245582 456.749731
112.652797 567.104703
80.962951 562.158843
93.580495 571.150221
82.152698 418.485221
103.348805 390.912692
97.178907 453.317358
104.811889 558.112098
104.975115 368.720666
79.482340 397.961714
103.752551 416.868721
96.254523 425.325752
95.131407 423.375893
101.534989 425.091101
88.606018 432.334859
100.904958 422.232035
89.453468 453.488682
98.518471 444.925591
105.297228 446.522047
94.054700 578.976900
108.890585 586.284475
108.316718 362.937154
98.692111 352.502092
79.376136 399.732747
90.879843 572.105513
110.313268 342.985212
88.342568 385.122716
97.862137 372.584504
94.249782 385.140814
89.265357 376.052954
86.108062 344.233800
101.015982 359.370031
94.904356 570.343160
106.398710 345.818531
85.693902 344.057335
119.934469 578.854415
102.154269 590.637118
120.467592 338.083443
115.816340 586.165545
105.350308 339.353263
120.271417 577.486167
105.217849 341.222164
107.265551 306.651976
135.384404 327.077869
127.080861 580.945355
116.316316 305.252242
126.503382 308.028524
139.506655 323.909817
124.579961 579.571937
125.096369 589.904031
111.617634 590.936082
134.054900 612.895108
109.448011 296.725621
124.161995 601.062953
134.798307 289.595280
109.615900 609.393597
130.647030 625.263027
128.209255 292.552429
134.255816 618.234802
133.396272 293.345056
125.872788 620.374073
136.616871 289.989157
118.409844 282.307200
136.363024 628.680901
153.954583 271.258779
134.893088 622.417305
133.461603 257.880869
158.672227 619.910410
158.033461 255.500581
147.726330 267.184264
134.570263 252.300440
161.679646 272.999612
161.250772 633.382728
150.938139 253.078587
154.767274 629.091436
150.259236 222.316109
143.073821 230.651799
137.965161 231.946873
153.497835 250.116447
160.224698 209.460123
140.182964 628.597554
148.597080 213.726725
146.636934 220.584474
176.308649 126.561814
157.191185 118.678336
157.640621 139.277922
149.713295 632.645087
150.421186 215.201800
165.685548 134.887701
173.498210 128.958381
165.480551 208.656889
160.714864 646.076649
160.364559 112.613087
162.144473 128.968223
167.728931 195.504700
173.444648 633.861325
169.267147 91.968439
152.591688 96.452909
171.479276 95.245130
162.574931 108.280974
170.714063 113.373264
160.533487 121.339779
171.764958 138.421287
166.931208 147.628007
167.101381 141.582981
166.895819 189.214311
173.735987 194.518839
166.680375 191.492185
165.899651 650.706996
169.590002 94.676010
168.862907 144.945731
177.344904 204.167331
160.461950 73.879646
189.213335 148.289351
161.031133 172.109109
175.361371 636.922888
175.455789 158.772508
186.050785 85.264073
176.258886 147.173918
168.247156 149.118840
183.853946 169.804612
173.026678 643.238625
196.422085 88.945430
187.228559 159.793527
184.794058 171.640771
188.456649 647.207939
176.832861 171.256197
179.903187 640.255044
175.634725 81.265246
180.149239 642.670004
192.587303 68.455039
197.144742 642.790053
185.537499 87.847428
187.975869 654.020984
185.102647 80.528053
186.561495 638.038022
191.634162 195.432508
214.489793 217.089413
198.958667 225.307982
187.650122 232.211961
202.228933 74.141025
193.369731 238.945581
183.849526 249.298546
208.509854 247.926498
205.978953 667.078179
194.620039 69.511183
198.657519 187.628109
200.587040 197.214159
193.944012 237.496656
182.048172 189.391391
191.597572 210.284260
203.594266 227.555747
209.495961 206.900588
209.405160 210.163911
186.106885 247.366050
215.708533 254.792523
198.337240 257.624551
200.073593 268.108357
197.661701 658.604371
194.804174 63.546732
206.842812 661.713816
200.971128 192.985892
193.245635 264.683198
207.953810 266.512979
202.284258 265.618211
209.939961 45.049799
224.886419 671.157775
214.009930 189.385355
193.906041 667.384194
211.861175 266.317173
208.689123 69.216068
219.861652 195.206221
210.300729 673.458699
227.758516 276.228350
233.638181 60.937037
217.754929 274.422011
223.776416 186.819108
209.873805 277.898565
213.257214 670.612711
228.090631 40.662358
221.002146 63.816262
220.480897 182.868480
217.388763 275.454146
229.266154 678.870311
233.787845 46.350934
230.588743 175.334547
231.218631 264.131945
234.794466 297.312982
231.913604 679.839915
235.227789 33.055979
225.048492 287.323860
223.615470 197.195994
231.260853 669.966188
249.835872 31.538287
247.870282 286.539538
244.999236 28.954450
220.303488 171.865905
222.632803 292.573311
248.977708 682.090367
223.639839 32.938062
241.115417 167.051044
239.703906 294.395057
224.798122 661.874741
231.486193 683.384773
236.051084 29.008210
248.976004 170.079118
236.343732 286.230905
252.613689 28.277581
256.356756 280.260885
223.037611 695.314124
245.839596 167.167830
250.392179 43.485061
238.468264 294.617800
247.175697 680.130634
245.902433 170.199225
256.790968 45.927540
259.233611 53.358380
260.659377 308.632521
246.063506 706.760850
255.588632 38.330969
258.536038 179.839973
257.981616 282.824425
250.390762 692.950846
261.639353 55.787874
258.091062 59.788268
250.554858 97.194644
259.993010 157.628299
246.124457 64.902901
268.010381 292.452554
276.217263 695.208909
272.438436 81.866356
267.381744 105.590886
255.306312 151.761360
260.942473 76.505592
275.432366 65.647823
265.202323 73.898322
271.695807 82.303430
269.265901 96.386660
245.844430 162.533508
280.115242 291.133921
265.310101 694.134361
275.067634 307.988201
260.937033 105.146623
270.275022 697.375309
270.955381 157.052377
265.065961 85.708630
281.876937 98.174501
270.823618 316.565142
279.356300 146.705004
276.401526 702.510375
292.903432 321.227827
276.235633 120.045448
273.771319 117.927997
278.774491 111.003591
277.021641 123.410891
272.192231 125.816709
276.660625 119.571899
280.053677 127.477904
272.117924 694.606837
290.735086 143.446987
267.615984 315.324000
271.364763 699.089175
261.583905 120.031854
278.379087 322.388178
280.198942 697.169040
275.887338 330.355423
289.564979 715.904195
275.209207 306.743509
291.501033 714.922408
282.875662 328.399925
305.401113 725.429299
307.869304 319.931071
303.591641 728.226880
310.332949 323.709412
295.220039 701.126281
313.047723 325.966322
287.743960 735.689757
288.460986 316.645858
300.869772 722.150085
343.350442 323.988690
301.594477 726.267242
305.257869 318.367088
303.799290 723.654032
306.758700 340.843452
315.772355 716.747183
313.715626 326.945273
337.433158 744.721727
325.215163 316.325640
305.831266 729.168687
329.109003 330.188292
324.817426 726.090620
354.801802 328.898755
333.032931 730.696931
343.123201 733.786899
334.649054 298.036577
325.940771 735.237959
328.917845 319.103417
320.216518 769.272351
353.262768 747.547123
361.366811 314.868638
355.982713 752.514680
350.797693 330.394022
345.654096 751.313839
347.425315 317.687939
349.398564 749.581531
368.828024 303.555138
345.227722 751.646643
355.232053 319.492465
358.224091 749.310597
377.001314 759.766086
365.101103 310.655530
353.617681 760.483006
358.103298 248.261460
373.155507 255.943831
362.022557 298.706864
371.502336 304.866416
373.464504 239.808407
362.214299 264.197684
393.659262 767.231970
354.072319 229.977440
349.021732 263.908225
377.647110 297.605038
375.936852 235.185282
392.680224 248.113166
379.453644 275.215157
367.632835 267.724906
367.746340 271.011319
367.323688 283.686467
363.010395 283.143713
369.193880 761.917955
380.610030 271.769812
370.130502 227.340052
381.807866 295.733624
362.081478 771.678195
392.008867 331.578355
373.515572 334.071411
372.020064 333.051490
377.436317 334.906669
383.928906 351.464119
383.676628 363.924283
385.065423 364.618667
376.621895 376.717176
387.677264 374.825118
377.362520 237.393948
414.119115 385.497229
381.089205 765.752818
394.176005 321.301515
389.432160 229.535346
397.032384 378.018402
384.945579 378.764389
370.781875 319.685735
386.159596 331.844784
373.446047 776.182789
375.898850 199.520278
395.421589 210.463979
399.797365 376.799846
383.450210 780.671672
383.616987 316.774349
388.394331 314.522178
377.195091 376.591842
375.177624 383.128508
386.019147 203.577651
383.039882 767.725123
387.320295 195.054838
392.909996 788.889776
375.932049 784.943973
392.777164 299.841592
395.736261 382.379810
388.553357 215.043526
419.936157 293.068291
393.895920 783.833190
395.760372 396.655755
404.187201 212.582307
388.181040 291.780101
404.117618 778.489620
384.207998 393.986910
407.732205 790.233529
410.799472 203.456763
398.551995 310.302173
399.791027 393.168608
408.329999 791.460040
405.441201 195.654179
411.558697 297.845556
409.852005 395.937106
413.404290 790.787760
404.301471 187.754772
408.551526 307.738304
417.992434 384.888628
407.319636 795.868385
437.975276 416.294261
421.164949 197.623976
433.967171 313.119901
419.824593 418.425382
408.791711 793.421052
415.612288 189.864310
414.308857 300.311276
419.159882 406.653485
423.966465 799.242393
424.949469 187.941556
421.769771 309.949881
428.463357 406.437422
426.944918 804.655951
439.833556 199.144695
422.212467 296.536846
413.648614 414.239655
411.577526 801.148989
424.160498 176.743519
426.214885 280.410718
432.395788 403.139294
417.563823 798.714358
439.420222 415.031990
433.416718 175.155402
429.641429 296.304856
429.224863 794.789604
427.937074 413.863691
429.061262 809.955216
434.040703 178.568080
437.554394 302.340360
426.958242 300.284408
451.307981 430.435063
425.888903 805.230660
444.018980 185.372810
445.409715 294.943210
436.406453 446.402301
453.369631 800.794105
448.852807 177.346812
437.653188 806.683521
445.163408 294.300086
433.364439 420.695070
467.045873 175.914169
450.139775 433.281307
452.667065 817.822563
462.387010 175.523356
450.886559 279.693222
462.318287 274.197971
461.783772 438.368896
452.930070 809.421377
473.834579 188.301186
469.969484 274.354788
448.578855 228.337069
458.562748 252.333363
456.375510 256.377529
454.203359 269.162755
456.815092 420.765286
457.188004 800.673920
460.702274 192.647687
456.129034 204.072749
444.732165 206.118821
466.117605 818.873814
482.235331 189.281378
475.355386 200.168179
451.660881 248.169541
455.470223 421.978319
458.924698 208.434953
475.166568 205.746705
458.955068 209.510445
456.828718 216.497154
460.351190 232.113339
450.718641 223.958157
455.863884 266.304704
477.215034 216.554301
461.757784 244.888088
451.187779 800.002792
470.686786 419.590504
458.837305 239.763442
468.931035 238.430168
462.363446 809.228535
464.527281 424.786414
482.544146 827.728049
470.476100 430.170102
478.857975 837.456606
474.175872 418.665307
466.705278 837.338872
486.111646 827.116974
491.440178 436.386570
488.492210 856.246997
492.176208 410.399884
499.402225 836.949965
478.123898 425.643761
489.365105 853.390133
502.869233 417.664412
510.872424 849.782339
495.542301 407.895072
484.945183 848.553487
492.789956 414.172293
500.119732 848.939735
492.605936 403.397412
494.926442 841.912582
519.759262 413.365361
502.842654 396.837344
513.599318 834.046949
508.399081 381.925832
513.553971 847.521883
519.195577 306.082204
529.294623 317.543280
512.247068 308.939999
525.192322 325.206204
510.939163 333.323424
516.518187 340.872974
515.106153 344.554892
500.940240 347.153442
512.786715 393.695017
503.476834 296.985729
520.639897 313.094673
520.863630 345.094378
519.505364 860.474033
520.072722 308.630842
536.351721 307.752473
523.279813 308.385488
526.547788 402.631305
524.903901 360.465703
513.333730 362.956158
503.485683 363.324766
513.073624 380.978217
521.184524 380.314079
520.415356 385.814662
522.834990 828.003366
512.124569 287.911788
515.159725 378.332527
522.652220 363.123606
526.804005 365.077293
510.889873 382.950927
514.548111 288.939678
520.267305 845.498906
534.506571 460.106333
534.037334 436.767631
540.285202 452.170523
519.223056 452.376176
544.305922 463.521984
524.765548 455.079483
538.907794 454.061472
534.600439 469.430968
525.608265 471.849812
534.221659 295.947167
537.268066 851.517126
540.239307 270.570036
547.102806 417.907527
527.911823 435.189609
537.523153 458.980341
545.883671 847.590253
530.138593 279.444977
542.359813 478.645414
538.931428 416.410259
538.209890 868.769071
532.394753 269.723101
551.023514 419.953570
535.152648 460.083708
541.883635 860.247583
566.511962 273.895750
543.353599 410.710265
549.307097 419.356484
547.957563 471.484381
540.365013 475.346808
542.828143 863.567165
541.422946 269.622987
549.466202 403.459687
545.696272 469.433295
554.161092 852.146250
555.594331 270.438202
561.951445 422.046083
553.810212 862.418837
552.910064 481.978417
562.288080 264.340248
553.013106 401.582130
555.716260 478.648088
549.637830 850.737614
568.355757 263.429070
564.412841 406.725692
545.602965 481.422442
561.597984 862.637834
556.480805 869.890121
557.461948 497.215583
566.110633 268.306424
568.435728 408.319749
584.790719 406.545839
572.383120 856.983368
566.456132 250.286345
559.029070 261.233615
571.851100 496.375794
547.668809 389.741015
555.806932 394.405195
554.681587 856.206652
568.809304 252.914268
556.245166 505.557423
572.159161 858.898608
569.162234 376.162394
571.137979 242.805581
564.535755 498.011398
584.114588 861.431245
569.584029 376.109941
590.412300 260.019905
561.347422 492.008747
575.206656 877.219591
595.401097 386.170685
590.015481 504.821956
586.012826 246.958128
597.899461 866.778468
593.214524 382.910069
604.326592 383.666178
583.631388 387.307518
593.677758 510.283969
583.261226 239.552806
598.471350 506.233823
577.079551 865.144213
576.343398 382.914158
603.089260 248.876587
607.741862 505.535694
594.057729 852.591562
595.491539 381.276990
609.503401 232.720536
599.428244 512.360978
594.960750 876.789702
610.249309 377.059094
586.314931 238.079475
597.541359 517.781416
600.131754 864.953458
615.381574 386.173356
609.752024 238.964446
602.657854 527.959000
613.906794 865.245728
607.427941 389.371202
614.533288 522.436385
600.827828 237.260030
613.021339 860.961486
599.380712 368.891621
613.724074 362.059007
623.508361 509.078276
605.766896 224.465771
609.295958 852.206582
603.546818 366.012150
628.524218 518.924507
606.164882 249.104929
603.331360 860.844582
621.126531 524.961879
623.605038 354.681064
613.345854 238.298095
602.750880 859.569964
628.165095 526.789373
618.097693 361.571123
618.374308 875.719566
616.890082 244.188141
625.377432 540.714099
623.291743 347.196719
615.069512 524.294103
622.548652 873.199078
620.275082 248.480150
634.107580 247.954755
623.722709 243.758459
616.468150 311.619314
631.292293 360.363803
627.394967 261.963664
625.122520 525.688122
631.141698 879.527929
642.606106 301.880238
614.423950 291.855278
631.788507 343.535976
624.703061 246.186561
634.726660 259.361718
653.671764 295.192239
628.299730 309.113424
638.631232 334.307109
634.150342 350.342042
636.235292 535.853765
633.017952 874.850221
638.034443 240.402873
632.874498 326.217136
638.235891 305.742186
633.356706 332.995990
626.432698 326.515900
629.416473 340.948103
661.669349 524.510602
627.785334 880.690833
654.450252 279.325510
632.036062 267.662800
645.620925 260.576901
631.842143 286.498728
631.005064 290.206418
644.387728 297.308702
640.898852 332.028469
638.866169 324.475077
633.042421 522.139725
637.992980 514.000768
630.074293 861.302667
651.620350 519.181206
649.509794 870.244942
645.556806 516.124083
648.596901 877.205191
652.851399 519.024238
658.651522 869.094539
649.489805 525.943491
659.767399 881.629183
661.381893 522.420955
644.632032 399.108773
667.475964 427.195585
670.072148 512.317341
673.434147 876.610786
656.729760 877.117489
675.058743 424.297382
674.336277 436.373398
665.889840 497.721620
657.092807 437.739539
664.276894 451.119368
666.037134 866.281629
650.600519 414.393925
669.912208 434.884209
672.199712 448.062574
690.820347 449.830722
671.032067 491.973555
656.416895 430.065019
679.674305 440.551807
656.358973 407.930086
685.147882 457.614521
670.511521 451.133376
674.343297 463.591525
668.936099 500.452785
657.419523 865.493806
676.847708 866.642108
674.853825 473.081999
690.846015 397.805159
676.775001 456.620232
659.317291 468.320241
692.404780 478.151957
681.459315 468.568377
682.364287 856.473690
684.850158 561.839378
694.819084 390.229561
663.692938 531.237048
679.120275 521.420760
680.174844 869.215519
687.606483 534.514633
677.899978 535.859371
683.566669 409.367066
668.621289 545.229078
686.944799 845.397261
697.356983 529.178846
691.550408 530.518141
698.430224 565.273696
689.853178 386.410915
672.661886 540.822871
688.766914 851.455910
681.423989 521.221276
672.416582 525.263599
683.889417 544.912236
691.721564 839.437207
687.572912 415.000354
689.048373 406.219737
695.256720 504.196144
709.908326 558.797219
695.111682 841.164287
709.546987 497.688334
709.897118 383.395224
698.195422 553.929775
704.832322 845.018506
691.252175 374.046867
701.159827 515.231356
703.958266 480.459160
705.086319 489.961520
709.060763 495.154635
720.660225 820.353407
712.115812 572.929629
690.889893 362.911337
716.170550 360.688370
710.786435 487.254472
699.294845 815.726262
709.373737 560.101577
715.826345 375.444736
696.061093 488.583735
723.999394 559.329192
709.494250 843.651701
702.931657 566.843486
708.944185 366.885681
728.968721 459.407672
694.935142 582.964675
707.057086 818.710458
695.779664 816.404902
707.361308 370.043250
721.626822 482.082874
714.223267 590.615771
710.972713 825.595245
708.245886 360.924197
717.969978 488.966539
715.600795 578.692411
711.813875 805.557519
732.761511 363.064602
718.547098 478.101342
731.313471 580.549904
726.245105 810.418917
713.280925 354.463408
717.020838 479.512114
728.803337 586.030957
727.439073 799.517921
699.906255 366.614588
715.644608 565.079861
736.061489 481.010727
727.466882 467.828299
728.438134 802.147723
722.190017 795.055047
733.662306 353.158314
740.715758 599.725726
720.344440 463.443904
735.994448 815.878898
724.900838 358.055078
717.748132 606.542358
746.169986 785.017888
735.684416 353.577859
734.993327 451.003473
736.279424 801.487956
736.066151 592.373087
743.496462 356.114355
737.159123 463.837436
738.856876 809.631909
747.106492 597.037237
729.848121 362.886526
749.117341 460.166329
737.419619 586.369297
756.360613 795.895404
754.251941 355.499425
739.415473 456.131880
751.931800 452.955564
751.129213 465.218929
755.230756 459.363647
743.818532 790.862781
741.517427 592.403711
743.690450 465.803218
756.473466 787.220934
738.624695 349.310573
771.831339 424.565310
752.817200 612.933654
750.800087 789.064033
754.604417 596.300808
751.184106 341.249652
748.920961 441.375676
753.561864 779.281886
764.045176 609.216816
771.205629 346.183401
770.284321 419.097571
778.240753 593.691050
778.209339 786.424571
768.070878 392.634232
770.246223 407.528512
775.385866 434.400843
755.386047 357.021437
765.956713 787.655138
759.683857 605.367011
755.591452 374.717370
760.360177 394.783729
767.660369 410.094209
775.060020 404.984443
767.607850 423.575295
782.713818 409.436348
764.152964 356.849351
767.636527 368.106472
771.309322 384.478569
767.825007 381.718007
783.825635 388.853146
768.328965 392.023818
774.890154 386.624738
781.218542 382.826019
769.520980 776.423809
775.159523 597.158035
775.138002 767.098055
776.375508 619.599476
776.544972 763.625549
772.672011 605.429422
764.369899 617.630923
777.499054 620.096315
784.664420 752.915671
757.501598 604.001037
776.334865 760.909814
794.244709 626.578711
786.498393 755.694489
787.246451 633.751312
789.421076 756.613845
796.351112 620.520086
798.395910 634.788897
783.099781 765.052338
791.884720 636.316170
796.999106 747.820741
801.817162 634.073650
792.448989 741.459503
809.075347 758.000591
812.882585 621.066520
828.316245 747.553402
810.452549 635.923516
820.398564 740.504879
814.868782 638.036591
804.007446 729.153638
812.748564 635.412062
830.216449 726.502943
820.847302 717.822642
826.365886 617.554404
835.090090 699.116679
808.753003 631.604578
821.499561 711.540957
827.198251 604.444343
821.961476 707.385056
836.806787 630.994701
836.864698 696.841467
846.013778 705.929338
831.467475 623.986312
827.084459 616.078227
816.751880 678.225506
844.459760 628.168959
831.332362 693.127971
845.651917 597.520329
843.795997 674.743579
842.353297 603.551554
831.827172 681.381714
838.702812 672.894551
846.786961 601.005285
847.879526 600.168823
864.846512 669.476989
861.742840 682.489775
857.556448 589.620826
841.812287 662.658206
860.288768 596.779314
846.340310 663.812736
865.872306 582.601462
867.050011 663.757800
855.762070 589.192242
859.659445 525.603581
872.982907 531.755234
876.234938 642.417239
872.979940 665.298097
859.368818 529.695544
862.903654 522.595343
866.055743 582.045232
876.585311 526.945813
877.721902 548.235188
876.171105 507.153514
875.720105 544.904206
864.501485 548.341588
873.453243 545.868404
873.988411 550.449950
864.547795 564.977774
897.815601 666.227186
883.139423 563.434419
879.121961 506.223946
874.324579 590.306157
881.498245 518.273033
866.021944 561.611629
877.851932 562.499245
884.250527 579.913676
885.597716 658.288705
881.626101 648.500013
866.858245 499.457431
867.847078 555.293451
898.505943 558.269426
900.474340 487.175662
885.087147 631.635120
904.137288 483.375260
899.088291 633.086547
891.270252 630.965026
876.649949 480.286631
886.750141 467.996038
894.094634 622.413049
891.192135 621.929316
916.338906 473.535131
903.771772 598.925140
901.886402 473.612201
897.812896 618.713625
906.709326 474.997551
898.423771 597.882170
890.519901 469.650166
920.063026 586.720191
924.436969 585.478262
902.084090 449.501931
920.109091 594.185519
920.648475 466.150349
916.925285 598.919442
922.920162 472.346902
917.967081 590.998168
914.349750 451.091275
918.566727 446.748072
940.379337 591.692682
919.152119 456.318484
920.858981 589.682583
936.135264 456.559793
938.372553 581.718986
951.421221 452.200785
927.637086 588.530999
938.356345 437.580864
935.180126 594.135814
955.545862 451.995309
958.402836 588.554255
967.665048 446.132707
955.786850 586.025525
974.365128 436.050811
940.974009 601.691026
950.452256 446.266159
953.507544 586.305932
949.377845 437.126809
967.192099 562.751969
959.675778 432.968278
964.603196 454.111349
975.447333 589.685788
967.683908 447.226891
959.936399 570.348785
978.235661 438.121355
964.153949 583.224323
971.761281 444.172110
981.600222 575.195299
972.870862 452.381471
963.883130 453.657673
970.260364 464.679179
980.796937 461.669256
977.126603 490.207432
978.960925 510.372773
977.345600 506.775599
974.567565 519.193607
987.281450 519.714210
978.134194 569.557074
986.730620 481.101354
996.159036 480.161852
979.420204 518.556837
986.132606 490.844560
980.268455 472.049180
990.189389 460.304008
997.175776 463.527673
995.515570 560.840791
973.988130 493.819847
963.986533 509.575863
992.512145 519.642065
977.829143 530.653272
985.193537 541.737931
986.174129 547.450626
988.353240 539.595110
989.083942 533.409601
984.197177 510.355282
991.094541 528.746436
986.118145 528.809301
