99.725505 276.172369
105.565590 269.212588
117.175583 289.153619
98.896117 269.602267
86.084568 271.803640
105.011562 284.505870
105.999904 287.384178
112.953835 282.991208
102.561037 286.348206
102.130284 267.806988
121.178569 274.943995
114.764940 281.975424
97.364149 268.106042
101.158452 270.878620
129.708848 281.570232
111.746628 264.416593
104.288294 267.874729
108.864218 291.745648
133.429295 251.962322
118.434191 291.675613
125.311626 270.487962
115.808274 258.281682
101.323990 270.599840
108.453163 258.532144
102.037980 299.936519
110.175666 253.820134
121.481021 281.931101
114.623221 266.089913
112.358108 245.341098
125.939376 255.281670
134.962324 244.898514
116.548707 252.605521
114.977251 275.769096
119.953040 239.782180
130.627971 290.461006
132.319766 241.127247
130.283648 222.203350
129.898348 285.009472
128.513596 234.789771
135.406447 283.189867
113.338190 223.944802
118.982177 267.167274
124.696880 273.337375
120.481173 237.296595
129.012029 286.153987
141.102518 204.103268
120.304411 275.561227
139.176796 225.845029
126.671639 233.927198
116.967852 280.651790
138.630778 215.426964
141.874075 203.875868
153.029124 259.488770
135.265279 214.634285
131.039246 266.195018
152.428256 272.216374
141.248580 211.908285
146.586104 220.577851
142.322380 261.591095
146.444663 208.018847
136.919900 259.354617
156.689474 203.925598
143.584509 269.989158
136.820633 192.727040
142.105926 195.009067
146.940672 213.533953
140.407166 207.712736
151.686290 522.496216
130.157964 520.333945
166.828920 536.470737
158.544288 538.116710
132.658544 244.696478
147.853173 519.857530
147.982187 222.079150
153.540750 530.694365
146.170018 249.955624
146.065898 263.033493
149.738019 546.773908
146.793484 202.818956
140.476655 191.016449
156.518476 508.702153
149.999560 536.773411
155.548624 546.382606
138.462069 262.626327
165.783381 515.846252
144.117577 518.823669
162.881187 516.470844
142.847395 505.990705
146.633166 540.245195
162.609571 519.644045
163.147353 524.444408
146.367746 547.674910
137.809743 204.287673
140.917943 250.061632
159.948716 497.684010
155.770646 557.281454
171.294711 206.312217
160.162856 259.184273
134.852134 520.415256
153.393218 498.532645
167.032283 542.632090
142.239759 196.700742
154.970991 507.209274
134.950230 523.931064
170.538881 245.646670
151.303501 530.006939
157.972604 202.598647
165.286195 504.725069
167.654653 254.197993
165.334724 261.981926
140.706645 558.544034
169.185493 193.455710
155.781329 188.079637
165.135577 475.405841
153.504073 489.498163
158.141715 175.929797
155.170290 206.851485
166.105192 238.754562
148.092447 493.146475
152.863306 508.273177
147.969084 541.703083
171.673231 187.546555
155.513746 261.702310
155.835575 489.171705
161.305713 561.037721
164.911313 175.313382
165.056075 178.136801
146.572348 249.427736
159.399488 490.024848
171.121733 491.809957
161.467635 536.123055
178.412360 176.538813
179.947171 200.122869
174.554088 231.104868
177.333769 469.948350
172.633371 540.862061
171.415428 178.911470
168.951051 225.775718
161.018672 233.759214
167.320526 475.130255
167.975486 541.615511
171.382322 176.090836
161.512281 184.608959
166.280309 236.713759
168.249572 478.320399
160.443747 470.754097
177.977095 486.562879
180.349972 489.592503
175.689458 524.909880
180.216667 183.027920
178.724393 239.024491
177.273169 460.792593
177.939029 538.464801
183.876439 183.397364
160.786822 240.181570
167.793879 462.350853
181.530828 471.867797
196.182627 552.991705
163.477121 168.934152
176.604763 467.484319
172.892829 468.146313
174.579001 242.048765
178.925067 534.521158
181.196617 160.032823
170.790231 220.326029
171.709576 234.188399
175.597382 464.924006
187.916415 516.813318
193.679581 517.047566
178.155286 162.372982
178.648827 219.930536
176.453748 462.180518
189.079276 460.574485
174.156420 455.267190
176.564420 452.781753
185.081253 526.775726
202.079450 195.432731
195.877494 235.034922
191.401883 456.917217
172.420885 531.593561
179.598680 161.176759
179.184515 230.517501
170.473896 190.360463
179.115474 457.396960
188.667088 428.568608
187.012099 524.009788
177.098618 171.070852
169.719501 235.966795
173.975800 465.257454
172.754217 535.060231
199.950105 172.013306
189.817979 228.432389
197.520824 432.920200
195.972445 518.467780
177.208410 525.842925
197.452884 157.137883
190.127587 150.292519
182.311568 206.949843
192.105271 433.769412
189.713321 427.293417
165.501842 441.194559
179.336574 447.605844
182.370493 505.179462
183.830858 144.891849
197.876615 225.541110
188.261603 435.362713
197.456443 536.950823
207.241507 167.374431
182.989470 219.763287
196.230999 230.741898
200.607198 444.460855
195.694136 447.774559
176.560564 519.875635
187.172498 145.053305
209.450875 207.036546
205.318847 428.583903
218.612833 511.385116
204.860343 151.592727
183.200162 212.719679
215.916943 443.715972
193.334011 527.770538
205.821579 524.667138
209.818940 150.238742
189.105160 210.255235
192.614815 433.452136
198.988353 421.162517
211.143338 430.836513
212.781203 430.761784
207.656927 505.131824
204.640542 147.410721
198.432346 196.162783
201.370838 422.431853
200.151953 507.213345
205.280002 515.333115
200.467709 501.402265
207.619648 516.519697
208.851639 160.022893
206.691772 205.097746
199.957269 434.024429
212.173268 417.525719
205.280081 484.298342
202.095669 137.912775
206.023332 213.169651
206.618791 410.942924
213.484856 503.311730
210.178077 145.067853
200.173664 195.912106
201.685799 400.917599
212.936796 491.113166
194.835397 510.053385
219.300014 142.990364
219.256612 149.075257
218.319104 205.803442
205.939928 420.633341
200.970224 410.960251
205.651475 424.184063
199.171428 401.153468
207.737201 505.651658
212.560982 127.811323
201.306470 223.233945
206.083045 399.259502
230.194984 497.540118
209.191074 145.830777
210.569756 205.252851
212.065816 194.209773
217.219600 394.139860
222.295611 394.225125
211.665631 481.506806
212.354123 116.435034
200.498831 212.314423
238.907913 413.320482
213.782451 493.041362
224.004409 150.242157
205.129318 221.763626
227.403742 412.706705
228.697332 485.648410
204.499480 473.677016
226.040901 133.589511
216.566977 221.068526
224.020857 220.139020
223.314606 213.571544
224.426195 204.970965
227.970502 218.351730
213.264857 393.704310
222.513129 409.171233
219.833961 395.991545
203.588419 405.037660
209.384255 454.012209
225.006439 126.369420
232.897354 230.425934
220.485414 397.352510
223.163507 486.077766
222.723313 149.504066
226.593289 226.005888
233.262036 219.074201
235.030737 388.891257
239.937005 381.417558
248.627737 477.449152
204.972786 132.420849
217.856086 219.239787
212.702428 238.520221
223.676900 220.776779
220.534715 220.587698
220.998425 233.391249
230.528523 402.865857
224.967748 405.154817
230.430065 248.918146
212.356329 486.494160
243.074439 169.514071
228.290084 370.525383
227.993290 483.809593
220.503083 483.842064
209.627773 232.911457
220.402147 142.165140
222.549897 236.470018
235.304640 377.011252
216.933898 371.252565
242.592393 469.085298
251.307209 262.291045
225.603411 246.143702
228.924940 262.745594
217.433061 261.778250
227.166374 246.973076
234.617907 224.784264
241.211635 147.645620
228.704484 374.543132
237.908680 474.423710
233.120183 255.208242
238.951130 163.303424
231.157976 362.419424
238.785921 472.894685
234.509281 466.221438
224.229793 258.832015
253.331204 248.649498
232.389366 161.381801
254.458741 261.449975
247.422648 258.154895
239.514085 274.549885
220.759305 258.788878
231.002005 273.076208
233.084474 363.698259
233.311059 373.620576
241.003108 368.750876
233.441340 379.657006
214.846067 470.859067
242.410530 270.567334
231.103833 134.932029
230.306959 377.506948
224.777382 465.795628
251.206556 262.937687
258.313056 130.653310
226.969963 263.350784
243.280299 376.620606
246.639857 367.532720
238.340365 462.389599
239.288277 269.261308
244.281395 291.094130
242.394103 250.119965
230.299493 277.180984
240.123506 286.957091
239.059002 291.902297
241.962176 266.898899
241.921217 278.466865
252.941008 335.120126
229.551354 359.617918
249.449674 364.865474
227.491862 369.802852
244.941214 368.812799
220.611563 147.208541
241.731404 280.508215
254.845255 452.071212
250.565138 360.555156
244.422163 143.704575
234.454568 270.869447
237.187913 451.691143
258.212501 472.986195
249.107804 287.778879
244.677960 353.298829
234.845034 352.236171
241.299303 137.696159
240.987076 301.480216
253.307865 293.966158
238.725268 290.103037
237.672591 299.088696
243.873688 304.588429
234.066473 304.530061
261.448746 299.687117
239.240520 289.484545
246.249072 352.030833
245.538393 363.429598
256.108670 441.974957
260.869160 313.940894
241.887210 131.592292
254.567107 330.502391
242.844025 452.281646
250.069478 301.948315
265.935511 139.881612
257.610159 287.020897
245.968028 340.379044
264.118666 340.259717
230.194679 425.261130
243.200952 112.223424
231.802783 94.337476
258.184175 106.996968
254.883910 86.695050
245.386678 90.779305
248.419693 108.599806
237.628381 97.784858
253.059733 111.543850
242.497500 121.370257
245.289483 309.519588
245.532462 310.477471
262.790823 301.927959
241.023496 326.388060
262.629266 312.461456
253.460965 330.893477
260.197981 328.405205
238.129909 319.610035
251.711704 318.707827
253.954267 331.337802
265.007895 304.353517
265.817001 330.325712
257.090519 352.221990
257.145356 337.976904
253.063622 130.679258
259.562743 136.117550
254.544719 474.714262
254.150841 102.874758
246.830545 435.032479
247.516110 448.295591
253.445094 110.462854
249.824644 144.114550
247.994870 107.080502
257.509537 73.800837
244.489011 123.951889
252.195014 441.297337
246.297288 85.010140
267.025814 73.481892
252.260168 86.136409
274.222704 80.632469
259.874681 80.445480
257.307941 113.764298
249.324077 126.753419
251.526272 127.589015
261.200321 123.251999
273.245349 125.791739
259.336215 116.921407
258.526326 141.845807
259.917480 134.616524
261.266318 147.451699
263.300529 148.222585
257.643401 444.712793
240.386444 77.220480
270.731306 447.195937
256.514300 415.336524
255.502366 84.976526
253.306596 67.126443
254.081393 445.325902
262.002712 80.827923
260.495149 426.880550
263.244236 66.140290
259.249278 422.135572
254.804280 67.562121
268.457724 434.479395
270.043749 57.459796
270.183799 422.600628
263.414913 427.922527
277.876152 50.218354
264.157816 62.918187
262.218056 430.873182
270.985839 49.807479
268.613707 425.138149
271.941522 432.765141
273.889942 431.384599
264.928661 430.195599
273.758913 60.402062
279.642030 424.861427
284.328018 47.874686
283.730096 406.899159
272.078442 57.619999
278.315935 419.063074
274.873404 422.043270
283.067727 53.305278
286.811062 52.101323
282.693075 432.714829
275.346188 49.960635
280.179427 411.883560
287.029952 49.706201
280.338622 401.682444
277.392233 66.225984
284.163430 411.050135
293.856261 54.064703
292.787809 403.714794
284.434506 401.994012
280.437657 53.405259
286.853554 395.857183
286.683355 55.833430
294.199137 403.296147
286.760679 61.421745
278.427250 409.158194
294.302903 45.927807
303.872496 378.918422
307.104611 68.630251
298.717422 400.291979
297.696280 34.588745
288.689777 397.011125
290.121240 39.281870
295.566127 401.364210
315.745915 54.245609
282.529380 45.029095
292.679818 414.368009
315.986352 390.411383
305.476244 59.590787
316.249652 404.276151
307.733154 70.206259
311.637954 393.566421
309.557471 49.354422
324.345744 399.691118
300.912762 392.574960
305.149088 63.753285
295.894792 407.625455
310.755396 46.741235
311.551161 51.247641
314.964395 415.489621
310.608055 425.958371
325.698572 62.621833
310.681988 406.638513
310.346672 73.513487
311.291120 61.742089
316.922031 75.344288
316.409875 74.645783
324.238582 57.168757
335.064521 418.701420
313.935863 410.734350
317.664913 73.486015
315.952440 396.434542
318.654557 420.949502
312.903949 422.069877
322.656599 426.887114
321.112896 68.232168
313.016008 69.693373
315.254538 424.635230
322.460946 71.476604
330.482847 431.713175
327.784801 423.687593
332.122416 75.892405
320.375614 94.805561
322.625508 76.126637
324.021214 88.626956
329.071901 84.260153
322.218522 92.862029
342.190605 82.604022
336.712489 120.431412
319.283835 126.633289
314.879463 118.015292
326.423333 123.148517
330.285346 141.515013
316.119472 137.907835
328.893314 423.052688
314.414045 89.294050
322.726165 133.985979
332.078138 123.492130
338.279870 432.610553
323.769896 420.498909
329.768544 94.178097
333.715992 139.453282
332.111873 125.147455
334.154161 424.763066
333.011730 110.235893
326.411734 95.149918
311.323759 108.508059
325.568249 116.346699
324.112545 114.625400
329.535673 100.971369
334.444545 120.338423
339.460580 79.202918
310.646251 121.570855
342.600733 112.219007
326.039315 131.830542
332.880429 140.085189
317.533064 432.461264
324.327237 144.807352
329.583354 159.355050
346.988369 148.525709
324.443899 431.806553
342.990919 449.379995
336.523971 445.098126
343.655394 441.727809
316.098027 121.854809
340.876246 128.054890
330.853418 151.780710
344.460195 124.863716
320.018487 299.853926
331.592709 324.315175
352.650391 290.874464
329.348280 314.909663
331.490676 316.126830
339.298294 319.622266
361.682116 319.465252
349.188748 328.023579
325.209517 321.036237
335.552577 345.287534
333.411777 341.861938
319.990021 336.648559
321.733888 335.318904
315.568572 437.969188
354.763485 161.872719
353.080970 336.370621
340.189091 318.671007
330.860747 344.808944
349.710492 443.266429
344.771362 153.004413
337.669297 321.003343
331.491116 346.575691
357.715844 441.762211
341.141784 149.155566
351.979087 295.630420
339.553190 287.474564
359.141957 312.958028
332.246422 303.185699
337.887253 287.145033
348.945208 293.141523
341.920769 308.193093
343.225377 330.747995
326.223799 321.906175
334.450868 353.544888
356.069883 359.627933
338.802957 361.669275
346.310270 341.606026
349.353343 346.135302
339.962777 432.438337
352.926984 134.937418
341.543033 295.087818
344.828318 442.322610
329.405199 357.245829
351.960358 449.548910
343.510239 447.675954
344.565194 454.677617
346.523726 147.875898
347.843382 284.035511
335.012671 458.144317
343.806749 286.359673
354.556379 286.699353
339.165803 254.463111
352.414967 271.863882
347.187965 283.513712
345.353477 276.875424
335.600517 299.455912
354.837041 272.621348
345.390549 280.388432
347.679217 266.511872
346.199960 381.389972
367.565497 363.580729
351.751491 354.918636
355.781268 365.581197
356.064162 363.981938
349.902580 356.596188
347.808304 148.407808
345.577232 343.718980
339.091428 444.825282
355.399134 266.236614
349.196966 379.023587
353.713222 458.642255
338.222191 154.078703
354.145276 452.241150
374.771361 253.865470
334.647763 365.101788
355.982116 135.375519
351.493359 258.516354
362.859559 257.383399
347.646801 246.990810
352.609699 254.974828
343.938551 241.270934
362.661955 276.888614
357.292870 272.014735
348.738530 255.470075
354.353693 250.591205
367.809341 248.658444
353.664704 371.937450
348.155593 456.590484
352.689169 378.396992
341.646132 169.160252
356.437375 235.679283
345.285101 458.375739
349.764831 455.829777
366.130559 385.972332
360.480152 163.916502
370.389019 237.130180
362.277537 453.486593
364.662885 227.754665
361.425446 234.193160
361.231074 238.244508
355.049317 237.187998
362.679560 241.070070
348.133695 227.278968
343.772254 237.661646
352.198817 375.341232
366.103889 371.813770
357.675733 380.285615
367.161953 372.188453
380.215424 139.311153
357.569858 203.727834
354.606198 211.938245
345.776929 222.136247
356.730102 200.686612
362.084472 232.369581
362.178370 241.910546
360.717489 377.903466
357.859819 464.136807
366.163764 459.396695
360.073518 149.508351
363.233892 199.088434
357.942780 386.268822
362.369678 456.467001
358.084769 474.253054
351.326391 491.218768
351.193533 470.641747
354.953131 157.679973
368.813099 193.812434
357.163982 390.950311
373.221716 378.086150
360.362606 375.416427
364.592152 376.208980
359.563394 384.181643
362.480370 466.434340
367.379511 147.773583
361.039995 211.951024
363.316605 469.193068
371.133444 400.807317
364.691250 496.114371
353.649393 145.522450
377.597227 210.331557
353.510895 407.916672
378.620290 499.209167
366.449423 147.381831
362.277142 194.300816
364.789961 396.551831
378.344899 406.142988
384.353732 493.087160
376.714136 483.380293
368.767560 136.315590
365.615606 198.387789
380.778097 404.413105
365.172229 482.829523
378.127262 139.970567
367.659388 174.730796
358.622847 403.543297
356.738257 399.276272
385.194327 408.362884
358.201800 412.019372
376.604326 491.082702
374.044558 141.800167
374.894020 196.505096
370.094843 412.741940
362.750361 484.183034
378.974181 493.093481
366.355419 148.856510
387.520296 197.447993
374.427826 413.030594
385.112421 413.688716
374.378497 481.909261
363.524216 157.500333
375.091364 205.656528
382.991388 392.151984
380.330894 481.980936
375.556951 495.622736
373.875431 128.804157
381.972128 199.774025
364.421902 431.575120
384.524439 512.249436
369.685971 151.469045
399.836829 203.976179
395.517733 415.067638
401.628231 407.074999
396.306401 427.508139
373.009910 418.836659
382.883359 428.823446
377.450982 496.477557
384.563885 151.793379
379.827826 190.843684
380.786171 216.883708
372.135048 498.398333
382.561874 419.878264
377.013770 509.512457
379.713537 490.833329
394.914759 504.698513
403.737911 148.932672
370.479190 190.014734
385.259380 506.437958
393.472400 409.592343
402.788309 131.466874
392.294146 198.031234
373.463406 426.237659
384.519554 502.665570
373.037291 427.064668
384.501610 501.924187
397.119194 160.346442
396.545205 172.817071
392.145812 501.149735
383.382745 439.231919
391.119067 157.182585
388.613313 183.421274
399.545702 437.016585
390.547660 442.986795
386.491425 434.768393
399.479243 516.676026
390.577814 434.369815
409.677844 151.841625
380.455560 191.584035
388.110177 187.924060
397.294840 457.009346
400.068952 509.478745
397.330832 515.499815
380.829827 150.517870
403.945069 197.642053
399.432938 438.871949
394.697997 528.781494
395.350064 446.425243
397.137322 156.402248
409.876512 201.814740
395.146504 434.687332
390.486032 519.743488
401.887295 516.194595
399.308967 135.271450
400.894167 187.684735
411.939545 446.814948
396.078831 525.990576
409.086537 143.456628
403.192827 177.458082
410.844700 443.745858
419.145179 440.325461
398.908422 452.717067
411.361513 463.586603
391.705688 524.384771
412.200174 462.153854
406.511912 139.299540
400.430257 185.432964
399.505591 184.643154
401.813413 512.826075
413.565984 515.535123
401.061082 439.559947
415.869198 154.180662
414.383554 177.819848
405.056337 516.364710
393.996203 459.023808
394.973878 138.666152
407.489080 179.123055
404.572889 473.495751
401.844806 525.909867
429.737201 441.307824
414.553399 532.593113
414.164551 156.641993
408.745011 178.778552
414.941137 535.913997
411.191969 460.829520
427.219376 145.998906
408.924615 184.146425
424.133003 466.149227
400.235622 457.076063
407.432873 460.603472
403.757688 506.336390
414.688869 464.925041
418.724470 141.464551
404.097938 201.646716
421.353690 158.046398
406.169386 455.608341
428.804815 534.914282
412.716601 529.075710
415.483393 142.031612
415.757342 185.924437
411.101530 461.434405
440.853882 541.384348
415.599570 469.979038
437.312657 161.169155
415.302401 193.789152
411.368145 492.362084
426.298600 533.972512
436.517792 536.275451
403.374237 127.350861
414.210213 183.553757
416.111313 468.054450
417.919211 525.986563
429.002245 136.283300
418.332864 165.343644
414.609884 455.612470
426.955816 472.656078
423.086146 482.814045
419.391536 473.505105
413.141021 531.310452
425.054798 470.278195
420.980443 136.920249
424.442631 169.432518
408.756441 541.222617
432.335821 478.193723
423.753335 154.547575
419.263217 176.727759
423.710519 549.872484
428.153152 484.513243
437.875295 136.204333
425.255044 193.329758
436.980642 492.074840
431.298582 541.754484
431.845487 486.415153
429.793710 540.198627
434.862744 144.054602
445.983003 179.246166
429.586264 537.605590
440.889398 490.982382
426.034618 153.543777
426.473223 176.134133
418.227076 498.531468
426.064349 495.912186
443.496351 479.304797
422.186488 539.571379
423.923494 498.448194
453.254587 142.241882
427.708327 148.794192
426.183304 509.154883
433.315205 557.770224
437.906999 139.422236
430.115283 173.084802
433.446736 497.657832
432.749923 535.240568
444.792612 488.267680
447.867607 497.351758
448.303932 497.281719
439.576950 127.535974
448.041114 163.539587
448.514802 517.863136
446.992969 543.750088
440.606073 516.249692
438.317671 141.045777
438.609080 189.314679
439.621211 554.081778
431.690799 495.228708
452.654683 143.005798
442.578883 170.812926
429.170443 516.095691
436.484468 520.408517
442.873281 516.480174
438.771959 507.499359
439.034121 515.964640
448.640233 509.401783
431.006955 556.516472
454.106622 512.020214
452.531091 126.067178
435.362042 171.616084
436.698787 543.486537
439.743451 536.775597
436.173555 128.290984
438.665919 173.925822
447.678959 540.679688
448.032216 528.812535
439.413605 520.979823
438.821074 522.404260
442.330956 529.890010
438.909065 529.787205
433.362661 523.935314
446.977165 535.414897
444.842434 536.261390
451.175356 139.713108
431.352353 157.601435
438.702924 108.168847
439.185165 168.171208
454.474563 118.070138
453.104688 162.257391
451.657894 156.369691
454.466985 170.551844
464.544718 139.017081
457.847616 195.445420
461.823056 138.956947
463.886537 153.922179
469.356636 161.477069
467.927612 166.993300
474.327751 130.624580
471.407768 143.782988
463.096574 129.599066
466.407202 181.497906
478.536096 151.958967
472.861148 134.754722
476.613743 170.271536
467.200723 138.923105
469.715744 152.771497
464.765088 123.869046
465.762876 179.256526
482.568912 147.746584
453.158583 153.165502
479.875929 139.977356
470.064224 163.215226
468.021468 130.393972
478.704695 166.491695
482.324716 129.181533
464.310532 163.146563
488.281117 132.049337
478.579823 159.690131
478.865309 131.219926
472.481429 143.775193
481.217631 120.079081
489.733348 166.383529
487.294656 124.555732
483.201110 156.271960
498.590483 110.710778
495.607967 169.209915
479.267969 134.440089
498.078187 175.845743
501.836450 127.935594
493.440606 176.245568
514.732236 119.187723
491.178467 173.254734
511.319761 131.844785
483.260121 150.647587
508.414771 123.916043
510.964922 150.121379
499.044825 139.734054
508.612296 160.857216
488.232780 125.636055
494.494809 138.284232
500.402424 114.900301
498.253522 164.626072
479.932491 124.673210
502.484044 165.373216
492.155560 136.350076
508.656540 144.292156
526.849800 138.584650
507.776601 156.699826
502.456019 111.597215
527.619359 175.303827
520.390510 103.814264
510.862569 120.745566
508.959324 146.257973
512.863637 150.970008
525.181970 125.219651
520.872440 160.765732
507.688191 123.688168
509.439343 165.941528
516.812648 105.866537
507.689867 140.151558
527.184296 110.609992
531.893483 156.229291
513.443649 117.869553
511.830271 157.428825
537.877547 125.064974
528.927309 161.869842
531.248254 136.450601
521.198618 156.848635
544.178046 99.422307
537.955271 142.776811
538.247649 125.376584
521.003876 138.222778
551.414646 105.765363
529.352180 142.447544
547.691285 118.771644
539.665030 139.930948
529.714548 113.680701
526.213845 157.454231
542.274121 119.897262
534.825000 139.997225
528.580653 105.887343
536.887405 135.466215
536.903517 130.595554
539.817068 114.813252
536.608873 141.692107
567.618307 145.423888
541.610070 125.914407
558.400749 147.171936
547.672098 116.048083
542.001923 132.375979
557.229444 132.899990
539.568050 116.125160
540.147897 141.468922
548.805340 127.204083
559.601223 145.495498
546.357984 121.890477
546.691069 135.294019
550.851164 136.759681
