50.060231 289.407847
49.572254 297.159202
49.246680 301.507862
51.778390 307.050949
50.196627 309.614663
50.332788 316.302742
50.560199 321.180538
52.241500 315.044350
49.907481 326.333036
51.956065 330.152566
51.927912 338.076847
54.133064 343.119639
52.941882 348.637192
51.452414 351.565731
54.439659 290.497592
55.500829 345.672158
58.033633 280.786545
58.434325 351.939767
56.743417 351.900047
60.398369 289.179383
58.070473 361.415336
61.244122 273.957835
60.740116 362.767124
62.257376 363.207651
61.636149 377.721847
59.811179 370.747091
63.420876 382.226480
61.356834 388.816668
63.328547 376.185109
58.456867 378.542527
62.013358 395.497859
63.312852 398.893478
61.007223 409.956063
60.753413 415.881457
62.677068 404.714632
61.794201 425.665685
60.287045 423.499399
60.384127 428.322387
61.396829 433.578252
61.185372 428.042911
61.377607 431.286306
62.279294 439.229670
65.136428 448.838817
63.352460 268.487117
65.339447 259.175184
67.381845 450.252386
65.777885 440.520399
63.934464 446.834176
68.630678 460.534572
68.201531 265.399081
68.273065 104.189428
68.964117 108.645323
70.938596 119.027893
70.296287 111.359062
72.475341 123.329966
69.434615 126.808433
68.287587 130.424684
71.635725 134.134333
72.386372 139.027391
70.283759 141.268733
71.743843 148.257925
69.768001 464.856409
72.309832 467.925078
71.969104 468.700208
72.239423 474.413659
74.930133 153.236259
74.210775 260.691957
74.526443 101.790644
74.270629 96.864220
76.089202 156.034288
75.107627 152.489847
76.664978 481.838801
75.123185 481.265706
77.025739 480.127642
75.877350 488.385972
78.847437 491.147287
78.927499 254.240451
78.745428 95.953209
80.135175 165.888723
81.797073 497.528126
82.481519 79.994004
82.916143 160.958675
82.391986 171.155905
77.852325 503.531154
84.493601 501.256180
82.148046 510.368823
81.095379 512.805768
79.824265 515.770663
81.683699 521.681139
78.729649 523.718348
79.645917 526.213438
80.716287 532.578809
80.294315 537.830903
82.488236 536.430903
81.097790 542.936916
80.600370 545.091834
81.415149 254.625585
85.223861 71.664851
83.952070 171.468678
85.310550 556.376959
87.149054 175.054020
85.702696 178.292963
85.022283 252.880048
87.637293 552.200061
89.910917 76.378466
88.580050 173.558394
91.131709 250.816967
91.363870 559.424681
91.781581 553.753204
93.237498 71.626941
93.207295 182.885677
94.115854 250.223196
94.206166 556.526420
96.719527 66.042701
96.303221 185.606336
95.984593 573.877396
97.897603 575.491779
97.447393 585.641815
95.931463 240.598824
99.643020 64.656623
102.966053 193.000060
98.387513 580.003703
99.137821 236.578560
100.756942 586.765029
101.190637 584.924126
101.864213 592.844014
103.013068 191.706887
98.009648 65.144193
105.609085 224.660667
104.080184 593.863969
104.920259 199.002238
103.032523 196.762438
108.988124 59.944682
108.608000 206.707966
107.863466 242.053123
108.936187 598.755291
110.543777 57.747367
110.005073 205.931837
108.771828 208.287433
113.622143 217.083429
109.358403 219.305748
115.088050 598.878693
114.085439 54.868958
116.862294 602.957052
121.256938 59.611173
121.351792 600.075837
123.006446 692.270866
120.507571 704.137109
118.817764 706.645228
121.841663 699.943811
120.534113 709.479496
121.468361 715.070410
121.959888 51.638686
123.323732 606.870472
124.617663 716.651190
123.508841 690.292092
127.496187 52.506654
129.259246 608.358488
127.816759 607.107576
126.473458 675.019911
126.428572 677.899504
126.985547 675.918157
126.494927 686.068637
125.078640 679.939065
125.662021 725.919698
123.387991 729.244668
129.079956 733.960187
125.464845 734.065835
126.229342 739.262051
127.641360 737.939125
123.757444 746.631478
129.151378 51.324880
130.524398 619.382468
129.936667 664.140259
129.801312 748.416247
132.248333 658.100400
132.362743 789.063032
131.298422 795.647480
130.089154 791.942100
130.175901 794.315415
129.904300 806.610364
129.857546 815.063904
129.800548 812.623077
131.542121 808.824569
132.500100 829.593343
129.181556 831.133221
132.255107 623.398032
130.855649 750.142275
134.563794 49.384837
134.122530 650.679283
134.503730 788.691465
135.101315 831.977617
136.203950 619.003470
135.640529 620.712471
136.548141 627.081522
135.343834 631.866479
135.290128 639.345848
136.030651 643.240876
137.185300 648.410494
135.969330 651.891249
135.384638 754.492989
136.539593 762.587113
137.051502 764.026235
134.339549 767.263956
137.273249 764.746871
133.725943 779.797100
136.452232 784.233809
139.232251 832.130641
136.907828 51.367316
141.903268 828.251265
142.407635 51.367757
144.459530 840.963268
148.018970 57.567329
151.054665 838.911060
146.941008 43.300373
151.883274 843.903160
154.192458 52.270898
155.717866 839.899315
160.812619 56.633630
158.098931 840.444257
162.566413 55.193863
164.238068 847.147652
166.240575 53.471056
168.527475 843.623568
171.636147 47.220202
169.895140 846.629299
176.571248 54.617300
175.749823 848.989011
179.835162 50.340700
181.217668 856.594923
181.205890 49.959130
182.230869 843.302724
188.056925 48.486040
187.259197 850.656276
191.843716 48.690050
189.443122 856.420946
192.483642 45.949674
192.331001 848.203073
197.606145 50.614301
198.644406 847.876326
202.951026 59.667185
200.038586 859.463131
205.207029 52.535513
205.283936 859.590064
209.404371 52.709567
210.387874 856.863942
211.753717 64.459082
213.177543 850.570645
216.507706 65.722776
214.829989 856.810996
219.811196 58.643036
222.415043 851.476067
222.479733 68.766882
225.248672 849.906622
225.944569 65.324153
230.930918 857.519052
231.065361 62.796930
233.960398 855.680493
237.326364 72.142994
237.272843 853.963913
238.555118 68.636103
242.364836 854.885857
243.849360 65.584634
246.897712 76.724043
244.315534 853.100533
251.801244 83.561063
247.309167 226.138542
248.628427 232.776846
247.104011 235.504556
251.624492 244.837622
249.169628 749.084332
246.933584 762.877393
245.900716 765.006035
248.223206 767.515265
248.623218 78.361017
247.714239 98.186245
249.734032 245.202281
250.561854 765.970311
247.895487 851.694254
253.110444 228.701444
253.614332 749.244287
255.426664 93.490044
253.320950 210.047461
251.086507 222.599011
253.441652 248.507623
252.674550 738.368621
254.030335 744.827722
252.572541 769.177298
254.134849 853.832372
255.047638 87.839999
255.685162 211.918952
256.839829 246.015413
254.975528 779.956070
257.249621 731.239442
257.211906 93.362017
258.389153 199.619576
255.227408 251.381757
256.245310 720.132965
256.791446 728.076641
258.171865 851.629000
261.055878 107.992356
259.791080 258.069672
256.081976 781.151513
262.295577 200.358029
261.657784 720.975565
263.789924 854.155176
262.155438 107.155653
262.155724 103.436859
265.107715 156.335028
261.108982 155.006377
262.332483 158.190986
262.077077 160.236212
264.005217 168.129205
261.528068 170.333010
262.055650 176.599019
262.585429 178.706543
263.528474 184.335021
263.950688 190.236798
264.993173 184.580524
263.272247 257.495920
265.083603 700.136925
261.433416 712.628501
262.428701 779.586749
262.918215 111.719438
266.075165 268.858486
266.008210 783.571898
268.016524 853.998399
263.898330 152.473095
270.045370 703.346922
268.086162 119.302480
268.535381 118.133840
270.137957 125.930835
267.513091 126.533397
267.209885 134.390873
269.987177 130.295007
267.984091 135.215965
268.593635 678.828916
269.385654 681.542570
268.761981 677.408428
269.358716 682.055040
268.799339 689.130260
267.489375 689.471366
268.484851 703.684739
267.422731 271.982108
268.990384 784.520130
271.192102 847.541027
272.724424 275.303117
272.191483 669.006808
272.224645 790.753287
272.033263 271.956698
274.537544 280.297319
271.587141 283.970846
273.281177 284.589606
272.170546 295.837409
270.950199 287.247966
274.596744 661.480697
273.890158 298.882583
272.450642 842.655633
278.662040 792.677174
278.746131 657.045049
280.643586 298.152111
278.645345 306.061106
280.176472 357.899797
278.884618 362.067730
275.543166 362.743310
276.108500 650.000589
278.320850 842.776062
279.032983 307.223799
280.220206 365.297034
280.195840 785.173091
284.387768 343.376928
282.395944 651.626117
282.114756 848.365494
282.022743 306.953334
281.919242 315.495827
283.521024 316.407906
282.788810 319.041168
284.813908 334.111053
282.985113 331.577965
282.354208 332.099252
281.069851 334.241620
282.425108 343.005272
285.266110 360.894610
284.590421 368.566098
282.542179 598.063107
285.054963 597.343352
281.226425 604.866838
281.361380 604.682845
284.299000 615.843360
284.126796 618.827089
283.561233 638.115802
282.087611 378.416921
286.969518 792.506410
286.824466 626.662366
285.841370 842.822016
286.542164 588.069747
287.643041 636.431362
285.930653 376.621823
287.848431 383.817320
288.517319 639.780253
289.898565 637.008020
291.002256 786.922322
288.615485 384.275059
287.018027 835.448981
289.631935 589.639956
291.876758 795.014049
290.864042 385.905999
293.831426 389.956391
293.798231 399.246681
292.823616 840.497042
292.145170 396.600640
293.435185 585.187598
294.782479 792.397487
295.023767 832.426424
296.823932 389.707162
299.309948 405.370236
299.032254 409.752721
299.412368 417.797179
297.352442 421.266297
297.298306 584.413396
299.020834 799.586738
299.679132 577.093906
299.562696 834.291113
300.538634 415.960620
302.060147 427.749916
303.063703 417.938361
302.954523 440.244761
303.686551 555.475786
301.352661 553.176790
304.819850 791.761959
302.363685 572.916671
305.747282 568.319586
304.732481 803.206573
302.192751 830.618610
308.348316 441.666798
307.831252 549.941531
305.616026 431.960127
309.429338 445.543019
308.751396 446.387108
307.552767 540.591282
305.602950 573.928845
306.775071 573.628659
311.632640 566.191821
309.903649 799.538008
309.698916 825.574925
311.997044 451.712520
310.569174 531.028075
311.763740 445.205532
311.177484 806.928621
312.342795 822.785758
313.160104 458.385102
317.510251 525.943864
315.098741 806.628426
316.969898 819.667405
317.137210 463.484517
318.004070 455.593190
317.095515 469.815109
320.453432 471.434754
319.404167 479.275844
318.662343 485.526576
318.784961 807.137442
318.919994 815.867904
317.662568 828.164557
318.869247 526.756625
321.997621 491.613532
322.703381 488.952049
322.644641 529.333324
323.799702 527.247481
322.132978 501.925821
327.010516 526.039990
327.286181 492.222010
326.986662 498.126771
329.433776 506.933299
329.164408 503.567213
327.065376 514.278775
329.352064 517.832627
