0.610251 231.861206
35.801211 210.443951
-3.036793 219.212584
28.654050 225.031636
39.698801 236.571834
21.849149 229.141964
35.543223 245.377797
43.356772 219.777210
32.065384 203.231145
17.681861 240.779284
3.181204 207.286624
42.222767 249.391433
18.454346 204.065899
33.224693 237.047157
38.161366 192.555386
39.910498 251.014655
78.535447 198.894978
59.845246 269.655794
56.517877 271.596663
17.639851 259.252787
32.794952 191.861845
54.334222 270.029391
90.390742 194.225647
43.755207 292.785449
64.405188 277.506746
47.409389 188.617974
84.244410 276.858913
45.472956 193.645201
60.316926 281.017291
52.470318 188.297121
53.370341 287.936042
63.696549 181.005753
43.849040 263.648195
22.753240 190.524447
80.829747 274.447545
82.523500 195.745360
76.240762 279.048500
76.321080 176.155953
99.871424 285.476610
89.254913 199.520160
73.115682 274.086652
82.831393 186.269633
103.654261 287.272481
112.036778 193.918048
96.404805 293.320732
75.884639 191.953039
99.310120 281.401360
66.584398 185.887557
78.233994 280.768940
136.548784 195.358971
99.525629 292.170283
134.436359 187.898790
106.117632 308.215077
168.820632 196.499512
118.872517 285.914366
146.815446 173.671085
121.561294 284.335860
122.567553 172.315376
118.292958 286.351938
131.280856 203.036501
141.115946 300.747474
128.026542 186.654417
151.693311 304.032993
150.070456 214.982404
143.857003 283.081504
134.228838 201.853959
139.730990 288.855926
156.435726 181.746143
131.087382 276.756086
154.102949 186.152922
138.888305 295.162257
149.613153 182.939233
161.267223 299.123798
128.062717 304.073758
142.745785 210.434647
162.937271 283.071474
172.834596 196.169115
164.571751 303.326377
187.912232 185.614386
179.538002 301.569926
205.180439 196.313051
168.414466 292.693638
190.202460 184.396633
221.591755 290.999644
168.085891 192.973883
160.588602 290.388334
152.425525 207.151387
189.749995 289.938037
172.847741 205.766853
186.860340 284.205753
160.908980 187.023500
156.585073 175.463472
192.304427 301.566009
168.203447 177.162349
162.832239 162.968467
211.720898 174.167251
181.267283 299.135983
201.207766 159.337914
207.483734 304.617458
195.659453 171.460402
216.742080 289.627364
229.673413 171.367783
198.779092 290.008747
191.083645 175.611200
200.608282 297.261952
176.237297 182.674472
231.383467 299.343504
190.916013 173.072800
220.808174 296.672356
224.948125 153.018988
200.668068 282.393104
225.912409 305.234620
223.213475 301.382700
236.739451 170.249811
215.509055 300.015636
228.481100 149.713817
233.847681 289.912778
249.335483 163.138757
223.584924 303.348650
227.831207 166.630867
239.026752 302.412280
243.412274 149.512059
230.912649 302.174280
233.942007 143.136255
229.192377 312.787419
250.914580 146.113592
241.844869 314.929804
210.061375 312.654877
265.402400 130.097575
256.439136 318.798541
249.507418 140.682038
248.921178 333.451197
246.373680 339.464754
235.631391 332.070387
284.163887 149.407455
267.707817 332.674858
245.162225 136.585544
249.995480 332.091810
251.428222 128.452350
251.743240 343.098850
273.193221 339.691005
267.448585 131.247382
220.984234 339.258884
283.860743 123.527693
277.168430 360.715679
272.908780 114.824272
262.933876 349.085953
252.743337 120.965142
291.650572 125.688509
291.576110 365.228339
280.536924 126.257176
286.788046 346.614760
271.812650 357.935496
278.158723 367.119320
289.969872 99.635975
297.572112 360.964279
272.610057 97.386306
281.346230 373.376837
290.790920 88.915972
288.024066 361.706528
282.414951 376.436158
307.267470 379.502802
301.503205 398.726677
303.722343 385.771268
307.346419 110.014250
308.065198 394.906721
286.141673 401.842544
302.943352 89.596219
280.902818 413.292637
329.159898 394.520406
304.232992 95.919855
337.676544 412.019779
318.880437 77.496038
317.573169 425.663928
313.518847 85.147829
299.385125 412.911965
337.572571 84.933688
299.366374 401.400238
327.227138 414.547835
333.233321 99.948710
322.773377 423.282992
326.097403 74.230375
319.291740 417.150758
385.565053 87.773024
371.385566 435.074769
360.901433 80.136379
317.542454 428.535980
354.265933 429.021978
329.904001 63.194948
341.120331 60.900014
352.380017 421.258035
370.201984 76.352570
318.462291 436.044195
358.435318 70.593216
347.676762 447.410951
330.952132 88.804627
352.513674 446.329475
350.119425 47.972363
344.672587 438.872287
353.798143 54.158143
362.705879 445.449613
357.802761 449.476090
389.656612 53.847236
365.907569 459.446158
326.445758 48.547441
372.086298 449.023453
380.409389 46.558131
375.338941 449.979729
374.922104 60.799953
377.346885 481.881469
389.938110 50.438903
375.248158 472.279903
389.330155 464.481874
365.368453 52.461801
396.949242 472.852221
391.973221 40.334436
411.853294 483.894167
392.852745 53.280741
403.270517 472.270194
398.517263 62.137407
428.504264 469.418306
403.807450 368.786739
401.418667 384.960613
440.410825 33.883978
411.069129 395.763280
395.887629 476.692035
400.200387 372.895252
371.125383 56.865539
398.988729 406.981197
415.244361 476.322327
431.668456 373.749614
414.393822 485.603641
412.956924 385.347568
437.535930 43.248349
418.175223 387.074271
410.609522 392.478762
398.756376 407.800647
426.329096 369.209243
408.780283 487.579280
416.468267 22.111909
406.991132 401.460855
408.465200 376.534812
409.041483 484.083643
400.480194 408.776121
401.296211 42.364442
409.793124 385.355292
436.341006 414.057431
402.407207 484.373422
413.264008 423.743993
387.405591 32.297156
396.942045 365.677464
442.478846 468.128596
399.839154 421.540278
425.845676 443.565303
428.737243 428.327694
409.376873 39.523497
429.655274 429.214725
426.291900 473.409575
398.886168 385.623800
440.893766 40.162003
400.976635 437.099297
427.645596 440.169226
425.341153 465.149993
422.787946 441.617010
421.584180 379.704506
417.515854 54.564114
438.106942 455.058663
420.792581 454.746540
440.636817 378.895755
462.410679 58.578435
450.862003 378.627281
438.902605 390.143550
448.897338 39.057783
422.271588 363.306172
457.094778 51.947942
432.833027 377.070742
447.928366 51.038297
469.675147 391.082653
465.799367 45.194090
431.199171 384.030502
434.337687 42.231824
456.766590 371.766656
458.904877 53.043807
471.604848 368.074308
467.179892 31.826926
460.630061 372.482075
442.567844 48.780131
450.346852 362.473662
468.044741 48.165267
476.860198 387.477658
476.371484 26.698458
475.375398 367.189027
516.880035 47.602983
503.155315 369.375523
501.230392 29.241616
467.427271 384.098410
487.022694 33.416246
488.124674 377.064037
489.327041 48.486213
497.865662 362.554566
512.780960 49.766017
503.111444 386.011318
465.012189 50.004461
523.670000 379.301185
519.324963 42.709499
490.659814 383.140303
496.185380 39.531765
519.743108 377.339753
536.187544 36.013100
500.211368 383.939345
479.053376 35.924374
500.268198 370.146100
519.558957 44.818172
537.985411 372.962719
549.839236 51.867903
513.772475 377.280247
502.995456 49.426588
509.429029 391.307878
561.128194 42.087321
518.800963 384.383733
549.355013 41.225675
525.398645 374.313095
520.172772 34.602195
518.672820 378.417412
527.477568 39.126487
557.038656 373.334124
560.148992 59.410804
575.729504 376.800622
548.461668 35.913728
559.539586 380.794765
545.061863 38.507260
573.022665 388.538899
556.001482 50.897637
539.002892 379.823232
573.615644 51.005206
591.623883 375.437143
566.263688 42.076968
570.643069 370.399664
597.280986 44.916564
580.454700 374.799063
570.544479 53.682792
582.710280 390.696874
569.211655 51.277636
559.890598 373.024302
594.151224 26.082741
565.933233 367.978600
583.201045 64.162376
592.712143 364.113559
575.212366 49.546743
589.576322 370.849123
577.332165 60.444549
602.824456 358.795544
580.610417 49.005932
587.624855 374.519179
597.433929 57.361626
613.351095 379.350478
611.665109 61.513946
628.428677 375.355347
597.478867 73.923506
622.905541 61.810896
600.187867 374.039259
615.462769 379.546964
604.770643 48.515612
625.161490 359.811661
614.639560 66.301669
615.262577 361.955145
630.116004 50.432442
617.837804 60.664621
647.598608 356.783847
621.331672 68.260230
622.597295 369.115437
637.692165 59.013704
613.741165 366.248476
646.766635 57.466106
639.355182 349.395497
629.441885 72.112374
655.776757 357.514718
663.542106 69.447178
643.203574 351.721311
660.288503 67.391571
672.574895 359.332697
682.099846 83.313850
653.765454 359.533025
660.966858 66.322524
660.234713 360.382678
651.829084 363.162422
656.519452 73.767021
644.363218 87.161776
650.378686 371.909836
662.373700 82.965086
670.846939 350.667516
657.760465 66.958718
717.181556 353.907070
685.948956 74.506378
679.978631 345.366415
670.745836 86.943061
686.792876 338.057512
663.646143 75.701355
691.840928 346.002697
680.705858 84.057357
675.327535 335.700340
680.420773 69.884784
659.015486 96.127374
684.367019 331.125097
704.921787 92.265835
699.467631 337.148691
700.473497 341.967464
700.969220 99.688032
687.801474 341.326713
737.962976 91.703676
721.305522 329.840569
721.158542 92.283473
735.656874 104.073538
702.633381 327.016680
697.768252 348.287145
709.180019 338.509420
686.207221 102.239553
713.962452 348.181337
713.478733 342.477788
722.015509 345.297456
714.285252 90.707357
750.799017 119.045092
722.227887 343.654226
731.780191 359.736740
720.470137 369.952351
698.795226 110.005133
724.308118 366.589073
740.990285 134.045396
723.818439 365.982644
726.260986 110.222371
718.901742 373.860111
714.178499 105.232840
730.614337 114.202847
735.281717 379.609028
718.015388 381.563712
738.859430 387.285341
739.694800 138.731770
715.571262 132.861126
734.297334 390.136538
737.652463 381.384330
777.274482 122.272481
753.577936 390.757962
713.683229 141.890820
747.352489 150.588930
732.916087 394.551514
735.107952 398.994398
735.470945 390.275893
716.713392 145.812992
738.853133 396.088069
752.670426 149.219661
760.438612 166.411132
746.578103 148.736827
751.624266 406.227015
765.801065 176.107780
744.825306 277.816994
761.313266 285.103084
766.229326 273.641481
762.115401 266.710721
786.862918 301.689450
798.655224 407.460887
775.897593 287.281596
752.328274 164.576089
727.067723 417.423592
777.657258 254.558554
741.316150 299.532964
778.332071 156.205471
760.683792 293.559151
738.502960 171.082117
776.484572 312.400075
792.570327 262.536161
748.816180 417.084095
796.741845 167.173704
776.179089 312.653542
768.102717 286.735395
780.019252 305.602040
760.070130 312.876017
777.750913 301.858266
771.256144 266.433644
759.342810 418.385323
788.963479 423.790533
789.905195 178.111848
755.174993 331.204264
766.670178 283.030524
755.445011 325.201514
794.764833 330.478363
788.075910 174.071676
782.568923 424.638633
755.218246 258.373465
781.034804 338.487516
798.745521 175.485968
795.408940 256.000147
776.445939 407.400401
754.219224 349.599287
784.332475 180.291208
793.456396 248.154544
804.914111 416.563331
798.397206 329.200706
816.331945 211.454676
793.043460 425.527407
773.618180 265.972699
794.064027 339.988860
775.794942 339.904714
790.193454 349.827378
764.731630 196.657824
799.008236 431.605152
772.204703 245.122546
827.702624 366.605799
797.825791 176.307473
794.203246 424.104242
833.551012 237.517234
795.980651 357.803310
813.240513 199.808140
803.217898 210.808848
806.191413 231.247821
828.482069 231.557998
789.708801 236.967241
837.537000 420.390568
804.315093 353.171873
824.267675 201.573684
791.055179 205.778105
811.458829 364.464691
796.728931 423.555961
826.800670 372.886002
801.527351 359.239010
822.183046 191.143228
800.042018 222.403616
785.803156 414.790751
803.448428 380.310873
820.562101 193.354069
790.362265 208.674743
800.800489 385.537906
807.789583 429.767185
835.022230 207.241139
825.635701 403.341483
807.175590 406.443560
819.997716 221.134259
846.373265 375.824589
825.196304 196.918456
799.686301 380.027501
831.793960 424.153634
818.241099 215.953825
824.060452 215.252368
845.642962 390.652168
836.273175 393.993824
805.619428 390.526189
810.184033 387.410434
821.729741 410.476552
827.057568 207.258018
871.299440 197.754224
