27.439851 188.976164
27.788669 189.542220
19.425744 196.898044
40.614877 188.550657
26.697197 186.867539
22.394503 195.431386
29.677224 190.023651
14.783081 207.098298
23.163695 211.763006
19.221275 218.863733
36.087539 214.652381
24.028211 229.281981
34.427267 182.610794
34.574684 163.265925
25.691355 164.552165
31.163910 172.360958
26.633850 227.409779
26.425671 232.650802
38.014787 161.763130
39.346513 243.290434
39.906698 151.097766
24.389721 256.386732
42.632511 238.580456
42.510483 154.464746
44.152185 248.018457
36.971391 140.963032
45.569990 135.908451
51.225375 238.110131
47.031189 130.687342
38.214250 125.678642
46.000584 245.627691
60.879417 125.873772
49.240359 252.451697
48.872335 118.661737
60.784848 259.276250
63.989989 254.310956
64.120367 116.118242
50.213405 267.001846
55.608481 112.814110
67.842210 113.704818
58.725703 276.884617
61.441826 104.184667
66.924008 264.227626
76.769279 107.432201
80.827141 280.229018
73.089623 93.392588
76.093642 281.774240
71.314904 96.266560
70.848885 413.509670
70.435088 412.477554
78.444703 421.492255
79.065225 426.005766
75.302953 446.453710
80.068583 445.049814
78.155479 264.439512
71.236606 439.728112
75.320064 89.177460
75.314290 414.716872
78.101773 388.251667
79.974510 374.789266
82.007161 388.757113
80.450756 411.465840
81.600898 404.277602
85.616164 406.247057
82.341687 449.616320
82.716803 450.287802
77.322704 265.808126
85.884101 83.292728
81.722090 378.831579
90.266400 454.247464
92.534709 392.744418
89.257512 267.746633
87.781085 84.717166
89.239305 449.408521
82.206595 275.606336
87.106165 378.413899
95.488748 365.161437
98.015521 448.111720
82.379681 661.553166
92.166879 677.486110
84.486029 680.986756
86.523909 681.024423
96.540153 684.426922
92.873242 691.807281
89.498904 691.184435
83.861921 701.922274
94.772696 703.666879
91.277194 695.110280
95.370042 85.245050
90.745859 272.518217
91.573271 364.998080
94.496174 450.579633
102.875911 669.510330
93.830461 704.938774
100.812381 67.962400
104.474741 349.071360
98.200786 667.396239
101.326910 711.359173
92.099167 715.064377
95.666451 267.453911
98.620850 457.233442
105.333798 79.686364
102.979857 347.616533
99.691499 655.054482
104.358130 715.821061
101.600457 348.022786
99.335116 647.961791
102.956052 648.620974
101.776354 280.151819
108.716402 450.682803
110.509326 73.702303
112.713592 712.504536
102.459358 339.623120
108.849481 640.859672
114.699344 282.493255
109.544551 638.980343
103.711828 719.684136
97.221256 451.430400
110.195997 72.070940
112.602838 345.102311
104.881925 273.629763
108.370130 454.122288
103.633809 632.562767
117.113466 737.000164
109.531560 54.797704
104.763401 339.347772
106.418749 620.564417
109.058743 285.714484
117.586157 444.395553
116.046356 716.890214
114.256339 71.306183
113.707441 348.042572
125.205465 627.428161
114.842524 608.609155
108.287987 603.479671
121.759582 295.983200
114.044089 442.781874
122.444860 719.368268
112.936628 56.846954
123.207850 328.076733
116.118717 606.588060
116.030273 323.147017
117.045183 442.910629
123.619769 598.515700
121.574471 279.112829
115.731060 727.468400
126.147348 60.568150
124.993011 432.625043
124.580582 327.619714
118.137393 600.433714
130.475979 63.129601
136.099298 289.966786
118.153806 591.883055
125.181912 721.670117
125.568051 433.299804
134.087775 327.861621
134.902895 52.349067
130.907149 293.802545
129.993310 585.729823
126.704522 724.507902
123.625042 584.558083
133.615993 431.053528
122.234982 314.566664
134.721352 55.550113
132.240244 281.679259
129.677547 719.412982
141.099406 436.976110
134.534938 582.906868
136.319142 310.674074
130.963820 314.210005
141.105627 583.585271
140.575819 47.899869
138.722867 281.793377
145.574405 724.171647
141.659348 447.279993
141.671679 305.482648
141.088938 565.431575
147.009186 567.702072
134.875512 53.062150
152.278012 270.021726
149.291209 724.337086
143.690882 446.826461
140.497402 306.524684
144.554177 548.419208
140.526377 732.916526
152.180042 54.529517
147.504524 285.303848
150.434231 302.014363
141.206333 549.028355
154.152899 434.324477
153.059599 727.149473
151.446938 43.751523
155.152906 282.750296
144.429197 286.576967
144.802916 556.191507
158.427047 437.150501
143.607565 537.419883
161.900752 724.956957
153.692703 53.396471
156.757142 420.301107
146.957774 533.311370
158.580976 532.502409
153.817228 721.853728
160.431391 39.541691
159.491184 431.367119
159.983007 531.980528
155.433007 34.603947
164.795266 531.525610
154.107667 718.485523
162.392462 410.774056
169.031415 44.610295
163.757377 521.297436
161.421215 712.795132
163.973066 497.122493
169.123319 421.873724
166.601254 35.165610
174.951643 719.265231
173.424080 499.498050
179.032997 432.417691
169.937269 486.914261
173.921092 501.219862
172.241763 47.965228
165.060707 716.093947
177.207083 501.448326
174.819348 409.512816
171.065467 499.317364
180.306707 503.194944
181.311494 44.263366
179.281944 478.448515
184.178029 719.493073
177.753773 409.259029
182.509774 472.795125
182.117276 484.209002
179.398439 32.296376
183.814782 475.963226
178.068377 416.369641
187.555372 449.118907
173.838184 461.633960
179.685299 708.826275
180.061155 35.255459
182.162922 467.867281
185.585218 425.053192
179.291343 454.649722
181.972597 464.519952
172.222986 708.071426
181.447919 430.649429
185.654398 442.455877
181.755214 445.691294
182.583081 420.391928
184.065247 40.820829
185.047118 701.537879
193.281348 427.747486
192.423985 29.904007
200.677823 718.298654
192.504165 28.168071
188.955069 692.268093
197.793096 26.099911
197.813321 704.796142
205.011810 22.730232
210.964527 700.966158
214.077895 31.889154
214.164900 697.475079
220.970862 36.867795
200.634525 703.475229
214.344514 31.544188
215.281839 691.663211
227.850641 29.354510
220.300833 685.100068
221.826554 19.254974
222.334938 690.348811
221.044546 20.968206
233.169985 679.858746
226.551922 672.577532
219.761678 27.952915
238.907257 663.001581
233.650939 38.089378
234.056515 673.049454
236.509687 21.786317
241.625012 675.316239
246.426286 30.625524
244.436337 653.691717
235.676833 32.365812
243.996596 654.637153
243.819703 650.082626
244.627347 24.914268
252.056910 662.039816
254.609187 38.618583
264.828282 638.079361
252.734324 17.974421
259.270098 638.710040
258.730025 16.713809
260.921225 618.852154
263.108879 17.727125
262.170986 619.265248
279.237401 37.656192
264.719504 622.920074
271.714320 16.651643
274.034384 627.907083
273.287500 13.237190
270.170818 626.719634
283.850123 16.852083
277.820937 614.851862
294.935807 32.298333
291.832127 623.039956
286.502562 619.337487
293.818315 22.426119
289.067740 603.635090
288.306998 21.249027
304.040836 604.864428
301.415677 20.085295
299.531327 580.616184
298.942742 31.280174
296.940619 597.350594
305.712202 35.529131
309.781190 603.734120
315.124334 37.877728
315.070376 595.734837
309.833212 35.770385
313.468656 581.148761
316.246515 23.619698
317.513943 588.993151
328.499454 26.398540
320.417251 582.758166
328.001848 29.721715
320.736982 578.436855
340.137280 48.562327
327.583298 562.897620
332.811229 41.684825
334.242685 565.972483
340.634470 35.936212
341.470409 571.387786
333.193893 37.051544
349.556585 570.677928
341.790810 54.273373
347.077001 561.725985
356.254370 47.526788
357.854994 569.991905
348.413935 50.620676
357.946861 569.799916
358.470181 44.724800
361.017553 550.086511
356.109715 45.908356
349.665259 55.101176
356.448134 549.060149
367.743775 57.637443
365.153316 562.657419
370.604523 37.284980
375.018852 557.227522
374.780845 49.035830
376.939828 550.990304
366.055990 60.645251
382.027122 532.763950
369.933996 68.650928
381.205093 534.294184
372.961555 56.328521
384.628346 549.456883
380.266791 52.051052
388.380345 537.507943
391.613636 70.523777
386.455383 540.686953
396.753058 49.322432
396.974487 71.835748
393.320444 541.763978
393.760488 77.239673
402.109090 531.080518
401.670312 60.883190
404.549427 527.063406
391.299448 95.471642
409.906939 522.191680
414.851890 91.996571
410.240964 517.992991
408.725159 89.100101
419.821489 91.098549
413.205210 523.043784
411.145036 79.339781
417.417274 530.605110
415.160524 77.033607
422.714185 518.296321
414.177410 94.146564
425.979600 506.604122
427.951191 101.706666
433.354555 515.327097
438.112372 98.539955
434.601846 108.266499
431.887359 112.550735
430.621370 514.433596
432.888670 109.921321
434.422801 496.319225
436.236879 113.105681
444.303382 501.612509
441.586257 497.435434
447.336950 115.186796
450.499889 123.656395
447.675074 483.357979
450.867300 128.362253
448.793140 483.452224
447.938767 139.629533
453.006475 142.518615
452.994301 483.471631
459.351946 140.221280
466.543061 144.651133
457.376300 469.447504
461.693843 482.117310
466.851756 160.892469
461.013891 459.397131
468.186021 155.182794
465.108255 156.640608
463.575213 158.120675
459.577188 456.771503
467.710910 156.865416
469.003503 175.060539
468.533625 172.978588
469.834451 459.352540
463.882783 458.892654
472.654373 453.199941
468.749702 175.666041
477.528662 456.629447
482.812363 176.146200
476.546520 191.287430
471.798576 440.202325
478.025140 184.612737
473.709849 169.665580
469.152331 192.957565
479.813580 449.630137
476.777429 194.079852
481.750153 205.199327
478.894738 200.039899
481.262790 431.943732
484.232494 431.838056
479.923324 203.811767
482.787192 437.197465
483.336089 213.940145
488.388013 215.944247
489.482150 218.363113
475.724801 402.186020
482.073739 429.448461
484.411210 204.944786
493.437464 413.825194
483.475439 218.882565
494.638017 226.723588
484.156071 244.596889
480.930972 241.093842
495.057565 252.932962
485.263627 400.005766
484.212278 403.862608
481.270975 411.791726
477.926124 231.067343
496.101562 389.264409
496.936234 242.360956
490.825143 245.606732
490.522799 258.907532
497.609502 263.094108
500.025596 260.910478
483.940917 267.174360
495.573100 272.960335
492.521423 364.819206
484.953244 372.635763
489.744798 377.487595
500.420593 384.696093
494.325138 381.385076
493.033136 379.409033
496.176682 288.436113
490.838493 354.361861
499.890441 269.830442
497.274295 289.999538
495.955927 286.939370
492.277248 279.820730
489.176250 292.566249
497.854201 303.251211
501.999013 296.857078
491.255279 312.604879
489.557309 311.334731
504.885758 306.345674
498.974601 316.150681
502.545355 322.284925
502.036093 323.091951
489.901567 334.483255
495.384235 324.807008
502.093461 333.279071
499.172982 340.996059
505.117740 351.044748
499.172367 349.642745
508.054846 350.926204
497.042468 362.133303
