25.879698 182.085649
35.172653 175.439441
39.083751 186.292933
45.232841 169.068781
39.586548 173.798639
16.457935 190.754772
14.465090 210.487927
23.821710 223.702607
14.737566 248.369728
23.506110 189.266470
27.089124 263.275436
41.673601 218.780954
17.687288 151.265688
27.889160 138.692486
36.299568 190.589216
38.152797 186.590453
43.380227 231.407256
17.598702 254.917453
27.145647 134.878197
31.123189 239.612528
34.404818 161.864006
38.692121 251.480215
39.798674 250.554902
30.751529 164.482762
39.663497 244.459782
43.431491 128.889873
39.199169 118.988579
39.427914 278.791781
47.664501 118.311310
34.742291 143.747074
56.203487 254.890558
44.119829 114.036937
54.719356 264.483194
53.960123 132.955295
60.102355 258.660962
70.975834 246.629654
73.300626 104.470380
65.014483 260.857498
58.887089 92.602615
50.380192 108.617118
68.027018 233.237854
59.934020 130.735479
62.561006 256.930707
61.700454 114.485802
69.681100 250.499413
63.827736 128.044085
87.900114 267.278723
62.894731 100.576753
76.698085 420.296710
94.559953 425.104608
80.945560 419.487244
74.527444 432.956460
77.363052 426.015553
62.466539 437.038880
86.654465 275.114170
71.727243 471.789142
74.535067 77.034066
69.643933 416.125922
74.287598 388.379508
64.514752 395.890452
82.897178 389.230872
77.438092 388.490065
76.341150 406.306729
87.575536 393.139620
78.626883 452.956930
71.900387 449.203551
97.187465 290.098339
60.456533 70.174621
74.864894 385.201856
75.440438 449.564405
77.775381 358.783579
75.093656 281.653923
92.955582 102.332462
81.713289 443.316315
83.031752 253.586779
95.022289 377.600272
87.517809 369.976854
98.091377 474.284383
102.022887 671.580463
102.033170 689.415078
99.028494 663.981826
90.220187 682.803577
88.469493 681.188539
88.869290 683.218985
96.571670 683.394375
91.375249 701.645765
83.465338 694.220128
99.920453 693.574801
76.363295 89.695146
92.959381 277.597586
79.539781 374.655288
102.667873 433.441963
96.360265 679.615407
117.162191 689.840811
103.397290 76.009866
98.038615 330.182747
91.173078 664.750182
71.451479 712.513468
103.325060 705.735112
92.217607 247.349514
107.675356 444.722674
105.951660 81.423523
96.349307 355.208151
92.745072 659.276893
102.163979 720.277165
113.878003 346.424802
112.539530 626.811957
120.679869 652.749822
85.318318 267.631220
115.472928 458.956609
100.043879 84.544399
107.141179 707.230987
104.218751 339.593360
100.471328 635.697472
98.574286 273.885050
117.865419 618.713946
107.958642 736.640671
132.971436 449.749509
110.578389 41.860326
125.728357 353.029651
108.174964 282.026692
109.840755 457.078888
112.965188 631.643800
95.710681 756.833064
98.237922 54.234807
115.962586 334.974546
111.786617 616.226244
132.621577 289.869751
92.119127 451.028261
113.925637 742.540014
90.850706 77.581356
109.231625 330.417356
122.494682 623.463337
130.811676 629.759369
106.613191 627.868781
108.605602 272.228930
121.280795 439.965790
106.460186 737.193936
143.993824 57.003791
137.970581 336.528635
107.786968 577.905718
112.850216 356.461257
111.503434 446.407075
118.117207 602.333781
139.074403 291.549508
116.362338 749.207714
117.947025 64.244383
122.794030 424.012867
123.129100 311.583042
134.073112 597.536976
124.001994 61.304105
105.467400 298.090953
119.639919 594.210731
126.710711 733.888849
115.330330 431.497557
133.919383 298.520334
111.065445 53.952305
132.999376 273.835668
131.737883 593.542546
131.501638 723.412217
145.191545 604.818888
139.470874 437.909127
141.457179 337.117553
116.128511 70.043086
124.310878 279.913405
142.061562 724.368127
133.948407 403.807912
141.326175 574.765855
137.015947 321.358155
149.761521 329.925450
154.541626 573.165352
144.415711 67.032456
144.391146 304.910352
132.869442 742.072984
136.567152 428.598895
128.576109 297.075840
141.363465 554.839002
153.308767 567.724571
134.987353 28.125001
144.469456 304.735112
138.145196 717.480113
133.589948 459.376257
150.287355 325.485628
154.463281 573.424846
145.672583 694.176348
166.842975 51.668564
166.462850 293.947114
150.299493 285.318870
161.970355 535.776365
151.201922 413.664122
146.092295 726.814641
137.160129 43.157641
139.705035 291.636103
144.970129 308.169950
147.324389 562.397230
162.905291 441.019933
158.855116 572.276575
147.420636 738.860223
145.794138 20.875860
146.714041 428.226417
162.428128 545.023158
171.292558 555.701224
158.272739 708.065879
161.304454 39.839783
163.866759 409.207784
146.589059 518.692191
147.088172 33.898702
154.530150 531.393734
152.696505 726.778958
167.180229 431.119320
185.541634 53.848764
167.129836 526.938239
171.225688 710.984294
159.714690 523.881279
165.721700 428.513225
162.802108 53.830904
160.780872 710.125400
168.156526 514.691081
185.941705 437.390383
160.816677 499.850204
185.116794 485.552405
157.022281 45.822462
171.348022 708.921007
193.696676 511.060250
178.567481 423.877426
169.382788 488.694745
167.647356 492.562079
173.576424 34.604239
177.952267 496.298938
187.506955 720.992057
168.606654 425.612901
200.519473 493.104980
176.498234 492.847484
191.205562 30.442662
176.793357 489.229867
180.031965 425.126003
182.744209 437.451482
168.726947 435.382763
180.944570 700.858608
175.366007 55.752693
185.455924 482.323871
190.919606 411.397767
179.146685 467.788727
178.197667 466.107063
194.968353 705.953249
190.428283 424.083367
187.388965 436.562607
198.759821 442.892903
180.177858 416.048953
191.899262 38.867110
195.766398 702.209039
191.653104 424.237948
204.496261 44.763432
197.344671 711.411049
197.811309 39.858939
210.787114 721.822514
180.065183 32.720304
201.521006 707.904403
195.316545 46.788084
203.755295 690.108038
213.001956 26.391904
204.591856 671.673029
207.175006 33.986284
217.136723 697.998540
229.654675 38.312422
217.839531 684.464162
209.280837 35.540975
227.510657 694.450621
228.036819 29.532299
217.863700 690.008067
212.164928 17.646220
219.779342 686.114739
226.373259 697.220186
205.415264 41.204486
234.025957 651.272933
221.711306 15.909693
234.034686 673.197272
255.575977 18.827448
244.472545 650.616747
244.837863 15.736684
251.723125 645.913219
242.092100 29.415459
243.538739 654.793324
237.760872 660.199574
240.436941 32.614531
252.357589 654.460935
266.925596 21.918838
258.425050 619.102787
255.372398 46.519436
268.539465 625.630631
267.517140 35.571841
251.371961 649.588980
275.665697 27.462882
265.428571 639.194764
274.646047 37.659742
274.974764 598.334025
282.949210 15.201950
270.144511 630.186666
276.737648 29.678453
282.205675 637.824340
261.860652 37.839038
283.279737 625.721889
286.222102 42.663631
263.602281 654.442495
277.465252 606.860015
289.879940 30.932128
285.690949 607.922940
283.560028 35.581596
305.643663 592.142748
297.090906 26.890122
288.440887 580.888531
295.904732 16.743354
295.611213 634.085822
316.265695 44.031165
295.185610 596.358129
333.931370 25.391367
314.781083 570.180982
324.636189 32.517809
312.583938 592.742896
316.258521 31.727496
321.080232 595.545241
323.072220 29.629455
319.079130 616.862625
324.541804 61.191022
326.307655 580.800356
318.935803 18.951986
326.291031 568.132313
326.210236 50.418998
325.039485 568.709509
330.943159 25.585004
334.907272 583.788253
342.157046 48.169934
346.388761 545.726309
346.140910 65.799589
342.409636 556.587444
347.308146 49.235043
335.276604 553.123106
353.308822 30.492297
360.080429 544.255605
349.841818 36.421622
346.509064 569.759620
359.664262 60.970727
366.266345 41.896571
362.007961 535.991590
360.825248 37.795652
351.596585 530.787566
350.681676 38.488633
362.777468 525.645570
362.415208 33.472244
370.820963 530.384264
371.923490 59.171943
373.086607 557.708318
374.218753 69.001779
383.378458 563.921280
372.597757 74.994915
377.442890 558.613713
393.838377 63.405578
372.001925 537.717306
385.593232 71.660284
383.080906 543.192037
400.262083 52.710159
402.809051 52.680094
410.607622 534.418868
400.879631 78.958283
396.555092 516.712553
406.739178 64.077281
407.805544 508.580383
404.391438 76.275837
393.774170 533.923613
409.187597 95.794130
413.600501 526.761096
418.854758 87.166210
419.610150 92.783173
410.161116 524.213975
430.329967 92.859746
430.769240 525.736098
415.972426 101.151779
428.893492 534.738074
410.766395 104.960400
421.277489 528.815931
410.575434 110.718292
425.548101 501.159556
429.043784 98.106667
435.970948 103.841241
444.379903 118.820154
437.753723 515.955317
439.718499 139.287384
425.454874 525.017760
445.739590 117.072810
437.059825 506.364897
452.888145 504.101764
453.240953 112.518124
446.878836 110.381846
442.524115 469.950415
445.670264 141.285207
436.227386 478.040399
450.327680 140.669340
455.323423 137.300495
457.806184 505.842656
470.628820 131.142585
443.174698 153.298476
454.922353 472.367108
452.462119 458.141952
459.951053 135.397069
464.969883 461.832925
446.843350 149.578847
468.597450 161.339844
454.713723 145.013766
474.162217 452.684772
464.354711 165.008127
460.587467 161.914033
477.336847 155.140753
479.034719 456.980862
472.391324 458.966297
473.132447 476.757212
476.056666 170.576212
456.351251 436.609611
490.185934 177.763008
480.617093 214.518624
472.610255 470.268774
488.548473 179.682539
479.544614 199.562237
468.011552 184.291032
483.903278 436.275978
478.576174 181.886106
471.528065 203.741322
505.941134 200.207020
485.298192 415.997709
476.380477 432.388862
470.726498 213.002270
476.214768 428.988852
458.485966 209.635573
490.836119 197.650018
500.433375 234.336106
491.335073 426.057520
509.082943 404.788869
493.614911 230.939436
491.165144 407.907609
486.990658 213.636124
484.338862 218.901303
492.159592 226.031460
494.167060 231.174125
487.632560 243.830018
474.881320 423.431140
481.662496 392.584830
491.855861 399.519521
498.869515 240.916419
496.839561 398.923775
483.060299 244.491309
494.206789 256.496449
495.529274 239.513362
510.573504 261.301241
504.001376 277.537366
493.396229 253.558731
488.411872 276.559651
490.742015 358.177876
490.259151 379.519811
493.893772 402.806720
506.526056 368.100737
490.422934 376.367161
492.434546 375.830373
484.223420 247.710640
502.210471 376.887013
504.491420 278.467850
502.236885 279.911012
513.434907 265.442486
495.613650 312.204911
525.827464 280.103316
499.848634 301.528134
513.639011 304.308093
486.784637 299.418780
502.383574 305.151733
503.245854 305.253411
499.904159 313.688443
506.958832 304.134996
505.579884 332.423689
513.974495 337.524566
479.654542 320.840921
504.048543 348.905498
504.907409 347.775790
513.024506 345.444230
517.978194 341.828744
497.924929 378.982909
500.706773 349.574562
