77.729800 199.913376
65.094490 213.419009
59.009264 204.614940
40.386195 221.809921
72.163418 217.179126
46.278898 223.930847
75.885918 228.077720
75.521089 199.023744
94.229811 231.686635
80.382849 197.565823
71.584281 179.067348
65.914065 221.022786
69.141069 243.567895
77.706989 191.850737
59.244695 184.068093
84.766144 242.666073
97.637964 180.548001
76.402659 241.897464
88.513917 181.837962
101.553661 249.775931
85.805872 49.360477
96.682962 51.250303
83.267068 41.490899
111.202258 61.428720
86.609493 111.026929
99.954940 131.616998
96.831420 100.771501
89.369220 125.362327
82.000354 131.582284
93.146322 137.835739
85.148924 141.386203
96.767652 135.945952
89.636780 125.319537
87.648648 138.415983
81.974476 144.210963
85.922448 148.711223
92.848339 140.939071
86.004722 154.149193
95.434735 170.216429
88.375019 156.000207
95.984828 166.252725
92.731852 152.613501
101.701611 226.292242
117.706645 64.447071
113.331153 72.478995
75.033608 112.671141
115.638921 55.457153
117.298453 59.144508
85.429216 254.728601
89.853156 43.507855
98.489250 99.984966
116.851653 61.798677
101.880344 93.277917
90.652902 57.375036
93.437745 237.755118
103.519502 52.012975
100.742357 95.243474
108.892109 59.351028
88.972848 78.562476
87.524919 258.617206
107.970368 54.764877
96.121710 241.084899
116.286977 44.133635
121.466420 243.618613
124.677372 29.935346
122.247091 246.158553
113.013815 50.840316
95.547281 252.795375
116.018657 43.504841
123.168971 244.622165
122.254647 40.644263
124.850036 246.670471
129.526219 43.381066
125.318165 235.239975
138.102105 52.280011
129.831239 234.407148
135.159274 52.215278
137.891094 230.147724
127.345360 241.708259
152.762489 40.931111
141.898992 254.297402
142.777749 53.797921
142.337259 250.913508
140.105609 45.312688
162.808216 261.068090
150.728568 47.375640
150.747593 268.460309
152.619144 55.421278
172.812865 260.838192
170.790264 36.802867
155.759310 263.356515
166.505330 47.836490
189.007826 267.886571
166.882722 42.002188
147.682923 256.912807
164.247887 43.540610
173.520454 269.752680
172.338889 32.095515
192.850438 261.698766
194.094180 57.144940
177.751175 267.564103
201.177080 49.141635
181.545900 263.893571
178.177459 54.278260
198.252667 274.728213
207.348121 273.958811
199.817757 57.543317
188.364035 57.423695
207.397151 72.333979
190.271877 273.088039
187.015346 69.434084
196.323320 278.140747
189.384413 57.192376
192.652630 268.491484
214.515183 56.404373
188.836736 64.694000
197.536922 268.763100
199.771677 47.549238
185.101602 281.072065
234.834547 47.358516
204.201919 295.768996
204.466314 289.581992
220.803128 47.095358
206.985064 290.945307
215.238640 51.565548
193.688368 36.346826
190.239901 55.440763
208.435593 65.237874
202.816264 68.722542
204.609722 63.943967
216.772104 78.515622
208.553323 296.769149
206.221039 78.943022
235.990034 308.693084
227.571495 74.682935
232.623079 288.511696
228.537838 68.502880
233.068512 294.256193
253.554579 79.998420
240.261926 301.762640
221.082075 70.878748
229.613196 294.256503
226.963470 72.614176
227.589375 304.301683
243.008900 306.560246
245.090443 306.313003
218.519649 332.351164
267.000646 70.494303
264.977979 321.441252
256.205191 68.301641
250.341977 332.466498
227.355044 78.154399
253.093488 323.676885
273.466157 82.415949
249.569574 341.481771
266.369301 324.519516
267.718611 338.939528
261.962214 86.098256
279.211437 332.385621
260.815669 333.892870
266.576915 337.095912
281.038086 80.760921
272.098044 354.286049
271.177467 66.780438
277.287152 337.526308
263.539463 70.506735
265.215230 353.965213
293.588046 70.345701
293.574489 358.153023
294.621584 76.119316
275.160615 353.290154
281.267009 354.236500
284.175880 78.512707
287.061025 361.284712
293.209015 75.510470
283.611551 373.040728
274.055606 69.289598
307.368052 363.705222
291.920130 83.483016
284.725133 375.684584
313.553881 86.225257
298.558325 370.767851
309.793720 81.740120
332.182040 352.449582
289.321842 68.938571
311.591317 363.235444
319.648560 76.564732
320.019306 368.438153
302.558355 60.517817
321.295742 367.206902
331.698758 66.921122
308.284107 365.909814
324.386348 53.026468
338.320612 367.399210
328.754868 63.123088
330.855872 366.816907
327.938710 72.600040
344.828822 381.920466
326.839068 63.712238
324.263470 377.789416
340.515478 66.167343
324.619013 384.663189
348.595468 51.046469
346.562250 395.977559
347.383463 54.845532
356.955255 511.236567
357.627596 524.678389
352.934855 371.920586
354.963629 50.966903
351.127047 519.279234
368.498351 529.426791
347.069486 377.149126
349.094039 520.095914
362.237253 63.014323
363.945746 508.851326
355.878106 384.033306
350.750759 508.976960
357.044024 406.047759
362.851626 42.067140
386.973380 522.453159
341.927321 509.191560
356.080732 55.878646
361.865092 377.222122
370.816693 398.003103
368.199481 398.498921
358.489743 418.890690
372.468239 401.891916
389.047378 411.006516
360.884985 415.895236
361.321724 424.510429
379.953840 423.519097
350.158871 500.101435
348.741520 527.994305
365.949053 50.373472
374.692686 425.427216
357.292536 430.932874
381.848294 432.804354
365.992598 450.698396
366.739322 444.572378
354.201084 438.525631
373.076318 474.730593
358.545220 485.738502
363.965994 495.982934
364.952226 481.526355
348.881242 490.799115
350.836289 497.116109
373.858380 528.864074
372.883399 68.398081
392.463923 455.953232
372.808499 468.505754
394.926696 518.756147
364.710396 466.429939
373.631443 472.860874
372.085080 449.687259
398.644449 476.768139
361.936675 46.928069
377.160992 529.636488
380.502283 60.207296
402.794884 542.190212
371.411839 74.408021
382.798861 524.915281
393.826447 73.895126
387.689215 515.316563
379.030902 55.390668
397.526442 532.823326
391.917017 66.208935
372.802874 514.176135
393.404917 49.739098
403.614166 551.662583
411.904580 52.549211
405.957890 73.692762
411.862400 524.559562
407.017509 518.403753
397.701597 67.959009
415.243401 507.001445
415.666024 60.719949
425.776817 524.858708
392.457272 68.078890
407.871120 78.510085
424.242052 534.497437
427.045041 84.956668
434.848447 527.189696
428.575894 495.198433
404.486231 494.419180
436.186936 505.430654
417.113711 515.137295
443.439035 517.332450
420.312824 88.363025
431.348254 503.254154
435.975145 88.528646
407.150400 357.980744
428.251838 364.309088
442.794191 376.718126
442.192958 367.717935
438.696195 377.668096
426.853120 389.950637
427.285499 393.263972
457.741945 397.180801
429.759210 400.767522
441.561649 411.570519
444.398321 387.335035
442.020185 417.366424
430.308095 406.364896
422.867010 413.127426
432.140805 416.791891
443.819105 435.601322
439.472195 423.679748
437.502465 444.093208
408.239292 444.434229
435.623943 443.240567
438.198680 453.196622
420.987277 85.371170
432.762595 500.573922
441.328925 363.532940
435.081736 446.946836
436.698045 465.982201
431.572830 454.920725
443.224607 467.548654
439.588435 461.649251
452.671140 475.286321
451.815914 476.483314
429.814780 481.445733
435.771453 469.540498
452.623428 84.919464
438.065280 360.483375
439.124698 85.542027
452.789770 352.757930
434.964751 79.669367
462.214480 362.539220
468.759231 88.697619
434.162907 358.202917
450.728344 92.041242
477.500659 356.805660
469.051162 83.520865
468.213558 346.072653
460.274081 82.043227
466.454215 353.582232
468.408476 92.034390
482.722653 347.642207
467.258832 92.081222
470.964378 359.487224
482.743184 105.451592
456.929641 338.093659
492.958501 92.047152
476.912498 360.667395
493.589644 101.251723
495.179018 355.865753
479.787174 85.121367
473.083176 351.018075
498.191965 87.792771
488.558278 364.836967
523.422590 86.743562
493.682788 381.732563
508.952559 102.673353
493.827548 354.427012
504.943162 92.435948
513.015041 361.257696
512.666902 88.948562
503.416218 371.534426
495.301943 82.829682
508.848382 374.466807
513.765643 94.535412
518.032324 347.175584
515.707511 79.864558
514.976809 367.699495
528.109200 90.086096
511.593727 371.295930
528.151808 98.192569
528.805204 365.692904
549.505441 101.089471
529.252802 355.318600
522.814925 84.270047
532.073794 378.742627
537.995668 92.568697
542.598003 360.622172
552.238155 79.817048
518.838665 367.954945
536.956742 89.307079
549.322501 359.668386
537.693024 396.567976
538.551025 381.827294
549.018415 406.859634
544.302455 413.933506
558.140569 405.523736
556.005985 415.451558
573.947459 420.536204
533.511645 94.646688
569.568431 353.653815
556.410870 388.372546
547.170816 429.930322
529.931800 104.631977
542.805698 370.146629
540.230886 390.329198
573.260078 362.057666
546.070353 378.607063
571.764912 380.657603
552.670382 411.803748
560.516243 93.966596
567.031578 403.525984
567.668847 92.528720
549.689646 407.333900
563.776411 85.874370
567.178259 399.845408
576.134970 82.745959
571.732145 412.363243
574.332773 93.167131
584.815358 390.280907
564.072259 95.976361
580.413270 385.493993
596.506902 82.946540
589.722968 389.846019
577.034851 393.099917
594.198644 80.991227
584.662049 380.103470
589.735761 89.172027
598.085150 357.906021
578.137340 391.287664
584.869332 91.772774
595.459506 368.560585
597.219015 97.406539
619.494828 378.120982
599.909459 101.932576
593.929456 365.119654
612.159689 73.371880
609.730380 367.267435
612.419269 103.302592
604.211129 379.979791
607.528700 73.196610
622.135057 347.479700
619.608199 72.988983
643.521768 362.479117
622.425617 87.855440
634.621691 357.701748
626.124882 74.263544
621.254318 362.474224
623.369963 88.965782
638.021852 354.496343
614.907830 73.589255
621.067604 350.361896
648.998063 95.449433
648.475614 348.599296
652.389051 79.317618
637.976471 360.572226
646.505868 343.969905
658.238561 78.506976
659.983024 346.137080
659.999070 71.220726
639.127333 342.371099
679.835988 87.843853
653.836116 497.563576
647.924288 339.279446
662.270255 83.243249
650.225538 504.522352
674.198401 500.963989
651.253446 340.977965
668.439142 93.652673
663.676645 508.227592
664.935873 519.507162
670.569845 346.350488
658.355848 66.844736
674.767538 487.992747
667.770302 500.103520
662.021335 347.231146
670.098477 79.548590
678.513762 485.569771
676.719336 521.856309
676.469468 332.920681
663.290723 81.687842
678.068660 479.202892
672.820609 508.145477
668.223805 468.722586
690.139721 494.424031
692.625752 347.075184
672.200349 83.695635
662.348683 521.338885
686.398295 465.296452
680.155672 343.649356
675.139564 67.523636
682.164662 513.644973
655.895827 466.495529
692.490845 335.940574
698.667740 76.986025
667.777019 456.772585
704.542373 518.169934
680.757418 346.406112
684.944142 66.235302
677.576887 455.243293
701.760015 516.342194
691.036895 358.487305
722.290942 53.170329
701.539452 461.977277
684.735616 510.414709
704.383382 356.733002
678.806951 364.026136
712.238310 354.707208
697.324526 372.585118
698.769174 371.986881
684.540409 369.040037
702.342455 449.491151
684.401334 68.390648
708.942220 528.052555
707.276220 366.095801
696.554623 445.708172
703.546763 87.585728
714.819671 509.009281
701.761206 374.345587
704.326285 450.875618
706.014369 56.802224
696.240841 434.755821
709.982688 446.428958
694.806466 430.336253
721.907638 511.551588
709.831049 377.634354
737.228280 67.856005
701.821957 424.543400
706.632211 518.027912
698.467645 409.289236
717.327994 412.009786
718.084037 414.298503
709.626161 415.198307
700.484860 416.247468
691.594813 373.376983
718.153726 51.316442
714.432848 513.793039
709.722298 386.932572
713.220517 409.673018
725.713360 381.816043
735.147491 387.654351
719.409326 378.024423
711.247600 395.999692
721.578881 401.655994
711.582743 63.056807
724.248737 502.760052
723.075781 517.991135
722.374722 508.787205
690.820854 71.825737
722.715554 488.145243
725.673021 73.657714
704.995121 488.452118
732.472003 474.335752
739.050357 484.503250
723.615650 489.731194
734.026758 75.455620
729.548452 472.226728
726.805080 463.289974
738.812184 470.664711
736.783449 457.009177
732.596841 73.560304
735.940844 529.824693
738.787475 456.967234
747.224291 76.666535
732.044603 452.204962
728.477587 449.105251
725.203372 525.286974
739.286050 526.722924
724.750675 509.692106
747.775164 498.824685
748.127537 78.944336
765.076755 439.445595
741.012434 426.935115
743.349791 421.608148
733.329404 525.454644
749.524914 507.972838
757.413070 86.023799
737.750788 419.980765
757.192412 532.757400
754.596457 528.328959
742.377435 64.568334
758.724476 405.522520
751.159386 505.787683
738.632891 524.401206
741.523220 73.993966
754.101611 407.346460
764.413250 500.660698
757.041684 537.650113
754.360364 74.062285
765.479851 410.079750
778.357692 500.201605
742.662427 531.149567
776.381300 494.593728
762.692830 69.847259
769.924507 417.935500
779.528587 526.209688
770.882625 413.239000
767.469841 492.758517
785.605890 71.369595
769.428128 423.382896
760.718051 437.998303
780.982827 437.111446
773.004082 437.911627
774.639574 446.302768
758.128110 429.291386
777.738376 454.420418
758.188676 456.851668
773.871467 467.557288
766.690572 453.890582
766.938315 469.376981
757.919941 483.273474
769.045129 476.837320
781.936336 481.236444
770.990368 523.870471
754.398813 456.752347
774.521704 69.948264
763.300393 454.974293
776.339563 523.469308
790.765456 75.736758
764.053276 528.877184
786.096019 71.364516
779.270303 535.210545
775.957522 76.383733
816.016767 533.675966
787.942869 68.078393
780.055545 530.241432
780.062017 58.950374
811.723723 522.341403
793.422061 64.098019
803.000666 523.954411
801.237501 69.595922
792.027165 540.456201
784.479748 61.839965
790.319896 430.569108
810.306554 448.500616
809.496531 438.683234
774.303165 465.695457
812.005496 456.292809
803.980126 470.257056
826.827281 468.051544
801.550362 475.145405
811.212584 478.478397
808.063609 489.562120
808.722423 485.124022
809.589104 491.823360
822.355654 489.429550
798.248712 508.418711
788.544120 486.339078
783.828547 511.447465
793.276041 512.643732
799.981670 511.708732
813.814016 530.589783
810.345591 81.879441
800.133049 439.749122
818.206151 262.908650
809.345904 272.112432
810.924965 269.052343
799.103236 274.823776
790.272102 288.693584
796.256327 277.429361
825.991710 280.462800
839.022338 282.467563
792.550119 290.674281
799.038364 299.982080
800.456667 295.313051
819.931809 301.992296
807.773096 309.345616
808.361362 306.026439
803.091511 75.568244
800.624371 326.034783
798.237639 447.289753
824.243752 450.626060
800.638734 449.336441
813.377105 458.373779
807.182569 469.725569
788.409186 260.334190
822.860334 78.160307
821.706327 76.319777
811.268144 254.147301
814.185364 241.992270
807.950144 249.651730
813.567217 315.582452
806.968856 321.583476
807.568773 318.444151
805.836909 78.244469
805.154064 326.797367
795.607804 460.589890
825.168754 467.612777
825.642884 475.306965
830.568468 242.199141
826.933944 85.046286
839.806291 81.710208
802.994496 201.021074
828.733675 221.086820
812.453170 234.608040
806.984636 325.865113
808.322608 357.022488
803.878673 90.185918
794.570410 335.694432
824.151521 472.103692
811.789052 482.840933
814.082499 231.156339
824.780052 99.487478
810.661286 211.915100
812.777969 352.092208
819.522341 353.153174
831.099779 350.319774
819.435620 355.563380
805.044282 366.640209
833.521239 494.579780
812.708393 100.723208
844.931692 194.868840
806.522692 354.642012
827.918755 200.897432
839.268140 209.429019
816.183760 372.433956
816.990356 386.840741
831.721786 362.095971
840.422056 379.235315
832.221447 395.294661
808.035082 385.608365
821.987183 403.705539
833.209242 389.178870
820.387942 407.005192
840.841756 421.811114
821.592644 424.161017
854.338727 424.431322
823.564447 429.070726
819.183819 429.422761
811.747670 422.712155
847.049536 436.610509
830.876174 445.935070
819.545626 435.653403
851.697284 454.101139
829.812663 448.718877
817.221580 461.720069
830.073009 475.731096
827.139487 474.520191
833.348499 476.756605
829.199357 466.100999
811.086047 105.930018
820.064077 384.199847
838.954123 183.398805
856.951900 400.487109
816.548345 172.789747
855.351668 188.232621
838.951535 98.994197
833.083004 118.128098
834.093985 174.333767
860.093816 103.655862
849.628515 113.444125
809.291247 117.891428
848.142166 121.475437
841.147827 130.360065
856.640558 119.155444
831.027029 133.867720
851.647155 132.557725
845.466257 139.002598
841.967916 148.456928
838.589534 137.255519
839.609789 127.479506
837.461897 149.137620
841.786907 168.061001
846.797187 154.934802
839.778689 174.067527
842.822987 178.131833
837.546284 168.726909
