25.347231 182.854546
27.115618 194.699152
27.294633 192.288386
28.960565 195.692744
21.450903 201.705520
24.884435 206.347188
26.024251 208.521029
27.190868 209.591076
24.412637 217.198139
27.042481 221.104193
32.764878 181.985641
33.099209 222.487069
24.463164 166.370218
30.657981 165.720977
24.793899 179.536876
33.179373 229.655622
35.403224 160.839125
36.802716 154.429498
34.822753 232.512116
34.068852 238.443472
36.790426 238.852821
40.633519 147.664323
42.667246 239.596105
43.162694 134.597966
37.224723 147.729147
45.434694 245.478167
41.495740 131.740901
47.086058 137.010714
45.147898 244.726519
51.397276 124.637850
51.486213 250.468005
47.093786 260.957076
54.368504 123.556401
59.249184 261.217187
58.750686 119.267000
59.353682 257.848299
56.690903 117.341189
62.125017 260.994397
64.952647 112.268511
65.536649 102.020827
64.009428 263.451633
70.025386 100.385151
68.965941 265.195974
71.829846 105.371574
74.767686 268.260285
75.819560 99.446984
77.286252 273.062196
78.972609 81.442521
82.400923 272.757837
86.233315 89.695612
83.921699 273.482906
84.882702 407.851839
83.810714 411.217461
84.328566 415.187856
83.272535 416.615014
82.080467 424.270403
83.385947 429.988749
87.856017 436.049249
83.846727 711.202177
89.194697 712.610971
88.331850 718.795895
84.643398 723.111856
80.233663 721.216178
86.116200 731.951250
84.621991 432.032516
89.088867 81.993402
88.022504 282.276646
87.969534 739.451315
90.819332 398.053720
85.093934 707.863424
89.110147 384.350401
90.633491 393.020937
87.066809 445.963450
90.498279 445.050500
94.241161 443.344174
93.145731 450.855034
88.205694 451.046394
88.709317 690.082725
92.820406 692.115722
89.871865 702.703083
96.417013 742.681911
92.780019 746.864485
91.066095 748.614111
91.131692 78.220338
92.547978 276.204066
94.966508 393.849006
95.477915 459.270824
92.857407 685.221700
97.239427 740.940819
92.909909 273.613868
100.010228 374.733345
92.848504 453.336537
96.499844 460.004010
95.811948 674.588226
96.764702 674.063280
94.795930 753.356426
91.069661 760.435404
99.188457 79.001422
95.002354 279.858854
100.570881 388.022811
97.747493 464.361593
97.242008 672.510082
101.590506 754.976356
102.122524 73.966071
99.671932 365.822300
103.285661 656.811791
104.803130 669.910218
96.136957 476.777103
103.731335 769.362205
101.607185 277.149460
103.816002 76.369628
103.551732 367.234005
112.868666 654.881860
107.848326 471.686506
103.393247 650.212815
100.664406 764.855917
109.459051 273.297852
107.305573 72.182065
109.645509 360.036346
108.940809 474.248838
109.995686 645.570916
112.277521 769.678534
110.604300 357.322161
114.471092 642.053317
112.347434 276.953512
110.293536 776.204069
114.278275 68.183698
115.464621 473.921325
115.978783 281.195173
114.534254 347.985621
113.579632 636.510477
111.576397 71.278278
117.037837 618.952088
114.677908 630.210075
114.569422 779.747686
120.365242 468.408533
121.875927 277.968076
119.257749 340.876714
121.865581 71.924072
118.865272 616.879406
116.369930 778.558419
118.056200 619.416344
119.982822 339.978797
120.053502 465.945249
121.056992 279.346136
127.327803 62.821433
122.201845 786.531172
123.536697 607.571587
127.386081 342.401883
127.926286 462.278849
126.977668 611.515328
131.466956 790.237616
125.795118 283.199070
124.715047 56.829797
132.031054 328.956815
130.977487 462.273380
129.993414 603.280962
128.065007 782.753740
132.058807 52.266004
130.175675 283.681166
129.789619 335.491457
136.239668 594.224460
131.552069 458.912968
137.010750 781.844084
134.310761 59.642092
132.654260 284.097136
133.436721 325.714058
136.160511 589.735384
134.359663 587.220499
140.226085 786.249773
141.827189 454.479018
137.451078 55.513866
140.803339 282.661607
139.116122 320.486008
134.475479 583.291080
139.169672 784.978692
140.658478 320.425302
138.631095 574.604324
142.925010 461.701108
147.492258 49.299248
143.583090 289.583925
142.592012 795.435378
144.798854 309.918797
145.988140 456.696565
144.685104 569.690300
143.872198 570.789754
148.382459 797.724461
151.822590 52.405940
146.886016 275.054132
146.586365 303.993663
147.193796 448.710462
147.728500 554.430075
149.751106 787.588050
153.662479 50.247042
149.753804 288.278004
149.024361 305.675880
151.001407 553.285885
150.310806 441.336347
155.154710 796.889704
151.037479 45.260700
157.274149 281.479522
154.061488 299.386939
154.963611 554.931735
153.926798 292.787726
156.898382 533.095551
161.024241 446.580792
159.661870 796.940172
159.614343 40.368592
157.414815 282.992681
156.666567 289.606640
164.123433 441.354450
155.608857 541.951629
164.163157 535.154077
158.988060 789.529844
163.560743 37.001960
162.651904 432.681604
161.808422 533.251427
164.295802 46.225343
161.620066 528.180360
165.554550 790.686665
169.226272 436.962974
166.480373 41.743189
172.042388 518.883269
169.829367 796.305070
169.187016 508.635235
168.333041 432.709778
170.870535 39.858129
172.208278 792.354443
176.393052 432.489358
174.745106 511.708066
178.072596 506.752217
175.954263 40.484995
176.222424 788.838096
173.051052 422.029616
177.767813 500.459925
178.023809 34.621644
181.026308 488.505914
182.522339 503.693817
181.951703 789.879672
183.746563 429.445114
188.716867 36.208837
184.402301 488.067413
187.144594 474.599570
184.473263 478.188160
188.101683 783.103920
183.228615 428.367938
194.043187 42.661152
192.316888 472.226968
187.078983 796.066867
190.943630 431.416540
189.986780 446.377027
190.651998 453.802117
191.897823 465.912172
189.802955 464.676573
189.962849 466.134574
194.932263 41.013261
190.596821 789.243550
197.534189 420.771087
194.538391 446.656954
192.184475 426.393186
187.151456 435.394031
198.292051 444.108029
193.572109 38.648709
197.001148 781.770464
200.133119 30.293630
199.968068 780.657393
201.991540 774.430024
201.394147 29.545380
206.848792 775.779547
210.465350 33.304487
214.063841 769.599746
214.828960 27.461426
218.441699 759.852704
223.841115 37.259013
213.148730 761.065746
223.108674 30.067498
220.098055 756.300778
222.668443 750.287692
225.515151 37.339426
226.054758 751.049048
230.421740 30.295693
233.707664 751.928791
234.063778 19.733494
232.803317 745.910091
236.388566 30.265197
235.563797 734.859310
240.626142 729.888043
241.007537 21.878957
240.638208 729.755041
250.651569 28.550059
240.160406 727.360865
251.756068 30.037532
249.116833 719.868076
252.683346 27.681723
257.941157 714.183988
250.714225 719.899203
252.157704 714.781329
256.556376 25.005491
255.705154 701.651367
259.208942 26.457076
259.893768 702.925132
262.447172 696.342259
268.016876 25.847110
272.585133 691.326635
271.966147 26.836332
268.033487 677.965668
274.543562 19.522592
272.370234 676.374999
278.494096 24.640007
278.290296 680.384272
280.542285 669.782519
277.899334 28.075826
281.863036 668.910010
282.083024 654.170475
286.731336 28.411675
284.200260 652.366726
291.301323 22.521703
289.250240 651.806289
295.762465 28.549167
292.424596 638.553409
294.628762 647.716060
298.668075 24.460919
298.008248 636.411916
306.085840 633.312640
300.638068 25.740524
306.543026 627.940821
305.290333 31.242459
305.736314 615.453655
306.758860 622.807626
314.684795 26.770745
312.160598 30.589025
311.117234 614.557775
314.493705 605.671207
317.029323 32.515573
316.407973 601.838392
320.858731 31.422874
320.292008 601.141950
325.078038 28.595349
322.189048 607.638630
329.189555 37.361163
332.114676 597.832860
331.425349 40.072663
333.572931 588.539935
332.424115 35.734764
338.153820 589.396898
336.417595 38.008003
338.466845 586.526742
341.552225 27.215117
343.506404 580.040249
348.315001 35.266563
346.226286 582.703153
345.995654 44.530439
351.070907 573.273991
349.637573 40.895289
353.600678 572.432181
359.859726 33.920356
359.229708 571.169865
360.831046 35.509399
362.911708 566.888298
365.129716 43.946295
371.285486 566.892211
367.901382 46.166596
370.852694 563.202869
370.568777 45.864296
373.525313 557.961322
375.678762 49.894942
378.147519 555.760255
375.385549 46.739483
383.317075 550.173747
384.169835 51.658558
387.238957 46.981199
386.919926 558.160033
384.415701 55.185318
390.564227 548.062197
386.583861 54.609187
395.344021 549.643755
392.327100 59.454614
397.672842 551.495023
397.774920 65.546953
403.810198 541.469402
405.007253 66.317606
407.740649 540.989527
407.363785 74.545855
412.002401 71.338597
409.920845 536.918684
412.040043 76.017401
413.599084 536.940080
418.248308 71.867671
420.468386 538.195436
417.594024 82.362075
418.691526 533.754097
421.094343 89.594498
425.132881 532.840098
427.033230 84.408630
432.553626 529.213323
427.064330 86.638859
432.260276 524.519774
434.444159 88.056331
435.743359 102.873703
437.034077 521.240901
440.444639 98.812160
440.668063 516.356356
442.985436 99.738711
443.984221 516.082102
448.816655 97.356059
447.343249 108.131099
448.410338 509.641449
448.936489 120.574333
448.733915 511.227483
454.044459 119.747374
456.471963 120.646579
454.419615 510.138771
462.035898 134.433174
459.153974 503.767295
463.999822 124.624141
465.998667 497.812703
464.104712 125.566530
464.420005 494.436408
468.197160 135.455333
465.746556 490.342161
469.497339 135.028318
470.924544 483.309606
473.447570 143.124624
470.669783 145.867765
473.043500 149.489980
470.157157 476.602722
477.076472 151.168327
478.935876 151.704508
481.186605 473.526766
476.709639 163.358404
481.096170 468.748693
481.963067 155.497634
484.113812 162.079290
482.626621 463.156904
482.267699 165.589829
487.160898 466.961972
490.277441 168.470739
486.098248 180.359923
488.320458 455.628113
491.848945 177.945435
491.506069 450.705490
494.494127 176.696836
497.217902 182.804641
493.503420 190.303455
490.919482 442.204274
492.842389 444.983227
491.484206 188.332666
493.671101 439.359649
495.025835 190.931644
494.855034 202.518076
500.035071 428.108509
498.459186 206.092269
502.691125 430.079343
506.532821 206.822034
504.187044 223.211161
504.384225 216.264944
502.136061 414.127437
503.969350 418.732878
503.071968 409.478726
504.261654 225.607263
505.301289 407.660332
505.700579 224.959123
507.036923 231.473470
509.949489 235.568868
507.071109 247.670965
508.414681 245.561667
509.748418 408.084667
510.403966 407.756557
510.279358 241.960289
512.639434 397.035542
509.933298 248.690049
515.171387 253.439235
512.846614 265.074252
509.081879 268.709291
510.286441 266.681913
515.101668 270.141254
516.226382 276.572664
516.258948 363.077966
515.483879 371.489966
512.288161 375.367569
513.667317 373.058769
515.701070 380.736094
509.877717 380.233386
511.241649 390.624292
512.223402 282.341501
519.054685 350.274062
517.589235 276.486236
519.984107 283.598849
513.567599 294.482742
518.171933 297.989587
520.109304 302.371733
518.240408 304.687503
520.725940 307.721981
520.653656 306.397209
518.734555 313.883668
518.296276 315.661893
515.274601 319.641954
517.960044 329.094303
517.085824 334.584895
514.969122 330.552483
517.550625 332.152995
515.063579 339.817810
511.770684 343.993781
518.655894 345.900038
519.581933 353.214305
