101 521
104 525
105 517
106 501
106 505
106 509
106 529
106 533
106 537
106 541
110 497
110 539
111 461
111 465
111 469
111 473
111 477
111 481
111 485
111 489
114 535
115 457
116 441
116 445
116 449
118 532
120 437
122 420
122 528
126 406
126 410
126 414
126 528
130 402
130 524
131 391
131 395
134 523
135 387
136 381
138 523
140 377
141 361
141 365
141 369
141 519
144 515
145 357
146 351
148 512
150 347
151 341
152 509
155 337
156 326
156 330
156 508
160 322
160 504
161 316
164 503
165 312
166 306
168 503
170 302
171 296
172 503
175 292
175 499
179 289
179 498
181 281
183 498
185 277
186 271
186 494
190 267
190 493
194 264
194 493
196 256
198 492
200 252
202 488
204 249
206 241
206 488
210 237
210 488
214 234
214 488
217 230
218 488
221 221
221 225
222 488
225 217
226 488
229 214
230 488
232 210
234 488
236 206
238 489
240 202
241 493
244 199
245 494
247 195
249 494
251 191
253 494
255 187
256 498
259 184
260 498
262 180
264 499
266 176
266 503
270 172
270 505
274 169
274 508
277 165
278 509
281 161
281 513
285 161
285 515
287 519
289 159
291 522
292 155
295 525
296 151
297 529
300 147
301 532
304 146
305 535
307 539
308 145
311 141
311 542
311 546
314 550
315 137
316 554
316 558
319 136
320 554
323 135
324 550
326 131
328 547
330 127
332 543
333 537
334 126
337 533
338 125
340 529
341 121
343 522
345 121
347 518
349 119
351 518
353 116
355 514
357 115
359 510
361 111
363 508
365 111
367 508
369 109
370 504
371 1026
371 1030
371 1034
371 1038
371 1042
371 1046
371 1050
371 1054
371 1058
371 1062
373 106
374 500
375 1022
375 1065
376 1069
376 1073
376 1077
376 1081
377 105
378 498
379 1019
379 1085
381 101
381 1089
381 1093
382 498
382 1015
385 101
385 494
385 1095
386 1011
386 1099
386 1103
389 99
389 493
390 1011
390 1105
392 1109
393 96
393 494
394 1011
396 1112
397 96
397 493
398 1011
400 1115
401 96
401 493
402 1011
402 1119
405 92
405 489
406 1011
406 1122
409 91
409 488
410 1014
410 1123
413 90
413 488
414 1016
414 1124
416 86
416 1128
417 488
418 1016
420 86
420 1020
420 1130
421 488
424 86
424 1021
424 1133
425 488
428 86
428 1021
428 1134
429 488
430 1025
431 1138
432 85
433 488
434 1027
435 1138
436 81
437 488
437 1031
439 1139
440 81
440 1035
441 488
441 1143
444 81
444 1036
445 488
445 1143
448 80
448 1036
449 488
449 1143
450 1040
451 76
453 489
453 1144
454 1042
455 76
456 493
456 1148
457 1046
459 76
460 493
460 1148
461 1046
463 76
464 493
464 1148
465 1049
467 75
468 494
468 1149
469 1051
471 71
471 498
471 1153
473 1051
475 71
475 498
475 1055
475 1153
479 71
479 499
479 1056
479 1153
481 503
483 71
483 1056
483 1153
485 503
485 1060
487 71
487 1153
489 504
489 1061
491 71
491 508
491 1153
493 1061
495 71
495 508
495 1153
497 1061
499 69
499 509
499 1153
501 513
501 1061
503 66
503 1153
505 515
505 1061
507 66
507 519
507 1153
509 1059
511 66
511 522
511 1153
513 1056
515 66
515 523
515 1153
517 1055
519 66
519 524
519 1153
521 528
521 1051
523 66
523 1153
525 530
525 1047
527 66
527 534
527 1153
529 1044
531 66
531 537
531 1031
531 1035
531 1039
531 1153
535 62
535 540
535 1027
535 1153
536 544
536 548
536 1011
536 1015
536 1019
539 61
539 1150
540 550
540 1007
541 554
541 558
541 562
541 566
541 570
541 574
541 578
541 582
541 586
541 590
541 594
541 598
541 602
541 606
541 610
541 614
541 618
541 622
541 626
541 630
541 634
541 638
541 642
541 646
541 650
541 654
541 658
541 662
541 666
541 670
541 674
541 678
541 682
541 686
541 690
541 694
541 698
541 702
541 706
541 710
541 714
541 718
541 722
541 726
541 730
541 734
541 738
541 742
541 746
541 750
541 754
541 758
541 762
541 766
541 770
541 774
541 778
541 782
541 786
541 790
541 794
541 798
541 802
541 806
541 810
541 814
541 818
541 822
541 826
541 830
541 834
541 838
541 842
541 846
541 850
541 854
541 858
541 862
541 866
541 870
541 874
541 878
541 882
541 886
541 890
541 894
541 898
541 902
541 906
541 910
541 914
541 918
541 922
541 926
541 930
541 934
541 938
541 942
541 946
541 950
541 954
541 958
541 962
541 966
541 970
541 974
541 978
541 982
541 986
541 990
541 994
541 998
541 1002
543 61
543 1148
547 61
547 1148
550 1144
551 61
554 1143
555 57
558 1142
559 56
562 1138
563 56
565 1134
567 56
569 1133
571 56
573 1132
575 52
577 1128
579 51
580 1124
583 51
583 1117
587 51
587 1114
590 1109
591 51
594 1105
595 51
598 1099
598 1103
599 51
600 1094
603 51
603 1088
605 55
606 1084
608 1072
608 1076
609 56
612 1068
613 56
613 1058
613 1062
616 1054
617 56
618 1036
618 1040
618 1044
618 1048
619 1030
620 60
623 552
623 556
623 560
623 564
623 568
623 572
623 576
623 580
623 584
623 588
623 592
623 596
623 600
623 604
623 608
623 612
623 616
623 620
623 624
623 628
623 632
623 636
623 640
623 644
623 648
623 652
623 656
623 660
623 664
623 668
623 672
623 676
623 680
623 684
623 688
623 692
623 696
623 700
623 704
623 708
623 712
623 716
623 720
623 724
623 728
623 732
623 736
623 740
623 744
623 748
623 752
623 756
623 760
623 764
623 768
623 772
623 776
623 780
623 784
623 788
623 792
623 796
623 800
623 804
623 808
623 812
623 816
623 820
623 824
623 828
623 832
623 836
623 840
623 844
623 848
623 852
623 856
623 860
623 864
623 868
623 872
623 876
623 880
623 884
623 888
623 892
623 896
623 900
623 904
623 908
623 912
623 916
623 920
623 924
623 928
623 932
623 936
623 940
623 944
623 948
623 952
623 956
623 960
623 964
623 968
623 972
623 976
623 980
623 984
623 988
623 992
623 996
623 1000
623 1004
623 1008
623 1012
623 1016
623 1020
623 1024
623 1028
624 61
627 548
628 61
630 544
632 61
634 540
636 61
638 538
640 61
641 534
644 61
644 530
648 61
648 527
650 65
652 523
654 66
655 519
658 66
659 518
662 66
663 517
666 66
667 513
670 66
670 509
674 66
674 508
678 66
678 507
682 66
682 503
685 499
686 66
689 498
690 69
693 498
694 71
697 498
698 71
700 494
702 71
704 493
706 71
708 493
710 71
712 493
714 72
715 489
717 76
719 488
721 76
723 488
725 76
727 488
729 76
731 488
733 76
735 488
737 76
739 488
740 80
743 488
744 81
747 488
748 81
751 488
752 81
755 85
755 488
759 86
759 489
761 493
763 86
765 493
767 86
769 493
771 86
773 494
775 89
776 498
779 91
780 498
783 91
784 498
787 91
788 499
790 95
791 503
794 96
795 505
798 96
799 508
800 100
803 509
804 101
806 513
808 101
810 105
810 513
814 106
814 514
816 518
818 106
820 520
822 106
824 523
825 110
828 524
829 111
831 528
833 111
835 115
835 530
836 534
836 538
839 116
840 538
843 116
844 539
845 120
846 543
846 547
849 122
850 550
852 126
852 554
856 126
856 557
858 547
859 551
860 129
862 543
863 537
864 131
867 533
868 131
870 135
870 529
874 137
874 525
877 141
878 522
881 141
882 518
885 144
886 518
889 147
890 514
892 151
894 510
895 155
898 507
899 156
902 503
903 156
905 160
906 503
909 162
910 499
912 166
914 498
915 170
918 498
919 172
921 494
922 176
925 180
925 493
929 182
929 493
932 186
933 493
935 190
937 493
939 192
940 489
942 196
944 488
945 200
948 488
949 202
952 206
952 488
955 210
956 488
959 212
960 488
962 216
964 488
965 220
968 224
968 488
969 228
972 488
973 231
975 235
976 489
979 237
980 488
982 241
983 245
984 249
984 489
986 493
988 251
990 255
990 493
993 259
994 263
994 493
998 266
998 270
998 494
999 274
1001 498
1003 276
1005 280
1005 498
1008 284
1009 288
1009 498
1013 291
1013 295
1013 499
1014 299
1016 503
1018 301
1018 305
1019 309
1020 505
1023 311
1023 315
1024 319
1024 508
1028 321
1028 325
1028 509
1029 329
1031 513
1033 331
1033 335
1033 339
1034 343
1035 513
1038 346
1038 350
1039 354
1039 514
1041 518
1043 356
1043 360
1043 364
1044 368
1045 520
1048 371
1048 375
1048 379
1049 383
1049 523
1053 386
1053 390
1053 394
1053 398
1053 402
1053 524
1056 528
1056 532
1057 405
1058 409
1058 413
1058 417
1058 421
1060 425
1060 535
1063 429
1063 433
1063 437
1063 441
1064 538
1065 445
1068 449
1068 453
1068 457
1068 461
1068 465
1068 469
1068 473
1068 477
1068 539
1071 543
1072 480
1073 484
1073 488
1073 492
1073 496
1073 500
1073 504
1073 508
1073 512
1073 516
1073 520
1073 524
1073 528
1073 532
1073 536
1075 540
1075 545
