30.856413 271.669436
25.496837 278.263809
19.002069 276.639088
30.045841 281.898458
31.214297 285.237134
31.121242 293.056373
35.121655 270.956553
25.798309 293.580821
30.931857 271.960785
28.655689 292.887989
31.956878 202.999335
38.239406 208.061054
36.615814 211.448781
34.956531 217.031459
35.569850 220.653342
46.834030 224.189041
35.483243 228.226940
40.421488 232.344013
27.862366 237.119909
38.531303 241.348888
43.344352 248.548729
34.899227 248.617717
35.456236 253.549081
33.896709 257.843097
37.884593 258.127116
37.986446 299.007853
29.466839 203.705742
40.808484 298.092474
32.963524 197.944591
43.625108 299.245715
49.801428 304.259884
45.829986 193.800796
55.927193 303.141122
49.549187 196.527396
48.096717 305.241915
62.730528 191.568066
52.962166 310.207510
59.494772 191.465268
50.979834 311.251012
59.507712 314.609609
57.280660 319.739540
70.645067 188.311876
61.157594 319.552263
73.142289 182.074813
60.967737 321.384395
70.394525 180.781680
80.415275 325.325253
76.055197 181.765469
69.458387 329.418849
71.675056 181.393332
86.282075 328.424089
78.916964 183.308893
88.583817 330.352714
86.484563 330.129518
87.628682 184.327346
87.188195 330.057377
88.018133 173.068416
96.062217 333.075555
96.859040 175.350597
100.884447 337.628394
84.427032 171.452311
97.843511 336.553889
102.342628 170.783423
105.138995 338.720841
104.086988 172.729944
101.522927 334.601589
107.123415 169.350471
127.152138 338.772069
114.975556 171.858592
115.451755 340.406150
117.265596 170.886435
112.233167 337.991718
131.879204 167.930029
116.354095 334.384932
129.112964 167.965569
124.894652 339.910806
123.665199 164.098710
129.330246 342.550885
131.309901 162.495611
139.072499 341.839636
132.230882 162.035286
143.261556 342.174630
146.862490 346.040065
141.813100 349.655728
133.997928 161.574146
150.596954 356.306285
146.860482 160.194279
148.502906 355.986511
149.130170 158.214460
151.868984 357.171084
151.079820 159.827216
156.537099 359.523017
163.181666 360.805995
153.491081 154.094495
157.947467 365.257051
165.497383 157.620225
156.238268 369.487052
171.027967 151.648493
174.242248 365.535078
171.390994 155.933217
176.230935 373.064596
169.009424 157.608316
179.302507 372.044615
168.192694 151.489596
176.693960 374.349392
187.711699 153.964409
190.454460 374.873999
192.751283 151.971950
189.477886 374.201712
189.377301 148.599599
189.087531 372.934617
201.287333 150.098775
195.166773 374.633905
194.578704 150.919937
198.036186 373.196611
202.235928 148.558536
204.843604 372.641087
198.739791 146.442481
208.773123 369.371356
214.095771 144.574348
209.880333 366.228477
218.236911 149.692877
212.912607 367.301037
214.839751 145.919445
224.847253 366.422754
232.917003 143.706011
222.149819 356.631050
222.206827 353.228125
224.894127 139.343806
225.399268 353.941690
218.731356 140.561695
233.163254 350.749708
235.282421 139.847344
242.021403 348.323119
239.344274 140.634024
237.170165 352.967724
238.496212 144.120718
247.767036 352.520040
236.825502 139.336191
251.359031 351.746302
250.315978 137.522467
245.873573 351.656312
266.268138 135.464861
262.053576 352.361126
253.164708 137.077067
266.149086 352.914136
265.138073 139.902926
257.816792 351.988172
266.904063 136.448278
268.858193 356.583561
273.951244 136.069058
264.750367 359.275519
273.615471 136.165674
272.816357 356.902798
281.102553 135.753564
273.350528 359.136342
274.398293 138.471848
279.952069 356.092540
292.505593 130.609253
285.401535 356.138416
290.985189 130.805766
290.719594 357.643918
294.284745 130.272575
291.871681 360.386809
303.696806 123.861218
291.173774 356.649704
301.239999 118.196215
293.735011 363.669881
294.252349 117.292577
302.886663 362.816490
308.006134 113.715966
306.566422 361.701481
303.520257 111.315305
306.357668 367.264289
324.676212 103.981557
318.970138 362.453613
309.271890 102.202605
316.269605 364.802669
320.792616 95.579632
326.274809 363.996719
328.372914 93.257761
327.530468 366.417903
328.566104 93.328578
340.671545 361.597089
330.662666 89.970009
338.523196 364.208743
338.529146 83.436635
341.141226 358.162057
335.821734 79.115955
346.155907 363.594842
342.598398 76.565075
342.233897 361.131849
351.990240 73.548435
353.042401 361.315072
358.994630 68.619680
355.384726 366.627916
362.239888 71.514885
370.247556 68.020932
368.361986 366.345323
362.139810 62.040468
353.901607 360.180193
373.672446 61.419417
372.246797 363.081214
375.232327 55.865815
377.487085 362.361512
370.089287 54.892468
381.213749 359.264874
379.767841 49.047576
385.024739 362.625314
391.607552 50.022537
377.105243 360.778498
389.827659 49.030099
384.783176 361.786476
394.063438 44.311598
393.030011 362.648138
392.526967 39.865453
396.757504 363.959196
403.055121 37.919002
400.436838 364.154956
412.119515 36.050184
396.542715 362.819143
412.875439 36.555840
408.186514 360.128726
412.482360 37.135137
407.231990 364.712379
419.330566 34.075173
423.292905 364.273683
422.638770 36.074708
429.806806 363.698330
434.318767 37.125404
417.688538 363.434860
425.941909 36.975031
435.042835 363.792510
431.578638 36.586789
439.780314 363.829854
430.455720 36.932175
433.997047 360.961133
442.017482 37.424482
441.497141 364.969085
442.549985 35.139682
441.978092 362.433768
448.262915 37.302095
447.171020 363.259721
461.544791 35.226523
456.686079 362.093301
454.406037 31.287915
454.584103 363.754917
470.062409 34.627874
466.326485 363.582827
467.334861 28.680508
460.807362 361.692818
460.762484 31.972126
467.473452 363.281291
466.585258 30.327567
473.840527 365.924246
468.423391 34.563616
475.270550 360.761079
478.359698 31.812037
479.114849 366.617245
470.752163 29.221823
491.255769 362.075151
490.315021 29.407690
489.163739 361.534999
486.852610 29.268000
484.060520 359.711745
497.387107 26.426354
500.263234 362.578561
497.715311 27.513299
498.561518 359.061652
509.224495 26.253544
505.628045 361.282272
504.217513 26.360670
514.418966 363.603854
513.423407 29.352931
501.462479 370.805765
513.448098 23.627727
518.148801 370.641707
522.570043 25.162553
521.919354 373.509778
514.017218 25.835536
520.687542 376.521092
530.532047 379.133328
523.979307 26.349240
529.967865 380.626303
529.136542 24.044740
526.378639 384.977065
526.811564 27.412934
534.719707 380.375945
547.840043 25.836657
537.549289 385.614211
542.820391 22.341589
554.670100 384.845612
546.378183 24.702405
555.328702 381.819991
552.739036 25.047785
556.320551 382.296348
550.027539 25.337195
555.051850 383.986837
561.229527 26.040169
559.630096 382.869593
567.054116 23.260455
559.396331 386.164793
562.795737 28.412728
575.122677 384.891994
567.865915 23.684835
574.968522 380.335702
575.252987 27.691075
584.245791 380.114356
574.813436 28.393231
579.511727 372.632069
591.083971 24.440270
583.947333 374.414967
591.505277 25.434771
591.178820 372.297698
591.610895 26.119132
593.264211 370.166743
597.942371 24.424901
594.027359 367.340973
595.585039 362.064812
607.210025 27.803021
599.799525 356.492531
602.375961 26.001895
599.964761 351.994052
606.138836 29.259067
615.547937 348.908142
607.126920 338.863027
613.017280 27.477435
605.747837 341.295366
620.151656 26.358869
619.603281 343.673973
619.850768 25.689984
620.206576 29.683407
621.086539 339.124685
624.070092 26.389945
628.435982 343.576861
627.221316 31.383695
628.325325 343.889323
632.129624 29.517959
632.423718 344.334721
636.870883 31.646112
633.803884 344.358140
635.148749 30.427143
639.864913 342.528206
648.486466 29.981663
650.756716 345.180991
651.666437 29.749365
652.686504 343.863837
655.272392 29.587915
661.920643 339.790933
659.965590 34.491860
654.735469 337.389363
661.143610 28.776610
663.850462 337.697970
670.827074 32.472139
666.317001 337.570943
674.978978 33.065563
666.134292 338.625698
678.679640 32.150881
673.673270 340.132464
681.916276 30.780025
679.933214 342.979960
683.324738 30.598209
684.497315 340.393084
684.103564 33.545021
690.907806 333.878122
692.263173 33.516914
696.924906 338.175617
693.401274 31.227232
692.540992 334.824743
702.011791 34.687164
695.569761 339.690996
695.967004 36.433481
710.137951 337.282576
704.431011 37.845925
703.749782 337.988617
717.342797 36.781479
708.386151 339.946760
713.930467 32.712769
709.063524 335.988360
719.050951 36.410117
713.505834 338.785116
723.456376 34.217736
720.668722 340.519593
726.456693 36.516789
726.693454 334.898897
727.576054 41.609220
725.949947 340.418821
738.067558 41.138738
728.796223 338.536961
743.171689 42.258969
722.667587 336.882120
749.358936 41.272039
744.208250 338.452074
752.219583 45.016250
741.971245 336.923335
741.243034 47.623590
750.010342 335.930830
755.604601 44.402010
750.636148 338.350318
745.928083 48.083066
748.613965 338.076388
761.335732 49.667530
759.832510 343.098104
759.309186 50.536920
761.251922 337.176937
773.875069 52.618650
771.487302 337.849535
768.908182 49.893347
777.181941 336.193351
774.206001 50.976895
778.941371 333.151497
777.907559 56.078866
784.086978 334.961545
775.074371 58.631144
784.019314 330.384147
788.296872 56.578344
776.874746 332.666008
797.829682 55.937494
792.312213 333.354125
788.521930 60.918799
804.086819 333.095804
797.800699 65.423387
807.154377 67.025957
798.971832 335.256818
798.387345 330.640100
812.075867 65.202563
809.758882 328.270262
808.606080 68.376045
817.159421 328.618764
814.925113 76.211344
819.654726 79.062031
818.509894 326.971235
818.411941 79.681860
820.636793 328.472840
828.678733 82.195637
831.171275 329.613836
838.625822 86.457562
829.849629 324.524999
829.017111 88.714202
828.611783 323.791566
831.622641 95.985752
838.987259 97.660488
836.786617 319.589878
836.400765 98.857035
839.255751 327.387695
836.862929 101.279021
844.547966 328.746250
844.307532 330.886720
847.359289 104.464097
844.493726 109.863913
843.990483 334.803194
861.641189 110.594043
856.492698 337.009667
853.792025 114.821654
857.537151 339.245632
851.730481 120.943118
867.429232 338.772796
865.406796 123.143713
869.200819 336.786043
857.042593 120.982669
866.708141 130.692355
871.101696 340.671914
872.436258 134.992866
875.539798 336.990271
875.434139 138.725574
875.036914 338.103884
879.458811 141.732406
875.172312 337.223202
876.358954 143.761636
887.667434 334.876925
885.593834 147.187304
888.617272 331.738692
883.643512 150.333461
896.358880 331.612747
897.442564 151.042997
897.411365 332.069670
895.777605 156.993161
904.294329 319.172638
894.022322 161.407571
894.327697 318.947877
909.201820 313.555016
908.853065 159.336652
903.668747 308.116649
913.599012 161.512930
909.740840 302.738867
911.566697 158.480694
905.463217 297.221999
915.721937 166.063657
913.490722 294.395631
914.277437 166.205699
923.134004 292.550878
910.140316 163.757176
924.482246 296.527021
924.485000 168.215871
929.931813 292.324671
925.561015 172.476856
930.614721 290.325881
928.510013 170.366317
934.852351 174.964171
943.775967 288.451581
936.679284 177.622134
935.526675 287.853214
942.557395 177.681787
941.013945 285.698370
941.614037 178.930109
947.561035 290.677645
940.977602 183.797941
950.316752 285.361311
959.419256 184.085982
957.504940 189.513122
951.710156 283.606628
966.475224 193.500469
956.158127 283.361333
959.407379 195.384798
961.323648 281.986042
960.182174 203.751695
971.503061 274.725869
974.487576 205.005578
971.532345 207.518695
959.970803 212.574445
969.692322 217.638756
972.706777 223.138157
967.357070 223.092539
963.897727 230.691635
970.372803 231.909246
959.484210 234.941070
971.049218 274.817614
973.283093 239.029068
960.438433 272.184659
977.532973 240.081930
981.609900 270.097903
974.856426 249.002569
978.689209 250.659253
982.058155 251.523570
977.695039 257.733693
981.303365 262.292193
