27.682164 265.941677
12.462699 273.879922
28.410177 273.879621
13.239656 285.644744
19.279601 288.585137
26.360045 292.412357
29.554728 272.826190
32.080776 288.858749
30.361059 258.749220
47.888160 292.917531
20.718949 206.169950
34.874494 210.861553
33.200326 211.619762
22.184811 216.858460
50.074367 218.205295
36.166980 225.995730
42.179817 235.652821
48.576277 233.311883
13.047186 241.310950
45.556526 243.705712
22.171462 243.810087
35.049659 245.655124
28.427684 249.595980
39.000600 256.979080
54.126160 256.570418
37.352703 294.292461
36.675375 200.702307
45.685783 302.020258
37.900014 193.504830
56.565301 305.414250
37.340490 298.748547
54.644273 195.264709
67.042197 308.591416
53.097801 201.174027
46.518181 301.707473
59.364533 196.065899
51.032075 307.499969
66.060017 189.867790
46.956293 311.474155
52.478310 319.443930
60.447587 321.025124
66.068493 186.919646
63.075036 319.195876
67.120276 184.863598
62.612194 324.600551
74.805197 184.374645
59.607367 324.916023
94.807330 180.449736
54.838483 324.083408
86.533722 187.827498
90.706884 330.374839
78.370165 180.213098
81.355192 324.905428
86.999639 329.299925
77.681415 174.945404
74.536450 328.576564
102.319643 175.456608
94.033585 339.488410
102.289693 178.344977
99.134785 337.886161
100.958596 175.651274
92.350893 331.290577
92.628791 174.711087
111.905440 336.382138
100.325207 171.936307
108.375888 335.920961
106.875049 173.175145
96.477211 344.279023
113.079823 175.494056
121.374009 338.592371
128.056892 173.100206
127.848634 343.857900
138.268217 174.038178
122.617390 338.502670
121.349149 171.422343
132.446100 333.526354
138.752428 162.331961
128.305558 339.302301
117.727143 161.283419
133.924159 339.852164
134.043931 169.269581
139.141708 344.864529
142.897371 349.331487
131.973081 351.348395
145.688010 163.178461
145.523118 345.996959
128.073959 164.352503
153.643735 355.181816
139.240513 162.863104
165.751886 355.576042
153.487553 152.673712
147.890153 359.062624
157.376332 369.281819
150.016408 157.634606
158.231614 366.188160
149.637886 159.296675
161.565864 363.862556
159.737333 154.126848
171.311860 369.251677
183.629592 160.233139
166.692970 372.969385
181.107113 155.490336
174.481190 372.184263
170.971488 150.801821
164.810667 376.567178
192.120154 162.315494
193.205790 373.195928
171.850536 147.775077
186.769752 373.303682
194.553822 152.714515
188.091912 373.320774
195.125615 152.135101
199.475578 374.846734
215.099205 146.962692
212.949437 375.722756
202.250286 154.946523
190.151507 369.318264
203.358345 153.567001
217.062188 365.688632
217.188521 146.674104
199.071464 364.800738
229.593801 139.379697
223.750081 362.047940
212.820024 152.444252
216.394971 360.864901
215.030829 143.084223
243.258321 354.447831
221.549876 350.410488
249.292732 147.190438
217.036626 354.824748
225.871933 139.027345
221.183637 351.785740
239.027025 146.003198
233.593020 350.538794
233.908381 148.898199
222.218934 343.020346
241.145122 140.564998
246.039970 355.024264
250.447306 151.079316
240.475171 354.487363
238.499220 135.163494
277.806971 356.448678
265.620533 131.615456
246.095282 354.870902
257.259924 134.907143
266.236330 350.355913
260.849740 136.764012
274.058631 353.340767
257.695051 141.317879
261.976277 353.557071
272.122256 134.140689
274.587097 359.850678
275.098054 134.794277
283.981937 360.361071
285.435841 134.177987
277.649908 358.469497
285.859449 134.278812
282.710179 350.767264
295.849713 130.719936
296.056826 364.761222
290.187625 122.765712
291.026908 354.400328
281.544744 127.848696
286.561001 363.404672
298.548526 125.252937
295.031637 355.753212
304.998966 122.078960
299.438351 359.805644
310.967927 121.045984
313.013406 366.803784
318.836647 110.119777
310.436254 357.466993
316.162794 108.477276
304.960465 362.318598
308.560511 98.171844
319.457137 361.392785
327.521973 97.994538
332.037407 358.483631
322.693873 99.505983
311.231638 366.871798
335.030868 95.125588
317.511731 364.079914
326.383380 89.100366
334.582994 363.024786
326.876532 87.080923
330.168709 368.916810
329.427098 81.449636
356.784950 362.635686
341.995227 84.928620
342.274799 371.095402
339.840329 81.613810
349.525789 365.284546
358.768625 74.936732
337.566676 360.861393
354.678636 69.053234
351.183955 359.766876
356.741874 69.012390
362.672041 66.004389
339.360638 358.336620
359.934272 66.264494
371.843030 366.956032
372.864177 64.686942
364.030582 363.766707
370.872558 54.062422
374.955845 364.316269
377.523551 59.504784
376.643476 362.453094
397.952528 54.939323
383.814598 359.009938
367.726978 50.807310
379.355783 359.123682
379.431161 52.964860
386.716004 359.232554
382.650251 48.088987
399.560354 357.448286
401.792647 41.325676
402.862081 362.997573
405.267171 39.976521
397.103341 359.415458
401.661918 32.929476
410.529108 364.953679
418.779905 34.494425
412.383140 362.174632
421.833505 36.210819
424.355036 360.611726
424.785479 36.178853
419.456564 355.321228
422.863791 34.811653
421.437987 361.178463
408.815662 34.172747
409.635976 360.175936
432.720153 40.097901
443.490271 365.925927
431.126743 36.776469
426.718249 363.735902
426.488493 41.864161
427.298550 360.874345
425.636722 28.145940
453.591555 362.028501
432.927472 38.693032
458.406559 363.742793
438.907765 37.146089
457.376091 365.243926
452.677986 36.323235
472.308753 360.935011
466.117782 39.340695
457.664082 354.675464
447.681859 31.024323
459.172876 362.522368
471.783425 31.071990
463.088985 359.700552
462.000037 28.048538
472.247220 359.584463
457.550651 32.234787
474.782285 359.122610
467.367796 37.776005
469.213183 361.293139
483.344352 37.202660
471.007011 362.138739
487.705323 36.325954
494.932375 358.854092
480.035550 32.344855
497.135647 361.381717
494.778356 21.584797
495.905886 359.124523
486.795328 27.343562
515.984180 365.965358
490.814263 28.339316
501.827747 362.297884
524.110318 24.374104
508.342766 362.181081
508.207120 30.284972
505.003259 364.150231
509.208869 21.666651
500.146379 362.262182
524.949916 26.804474
520.141947 369.999668
527.437272 28.358438
515.703807 371.194808
521.363698 23.379776
544.026224 375.035788
525.067329 374.755391
517.286954 30.245183
546.949256 378.721226
511.660756 31.816311
541.690609 386.307437
551.910935 25.434479
549.341019 382.823173
528.597848 24.005703
538.780402 384.302057
541.368371 30.798380
525.790339 381.410314
545.156805 32.722093
551.694106 382.586106
546.826092 24.111486
545.203030 386.209265
555.028130 32.489265
545.017397 379.780185
581.211908 24.439166
562.514607 384.191136
558.607457 28.960362
572.062220 382.842412
553.824251 26.941921
570.739511 380.952568
560.924853 28.309944
562.766530 376.358463
574.308185 21.805998
571.872690 379.238658
582.598457 24.448767
576.539670 379.950969
583.224308 29.216357
582.599094 376.072980
604.195245 25.090170
580.881892 374.229479
585.851623 25.160789
612.538322 370.634008
593.943251 25.295487
597.018463 371.481384
589.461098 366.228744
609.030122 22.990857
599.767907 357.023009
608.718839 26.171838
592.348066 352.079083
612.836451 27.790777
617.388486 354.666260
604.197275 340.490656
584.935596 23.614953
618.061056 341.466463
611.431282 26.413647
609.831161 343.097034
622.479178 23.049533
617.188032 27.158427
613.260628 349.973806
625.545186 28.982345
610.629320 345.442037
632.316718 28.332293
632.466201 338.939048
649.540203 27.802710
639.480306 343.992908
629.958932 23.578818
634.722077 349.293202
642.539534 27.256249
631.010286 336.695511
653.841161 33.021022
632.994589 343.968268
634.250784 30.036529
637.416668 341.554198
664.216025 28.831836
665.610666 338.609118
645.412716 30.518379
654.658162 335.895281
664.443525 27.592147
681.750197 338.983357
678.973834 31.530442
677.318467 335.967234
672.450545 33.892257
689.435727 344.088808
658.008970 27.652169
691.932896 333.199124
677.194212 31.708473
682.398800 340.776865
680.375476 36.003618
686.496480 338.405919
684.033678 34.616364
703.232202 339.737660
693.264276 35.593554
683.676724 336.503970
696.499495 32.464099
700.016043 342.525430
700.336485 39.180961
699.045865 336.847053
702.364825 33.619025
707.383591 336.191379
701.710099 39.220969
696.808152 338.913536
706.272381 35.328429
694.498218 334.278180
730.863085 34.252231
705.943611 342.533891
704.477370 35.139880
727.443272 332.837510
717.113061 32.678175
713.861725 339.837211
728.414792 32.217568
716.485523 335.935752
718.762876 36.918567
724.978445 345.634338
731.625289 40.918333
738.142385 338.864068
737.293978 37.593440
720.690556 340.950193
752.386949 43.086044
750.729805 335.198623
735.826962 48.703564
741.542149 337.053640
739.758784 45.501983
745.114346 338.265593
750.244148 55.659937
756.444567 340.505649
763.907698 47.958609
767.189861 341.638647
767.389132 47.888169
757.493570 342.839784
754.128141 48.465358
789.423619 334.707131
770.931524 54.346407
769.199672 342.582707
783.359298 42.659360
770.766890 335.553655
777.693975 49.733264
781.200839 337.501057
765.750199 57.952970
795.799547 332.753972
784.717155 51.976112
785.084218 334.345315
782.529516 55.468867
801.717077 331.098840
791.791786 57.593261
815.232205 336.256488
798.761192 59.089731
801.302968 331.103558
815.374551 56.096714
797.147645 67.972142
814.836713 343.605181
802.086222 326.817334
807.753852 66.703167
802.062704 325.258342
818.312735 64.199729
806.188696 330.681136
820.152995 73.638291
817.591822 77.619443
807.689272 328.520594
821.150960 84.594855
812.481226 333.003563
825.216660 80.387519
819.157792 324.887796
850.496513 86.600543
841.074838 326.097583
821.632719 87.960325
831.460483 318.507429
837.163154 94.082267
840.503462 90.955988
839.615336 323.134349
847.980716 99.871955
832.342229 325.478198
850.828360 98.188541
834.263597 330.596755
846.914310 335.582500
849.295759 110.626449
859.409916 107.353010
847.768904 332.031458
837.835744 110.920695
854.019749 340.254762
854.145752 118.859835
849.451252 336.279366
868.965051 119.777181
864.110297 335.009523
854.699581 120.294144
856.090392 334.759724
884.134169 131.507545
863.182835 131.752725
885.908395 336.473797
882.586566 130.346825
875.329083 338.168122
888.388220 134.481424
891.952306 335.185744
876.537722 148.752098
887.144861 330.599936
882.747751 142.138335
890.274620 335.424126
857.426078 148.281062
890.116536 337.336431
906.886601 148.307183
883.922882 335.055917
899.224226 147.167969
902.154538 327.961019
907.287179 158.762516
904.760471 326.808141
883.960422 158.333017
905.904629 317.714463
906.688165 313.417391
926.581195 154.261607
902.815620 306.726891
910.286420 161.712369
916.248388 298.698318
895.856651 162.747645
902.724776 297.702014
918.778236 163.216332
908.225234 300.247028
926.464267 167.445692
910.951164 291.710059
916.248761 167.449677
923.765490 289.010309
934.306410 171.767087
927.968892 299.520451
929.231277 169.696260
934.000383 284.686564
920.438293 168.396305
921.627639 173.811484
939.491444 291.235006
943.735902 181.144531
949.269471 293.487105
937.435547 170.168174
942.315391 289.809655
940.992060 178.561479
959.716307 289.938119
942.605415 185.774990
947.302588 279.386231
961.873037 183.155907
959.592994 188.570238
966.077483 281.756903
961.297159 191.569025
958.537122 277.603886
959.241871 199.756098
966.434359 274.985248
963.917317 201.161023
983.238084 282.314845
957.778483 204.949932
980.390216 208.100144
956.974031 212.739290
969.768689 218.823064
976.692852 215.613875
961.998699 222.186868
958.484246 228.570415
956.985229 233.821347
950.553979 235.937014
971.598740 271.523630
967.809980 242.306657
982.804065 272.430061
971.752026 242.903145
968.212049 273.376252
984.245157 244.852895
964.335572 251.450003
954.005233 254.703695
998.014173 259.216268
968.577645 262.652979
