14.437771 197.367278
23.220257 190.611645
1.982980 192.825049
-1.901570 200.183657
19.209639 220.324602
-0.452945 214.906157
19.840737 187.104172
31.488968 242.681861
11.938373 208.701473
0.624268 224.849252
-4.242582 193.500724
8.536780 209.102371
21.805256 224.197450
24.266010 235.142690
46.744782 223.794483
38.866650 191.197201
38.908505 241.757400
14.772247 172.003371
26.441915 252.799340
41.300537 186.249810
13.269194 257.179539
79.439833 178.507624
23.432340 269.903643
37.229768 183.806994
45.925265 261.616908
57.820885 161.606889
52.949657 255.012429
41.859692 169.530272
54.746381 249.104902
48.456038 261.970528
43.316777 146.598455
50.398605 263.067331
57.677630 137.400160
48.769690 285.939858
65.436209 148.375256
47.814846 249.228233
57.538804 165.778646
95.834356 258.757338
56.586976 152.062776
39.213743 253.718927
72.845145 140.065386
71.313219 158.066844
87.435139 278.581996
105.899263 149.889062
47.823700 281.554819
100.428964 143.922719
75.174410 260.175296
67.759123 127.484491
60.976902 262.531656
59.790666 147.639682
87.131532 266.397636
97.706063 156.021943
120.995294 272.666524
86.742116 264.687669
44.967740 283.601412
85.384068 283.222994
92.146086 135.647880
116.497769 308.294954
69.770874 131.858921
110.439408 295.575985
71.376619 141.236027
121.014848 143.570240
106.107035 293.739959
120.414035 307.297710
86.105899 142.213688
104.960895 306.752086
138.174417 147.407974
101.375022 316.616726
111.425522 143.190944
146.038603 333.432934
120.955430 166.510189
117.909082 323.985691
130.624254 160.338592
152.876303 330.327525
150.823709 157.627311
144.257286 305.073874
142.713480 170.169290
137.292117 330.860635
157.505336 158.103823
131.108846 321.526156
123.284794 322.177886
124.147159 164.809768
127.140588 323.764174
150.330035 336.995795
133.805282 327.614038
128.334132 168.178362
142.738103 354.812776
177.045564 162.773495
174.273397 344.670253
172.156113 169.321895
175.348134 334.199591
154.574031 164.909484
181.255113 348.192291
140.082981 349.401992
165.207764 351.991737
170.473114 168.952120
169.814498 349.279361
142.549715 361.791634
141.761785 382.507255
153.523747 376.825495
146.052691 172.759215
165.118400 387.722138
136.040231 164.328405
119.675459 383.840870
180.126257 392.000972
161.326221 145.364334
155.344379 391.834757
174.838846 398.866789
150.932941 149.532754
162.055987 382.697612
150.596533 395.709927
195.716110 146.900813
195.813654 413.603356
177.363938 144.844813
183.204475 150.835818
160.125788 163.716632
180.518924 406.285386
226.335352 425.442774
189.139101 413.552454
179.325989 414.348935
174.260951 417.432972
166.400058 427.205674
152.793098 433.121036
199.145857 454.286366
215.931426 434.880862
171.665425 457.597585
190.917754 437.277328
237.176467 138.456546
177.954039 119.401706
188.277764 112.562486
168.455445 437.445224
202.166602 438.880872
187.866720 453.080581
204.925604 454.891194
195.427206 460.609595
170.446876 130.749059
191.206814 465.603124
178.312323 99.036829
235.998779 107.510032
217.320606 101.417219
202.385007 120.382356
214.636271 125.716677
235.970908 465.602336
161.917422 102.956676
198.989962 111.109690
202.952870 472.747603
213.446434 100.233804
218.010463 455.183487
199.229622 97.795849
205.520165 74.339469
221.929208 92.831369
221.539709 486.532404
219.735225 65.707861
211.064593 84.101348
224.794464 67.449301
217.963697 480.569372
257.230655 41.852938
225.638973 479.849875
216.609058 72.588737
210.708798 475.779893
209.310736 59.556211
203.325677 481.022945
212.321710 46.253263
219.439667 494.681170
236.147751 43.399149
242.746963 476.829221
265.350764 43.319714
228.416723 480.419339
261.485886 58.895090
234.539894 52.219076
237.590629 499.533032
222.232402 58.985892
231.662588 482.308364
266.497118 40.847060
256.911940 503.008347
251.144256 43.428507
240.360694 483.523637
260.733686 483.429462
273.236277 51.320986
247.445841 494.194975
269.208456 61.778029
242.029394 474.742685
311.281728 76.340502
255.277977 70.926791
290.260760 495.266388
286.339734 62.193757
316.022973 486.411371
310.677542 68.517639
260.011348 495.682986
298.946150 479.034586
300.189221 73.576009
305.316094 498.544701
308.063202 83.897838
256.708213 504.712335
313.226414 72.202050
282.810977 495.067612
270.903994 67.312297
319.296106 77.402697
266.391011 497.916007
275.673082 79.991341
300.393323 489.582952
297.345986 88.916147
305.665339 82.457324
303.046535 489.966670
306.209671 86.027071
291.732169 510.117465
365.942020 111.409672
314.537725 486.786958
309.188698 89.516482
318.854095 484.865894
327.096637 98.616625
322.149662 500.674733
322.745531 87.971804
325.600083 501.522941
320.823676 98.640539
321.658001 124.200268
304.234383 483.225096
326.042867 106.865884
331.043815 495.185919
364.533247 101.456453
319.710324 492.291079
322.251696 109.138837
331.995673 473.686598
347.376898 119.409145
363.262270 505.545740
327.404340 111.926916
372.292330 114.712957
309.529672 484.883539
382.502811 134.446331
360.773914 471.213845
349.806565 124.697323
357.846589 486.648056
339.870697 113.722966
366.587012 491.965409
372.775780 119.070402
369.882360 491.547422
342.684903 111.503022
352.341811 497.872714
374.066761 106.754176
339.434716 485.358625
373.110520 105.771646
326.459882 498.219697
343.804232 94.505144
370.490429 483.781952
338.857950 104.765356
374.956603 493.773764
382.976979 97.580655
369.841041 490.004832
374.676638 98.438763
373.777491 494.129775
388.726632 75.658874
426.453154 482.119327
386.631487 97.499605
376.900600 97.039762
401.269316 500.325426
412.883356 70.171847
373.985830 76.160172
382.828874 501.901619
424.347718 60.517874
382.128087 495.979563
390.381606 54.465284
377.675392 493.942923
377.739093 71.765600
403.155552 59.775235
400.853368 57.292560
353.784643 501.389687
397.418060 47.771645
427.704730 486.635041
434.138514 50.103645
420.188639 496.160230
422.617999 42.185201
434.033104 491.268344
394.125353 47.077743
428.376490 499.921896
402.481721 34.781461
416.761152 499.182773
418.919467 23.044646
468.031955 488.552480
391.390002 15.874085
421.631487 491.206923
441.465363 38.948547
458.312194 479.719009
444.765253 15.311839
453.261008 491.906152
465.597155 12.115729
461.866412 502.190642
469.228916 40.012162
448.530218 491.883859
457.055350 31.733110
442.326736 472.547457
475.748293 17.526958
435.120961 503.222524
457.289592 10.784306
454.471158 500.402342
479.188731 27.691392
458.642450 494.701797
486.813924 0.777319
462.206271 497.345386
445.593860 -10.751204
436.559963 499.715659
463.817105 7.951238
474.204405 476.819401
490.292122 5.793744
517.377022 473.506164
464.935824 17.704791
516.612715 482.753621
497.787856 2.796048
471.272379 513.211314
534.786210 6.357335
494.887053 5.328058
480.990731 492.322422
529.653087 18.223134
550.113295 498.316627
530.161379 27.132056
489.158573 484.450639
509.712986 -4.528767
518.548382 507.209363
514.084692 19.596353
488.539135 491.450019
555.950664 47.118822
517.290151 25.911901
529.980823 485.874745
506.016797 32.617469
546.084625 483.734079
512.274502 34.197622
571.294977 501.536880
520.890745 59.216777
543.362889 499.406309
550.034140 17.141838
529.047993 43.995434
520.316079 494.219044
568.432426 44.318602
538.360512 65.006313
535.213211 493.315902
527.698854 62.980902
529.209299 63.979355
527.362780 503.273233
580.355942 63.946560
559.190859 502.173932
520.020917 75.555972
529.695666 484.928696
551.269590 87.016183
564.633111 490.907187
551.441163 69.656748
555.278628 491.013860
553.436541 71.372709
564.001839 485.912935
574.446728 58.964292
544.650102 493.848317
573.898829 65.070241
571.568768 502.631847
527.104642 72.306469
605.799214 75.542261
586.532078 505.533652
587.654983 95.923396
581.187327 100.792043
560.658268 505.198252
558.157946 89.656559
588.036009 100.431290
586.110337 112.076520
594.376769 116.932052
580.113737 491.685591
576.002047 108.569326
549.747467 477.756998
571.866947 118.166113
587.404760 480.990073
649.791342 123.150324
582.529656 498.594337
565.225529 121.142954
601.821611 107.577700
627.201390 477.932552
598.966685 127.088290
620.716511 133.900740
585.420946 492.244320
605.636712 130.074997
552.781935 481.710999
629.361203 129.635630
599.425709 480.435970
622.459396 124.239411
606.644347 496.264565
619.602148 113.252803
675.238722 488.162622
604.287774 123.289344
635.244208 500.021577
603.255685 124.123047
647.306776 495.885455
608.008824 111.921061
620.539613 492.657966
604.361408 114.713550
638.759121 487.539520
650.737799 119.646320
655.186693 489.680942
620.966417 107.557201
665.087447 498.648006
654.134180 105.011508
633.924806 476.860696
660.693268 104.878158
616.979013 490.190306
631.187211 102.933945
661.190159 478.792611
663.859103 95.244867
681.622587 475.783634
696.265776 100.325057
672.258226 477.666770
672.966292 105.222382
689.858730 491.272412
653.488891 98.111531
653.696105 478.775788
673.309908 86.847541
665.795691 86.882920
681.409089 467.957194
676.250960 84.400670
635.239828 494.386725
661.050478 72.718096
652.655474 477.936831
684.705572 89.943671
711.407268 505.040809
702.624920 63.121738
673.052215 486.172815
689.387625 80.134556
685.857235 488.600537
672.867922 65.983122
689.853042 490.251192
686.360377 69.665382
727.296551 501.414534
727.991009 80.966920
703.510206 477.656068
684.840288 70.431481
698.154508 478.435344
755.366615 55.065704
726.309831 487.351545
711.149803 68.759278
724.427811 478.786565
729.518852 59.301447
705.660236 474.579381
733.534114 69.852292
727.761533 457.690776
727.273284 69.795971
727.357722 480.347205
750.323893 63.719174
732.840418 471.121428
773.578939 79.549717
735.834762 83.706978
723.706161 474.114294
778.736996 55.805291
730.932422 456.471077
779.138316 62.067486
738.206021 458.235309
772.129514 75.629644
740.332864 464.166909
723.060430 71.258199
751.637990 95.829438
757.868241 459.179171
753.809947 97.536130
740.796921 455.078132
790.890593 462.450686
749.897631 462.359254
795.886656 86.654059
787.245213 458.029196
739.374186 101.929347
810.802068 108.995474
739.052706 104.640776
746.843031 396.211447
752.751074 400.149860
767.115646 409.088628
760.049939 412.138817
748.876146 418.308563
762.390573 423.653637
768.679113 440.016585
770.991088 431.707175
782.940228 435.294937
792.943166 452.571615
758.753025 109.556818
769.114055 408.830626
765.141977 118.235522
766.979530 400.816749
759.392281 112.218059
774.384116 404.608094
797.406838 132.093377
757.333615 401.569984
770.992424 387.751567
753.716866 371.366446
754.261478 131.619845
795.497838 141.096701
794.288101 134.021812
774.188241 378.142749
790.000442 130.732855
767.771789 367.706516
797.389560 134.653922
773.762894 154.183450
777.106508 357.010718
803.719215 366.260305
767.007294 143.964226
794.364279 358.822623
780.054680 138.313295
771.232659 178.577265
790.686689 342.071646
774.668899 166.147544
782.496548 349.938502
797.840685 151.061817
794.930614 334.590548
778.538723 325.842394
792.115997 330.384455
771.751337 161.401667
812.143407 331.591975
781.762871 155.767653
797.767716 341.320467
792.750198 176.637609
808.544608 333.764541
821.911156 166.751852
797.043018 321.554762
845.904375 163.713140
827.530648 331.481591
818.192071 169.209236
793.209161 345.116982
833.598468 166.310775
822.233850 293.419089
847.004283 143.268554
828.277968 310.989436
823.289728 318.505851
841.446401 148.491449
865.077266 300.727406
825.004061 297.607874
866.253128 131.964092
814.804737 289.180789
846.603940 133.453052
856.442953 298.322297
849.300389 149.695949
845.348649 291.143568
822.835988 149.543503
829.255434 284.618116
877.177527 141.864186
853.877930 278.002312
863.585652 129.986515
869.154149 296.699732
889.283383 133.169200
848.735042 266.643964
870.982609 154.768316
889.591168 280.984345
846.246726 156.691938
851.960865 268.093808
865.994971 151.201564
827.018748 264.953516
865.144776 127.885851
835.383173 259.090009
880.856027 122.174554
874.451572 259.416360
898.675049 131.325027
869.012723 239.791820
901.562406 141.091396
891.297834 247.630463
908.194147 232.947549
918.598962 149.490987
927.283376 253.267029
867.543673 142.020508
895.309604 252.427622
870.104269 159.988242
903.065131 235.982948
924.396084 140.829387
908.740475 241.452986
911.622923 135.241016
896.811153 227.509132
909.983802 157.253756
907.901048 236.033480
909.894673 152.806771
907.081654 146.439136
935.452497 234.021286
955.864835 233.838155
944.830531 142.284710
960.503265 212.215114
929.538548 168.911784
940.086737 219.290146
898.660419 157.731140
925.354043 157.911183
941.680968 224.391927
911.995832 159.940447
930.719091 162.290728
939.078506 187.286872
918.914577 206.391760
926.916596 181.137270
969.681033 183.447279
936.702049 181.621538
918.349823 172.271464
925.911824 179.053462
938.026685 176.106757
918.181888 190.977976
919.039807 192.687365
