251.133008 807.763931
250.095787 807.851101
248.800111 809.572373
247.066564 801.535116
245.431220 810.586713
248.958689 806.493831
254.078653 802.576714
252.213744 811.789468
250.019031 819.201469
248.884252 821.077940
250.425619 812.793973
248.489543 817.782574
248.344184 816.646117
253.632227 814.835725
254.175454 826.144895
251.742205 825.358526
251.071426 821.114847
248.338881 824.012588
245.183144 821.484410
246.370204 825.772399
248.808648 827.286104
255.754781 796.515762
256.441163 797.003656
257.026478 793.758623
255.058354 801.185045
254.048075 799.881158
255.759880 795.472334
252.032958 795.523482
253.008084 835.073260
253.360288 834.304080
254.134534 835.317019
251.797551 835.232333
255.044986 836.087990
253.155871 837.096979
252.948627 834.271163
247.318147 844.822743
249.786399 846.965929
255.942267 851.162526
247.542374 846.001728
256.249451 839.394792
251.094343 844.707788
250.773942 842.641566
263.946105 855.624836
261.373540 858.455612
265.312818 854.875271
260.831055 853.492756
265.230545 847.972195
263.318864 854.312320
264.705679 857.432449
264.767471 784.288636
256.566708 792.067912
258.419904 790.216818
260.106887 788.955837
261.186367 787.975868
262.579032 794.397675
263.708700 789.759350
265.700495 868.897865
259.535719 860.708204
264.600940 863.707610
265.335440 864.943378
264.191974 863.375356
265.616988 866.388541
262.390216 868.381042
263.080155 776.442406
265.614354 778.188247
263.428143 784.762906
260.525068 776.577550
269.315082 783.296036
259.865125 780.552183
266.837823 779.355253
266.954220 877.362453
269.833156 873.497830
265.690542 874.437169
266.299361 873.683742
269.532472 872.832478
270.920590 874.028235
272.130751 868.823867
269.505114 882.690358
270.143599 882.971769
267.564606 887.304461
271.943127 888.811384
270.008962 882.562010
266.207662 884.700187
272.269883 879.556866
277.454276 770.202365
270.655552 765.577160
272.231340 770.576429
270.497379 771.672574
267.622190 768.618867
273.190549 763.102637
275.229373 767.906465
274.296759 893.134959
272.463809 886.750183
270.969365 892.442092
269.827943 889.104665
276.892081 894.948918
271.656351 891.669192
273.580766 885.610847
279.358811 904.567753
276.483852 897.846878
279.967699 904.109151
277.088378 905.459060
275.922477 899.045278
275.930690 903.605187
282.359372 905.553233
278.702348 778.694205
275.966544 773.660527
285.378091 772.000699
278.148787 768.669878
276.668375 778.235829
280.670734 772.321844
284.334933 771.601648
280.752158 908.550724
282.197681 911.410841
282.818823 910.071622
280.170080 915.787893
283.835491 910.789724
285.316140 918.243855
283.750296 914.109271
290.201272 921.835370
282.446416 926.374879
281.880934 927.489451
286.833852 914.767425
286.855006 916.837687
285.475802 916.361746
287.728625 921.746431
289.110492 929.969012
289.078587 929.872324
284.119895 928.851283
289.288566 931.149044
288.779924 930.517334
286.740194 928.991145
286.962921 930.773895
290.080785 778.796775
291.182899 774.531897
289.724454 779.525793
289.847463 777.331129
291.536622 777.146325
290.939144 776.975989
283.693541 781.662882
290.897079 521.165015
293.940706 522.381123
293.399564 526.757853
294.653138 521.598046
294.206916 519.223489
289.221924 526.593425
293.725248 520.839458
294.005161 533.080638
289.755562 533.842582
293.815659 532.484463
295.142684 531.015167
292.716343 529.332104
293.446201 527.181121
294.606303 530.700030
296.630340 537.308473
291.393778 537.267681
295.920805 537.133176
293.929889 543.377594
294.425876 541.959868
293.185000 538.958129
287.955592 539.037538
294.815714 552.849640
294.000464 551.998199
293.783599 551.475840
291.738620 555.662346
293.036940 545.400943
292.573689 558.530109
294.830717 553.024788
292.125582 561.466757
295.832230 565.897601
289.344633 561.469427
290.550189 568.022988
295.530843 562.030866
293.356165 560.649632
290.408116 560.102417
301.321252 573.377591
289.577354 577.740209
290.627546 577.108611
298.147183 572.602655
297.156299 566.025217
289.703325 572.255288
300.837611 572.623271
293.650111 582.774388
293.353709 581.536030
298.284329 583.899083
294.837946 585.037388
292.834287 587.698404
293.794397 584.877059
295.964587 579.873449
290.624762 586.992308
294.459789 592.257652
296.759264 596.629985
296.684252 594.050710
295.093416 592.006050
290.545067 595.864318
294.360469 591.912149
295.545681 600.776382
297.573943 603.771955
301.067182 604.158838
291.353310 600.029676
290.016758 603.218140
297.282000 598.015892
299.913340 597.935156
293.467627 613.286031
300.349060 612.320557
293.455505 618.300690
295.429923 610.363295
289.832154 614.636664
294.051058 612.109137
296.734331 611.743053
297.968609 616.620632
294.506092 617.596214
294.032647 621.991864
291.694858 619.280913
294.580112 620.927362
292.330464 617.278870
287.370255 618.533123
287.486832 631.226532
291.032560 625.365676
292.124908 633.474836
295.095578 627.932941
295.432064 638.554293
292.664154 631.523862
292.448191 632.522229
290.108461 635.889011
294.135705 642.592171
294.576637 634.560018
293.911984 641.956198
289.096347 637.078117
291.976486 648.224512
295.799100 639.093089
295.574299 657.465229
295.336482 652.494188
294.655645 652.935872
294.706384 647.875428
289.599003 657.637141
292.051301 650.338565
292.000461 656.427945
296.686009 662.608100
295.846138 659.781968
296.828767 664.874650
298.401862 664.682519
298.286434 661.718301
294.729590 660.126285
294.240824 668.660541
294.232613 672.721946
296.207682 672.945577
289.495014 672.796783
294.235458 672.322622
287.391761 674.423145
293.263474 669.561062
296.920262 677.754526
295.386590 682.797809
294.160191 678.178467
295.011321 682.898377
292.691664 682.303627
298.273779 686.850925
291.126021 681.384529
291.483039 680.015939
290.828312 690.449854
287.660134 695.304452
290.433048 689.452739
294.093967 692.223840
287.906061 690.514264
296.218722 697.266662
291.202779 696.518303
295.083432 939.382939
294.768407 938.478072
293.812244 938.420628
290.742310 943.303541
288.594667 934.604313
291.839670 935.475080
293.700707 938.091727
289.459903 945.466093
296.105880 948.938111
290.040817 949.302611
294.659622 949.385617
295.201206 950.347603
295.526793 949.388128
296.380997 944.518892
294.510218 502.856221
300.331473 509.948650
304.621732 505.584508
300.470414 505.110878
301.905463 509.800347
296.873066 504.754845
292.730220 506.241413
299.043437 699.237768
293.921797 703.280977
292.101301 698.363763
300.996922 702.607556
296.421348 697.087937
293.396415 697.119712
300.756850 703.160209
302.337129 713.752810
298.594241 711.374670
300.384654 714.695997
298.725468 711.012138
297.646200 712.939023
303.935617 709.191823
297.884146 710.581907
297.906728 722.407082
302.859991 715.828840
294.262533 719.369972
301.749261 717.478161
299.568598 719.164886
297.920894 720.005885
300.664319 727.210699
299.624494 962.540700
302.805211 961.947755
298.884689 960.534829
292.935496 961.168372
293.435924 958.878985
304.761200 954.879787
303.091356 955.976230
303.632890 783.543822
298.495086 781.552828
296.456527 786.827477
298.481574 782.343179
294.375400 780.621787
298.193990 783.502431
300.557287 776.162637
304.023626 964.023906
296.811340 973.187714
300.745439 969.138316
297.051077 970.554417
305.029183 973.013967
295.729181 972.635431
297.349401 968.794208
301.419137 490.334036
301.161093 486.021548
303.796360 487.152836
298.837227 485.798857
305.027592 485.773069
307.785219 486.744342
306.312650 490.888309
301.636670 497.095463
305.498527 493.222245
303.601400 494.711874
302.371482 499.137326
303.920603 495.134997
304.655949 496.853193
299.172628 498.358308
301.446988 730.693791
302.092249 723.020865
304.846588 727.028284
302.613062 731.272014
299.413486 729.764732
302.392735 731.998020
302.563044 732.966793
304.711833 739.913713
306.546491 740.307548
298.340375 744.301190
299.552462 743.856515
302.531503 740.328959
302.175941 734.458391
302.954543 742.416405
305.852513 972.936465
301.794465 976.810856
307.700697 981.272919
301.261317 975.306797
301.762240 979.513577
306.315015 976.604836
306.081439 978.874811
306.923123 750.451686
304.631956 743.028609
313.564276 746.883436
307.861818 754.256864
307.770284 748.072812
305.149042 752.885173
305.968590 747.063662
313.748165 482.507732
309.120066 480.357856
307.682299 477.231486
306.759599 483.662407
308.559906 477.350772
309.237741 476.639506
308.340710 471.574443
308.417569 783.987880
308.765647 791.583436
303.085295 785.932640
312.126323 784.253757
303.589017 782.117017
307.417183 785.587936
307.934247 782.225069
306.237108 988.599219
309.661164 993.206553
305.350872 989.155978
308.984828 989.920995
307.484164 987.804406
308.892001 988.235231
308.632667 982.813383
305.997272 757.281788
311.932967 759.034765
315.892147 754.163578
317.273860 760.360984
312.258852 751.690439
305.829806 754.852838
311.083014 762.650629
319.012312 460.611555
313.706057 462.653762
310.515145 465.445693
312.786892 462.445634
313.485483 458.388985
316.692306 465.635940
311.261840 464.806507
316.022748 1002.705424
318.267658 993.712201
317.586180 996.686874
314.054945 991.546574
312.387491 995.824358
314.632325 997.934017
318.101204 997.606692
315.769475 767.220931
316.059332 762.392337
311.726546 774.873009
318.805376 766.755691
319.368079 765.019516
314.817381 769.804363
313.675411 768.905324
321.815791 444.373438
317.258141 435.369731
322.913032 442.796015
321.729437 440.856441
320.977564 449.175694
317.412328 446.903816
318.099845 442.526541
316.002870 446.651185
325.493708 451.408288
316.109892 451.409346
318.655042 448.750930
323.824879 449.290637
321.617650 450.745084
323.163016 446.506814
320.642086 793.338584
316.590878 787.284181
321.399468 787.970395
316.175493 785.196869
321.017090 793.179413
316.652266 788.442014
316.319898 792.630838
318.989548 1004.722019
325.475085 1006.429009
321.403009 1000.111014
318.981503 998.210749
318.729004 1006.987993
321.753023 1010.120924
314.015203 1007.772475
320.817545 776.115651
323.304771 782.228330
327.224813 776.554802
316.156858 777.029287
323.702226 782.941635
325.162026 780.888485
321.376166 777.401371
323.160824 427.964579
324.090475 427.135002
322.525191 421.900664
328.660544 431.272569
324.736839 427.562307
320.432427 421.472305
321.863687 420.870947
322.817191 1011.990314
324.189746 1017.849829
327.860007 1009.762908
328.118152 1010.324677
331.194270 1013.565714
322.826297 1008.835847
329.964795 1014.922846
333.164916 412.084777
330.216842 414.007263
327.009200 415.218496
332.666945 419.130935
328.828904 411.950050
323.656399 417.266909
324.883253 419.120195
336.358008 1026.348232
330.639144 1024.626105
333.136979 1027.950658
328.471006 1018.269128
336.237023 1023.782089
329.817682 1022.777089
324.826523 1022.715250
335.100932 397.158289
332.060300 394.624387
334.352721 392.864775
333.211466 395.831544
328.945094 396.025085
335.339726 404.176292
330.327168 398.304455
332.684429 406.024624
334.561975 412.161853
334.698817 402.975341
338.687813 407.220157
332.848582 407.412358
333.255177 407.508045
334.594716 407.827182
341.448241 1032.143435
338.463380 1031.614449
340.077670 1029.547596
340.326241 1027.941437
337.604239 1026.571189
337.910762 1030.072062
332.943964 1035.302411
339.379827 385.131660
347.898329 389.861561
345.953103 392.039329
344.363747 393.085414
347.011843 383.527360
346.872621 383.661741
345.231105 389.392037
338.849618 1045.928962
343.827353 1039.456552
341.956322 1034.383077
345.515709 1045.251001
345.874771 1045.109133
340.488264 1040.540850
339.902808 1038.009799
346.876680 380.828567
346.299931 373.083129
346.206586 379.396497
353.321265 376.682686
353.808588 379.417469
344.489895 382.704507
347.473753 375.911516
350.222424 1047.239693
354.322152 1052.762568
344.461995 1044.408101
349.021267 1040.748533
354.993432 1046.315626
350.271547 1046.330087
349.371288 1047.618768
351.544709 368.057482
348.580928 368.104180
351.600702 370.081700
355.865252 374.373423
347.951314 372.483977
352.920528 374.267687
349.039116 367.686757
357.027127 1055.025482
356.828155 1053.029464
350.626368 1055.471449
361.781472 1059.863877
356.848800 1054.940487
362.273281 1058.056530
357.373091 1051.024150
360.988118 351.508424
359.753663 362.652400
363.384396 362.453162
359.636179 353.841424
356.975266 358.443429
357.952796 355.451172
356.641272 356.129393
366.896600 349.200057
365.867713 354.682859
365.839845 350.660488
366.765735 348.405697
364.122772 352.960878
361.597901 352.085415
362.243634 347.734475
359.600583 1057.818654
369.180969 1059.455316
374.183533 1059.635725
360.476754 1059.046440
368.046143 1062.857703
362.186980 1058.053183
371.062549 1057.087433
379.624688 337.302031
375.991781 335.344181
377.061736 340.411445
374.971313 341.068712
369.094033 344.087920
377.322953 346.261372
375.627262 341.894329
371.017614 1062.954684
374.703968 1060.906262
375.386469 1064.957690
372.863521 1067.230895
371.807783 1061.282485
377.531302 1065.648529
373.796888 1065.776995
377.617389 324.224660
381.490427 330.445499
375.307869 329.972436
382.973461 324.615367
379.971236 333.613720
375.171067 332.444116
378.912940 330.541865
381.310380 1063.631691
390.041227 1068.906800
376.839124 1070.095985
385.414680 1068.794126
384.436843 1070.236516
383.383435 1072.582042
376.951925 1071.367806
384.357451 1079.803248
384.953641 1076.011432
385.417053 1079.775537
382.061097 1082.817144
383.118648 1079.999091
383.999871 1079.970680
382.744858 1080.129756
381.427307 1086.253828
382.157822 1088.371282
382.621979 1093.702245
380.441240 1089.420092
385.006406 1091.843708
388.592224 1092.868797
384.575481 1089.973247
388.980445 1102.714466
387.774536 1103.334635
385.349265 1101.434667
383.164088 1100.801371
379.759709 1102.363952
387.350840 1102.927418
384.611877 1101.168415
385.677631 1113.153125
382.474537 1108.921449
383.809428 1110.339703
387.532555 1115.957365
382.328799 1112.610688
381.474994 1107.491962
384.032185 1110.644850
386.979434 1118.288061
380.066294 1115.641129
386.654144 1117.302596
386.373571 1126.588495
387.716335 1117.920600
378.323612 1118.246271
381.452298 1118.914128
381.630521 1127.917370
385.420480 1130.770872
383.962567 1131.140117
386.463795 1131.723594
382.554066 1127.103309
383.718777 1137.014483
391.199656 1131.676302
388.870420 1143.845382
383.365702 1140.480529
381.757131 1143.674245
383.484507 1147.159170
381.299192 1139.868545
378.541603 1138.443017
382.465055 1143.758358
381.538547 1154.770973
389.985882 1149.300673
385.550183 1143.981924
379.682247 1148.495064
385.229946 1149.525205
378.624427 1146.240233
384.959035 1149.114086
383.452002 1154.132996
386.948454 1159.446023
391.959461 1160.006834
386.540672 1161.303623
387.637936 1160.680585
389.366483 1163.476408
387.131897 1160.290574
386.626024 318.629452
381.625903 325.870619
388.857629 331.377006
388.697593 323.359340
387.595129 324.019219
387.591970 323.908579
387.533541 319.008177
389.071356 1170.339062
392.334423 1170.395524
384.212215 1174.790927
392.229178 1170.033525
388.993637 1170.134794
385.352887 1171.873878
392.618486 1165.944112
399.070947 308.518536
397.315477 305.965776
394.606084 304.525648
394.149127 306.459689
391.907009 310.479436
394.970083 313.595681
394.429646 311.629963
399.125644 1174.290802
389.685085 1175.252575
392.381206 1176.959764
394.189360 1178.766149
394.458688 1178.296189
391.656770 1180.015002
394.302461 1175.170573
397.271637 1187.745316
402.006320 1184.614781
399.564085 1186.328365
401.061310 1188.678787
400.435847 1186.293003
404.981918 1187.952696
401.010795 1191.658669
401.646102 304.349363
401.970443 304.657989
399.934540 304.633032
397.563105 309.391539
406.662351 299.335656
402.068586 304.017515
399.900546 306.950742
403.561012 1194.908024
403.651347 1196.434350
403.922822 1196.831811
402.107392 1197.220330
410.978903 1198.620071
405.037072 1197.067209
402.450076 1193.382128
411.068493 294.778231
416.698398 297.808041
408.577984 294.774538
412.197870 290.441180
403.647695 297.901723
409.052732 298.107970
412.015444 296.780960
411.580601 1203.871220
408.382606 1203.342818
411.538503 1199.987424
412.109564 1203.361095
409.941175 1197.956006
406.936244 1203.786708
411.786088 1198.765913
415.409748 1219.695158
412.048980 1216.039265
417.631625 1221.173090
416.752509 1213.479305
421.571017 1218.177298
415.043695 1206.912302
416.602013 1213.911888
422.590628 287.286249
421.995200 288.263030
418.610562 288.771131
413.786316 291.283009
419.855130 286.449740
419.217889 291.487270
411.179646 288.266378
419.502601 1220.757423
415.696318 1223.107061
418.599338 1224.997436
423.370111 1223.050949
421.550523 1223.984203
419.122918 1217.767706
418.905235 1220.274913
425.525316 281.065070
425.685229 281.442876
419.990372 283.432297
419.113567 284.894259
423.590477 278.385609
422.798239 277.345094
424.816572 286.029141
429.567111 1229.169064
430.335453 1229.564187
432.041217 1229.795313
430.366069 1224.900615
429.106399 1231.286772
432.410083 1223.834486
429.351154 1228.774592
428.453773 275.683672
436.045973 268.663245
432.899700 273.925833
438.445805 271.343096
434.756602 272.454877
432.076078 277.106474
436.204721 275.969718
436.658758 1232.587289
444.848651 1234.169871
436.736267 1235.970943
436.324415 1230.338616
438.074610 1232.349732
438.123649 1234.629833
435.798430 1231.941317
440.291694 269.005300
439.071182 262.048921
434.261966 263.091507
440.018785 264.414090
434.138220 265.935990
439.253850 265.291275
437.933905 266.895223
442.350924 1244.417962
441.763300 1246.944066
440.140459 1245.538565
443.029230 1240.241848
447.650974 1246.627233
442.161318 1239.673435
444.319337 1240.713885
450.659658 260.082514
444.224870 253.377821
452.559463 256.663797
446.044747 260.146190
448.264586 258.669490
447.762921 258.461532
447.487702 258.812876
454.077797 1252.407772
450.280788 1250.424552
450.561149 1252.054241
454.740578 1245.221720
452.566208 1249.963416
450.560715 1250.387825
447.141007 1249.034464
454.196837 1307.598414
454.476636 1308.360265
446.838083 1306.237110
455.872351 1307.445565
454.669569 1306.893211
452.350368 1306.041327
450.355992 1304.610339
456.348857 1322.504194
451.051790 1312.224930
453.875668 1311.003970
455.193580 1315.380227
451.386266 1321.643932
454.011418 1317.097673
452.586942 1315.930506
457.191191 1325.597393
459.871586 1328.454621
457.318927 1325.871610
452.749176 1330.173914
449.193535 1323.899394
455.074751 1327.591585
450.222625 1333.450905
453.690540 1337.259731
455.852459 1334.980745
449.737092 1332.300677
453.908678 1336.982845
459.941872 1339.489845
459.529118 1339.528783
449.443714 1335.131805
452.658523 1348.563108
453.079542 1347.181719
452.650941 1349.351989
454.556559 1347.262816
454.337653 1343.746729
454.212947 1346.235552
455.961276 1345.329822
452.129053 1358.356051
453.186850 1361.877703
452.626124 1357.393167
453.908340 1360.040898
453.284211 1356.516376
453.562569 1357.082613
452.786525 1358.329536
452.917420 1370.891671
452.363369 1365.559197
447.727321 1366.531374
454.716996 1361.318463
448.500031 1368.695068
454.659309 1371.308875
456.807509 1372.314918
452.563222 1378.680496
455.698544 1376.035141
454.320817 1382.189586
456.708071 1372.118046
452.197720 1370.060174
448.491662 1374.978270
453.082769 1378.151526
451.607723 245.602499
453.415837 249.731951
456.366527 248.547772
450.397238 247.014223
455.221725 250.035312
458.283412 253.914675
458.733090 252.917898
456.773063 1252.495749
457.654674 1260.321534
456.582817 1256.557876
459.922823 1249.919032
454.187793 1251.890636
459.254198 1255.269973
453.844880 1255.016925
459.651657 1285.121939
455.526904 1276.051185
452.976458 1282.366946
457.615694 1280.613197
461.607246 1282.046491
454.844123 1287.802333
461.852325 1280.937877
459.824222 1298.656303
461.192273 1290.510181
456.788544 1297.040374
457.279695 1289.230837
456.574162 1291.455503
455.564070 1290.971925
458.104609 1292.855377
464.395869 1390.287777
462.747614 1382.980221
458.808400 1385.876389
456.807669 1383.992610
460.737453 1386.074766
459.184208 1385.389413
457.285301 1383.493195
459.242280 241.208524
463.539548 246.619442
464.047802 244.490092
460.935850 242.164900
462.992377 236.810328
469.049943 243.685207
459.329071 239.699588
462.636677 1266.560199
461.873129 1266.051407
464.792269 1260.495737
466.077341 1259.946189
465.476150 1259.548860
461.284989 1264.088811
461.452780 1262.312844
457.708579 1392.580119
465.498077 1389.108363
458.219670 1391.233765
459.842913 1397.637295
462.391501 1397.703972
462.312835 1392.999886
467.276065 1397.411008
468.060829 231.901035
466.933410 234.361555
463.908290 232.497960
469.316344 228.948127
469.361901 236.999751
465.474035 228.755609
461.556617 236.785962
465.997886 1404.845436
470.076583 1402.760481
472.795286 1401.113631
467.062387 1403.777070
466.559634 1407.285897
466.980996 1404.911685
463.460530 1408.245763
472.133480 1417.892154
472.075244 1413.758486
466.847832 1417.343838
472.606041 1413.924247
478.708126 1413.611169
471.143071 1415.764433
471.550080 1419.290548
475.250412 227.046083
473.511780 228.999879
471.002761 223.759966
479.972903 228.828361
475.376752 225.365289
471.810625 228.998205
482.071228 227.657484
471.578863 1422.004543
484.100801 1423.077249
477.939813 1422.219879
479.334269 1418.385278
480.649780 1421.467392
477.136163 1423.233338
477.092697 1425.151002
485.575868 222.131329
484.364149 217.966513
480.002839 223.798882
480.980938 221.174924
481.632189 215.272198
478.035318 217.589376
482.770001 219.217432
488.488158 1430.277489
487.410087 1428.431013
488.349278 1428.535645
483.533707 1430.650504
490.681674 1428.021089
488.498098 1431.486295
493.169815 1432.079193
493.601111 216.843652
487.149184 209.647154
493.958014 214.241881
483.660600 207.359398
486.648371 215.887722
492.061418 217.918415
487.460080 206.192993
498.638561 1432.883962
497.304078 1438.480134
489.602408 1435.656498
493.744191 1437.309857
494.070289 1434.105673
491.727795 1440.054813
487.778706 1437.670271
494.023072 203.487175
492.067770 200.057271
493.610457 194.688310
497.758895 201.399818
495.715854 207.586533
494.933219 200.955092
495.840098 206.851155
501.668938 1445.117022
502.773840 1443.077888
497.247172 1448.146411
500.984849 1445.723693
497.776066 1449.028360
498.858080 1449.708959
498.168997 1442.591964
503.874847 194.444607
500.610362 196.486144
500.742714 196.325908
504.964021 199.505446
502.412269 192.175249
503.051791 189.368924
502.717340 194.767856
508.098824 1453.803567
510.362493 1449.708007
504.553052 1450.140394
510.035484 1456.279601
509.595634 1449.604349
510.616216 1452.527553
506.862440 1445.308630
507.934732 180.470980
511.440206 187.600912
504.308358 185.542027
508.091165 192.901859
513.707357 181.070140
510.495080 187.726316
510.470866 184.058266
519.672482 1460.472805
515.116747 1460.376858
516.732068 1461.357857
523.607203 1457.092545
524.012633 1460.910394
516.303054 1458.521788
517.000886 1461.042818
518.456301 176.283440
520.127066 181.483740
518.081367 179.655580
515.335200 178.152397
511.677943 176.621809
516.116497 175.728715
519.140368 185.498667
529.314886 1462.364937
526.221600 1465.917272
526.676323 1464.981526
527.187633 1462.360860
527.062554 1465.974425
521.575162 1465.150494
524.740447 1469.414226
525.323561 165.434613
523.270109 171.468168
522.545230 169.645669
526.131214 173.187548
519.245472 170.384670
524.831132 171.498791
525.273482 171.195482
531.938360 1467.267895
532.239367 1474.144265
535.517529 1471.370744
532.438553 1473.981748
530.555113 1481.095179
530.618251 1479.711996
536.957680 1478.609564
534.289086 171.141827
534.144587 163.499661
530.228745 157.161167
527.733933 159.271492
536.013424 160.576018
533.932128 170.284102
531.844917 160.686971
539.304119 151.493717
539.229208 152.795516
538.805431 152.333777
540.214790 150.801986
537.904497 153.685861
540.050811 157.787134
539.887338 147.420450
541.858885 1486.568474
541.825937 1488.666714
543.695336 1477.169409
539.782795 1489.031275
536.410340 1482.802048
537.996681 1482.680264
540.894937 1480.499939
544.749309 143.520161
546.687310 146.963763
547.276197 143.650522
547.268481 143.133218
543.935418 138.524066
550.556984 143.581442
541.037821 146.256095
542.049209 1483.471421
548.740436 1490.209432
544.339988 1490.587022
548.383416 1491.095352
545.742161 1487.998685
546.031177 1485.366296
553.631504 1486.660706
560.877491 1493.130122
555.713350 1494.469212
555.875768 1501.588714
554.494488 1495.696745
554.333637 1494.787941
558.316398 1490.188871
552.162698 1493.430252
556.985826 144.459166
559.864634 144.246256
559.853985 149.055097
557.745495 138.696899
558.049326 142.547615
558.319625 146.236544
556.669757 146.673429
563.682489 1502.283995
566.943299 1499.628362
568.382948 1495.949373
565.171550 1501.298584
563.909283 1500.094653
563.137648 1502.296851
566.970484 1495.037576
566.137380 141.282799
571.854629 142.049369
565.034752 145.128957
568.659171 142.502667
565.432013 141.142453
569.168923 147.393416
567.471025 144.117679
566.857642 1508.460484
565.158148 1505.850449
569.548489 1508.013233
571.177744 1508.067830
564.017036 1503.516574
576.576071 1506.698908
570.835617 1511.921581
576.765829 143.404389
577.269657 145.481894
579.664536 143.253890
574.307939 143.081657
578.142647 143.635922
574.341544 141.467881
575.629593 138.291253
577.577030 1521.590023
575.158575 1514.149558
573.165752 1517.928849
574.592639 1513.851976
577.622605 1514.183337
572.573366 1517.573958
573.851776 1512.113255
584.912837 1523.131359
588.717377 1523.214878
586.694391 1519.535446
584.969566 1517.661060
586.304875 1524.842138
588.443033 1523.739795
585.004296 1522.845438
583.463551 141.626334
585.202090 135.355118
582.957497 134.599560
586.042766 136.305389
587.718970 146.056991
587.248832 145.501019
587.102079 136.033990
592.924951 1524.080940
595.078985 1533.825648
598.036499 1525.779813
587.485458 1531.056901
594.354616 1532.563144
596.193178 1529.331896
591.572484 1530.174975
594.192957 135.919510
597.350229 137.076639
597.333720 129.853562
597.685702 134.073235
593.652904 132.827429
594.211890 129.921337
594.264816 138.991217
604.626951 1532.678120
596.490809 1537.500071
600.692853 1537.266238
605.292224 1538.219247
598.406604 1534.360266
601.326392 1533.409557
599.701058 1534.201009
608.720210 134.192265
601.934238 134.547693
605.801399 134.211396
598.391330 129.067373
607.086858 138.496842
605.400486 138.191848
604.479561 127.446346
606.539563 1535.639738
611.002046 1544.667442
613.958509 1544.580779
612.204147 1542.474073
615.698284 1534.925123
610.046313 1538.353924
609.340865 1533.592573
613.339186 125.290752
619.951092 124.801711
609.001829 132.240213
611.228093 127.837789
619.054831 126.941964
617.560188 125.879891
614.136003 127.569811
619.755032 1545.731678
624.604127 1542.469624
620.267757 1546.169765
622.051022 1544.802759
620.131868 1547.061115
618.918819 1541.703179
617.990543 1546.673362
624.296644 121.561829
619.451223 117.853591
625.246972 122.246522
623.800140 123.826374
621.221030 123.863435
624.235818 121.865037
624.302798 122.637460
626.318150 1554.178674
621.904762 1550.767637
624.896413 1555.199387
626.769222 1552.367830
628.731139 1552.990451
629.263583 1553.502441
628.788849 1556.267048
635.159880 116.946686
633.713429 117.509151
628.960178 116.164708
633.011196 114.183297
634.073433 120.293674
635.152816 119.932375
637.630386 117.748010
635.474433 1559.888266
634.922818 1559.147395
638.230352 1559.224031
638.105222 1565.647927
632.595807 1564.100778
631.429022 1553.567647
629.307394 1557.650478
644.440870 114.229913
643.087289 114.096395
643.766554 115.202654
643.855184 119.897491
649.486356 115.712647
640.898824 111.490818
639.524206 116.553044
643.889757 1570.050947
642.076454 1565.891192
643.984811 1568.409530
644.096032 1564.931556
643.638922 1564.504522
648.695717 1566.027431
643.001509 1563.243526
652.503847 111.325188
655.048221 118.145176
649.529520 107.960555
659.242749 116.229546
652.500996 114.308061
657.161128 117.345476
651.248160 114.985635
658.185223 1569.937030
656.746490 1568.008765
648.585584 1569.619669
657.005258 1568.227824
653.100591 1569.567136
655.073193 1569.859193
654.696591 1571.133982
652.507536 1578.302850
659.091107 1579.745366
664.644541 1579.984522
657.432742 1580.527234
665.577175 1578.689118
660.646568 1577.345523
662.812042 1582.090529
661.991262 108.984246
661.689804 110.633733
654.646813 107.683301
666.947838 105.983766
661.049126 107.361800
661.912535 108.459667
655.278771 108.878337
673.306070 1575.010130
663.526338 1581.495965
670.685496 1580.950223
667.825826 1584.158415
668.606039 1581.240581
670.031627 1579.955968
668.179909 1586.383920
672.896515 109.982993
671.981656 109.054369
672.009158 108.990032
677.278326 106.259952
674.633045 104.491128
673.121232 107.847439
671.725190 106.006290
680.577216 1580.481489
678.705335 1587.402674
677.977486 1584.422742
681.213216 1587.660017
676.337781 1582.069520
678.837582 1584.883578
678.704286 1585.338653
683.689581 102.539848
681.387034 109.072153
682.571900 109.761506
687.200031 104.270411
683.463965 109.053058
681.916026 104.991223
679.457097 109.250584
679.725721 1593.352709
687.583102 1594.971700
688.282722 1595.889968
684.107617 1594.366685
687.707467 1599.178879
690.399617 1593.988631
686.095963 1589.827356
695.783789 109.135150
690.526105 109.654045
690.343325 102.844442
693.170457 101.948827
685.664763 111.533229
695.323201 105.940677
696.277271 113.443808
692.530843 1601.459030
693.549271 1601.051487
693.942287 1594.996110
692.642736 1602.118508
696.211662 1596.746441
689.953157 1599.372161
693.444092 1594.584052
703.654952 103.963630
701.719331 109.540926
707.951354 109.045263
708.437377 111.490351
698.958452 105.313157
698.234837 106.146583
704.239573 107.057971
710.607984 1602.731228
701.028424 1606.076169
701.665494 1606.052719
702.700884 1597.935423
705.484326 1599.030283
710.387356 1604.918050
704.428302 1598.633277
716.231463 116.860813
716.928965 110.284231
708.475403 118.466892
709.325577 114.184626
714.930826 108.022168
710.949923 113.788493
706.887559 110.034668
715.354309 1599.040001
717.695734 1596.234148
714.979162 1600.042248
716.583873 1593.419414
712.272895 1597.540498
714.329023 1592.682142
713.663831 1595.424602
721.753880 120.585883
725.378284 112.703670
717.546065 111.141075
721.980193 120.689624
720.625163 113.980798
720.867973 114.150746
721.830019 114.688322
728.797393 1598.205125
720.558793 1602.623358
723.134880 1599.430253
724.950318 1598.226492
730.922080 1596.613077
726.530829 1602.094439
727.869440 1597.223476
731.567638 108.953595
734.452146 117.341804
729.081597 111.688313
734.837158 107.619373
727.557789 107.754310
729.102771 111.671407
737.092532 113.717020
738.861768 1597.612309
741.178006 1594.507233
737.746259 1597.548833
737.177170 1600.162149
732.407606 1593.378542
727.865080 1594.299745
737.679499 1592.896809
741.574238 114.422012
738.630559 123.050454
737.110702 118.217403
738.705737 117.203469
740.159064 118.228535
740.000048 118.999859
740.556231 120.321778
748.845260 1588.213454
744.392974 1592.478153
739.730067 1593.431528
744.435721 1590.478387
739.380519 1597.480822
747.461142 1597.625183
748.168330 1596.632026
749.942584 119.406891
757.186170 120.783098
754.616267 122.930493
751.086499 115.496574
748.582983 112.649914
751.725348 113.660310
755.982910 121.618830
759.848986 1592.086745
755.786641 1592.248454
753.329816 1594.963508
752.195458 1587.552059
759.555408 1585.565265
755.273208 1588.518449
752.157872 1595.685102
761.159947 126.738244
760.412132 122.278974
760.141497 122.829259
755.740397 127.755518
756.972558 125.162044
757.785464 125.766640
760.179822 121.876124
766.488647 1590.910887
762.191516 1584.244199
764.029986 1585.424563
769.765550 1590.937425
766.644245 1591.826100
761.427522 1582.967396
764.861485 1591.596801
766.563448 122.165544
769.242933 122.539054
774.185296 124.354914
769.999316 124.006868
767.008197 129.599863
770.195507 124.648000
770.606396 122.326125
770.904256 1585.714220
766.889998 1577.831122
774.361058 1576.125017
769.659986 1577.803665
771.070214 1582.998484
766.682266 1583.197227
773.396005 1587.188626
781.385347 125.472835
781.579814 129.828365
780.464068 127.261901
780.649784 124.295666
780.097329 128.325626
779.341274 127.561678
778.574614 129.233211
783.293799 1577.114474
789.233099 1580.517382
784.239201 1577.850685
780.541437 1582.790226
776.773389 1577.505744
780.695930 1578.487662
782.089413 1578.867102
784.456066 136.409819
790.121146 131.659513
788.141842 131.796071
787.206456 129.616574
789.139949 132.273976
784.848298 134.403157
791.819171 138.705385
793.185122 1576.269862
789.256813 1572.754363
792.241481 1576.026851
787.782557 1574.233266
788.393854 1570.164842
794.260667 1578.993245
793.458442 1570.300204
797.063758 139.851773
799.215873 140.790512
796.391332 138.576050
802.299074 142.063908
799.285528 136.859145
793.399851 140.970926
798.406861 140.850971
798.085710 1565.477813
801.716021 1563.357831
801.689432 1564.615037
800.707078 1572.362173
803.270798 1576.545101
796.999985 1565.868779
801.745052 1569.992692
806.843921 140.502116
802.817788 138.331580
804.292600 144.579634
806.139253 150.278622
806.003502 144.005541
807.101877 145.147338
804.619284 146.249219
816.384073 1561.792827
806.092846 1562.937822
813.752231 1559.695613
803.831435 1564.055921
811.656181 1566.350055
804.773416 1561.440612
811.565036 1564.841541
819.355299 148.913405
816.685295 141.817830
819.037027 149.160590
815.285935 151.396122
816.984521 150.604261
815.014746 147.544755
815.842414 152.573438
823.332147 1560.557079
816.675584 1557.454966
817.991361 1562.420650
817.410708 1561.471378
815.820909 1558.076760
820.895063 1559.332528
812.779013 1561.842551
824.603571 153.300617
822.715217 148.014839
821.745560 161.812856
824.052719 155.773758
825.688818 157.565839
824.138115 155.644195
823.791887 157.391841
827.984062 1552.845739
823.213620 1556.210804
827.598829 1552.902389
822.681219 1555.555572
826.595320 1548.087346
829.281446 1547.948386
832.720085 1556.527625
827.255990 165.699791
827.544489 164.531388
836.481466 162.500033
835.195120 159.526136
833.846734 163.788383
830.068435 155.668196
834.627621 166.014848
834.152833 171.590253
833.586572 174.217054
831.775691 168.733645
828.772909 172.643403
834.200817 172.642996
834.988481 171.911262
838.888114 171.696388
835.130061 1544.795450
834.772544 1540.398443
835.602861 1545.945006
838.992032 1546.824753
835.099829 1547.358236
834.785190 1550.315828
834.348653 1541.824495
843.059451 179.016580
841.911121 177.561343
847.863407 173.728284
839.146942 182.112857
846.115999 174.051562
838.021299 178.387263
842.655752 182.165373
848.614360 1543.828670
842.022917 1537.869199
846.343676 1539.426184
840.821758 1545.230470
842.732368 1541.614171
844.918845 1540.039855
850.483045 1545.041100
848.776105 184.108281
859.409172 177.935235
857.845692 173.707919
850.030613 181.363546
853.160773 179.513365
853.814491 179.413576
853.513320 179.287038
859.401344 1537.327799
854.365292 1534.135290
856.294583 1531.468049
854.650785 1531.826968
850.344319 1538.596912
852.394376 1536.287387
854.789016 1529.679966
857.864697 176.252265
866.497868 168.026366
860.837905 176.379295
863.061838 172.351757
864.637319 172.518043
858.982751 169.842225
864.546506 170.284939
865.275036 1532.633979
861.792681 1530.043932
865.199704 1524.819015
859.108147 1529.828432
867.315227 1528.093572
862.134149 1525.496309
868.332196 1533.611290
868.487882 164.840456
867.884635 169.359808
868.442609 169.962157
866.828098 169.292771
867.707583 165.028944
877.179431 170.828067
871.952004 166.570984
874.533161 1521.497302
875.818865 1518.566177
868.183304 1526.827389
867.207914 1520.895936
867.956992 1524.243569
872.840641 1525.906690
871.393683 1529.910123
878.883468 1512.644045
874.657484 1515.105268
875.407176 1518.068033
881.255260 1518.110210
878.618209 1507.938874
877.484853 1520.175768
874.055547 1518.285750
877.410821 162.698846
880.133379 168.772539
878.169956 167.457913
878.660713 167.237881
880.153834 168.412197
880.512879 168.504056
884.131781 168.997494
882.395383 1509.066558
890.720761 1507.858625
886.821352 1507.287405
885.279880 1511.397050
889.663031 1511.233468
884.223901 1506.595685
889.184454 1511.451898
891.032154 168.450519
888.405791 163.999299
891.333133 174.896891
892.246031 168.434784
887.567092 169.488636
888.538166 165.684257
889.658935 165.479609
888.412364 1502.835289
890.803433 1501.942230
892.585792 1497.283336
891.654980 1499.024957
895.893747 1500.831076
895.229336 1499.810464
891.910267 1499.354588
903.097897 168.441472
903.885425 173.647460
898.956846 173.577024
907.657232 167.908804
902.568002 165.350185
900.790280 169.098398
903.377637 170.379190
903.012710 1493.271547
900.088874 1487.317407
903.215839 1492.821014
903.304570 1492.895130
903.089159 1492.598032
897.976061 1498.136968
898.271591 1497.242001
913.174841 1480.621396
910.183901 1484.138940
910.161969 1482.267597
911.223564 1488.991331
916.647737 1487.908282
909.969628 1485.244951
908.295649 1490.058915
912.742342 169.626935
909.522551 168.094740
911.230369 168.957364
907.854639 167.565223
911.851043 169.858456
911.449702 171.892643
912.459156 166.452380
919.642537 1479.043984
913.404711 1480.853667
917.868120 1476.856128
920.588813 1477.018938
915.983129 1481.221419
911.422781 1477.202534
922.058944 1476.527572
925.835369 174.523446
924.716124 168.522315
923.408841 168.255997
916.922749 169.814188
920.602519 174.936513
916.745614 175.936532
925.061406 176.221352
924.539135 1474.589175
920.698739 1463.830737
923.422622 1468.175252
920.333377 1468.518446
923.160389 1468.192872
923.477765 1468.660351
927.534948 1467.959465
929.463047 173.629970
930.673292 179.301217
927.318126 176.552481
925.213291 171.583881
932.537573 177.498353
930.147160 174.837670
937.057125 171.979843
929.973367 1460.606290
929.280106 1458.969329
928.135778 1461.485269
927.569161 1455.019726
931.452242 1460.130667
931.308339 1466.019151
931.519317 1462.883230
929.520652 1446.082442
933.377494 1456.078810
939.355075 1450.867189
936.942973 1450.561837
930.503931 1450.450467
940.696798 1451.981816
936.811596 1451.038707
939.145851 179.243513
934.941525 180.843973
941.868124 179.942881
941.041684 181.713431
945.919391 179.143566
939.481411 171.597141
945.490157 180.430627
943.123659 1442.962682
940.428309 1439.031890
944.175070 1440.847237
949.542003 1441.328101
936.833788 1445.719499
944.860703 1443.027629
943.049826 1442.970287
946.473152 182.634933
946.639230 185.825606
942.811410 181.364463
947.874309 186.204805
945.164111 187.523719
945.773839 182.753176
948.299791 186.730594
950.202959 1424.503745
950.981749 1430.524406
945.483321 1431.746953
952.090902 1432.064605
949.664320 1429.901447
953.705073 1428.640498
951.128390 1426.763321
950.379333 190.681915
955.047416 192.868319
956.850478 190.710142
947.618865 191.946393
953.547746 189.617976
955.529890 192.446887
959.172161 194.768203
962.428363 1428.010886
956.937155 1422.832638
954.291499 1419.316785
959.016354 1425.020118
961.492466 1426.659733
958.340396 1421.167171
959.682030 1422.148575
961.088637 199.355909
968.690318 199.393743
963.236975 195.038522
959.818884 198.074373
961.970827 197.341334
963.320453 200.892402
969.170481 198.052017
960.070957 1411.789117
958.125388 1412.068222
960.266724 1411.874960
960.362090 1418.251119
961.794361 1410.330433
967.945849 1414.635130
962.756901 1410.165164
971.917392 1395.691812
962.829926 1399.141107
967.608779 1398.799547
975.477276 1400.334453
971.549324 1399.550355
974.020289 1395.164370
969.013462 1399.599387
972.226549 200.748147
974.637591 198.315513
972.292547 201.430226
979.806769 198.635121
973.357045 204.506999
971.892035 202.274967
972.529470 201.690657
969.827812 1386.607432
979.110958 1387.414100
973.696266 1387.968410
974.583621 1392.413520
978.068318 1390.312298
977.133032 1396.377079
976.567549 1392.878187
986.673253 208.897512
977.756420 199.965514
980.713179 203.528450
982.930310 202.877743
987.608102 209.525976
988.119965 206.291026
986.168984 202.078776
984.510980 1380.446698
980.939654 1384.469950
984.404488 1379.116167
981.894214 1384.513537
983.107133 1382.183938
983.589864 1383.988949
982.176698 1383.069560
988.082706 1373.917340
982.572367 1377.054002
990.839941 1369.751894
991.688653 1372.926957
987.130885 1371.583732
988.904468 1378.649392
991.893289 1368.454754
989.323943 212.082057
992.847154 213.662084
994.709688 215.549722
990.009329 213.767198
987.276912 206.359329
993.402243 211.995814
994.303261 207.953157
990.425705 1351.884667
997.204695 1354.379274
990.171986 1355.973729
984.729050 1352.171314
990.642694 1358.090451
993.599980 1359.679681
989.701911 1355.247883
995.093106 215.522823
997.982293 219.154087
998.081760 219.388311
998.081881 227.081066
994.476788 222.327666
997.150882 215.763185
990.883498 220.431358
998.297243 1347.576058
1002.360703 1346.636282
1000.582786 1342.661154
997.614964 1345.042280
992.961390 1345.772363
995.651650 1345.583174
997.324372 1347.659692
997.085422 1334.651351
997.297429 1332.229385
999.827802 1328.202653
999.974156 1335.563215
999.581364 1334.645817
1006.503930 1336.699517
998.126339 1341.983474
1000.043177 224.338766
1006.297943 230.003792
1005.009222 226.905323
1001.986737 227.724274
1005.020396 226.982377
1000.726775 221.151007
1004.857694 226.918776
1008.695955 1317.146746
997.549722 1315.505305
1001.526996 1319.316471
1008.776777 1310.320176
1010.509922 1310.569224
1000.991476 1308.690561
1003.180414 1319.145943
1011.591957 1327.682702
1004.565169 1327.823830
1005.805357 1323.348132
1005.059733 1325.549946
1006.407113 1319.707108
1008.680432 1322.472280
1007.945623 1323.572783
1005.069550 1200.199905
1014.155742 1193.983689
1009.309935 1199.390578
1009.360918 1199.964440
1017.314751 1199.699391
1009.359966 1197.590166
1009.389136 1203.809528
1009.822990 1209.936518
1008.389971 1212.129558
1004.107783 1208.110148
1009.771683 1205.929610
1004.944721 1207.969708
1014.723957 1214.733942
1009.703756 1206.791508
1016.153504 1215.727955
1008.385547 1220.665110
1012.196031 1215.996028
1012.462367 1217.434400
1009.986635 1219.968787
1012.945848 1219.522644
1007.680150 1223.957519
1009.708548 1224.714340
1016.216561 1229.772351
1008.835778 1226.644397
1006.806820 1228.544953
1003.461369 1227.954912
1009.415477 1229.413566
1009.523704 1229.713646
1013.489281 1241.169904
1009.612466 1243.493925
1005.104737 1243.159746
1011.870113 1241.679522
1003.094984 1240.644312
1016.508150 1240.682495
1004.662955 1240.863822
1010.652220 1250.173316
1010.321589 1251.867952
1004.430680 1248.899227
1014.531605 1253.533262
1003.922761 1252.828827
1006.386102 1245.687876
1013.648165 1245.931459
1010.322402 1257.160690
1010.069077 1267.349354
1004.513740 1261.737049
1006.563105 1257.337507
1009.621116 1259.580980
1009.892843 1259.819830
1008.509906 1261.251875
1012.816971 1270.421328
1006.645264 1267.119718
1009.223702 1270.494867
1011.291828 1266.161797
1003.503575 1266.468208
1015.167476 1264.745960
1009.703977 1268.503981
1010.114932 1280.131113
1010.098181 1273.923379
1008.253927 1284.943024
1008.020471 1280.383292
1007.779036 1277.515644
1013.597206 1278.738840
1009.956933 1278.665638
1005.314516 1295.555497
1010.689396 1287.766964
1010.037652 1289.866561
1014.888673 1293.374943
1012.147476 1289.157268
1014.869194 1291.168466
1004.827680 1290.858623
1017.164388 1298.663394
1004.679020 1301.349632
1012.344646 1301.040958
1009.242179 1306.316769
1010.199342 1298.841296
1009.735193 1295.782391
1005.355921 1301.576509
1014.848855 230.390495
1019.699943 229.760327
1012.553002 231.576368
1011.211826 225.917484
1009.069313 226.815325
1015.915987 236.047858
1015.414692 230.992801
1020.944071 1188.175440
1018.776072 1187.749562
1015.470666 1190.894235
1016.153988 1190.538480
1015.136632 1184.613668
1019.560868 1180.853295
1015.125456 1185.380991
1017.473819 239.873914
1019.508969 237.870973
1020.121368 235.751241
1024.858602 244.011015
1024.143005 235.924237
1024.849125 243.740771
1015.232029 234.215244
1019.976423 1175.002262
1022.814525 1177.023963
1021.352021 1172.312278
1022.201826 1180.110754
1020.912261 1167.899267
1022.225867 1175.309044
1024.003125 1177.182857
1027.315709 251.220819
1026.893927 254.316784
1029.891017 251.920532
1024.033801 248.761068
1028.416423 251.201744
1024.988970 249.264390
1020.188023 249.933995
1024.020979 1172.862486
1024.573722 1169.020526
1025.224952 1166.176810
1030.793701 1163.692347
1027.972723 1168.347752
1033.973432 1169.097598
1034.493857 1170.761337
1025.916926 253.271993
1029.662361 258.670798
1030.049123 259.021482
1032.803396 259.313945
1029.105411 257.498049
1027.364384 262.299611
1024.690760 263.025965
1030.475000 1158.575935
1030.819860 1163.849156
1031.475938 1154.308883
1037.272531 1155.833693
1031.731717 1156.184003
1031.556154 1158.238398
1027.028053 1157.392503
1034.947454 266.753373
1032.872473 266.054622
1033.799650 268.605010
1036.341884 267.252414
1033.365574 267.968010
1035.118308 266.702839
1027.710356 266.802777
1037.465655 1144.204347
1029.811065 1145.521638
1034.827692 1143.994524
1041.305986 1146.841805
1039.388525 1145.424482
1033.864297 1144.892510
1034.640719 1140.388582
1041.856809 275.207009
1040.640047 274.447519
1040.852727 273.717960
1043.423468 279.110979
1043.907515 277.366585
1044.124697 280.021196
1048.099708 273.313344
1047.640334 1140.986177
1046.316190 1131.444449
1045.942240 1140.413631
1043.231399 1137.825187
1041.355564 1133.980608
1043.276471 1138.359323
1049.443036 1139.791822
1047.568276 285.913552
1045.861660 283.747221
1049.568169 282.838801
1047.711247 281.734797
1042.333232 282.798107
1040.255366 286.652947
1046.888207 284.344370
1047.461004 1128.757737
1052.314181 1127.378387
1046.490823 1130.090229
1054.243094 1125.534670
1046.869384 1127.535620
1047.270517 1121.693106
1048.145462 1126.258273
1049.058858 1114.865294
1049.063374 1117.084076
1053.763819 1109.390185
1047.345993 1108.132100
1057.170007 1115.424894
1053.493755 1118.631398
1047.311494 1111.377971
1052.454774 293.559363
1059.452227 294.449448
1058.437471 288.871444
1050.821738 292.589516
1058.812651 296.773736
1055.265844 290.718987
1054.948403 292.037479
1048.472596 301.388617
1058.949280 301.309323
1052.226932 298.509848
1054.497409 302.816125
1050.359118 304.573749
1053.142099 298.615644
1056.547246 308.264966
1055.284116 1090.398587
1059.665061 1086.718241
1053.900422 1088.720318
1051.836038 1085.238497
1059.018046 1095.387502
1054.373654 1085.925310
1049.248058 1090.999310
1057.258435 1099.918965
1051.546339 1097.472957
1055.725164 1100.713820
1053.429199 1095.922373
1056.712542 1105.991046
1048.696869 1096.860026
1053.921220 1105.886369
1067.274618 312.461774
1058.889279 309.610778
1062.501920 317.308253
1064.626732 307.157515
1062.927610 309.055053
1065.071961 308.494980
1058.826656 318.327554
1054.061075 1068.451619
1056.320751 1062.243047
1064.490519 1063.075476
1059.951422 1063.398026
1056.929014 1063.461191
1061.472879 1063.605004
1065.649407 1066.529942
1060.237607 1072.621336
1060.367210 1074.902686
1059.820494 1080.898701
1059.736775 1077.072556
1066.083037 1074.481355
1065.157432 1076.959308
1057.742934 1072.926364
1064.534372 315.126862
1069.905463 321.026929
1063.095425 321.076649
1059.170280 323.924600
1057.520110 321.461905
1065.815867 323.392576
1067.940056 319.337185
1070.705603 1005.701125
1062.244741 1014.825440
1066.985587 1002.859708
1071.446034 1011.929752
1065.997634 1004.760334
1068.010824 1008.328578
1065.830640 1008.233025
1061.334375 1015.744196
1065.664319 1022.116366
1063.697797 1021.010079
1064.896133 1020.220977
1061.770062 1022.694188
1064.205899 1017.274906
1061.051322 1025.817094
1063.112703 1025.137373
1061.062898 1024.334119
1063.421368 1036.383844
1061.090128 1033.901383
1070.466686 1034.641307
1067.674579 1028.671941
1063.170668 1030.969850
1065.561168 1040.672997
1070.875366 1041.244417
1060.987580 1038.181753
1065.548808 1039.949809
1063.106874 1046.673505
1063.752088 1039.409464
1064.449883 1040.931687
1068.911820 1046.563623
1064.223365 1056.991420
1064.554512 1050.101083
1065.421562 1049.644723
1067.535024 1052.387202
1062.727307 1055.035039
1062.592875 1052.722985
1067.758130 328.595989
1065.083745 330.062323
1074.373824 329.266570
1065.456187 325.255301
1066.045474 326.332634
1070.846991 331.423805
1066.514504 329.904379
1074.525076 339.274811
1077.063293 338.791799
1075.660209 341.738772
1072.377486 331.188894
1072.785566 337.285551
1076.196703 332.446239
1076.410026 334.353700
1078.200532 1012.742221
1075.985608 1008.919376
1072.526583 1006.342413
1076.121502 1015.633043
1074.106447 1010.634243
1082.461113 1009.887103
1076.258180 1003.278075
1082.778970 344.219569
1075.401010 344.629815
1084.058740 351.379305
1079.998932 347.009912
1082.010336 349.065919
1077.469283 345.853834
1082.897742 351.942580
1084.146642 354.054324
1087.141880 362.805754
1089.801596 353.512892
1086.513967 363.404761
1089.815550 358.530355
1083.087575 358.249284
1078.492568 357.966645
1085.757487 364.633683
1082.589101 364.203090
1086.654891 372.060370
1083.646882 370.386251
1086.402843 366.182615
1084.243790 366.982136
1086.335280 371.510546
1081.585319 1010.084771
1081.217118 1015.817102
1091.996882 1011.639497
1085.090654 1009.511276
1080.464893 1008.877858
1088.804411 1014.617916
1081.366079 1012.179074
1094.850332 372.440833
1093.739035 373.783836
1090.777236 371.987372
1088.281170 380.645940
1092.770425 382.776855
1095.964025 371.552685
1093.682071 380.563909
1094.575756 1007.417624
1096.998476 1008.778044
1094.435457 1014.505663
1097.463674 1012.734111
1095.411165 1011.228515
1096.181813 1009.518946
1089.579582 1008.484036
1101.924658 385.696830
1095.999816 383.976156
1096.616825 383.720738
1097.500231 381.001043
1096.111128 380.151636
1101.535566 385.157173
1092.841311 380.377055
1103.200840 392.589341
1100.002083 393.998702
1102.151359 390.095233
1101.630439 391.441526
1102.457559 395.738272
1093.094176 392.831083
1102.374097 388.331055
1098.153021 404.888086
1096.995422 399.795129
1095.031032 399.738568
1101.437495 408.366416
1101.643170 407.596109
1100.830940 404.937731
1101.858506 401.457552
1096.518570 418.801007
1098.625491 415.696801
1101.826814 408.578545
1100.113247 413.395812
1098.687848 417.084822
1099.692057 414.777520
1098.280987 420.989847
1097.133280 423.858133
1104.682901 424.240995
1093.538603 421.385796
1098.436614 429.888045
1103.504628 428.665100
1100.773007 419.071545
1098.758083 422.784800
1100.185249 438.892814
1100.155280 428.319841
1096.612220 437.923111
1101.502241 434.310580
1100.927223 434.080048
1097.196323 427.882540
1098.533405 434.854533
1097.588449 440.882302
1103.973411 446.422617
1096.425917 441.161320
1104.402833 440.922849
1096.873927 438.360485
1100.652892 444.302134
1100.485315 443.458388
1098.619066 452.095521
1100.099266 453.970932
1098.169104 454.101246
1103.025918 451.210657
1098.332073 458.284566
1097.219383 453.139818
1100.735976 453.442069
1100.332955 465.086578
1105.481816 463.105134
1101.400093 468.193610
1099.523751 463.489233
1097.518537 466.343466
1103.817560 468.465071
1097.042096 465.208424
1098.291598 473.584263
1099.573502 471.691995
1106.369926 473.130057
1098.733731 473.390954
1098.325182 470.252308
1100.232010 471.933313
1098.717711 477.334268
1098.196100 482.179801
1097.391112 485.519594
1100.479602 489.169733
1100.009014 477.662766
1106.703981 484.327452
1102.534534 484.656116
1097.658465 484.212592
1102.642508 493.824455
1092.601804 492.963773
1095.707943 488.307045
1100.499404 492.990969
1101.942866 492.092509
1097.936434 491.047757
1101.576283 494.846893
1100.564325 506.397389
1095.709066 500.485788
1100.420228 497.793692
1099.961817 498.757115
1097.746966 499.273237
1106.308030 503.864830
1098.256909 505.361960
1098.441270 512.757679
1100.873095 512.531239
1103.954480 517.585308
1105.453750 511.365627
1093.336940 512.982404
1097.645065 512.975847
1105.973715 518.405238
1104.502381 522.246338
1097.690579 524.826722
1099.878731 526.010111
1099.747240 525.949861
1098.498839 521.884995
1100.604284 523.983276
1100.729066 522.500411
1099.993270 533.899839
1095.082511 532.457184
1099.608934 527.915728
1096.149251 537.886112
1105.377977 532.532222
1095.435458 533.363638
1104.361074 538.219766
1095.376024 541.823930
1096.415459 549.563279
1105.708811 541.789618
1099.680548 542.260714
1104.887553 539.588451
1095.168330 546.165983
1104.161515 545.277389
1099.799400 555.521712
1102.333096 553.458703
1100.964783 555.011492
1101.323833 555.663690
1102.158459 560.012419
1097.854417 549.661597
1101.843484 556.438690
1104.774026 560.552098
1106.820662 561.975852
1105.413170 560.046336
1100.249478 563.688032
1105.167910 564.777043
1100.275635 564.590111
1101.619563 564.745759
1105.478482 574.469898
1092.920265 572.253094
1102.301293 574.755597
1097.185635 568.534792
1100.505902 573.563812
1100.619147 573.470438
1094.313154 575.634180
1099.039291 994.356586
1095.511441 1002.581275
1102.073774 993.008716
1099.168031 1000.043494
1096.648840 1002.271321
1094.204933 1001.523705
1099.231427 998.933458
1100.244149 582.083018
1100.680479 587.863202
1103.677679 582.979669
1106.958219 584.983518
1098.616386 580.557010
1105.608575 584.521583
1101.611734 585.560784
1105.882138 599.795719
1107.496843 594.841980
1105.053778 591.830553
1107.093876 590.415424
1105.241462 592.996369
1104.861775 592.973443
1107.627421 596.173961
1105.021859 603.024130
1108.042407 607.777092
1100.207735 604.937333
1105.695764 597.168025
1100.980282 602.237076
1106.014147 606.499613
1109.076062 606.085081
1105.093458 612.868095
1103.878002 610.515272
1104.068953 611.910749
1104.263651 609.555900
1100.418412 617.274226
1101.036490 613.852669
1104.976922 613.026528
1108.579568 618.666708
1105.013053 623.129968
1105.008072 623.098588
1104.829610 621.739593
1102.806534 625.353947
1104.256878 621.734504
1106.892717 624.478061
1107.424239 631.234553
1099.593414 634.023377
1103.685732 625.718606
1109.416411 631.810043
1106.887365 633.790196
1109.200691 630.333096
1105.850030 630.418087
1104.782096 643.029053
1108.566881 645.953334
1104.926748 641.256312
1100.182782 641.839734
1106.074625 638.325411
1101.094634 642.177552
1106.051794 642.087091
1104.100103 649.761368
1106.519281 650.969452
1105.056409 651.953158
1104.395349 646.927588
1109.808521 655.900879
1105.893890 652.957112
1107.051385 650.309821
1103.423660 663.281621
1105.840010 662.870809
1108.903669 656.740237
1103.902997 658.322278
1099.703012 663.308213
1105.634485 664.932383
1104.596686 660.428713
1103.198607 673.663381
1104.232928 665.856793
1106.615959 670.183247
1105.120266 673.098608
1104.754157 672.949761
1104.458472 671.981838
1102.878551 675.420289
1109.414910 681.236618
1104.527947 680.381028
1109.150806 682.647248
1106.973674 678.745872
1116.230808 678.883136
1104.584111 686.556659
1108.816161 677.946560
1110.052654 692.790331
1109.518436 698.614536
1109.703055 692.026776
1107.893330 687.903192
1115.722180 689.023651
1108.602478 690.844130
1108.611198 699.056664
1104.524687 992.951441
1111.688387 993.500131
1110.279774 990.018486
1108.876019 989.483785
1108.218890 988.426535
1113.449444 990.525533
1104.459517 991.850206
1113.935574 699.318914
1114.382496 699.570807
1117.732158 695.577441
1115.058882 701.042209
1116.377739 699.061839
1112.609864 698.295807
1113.128014 695.370423
1120.868590 978.483437
1118.548540 983.676313
1119.344832 986.058491
1115.060175 980.772206
1108.350346 980.011025
1110.177700 974.769791
1115.057241 979.622452
1121.083387 969.441448
1125.033061 973.277041
1118.428548 971.740487
1123.696781 966.895078
1119.330034 969.371329
1121.995569 971.178569
1122.463041 964.384157
1130.271153 700.387517
1126.709401 700.578424
1119.222911 704.279178
1125.634996 702.845438
1122.080360 700.216310
1122.972568 701.491394
1118.708435 701.352807
1123.959795 967.073988
1126.023296 961.610908
1123.659244 965.006966
1122.811916 966.869297
1125.344759 959.812600
1129.262031 964.239172
1123.488339 965.102253
1125.336560 941.505488
1131.527120 945.731181
1129.577119 944.754590
1135.908739 944.361865
1129.617384 934.525678
1130.715780 940.768744
1125.124381 945.195251
1126.156690 950.079214
1134.132505 954.796409
1124.811709 948.194604
1131.963475 951.352254
1129.427047 947.324449
1133.208340 951.254033
1123.042524 950.735651
1130.748294 698.810067
1131.624020 706.298903
1133.268100 702.003180
1137.763874 705.413313
1137.391568 699.169985
1136.958661 705.182746
1132.547257 697.176399
1140.175490 902.111744
1139.538474 909.707237
1135.062601 897.721249
1137.205018 909.445610
1139.777119 908.689961
1137.234364 900.201434
1134.853304 904.964085
1139.548613 915.687855
1132.892868 914.831382
1139.295016 919.047493
1137.774270 915.156589
1133.281152 917.306527
1136.135673 917.390083
1133.590860 911.256902
1138.774366 919.692549
1139.671782 922.945179
1140.822762 928.375494
1130.092103 921.083753
1135.382126 923.971745
1134.789195 925.202975
1135.023551 927.176578
1142.480914 799.174436
1139.667194 808.885710
1143.234829 811.474378
1133.997647 803.677470
1138.479015 806.230967
1138.072419 800.418529
1134.870431 801.409877
1141.554340 815.045516
1146.845013 814.353383
1146.563774 817.540878
1139.728225 809.044693
1142.266768 815.133781
1141.215867 814.929528
1145.198773 815.708138
1140.409149 823.988927
1143.800077 829.046919
1145.730975 826.680853
1139.994386 824.309266
1142.352035 826.671179
1142.304577 830.776208
1138.252720 826.568643
1133.332020 833.977698
1142.355622 836.938316
1141.357624 834.188901
1139.315212 834.005369
1145.539827 837.791386
1139.397348 832.254027
1146.755097 834.956759
1137.234615 844.959612
1139.743327 846.899101
1142.087745 844.064783
1141.772517 839.433076
1139.991692 845.546193
1139.200982 838.835383
1140.074426 844.979677
1137.229758 852.014032
1136.739869 851.420669
1135.817499 851.714551
1142.914794 857.850848
1139.698659 854.478904
1141.022419 855.868060
1145.860002 857.535063
1141.388494 865.002149
1145.859062 865.426440
1139.504289 872.063938
1145.112654 860.000963
1141.782404 863.928582
1139.013967 860.093199
1135.483840 862.619414
1140.086693 874.985302
1140.169486 876.536204
1139.987921 875.005121
1134.580483 876.343337
1138.982373 877.303678
1139.531711 876.359814
1144.065219 879.329865
1140.069205 885.256845
1142.648758 884.664992
1138.215945 886.948324
1146.590880 885.072812
1140.759895 881.971575
1137.892879 885.841309
1141.774364 891.345294
1135.071417 897.728583
1136.562463 896.064356
1140.709270 890.079200
1141.364844 900.337664
1140.207595 894.835542
1141.402300 898.377195
1132.686167 894.439818
1147.908456 710.339968
1140.185691 703.150869
1144.789712 708.604027
1145.495630 706.504371
1144.293659 707.036919
1145.953130 707.951307
1139.799856 705.308793
1149.805411 765.318687
1145.257828 773.263729
1147.089357 776.825235
1142.944965 768.578239
1146.853369 773.600985
1148.753008 772.217322
1145.363669 766.777241
1147.174182 782.448183
1148.415423 780.053630
1148.727834 776.298073
1145.254170 776.806408
1145.159986 779.832770
1144.805166 779.255664
1138.496501 776.464567
1149.771140 785.606467
1144.938246 790.515455
1139.699832 788.458113
1141.504862 784.698486
1141.116895 788.817362
1148.810432 794.176784
1147.811883 789.412722
1155.860321 714.286257
1146.717413 717.490264
1144.430941 716.818873
1143.901063 714.264535
1149.124763 717.046256
1154.290048 719.742667
1150.316168 717.689354
1144.069512 742.267052
1153.307863 744.086122
1150.168485 738.879711
1153.178148 743.170284
1149.560757 736.856480
1149.980568 734.465065
1152.027305 743.711872
1150.528337 749.889167
1154.487250 755.380190
1150.894623 746.220117
1154.113683 755.398127
1148.150608 749.271942
1143.163718 751.463466
1150.501556 751.902879
1156.263920 761.222230
1145.318038 754.189624
1147.958313 762.866421
1152.857991 765.184522
1149.289937 766.093833
1148.002618 757.553957
1150.122997 760.704046
1156.123626 724.749357
1155.006529 725.961266
1160.325113 726.445715
1156.997702 725.710373
1153.429217 724.138072
1154.673541 724.831422
1159.902983 725.014595
