11 186
11 190
11 194
11 198
11 202
11 206
11 210
11 214
11 218
11 222
11 226
11 230
11 234
11 238
11 242
11 246
14 250
15 182
16 176
16 254
16 258
20 172
20 260
21 161
21 165
21 264
21 268
21 272
21 276
21 280
22 284
25 157
26 146
26 150
26 287
30 142
30 290
31 131
31 135
34 293
35 127
38 293
39 124
41 116
42 293
45 116
46 293
49 116
50 293
53 116
54 290
57 116
58 288
61 116
62 288
65 116
65 292
68 120
69 124
69 290
73 126
73 288
77 126
77 288
81 126
81 288
85 129
85 284
89 131
89 283
93 131
93 282
97 131
97 278
100 135
101 278
104 137
105 278
107 141
109 278
110 145
113 279
114 146
117 278
118 146
121 278
122 146
125 150
125 278
129 152
129 278
132 156
133 277
136 156
137 273
140 159
141 273
144 161
145 273
148 161
149 273
150 165
153 273
154 167
157 171
157 273
160 269
161 171
164 268
165 174
168 268
169 176
172 269
173 176
175 264
177 176
179 263
180 180
183 264
184 181
187 263
188 181
191 263
192 181
195 185
195 263
199 186
199 263
203 186
203 263
207 186
207 263
210 190
211 263
214 191
215 265
217 269
218 191
221 272
222 190
225 273
226 186
229 274
230 182
231 278
234 179
235 280
236 156
236 160
236 164
236 168
236 172
236 284
236 288
240 152
240 290
242 294
244 149
246 297
247 145
250 300
251 141
251 304
251 308
255 137
255 310
257 314
259 134
261 317
261 321
262 130
264 325
266 126
266 329
266 333
270 122
270 335
272 339
274 119
276 342
277 115
280 345
281 111
282 349
285 107
286 352
289 104
290 355
292 359
293 101
296 362
296 366
297 101
299 370
301 101
302 374
305 97
306 377
309 94
310 380
311 86
314 383
315 82
318 384
319 79
321 388
322 75
325 390
326 71
327 394
330 67
331 397
334 64
335 400
337 60
337 404
341 56
341 407
345 56
345 410
349 54
349 413
352 50
353 414
356 41
356 45
356 418
356 422
360 41
360 425
364 41
364 428
368 40
368 429
371 36
371 433
375 32
375 435
379 31
379 438
383 30
383 439
386 26
386 443
390 26
390 445
394 26
394 448
398 26
398 449
401 453
401 457
402 26
405 458
406 26
409 458
410 26
413 459
414 26
416 463
418 25
420 463
421 21
424 463
425 21
428 464
429 21
431 468
433 21
435 468
437 21
439 468
441 21
443 468
445 21
447 468
449 21
451 468
453 21
455 468
457 21
459 468
461 21
463 468
465 21
467 468
469 21
471 468
473 21
475 468
477 21
479 468
481 21
483 468
485 17
487 468
489 16
491 468
493 16
495 20
495 468
499 21
499 468
503 21
503 467
507 21
507 463
511 21
511 463
515 21
515 463
519 21
519 463
523 21
523 463
527 21
527 463
531 21
531 463
535 21
535 463
539 21
539 463
543 21
543 463
547 21
547 463
551 21
551 463
555 21
555 463
559 22
559 463
562 26
563 463
566 26
567 463
570 26
570 459
574 26
574 458
578 26
578 458
582 26
582 458
585 454
586 26
589 453
590 29
593 453
594 31
597 453
598 31
601 453
602 31
605 35
605 453
609 36
609 450
613 36
613 447
615 40
617 444
619 41
621 443
623 41
625 443
627 41
629 443
631 41
633 442
635 44
637 438
639 46
641 438
643 46
645 434
647 46
649 430
650 50
653 427
654 52
657 56
657 424
660 419
661 56
664 418
665 56
668 418
669 56
672 418
673 56
675 60
675 414
679 61
679 413
683 61
683 412
685 65
687 408
689 66
690 404
693 66
694 403
697 66
698 403
700 70
702 403
704 71
706 403
708 71
710 403
712 71
714 400
716 71
718 398
720 71
722 398
724 72
725 394
727 76
729 393
731 76
733 392
735 76
737 388
739 76
740 384
743 76
744 383
747 76
748 383
751 76
752 383
755 79
755 379
759 81
759 375
763 81
763 372
765 85
767 368
769 86
771 368
773 86
775 364
777 86
779 360
781 86
783 358
785 89
787 358
789 91
791 358
793 91
795 95
795 358
799 97
799 355
802 101
803 353
806 101
808 353
810 104
812 353
814 107
815 349
817 111
819 345
820 115
823 342
824 117
827 121
827 338
830 125
831 338
833 129
834 133
835 334
838 136
839 330
840 140
843 327
844 142
847 146
847 323
848 150
848 154
849 158
850 319
853 161
854 315
855 165
858 169
858 312
859 173
862 308
863 176
863 180
863 184
864 188
865 304
868 191
869 300
870 195
873 297
874 197
877 201
877 293
880 205
880 289
883 282
884 207
887 211
887 278
890 215
890 274
893 219
894 223
894 270
898 226
898 230
898 267
899 234
902 263
903 236
903 240
903 252
903 256
904 244
907 249
