43.243357 653.086049
41.009356 652.796949
41.067620 665.382232
36.266436 669.542577
40.423774 671.104190
38.229527 672.730561
47.472415 681.059748
53.214755 648.439102
46.206700 703.254510
47.524021 711.152126
47.052301 719.122255
43.159679 723.758156
44.177561 719.033646
54.204820 685.720580
52.391172 642.086416
49.528787 704.872131
52.798513 726.327972
47.523071 683.855479
51.145110 696.860933
40.390503 644.307246
52.018693 726.342045
52.519363 690.806438
57.342382 696.434354
57.005896 737.833435
54.327770 738.120452
58.741394 750.300691
54.531239 751.710261
54.648991 757.229868
61.418239 644.561441
58.240996 722.635139
61.911938 687.330590
56.298059 694.705745
60.770090 735.184947
59.765703 761.696890
62.313694 644.884469
66.370933 727.190986
61.619605 761.938180
60.835753 691.567244
61.824187 698.582212
68.409720 739.938636
68.598622 649.377521
66.555120 693.195616
72.974378 681.232531
59.964825 767.367586
74.637893 725.520164
63.976571 655.584530
68.342979 709.802092
74.939365 681.529875
65.239986 767.153588
72.037146 652.176958
71.947437 725.987079
73.473121 731.910332
76.497106 650.033082
74.526983 700.159757
69.063381 654.816635
78.268166 675.251955
69.994943 734.364491
74.297389 764.367033
74.396279 723.862004
76.740552 695.641954
74.323900 658.529937
81.890505 689.298266
75.795980 736.280169
78.409356 763.416007
81.611820 721.639200
75.910340 663.114300
78.360344 684.893073
80.747636 703.951876
79.094224 737.117297
81.111481 762.751559
80.278615 725.301668
84.051138 765.075387
83.652254 659.924911
85.435819 688.595856
77.889564 701.999467
83.943675 722.844956
78.555031 727.277167
80.964762 729.789358
88.771103 671.291621
86.925873 757.062192
89.393240 673.710269
88.272722 744.025509
92.219501 666.991113
92.480436 751.378797
103.129039 669.589120
99.125921 743.729360
102.568290 684.434720
104.829527 751.201754
105.167050 674.234779
108.309887 749.601039
103.783575 682.658264
112.647664 755.796427
113.163201 687.180629
112.698133 745.350566
114.471823 680.204811
116.416708 741.041561
124.491690 683.003987
124.811983 747.896090
125.301360 681.936316
127.154082 744.632150
129.431558 685.530158
134.735288 744.518814
132.130588 675.722313
135.890991 746.820993
138.845546 678.594649
137.131420 747.293350
142.600147 682.086814
146.702670 744.045438
143.357875 688.365817
146.727587 74.783493
142.318743 79.706759
145.069097 87.612351
148.304808 85.737911
147.392781 92.116894
142.524705 749.364931
148.174089 685.125007
150.416256 73.687732
148.099991 92.726091
149.886568 745.128123
156.573787 98.154289
151.182732 676.652855
153.330014 68.995064
153.083411 750.553098
153.977884 698.652288
156.120738 104.528841
151.613241 103.845876
155.603275 78.502763
156.921971 749.101094
157.778367 110.676237
156.351575 687.561766
159.592209 111.009830
163.356620 114.620733
163.342857 122.467749
167.425244 124.601033
160.172309 67.793816
164.772880 758.021546
157.637117 102.047794
157.914125 98.510521
160.247901 683.418063
165.247309 135.831873
162.216357 70.538916
167.917709 107.122540
166.720440 132.355266
163.207463 141.887866
167.698417 140.761608
165.048296 152.302534
173.251250 145.920124
170.276463 153.821570
169.483483 152.837683
164.692540 161.160593
159.436658 165.886135
163.165564 178.077038
163.494120 184.589041
162.078816 182.853557
173.617917 183.800773
165.829808 190.838576
168.771439 198.180382
166.958192 192.913496
165.004337 190.019759
173.962565 194.259443
163.411260 212.512896
159.890583 208.543221
166.226794 219.933739
168.065094 220.001802
165.970744 219.943813
173.435347 223.466872
163.937187 228.083761
171.630912 234.938471
167.200218 236.659409
172.029961 237.513877
169.753484 245.041766
163.230699 253.475298
164.173687 257.153823
160.511930 257.621051
166.608900 265.659121
169.935688 264.596187
164.258075 273.339252
167.499112 752.634195
167.071045 93.609835
163.593946 276.912957
167.131320 687.984578
169.790393 79.030479
163.156442 78.449943
162.210535 81.453916
164.264339 115.618707
164.831337 115.744184
166.567137 695.548843
167.063086 760.247060
167.303227 273.546866
169.068011 280.048774
166.997333 283.707091
172.531021 285.123381
166.893550 758.105669
174.248612 111.834558
172.746771 114.571814
170.223569 130.634800
173.236230 127.547474
177.635301 693.336464
175.103096 289.478506
172.493143 293.798220
178.670509 297.822293
176.291559 763.224321
174.787093 303.348913
172.658758 128.457208
180.518558 129.173224
178.064716 701.597736
176.926230 140.244685
187.130606 758.702538
186.129745 311.551174
183.610174 308.452258
184.103337 518.862054
183.426073 521.613033
178.418956 525.677725
180.308940 529.843029
177.897285 537.045527
175.831513 540.473587
179.166280 542.984156
181.106921 543.743862
171.616757 548.166776
179.593808 545.714104
178.354810 556.714691
183.843478 561.669673
181.192883 565.260853
181.654292 693.206004
175.419381 138.840900
178.848779 146.048512
181.680674 140.310950
181.704181 308.955477
184.540527 763.582315
189.498843 510.653367
186.856894 493.510304
194.793968 498.852892
186.173119 513.410117
184.509389 568.886749
186.030832 573.967621
189.446617 577.350894
185.829166 584.376755
185.569589 582.991315
185.384546 586.815869
194.504610 590.439041
188.155335 593.596903
188.064732 694.891473
190.550689 318.581187
191.813454 597.783084
183.998637 144.889154
191.206782 763.205789
191.819621 490.867098
189.187934 696.431566
189.902951 131.620897
196.717248 137.845964
189.800447 135.442212
194.793829 147.201774
189.641435 328.602366
198.241862 325.758812
190.550990 482.561180
193.467346 599.286144
189.464720 601.732079
194.320008 758.104029
189.206933 330.074757
198.144170 605.639120
193.427671 697.889270
200.107208 119.453143
193.388389 484.426444
197.898542 116.224990
196.663435 114.986297
195.494884 111.623799
198.376541 612.836658
192.396341 619.538787
193.019711 752.900892
199.023391 337.525494
196.529424 154.717101
198.171205 205.513913
200.858663 203.169317
196.138584 703.009011
199.603485 482.633698
198.531575 100.468598
193.354209 619.993979
198.371853 751.279360
205.347185 94.350843
192.971177 97.588268
204.898743 200.904024
197.116130 341.090458
197.898624 624.668418
201.814281 628.013564
195.464429 151.442430
202.724566 162.612122
203.395753 207.047200
204.255644 476.430426
196.422913 701.897426
204.668273 142.968206
198.660347 147.710305
206.963317 199.678265
205.395053 212.865476
209.789907 213.623154
204.630983 757.137945
207.627590 89.392354
204.677712 343.750902
202.742682 626.351458
206.971220 50.136453
207.012091 47.553787
203.400622 49.975474
208.004631 54.027809
207.033871 59.262264
209.393518 64.479416
203.681720 73.896262
203.310170 67.850599
210.254830 71.375354
209.844131 82.282488
202.165581 78.965912
209.300691 162.979674
204.759694 473.370400
205.626866 632.181921
202.688203 640.395213
205.248405 638.632753
204.868746 644.330527
204.519670 703.697341
205.682352 141.549414
206.315764 188.375288
209.327791 119.237845
203.461348 129.541171
213.765565 126.417231
214.357249 214.434250
210.875164 222.997873
207.697628 225.848527
210.020301 262.945077
206.389694 261.055063
203.109907 265.820732
202.708438 759.724747
214.655221 231.152367
208.835800 274.816574
216.308442 342.116644
202.385493 652.082932
210.530598 43.789934
208.442932 155.367565
212.277698 478.551881
215.405326 705.987597
210.275813 112.601382
206.531764 185.312665
215.851354 341.448558
204.007464 656.348409
206.311807 654.056013
210.754298 265.662482
209.984699 753.833194
219.591908 90.342114
214.238686 91.993502
214.890207 95.402148
214.743017 99.646097
220.269990 109.461112
208.867771 111.395660
216.732867 114.206081
215.178389 231.672639
215.880890 240.407786
216.318215 237.281283
213.252637 246.354059
218.988735 254.966070
215.130448 276.042162
215.284828 44.535679
210.997731 158.519220
214.828062 472.569069
217.702712 700.498996
210.429584 186.747949
210.427015 346.330457
211.195671 663.693049
206.892304 753.566693
213.569296 79.509453
217.966312 272.439374
216.749117 660.793688
223.037632 42.557171
225.380138 76.545231
220.552417 149.408462
219.616345 479.703686
220.918531 694.813887
223.147731 70.542043
212.638280 181.670839
219.460735 343.283997
227.962485 753.110842
221.350374 43.308334
219.533035 146.208534
222.653238 272.082707
221.303545 670.009839
221.673014 671.249896
223.254419 470.600447
225.502936 694.100584
226.531096 62.092630
225.999086 173.085560
225.409457 337.565919
222.379382 756.480039
221.000966 40.010854
227.146925 679.245496
225.730192 154.234065
226.925169 275.689675
223.261336 472.270848
221.937265 680.045295
234.071482 683.002473
224.747361 692.463933
226.375913 688.535660
227.683423 64.128685
220.519216 176.933928
233.003263 341.840842
220.673689 755.389307
228.458764 45.689839
225.279187 148.211068
230.778834 278.878467
232.168067 50.503509
227.253078 67.067724
230.031228 177.145474
230.145289 343.015870
232.055489 482.609493
236.720595 746.920891
230.152455 279.113372
232.221883 43.244471
232.281593 49.218717
231.849784 58.403051
230.151137 143.663179
236.900174 169.735069
230.639920 345.508553
233.443479 486.232127
242.162157 750.269163
236.695922 276.890957
243.181054 144.076335
240.997098 494.966183
235.332358 166.910465
237.126010 345.620238
237.539882 749.513134
237.688900 284.454043
240.752489 488.976218
248.305511 131.001108
240.872647 133.975544
237.890303 134.067158
245.993625 344.546477
241.150518 158.579414
241.427325 744.746489
242.506425 286.882510
242.608787 487.570455
238.492894 123.154330
245.220734 151.833056
245.948472 359.128279
243.433506 353.741622
237.506432 357.756884
246.023121 362.619111
242.092535 363.124056
244.847785 380.763524
237.628465 378.821456
243.888207 382.122928
242.496441 383.065629
250.792330 389.492513
249.352385 389.232554
244.682713 404.033705
242.489366 404.110583
251.551526 406.915331
250.580205 401.668479
248.967818 414.293185
250.493875 422.155252
249.833976 426.393264
242.573029 428.042257
247.280803 430.476434
253.010763 433.521829
239.566680 432.876517
243.650720 446.189282
244.877903 444.552858
240.673828 454.112496
245.882362 737.509438
250.056402 291.655539
248.847412 489.803945
254.153253 136.085638
246.613121 149.000262
248.156674 455.092021
253.256978 282.672098
245.526255 493.221250
250.738770 735.922251
252.264775 451.235825
257.714156 458.441616
250.418899 471.856490
258.424181 128.283645
249.833464 158.004062
256.700132 289.289710
255.064743 497.996863
252.756359 735.266599
259.903307 470.986861
254.565613 469.641760
254.010481 482.379042
255.757429 480.139290
253.602988 487.731513
256.752979 122.495646
255.307476 154.078758
261.973697 504.483790
253.137231 290.085398
259.274770 735.546462
259.125069 486.563054
258.973761 129.908728
257.499824 496.097222
266.187215 151.756586
263.792298 292.271923
261.300440 736.782163
259.985491 145.152516
258.504104 132.679106
270.582172 725.259093
264.891916 293.402193
261.841872 139.912127
255.088246 140.796971
268.913052 726.415220
266.841388 288.128734
267.816308 707.441871
275.043725 714.871061
275.742612 713.974913
276.130661 717.275946
270.543674 719.829934
272.275127 291.523361
277.936809 709.299202
269.016679 293.587576
273.544015 706.267275
282.359148 290.229576
285.614332 295.271319
284.434753 699.797405
285.128150 299.212764
296.357308 691.236753
289.092040 294.396699
292.011670 688.202612
293.331140 213.650002
295.421434 221.051397
295.424465 221.716228
293.752427 223.038232
292.931524 231.332571
301.208742 238.730335
297.217899 237.956838
295.329014 242.809694
297.422266 244.610685
294.626863 254.587142
297.720298 261.434031
291.946161 258.144954
297.330187 254.562000
299.496079 263.685214
299.954415 690.720370
297.743342 290.348096
303.464405 215.512488
297.599313 276.502173
298.504627 687.141506
302.177628 187.314691
300.538723 193.256346
304.960751 199.356729
302.695996 198.002580
299.518044 197.662758
298.065524 205.079896
299.273312 294.231066
311.829465 275.219989
306.490596 691.661500
300.816941 181.135785
306.343375 305.094743
296.561751 270.391520
308.126520 691.609525
306.756272 182.471458
301.782317 304.114372
300.977158 280.207446
307.941393 288.827766
306.911082 692.010993
311.804004 174.798821
317.242126 300.174983
319.341752 181.632846
316.369529 277.226311
325.364540 293.600083
314.425829 681.103410
316.452134 303.718566
328.369030 175.266726
314.689996 291.272864
312.957705 694.119372
323.342750 300.611509
327.993291 168.971472
324.899855 296.623917
324.996716 682.957029
327.144246 297.467120
328.304823 168.235807
329.964602 677.665493
331.377037 169.191032
329.105382 688.077889
332.923433 159.370787
330.705856 679.555857
334.568600 165.556887
334.877174 690.855276
336.210195 157.895644
343.988293 689.657769
343.947558 155.402108
347.193498 693.193267
349.832772 150.751774
354.819378 697.553368
355.431825 146.140668
354.417686 692.175435
354.831580 150.323578
360.954611 696.349447
360.707662 148.011085
363.433242 695.724360
365.777520 151.736842
362.389762 692.101447
367.877801 144.538166
369.674488 702.065650
372.955207 142.060996
376.407399 701.417086
371.816343 137.683426
372.233347 690.940169
378.155745 140.567745
375.881377 704.485380
382.874514 144.366360
391.251769 694.784791
383.381367 147.191567
390.177596 705.063438
393.623139 144.874356
396.902821 703.239227
394.174786 141.156239
397.427892 695.689648
399.207509 138.346163
396.110525 698.219371
405.385199 138.319611
399.777303 697.935875
405.142835 143.137336
405.972032 696.415161
412.463666 149.102392
412.905677 695.925470
420.949672 145.344260
419.930607 691.109059
416.468627 139.275484
425.421335 688.911030
417.180037 146.118305
428.862067 146.808292
427.500791 694.856390
427.250033 149.799091
431.863093 691.322643
428.705942 157.058112
438.175096 687.748267
423.382331 166.380968
436.482389 688.411296
444.136968 164.035154
447.411011 162.384162
442.455288 689.547830
445.816356 164.605850
447.461348 683.263712
449.949618 166.573696
444.863064 172.593046
451.400823 686.447507
452.518947 178.167153
457.474676 289.521622
447.862247 293.566517
453.145616 680.295190
455.648400 179.725553
463.014899 287.763847
453.614334 296.353161
459.152909 685.241747
457.962285 175.646989
461.270389 679.245715
467.720397 297.745542
464.159179 300.068180
465.319482 181.333557
463.536213 284.189150
456.909852 676.070386
458.045742 293.594736
470.397617 171.210068
467.770743 288.691926
467.579654 682.492433
474.922193 184.771414
475.613375 288.514149
472.198805 191.527406
477.847843 195.737328
476.099254 198.176890
467.213090 283.879446
474.921426 671.538757
473.924600 291.614625
476.082189 282.029079
477.453664 200.472449
478.835581 673.075672
478.411048 210.089202
481.030973 205.848559
483.032260 209.785788
477.978405 216.705146
478.527768 221.047611
483.108171 226.036161
480.332607 227.244056
481.372050 235.076158
478.461111 236.589343
479.244546 235.946411
477.373502 247.668621
471.328737 246.425247
479.540238 259.843082
477.180887 260.419019
477.566403 293.959451
480.116392 262.046357
484.301101 280.656427
475.222799 282.427899
482.699541 673.782128
485.105772 264.119380
487.463179 272.317312
484.745521 288.332948
482.892909 683.110377
485.850801 290.419789
485.389453 674.686840
488.305345 684.201651
491.927933 684.694452
485.986203 694.256169
491.620596 696.922948
490.030273 286.913623
496.835719 688.634866
495.885850 690.733038
490.011391 695.670896
503.259054 701.234938
496.980969 285.139556
500.738389 711.369406
496.353291 284.616911
495.820602 711.648039
504.756122 713.991320
500.695136 287.280162
505.926285 719.931137
507.752572 723.251682
506.540691 726.918322
507.898707 290.092173
507.764197 733.743352
514.793548 277.466247
513.276976 737.587926
517.026554 274.905037
517.846037 271.572019
516.291393 731.756313
516.361714 492.240444
521.155128 495.732226
524.946815 264.224082
519.796827 742.197592
522.075122 469.738918
531.985566 482.934488
523.790811 487.078801
519.170313 491.246865
522.797566 501.375997
530.924795 262.475703
527.112844 732.468724
519.925868 474.023702
530.805660 491.993983
529.469485 260.330127
522.868823 452.429294
525.534473 466.553863
526.489998 473.301516
534.327348 738.372275
531.320617 29.490344
532.281892 25.711278
528.263941 24.031275
528.841330 23.472919
533.756718 253.652783
536.768736 254.176334
530.842679 257.308357
528.986842 456.502283
531.070526 484.808604
530.874463 743.233727
535.382764 327.204353
529.552314 328.578128
537.524620 318.713701
531.708751 393.235110
528.423285 396.799448
527.693555 394.400799
535.340162 408.211057
533.059886 405.164840
531.092310 407.862483
536.213739 413.711439
528.746968 423.017852
533.283071 430.499608
538.332128 419.894286
530.423010 436.558127
529.001413 428.490995
537.283286 443.297301
535.844080 446.136779
532.868764 445.903580
532.772700 332.239825
534.269929 18.695231
530.481672 40.631699
530.989678 246.952376
539.642851 489.082487
534.525782 743.190275
538.006053 323.858570
531.126912 386.770846
539.367912 340.189607
535.909271 336.328548
535.204892 349.716290
537.876459 340.266439
534.507598 348.491768
540.128524 352.451624
536.947929 355.565270
539.381351 370.157191
538.976389 365.881507
544.713572 369.032920
535.313269 376.135268
534.315065 374.415990
543.275693 15.447041
540.278479 40.975403
534.103782 251.168164
536.920583 481.921318
538.781623 740.172964
535.069107 311.412319
547.939710 10.518913
542.106326 32.681126
547.040780 245.851928
547.831549 486.127772
547.719975 740.193593
548.896808 317.674134
544.875706 42.258810
550.052239 50.401881
553.972495 50.429710
547.098505 57.669891
542.863691 57.049656
546.785021 70.511543
548.922904 483.500825
552.230220 749.475158
544.655549 17.983870
547.430737 241.716449
550.324871 683.910173
547.826470 684.595028
548.184109 692.234162
545.362485 690.846764
546.922812 317.453780
552.334468 70.552327
547.692073 472.588358
548.489740 682.985929
553.916892 693.506401
546.944725 739.895321
552.728223 8.390507
549.189139 73.081137
553.557983 70.291898
549.433613 74.894306
553.209061 82.412822
549.733080 245.495521
556.566376 43.286402
551.086986 42.399957
548.302843 316.261637
551.831905 652.674979
552.188880 667.117092
556.556138 671.736805
554.128060 92.789014
550.853698 469.272580
553.606267 695.203900
557.749025 742.029283
555.758816 5.760646
558.990497 45.054190
553.602237 251.309524
561.715137 91.737029
554.390066 92.317400
555.878666 96.885584
549.520048 202.559734
555.066033 206.169695
555.499193 215.886520
558.710194 220.648633
564.182225 215.963775
551.692928 225.186153
552.790546 226.401620
552.469624 232.637677
557.514716 232.433018
554.034327 242.076588
555.463494 750.032945
557.661502 33.015650
556.938832 308.059800
565.804538 654.027772
559.166668 36.505215
557.190359 56.832285
554.629899 61.040391
556.624478 66.587426
553.578269 464.520372
563.679865 692.258768
558.680891 20.702778
561.071659 247.904185
558.796211 98.803706
558.491676 201.237269
556.417107 316.241017
564.489306 652.574372
556.124189 752.609440
566.092205 110.838463
558.945935 104.686717
561.494629 111.906790
559.441478 193.946792
559.378547 197.696612
558.171311 16.851533
564.801572 23.298266
564.798519 66.382413
564.403723 466.898428
559.458259 697.258306
564.180492 74.491347
567.770335 638.699575
569.379793 74.939307
564.076187 305.868521
565.503919 752.117155
563.435120 117.162339
563.499477 183.602214
570.637130 114.940514
570.593492 125.112779
566.086790 125.844733
568.245562 128.488531
567.058924 136.428636
567.983044 140.822954
567.567617 145.121066
569.229791 147.169027
560.843599 150.855193
569.469230 181.569858
564.162050 467.029632
560.938170 699.844653
561.458261 636.840938
563.168001 62.284943
569.344036 78.729274
565.700685 89.426905
566.530624 76.111529
570.605515 89.105457
567.645489 300.491574
564.765755 630.416573
566.418341 631.935674
566.406686 752.356431
565.956046 155.234673
568.583312 175.217847
566.382368 466.529882
574.434738 697.475486
568.316573 157.901836
573.510501 171.531983
572.146727 166.821604
568.467914 175.715464
572.682323 752.735619
577.046439 90.968142
574.211253 304.188675
571.908937 626.772670
570.622829 92.404082
573.552618 97.406060
574.579931 105.417428
574.195119 115.670135
569.812725 614.403580
577.784229 120.110250
576.859266 466.019363
574.507345 697.303492
575.201089 297.020500
574.093828 751.819737
572.664126 612.949220
580.092117 122.493614
574.959064 285.463334
575.360159 460.746399
575.926511 695.902192
577.368735 761.138222
576.082458 609.974600
581.102412 125.429358
578.070110 275.865018
581.221370 464.841243
581.322882 692.772098
582.976284 285.354078
585.978219 759.100143
579.021612 609.227473
582.443978 471.238893
585.633964 98.911876
579.983271 96.157893
586.192753 104.964467
588.937614 116.329934
577.192155 119.757400
587.329548 686.058576
592.883753 275.333463
592.012182 756.243920
584.567000 467.696350
581.690616 606.377296
591.336481 471.072733
586.929866 92.472742
588.508837 270.538344
589.243696 694.403858
594.426876 81.841017
584.295793 93.069413
589.382356 598.022938
592.425343 758.199946
595.384226 262.593873
586.916230 260.179110
597.469435 268.943512
592.582048 478.619702
597.537639 590.976464
589.855738 690.360713
601.867088 83.886287
597.631106 489.013557
591.399534 752.122925
594.597447 57.020928
601.010700 57.490223
595.314723 53.202286
598.407820 64.015336
588.836470 73.700667
598.983118 257.843507
592.522589 586.087364
594.366827 127.727847
594.154567 124.459295
594.519151 166.883099
594.527843 171.831277
593.917487 178.185432
600.077986 173.208601
597.762378 184.581361
598.550461 184.972741
597.140999 195.800711
598.658334 191.314787
597.048057 205.303834
596.213404 200.259440
597.475256 208.953178
594.695083 209.452273
602.403521 216.788992
596.009721 221.458573
603.847602 222.626378
606.606306 227.171229
600.627289 232.193765
598.824850 241.584323
598.338157 244.186366
596.552323 249.757047
595.569724 245.814763
599.004038 584.972985
598.302475 686.956842
597.292203 485.089794
597.254935 757.107570
599.144582 50.618197
599.935833 66.367881
604.119438 74.857871
595.401114 130.060687
601.010199 116.971429
605.324261 156.571193
601.766391 490.899497
602.263658 579.125223
600.352834 693.250410
604.348317 106.045043
609.129884 122.136543
603.001914 561.759082
606.712843 758.066634
602.153658 42.538988
608.695463 134.727255
600.507016 159.063910
598.630137 503.830064
605.839333 101.209294
603.227155 689.419191
608.350262 126.429829
610.855045 567.876364
606.401634 760.256204
611.095247 37.930316
604.597391 88.771546
606.294194 95.858909
603.849657 93.667090
606.002085 156.157093
603.687091 559.934439
604.217522 555.291477
609.864703 106.012255
604.655975 150.422416
605.670443 500.037113
614.592138 693.627850
607.338217 123.337396
607.277302 757.200187
605.714041 35.729723
612.272653 82.841886
611.048414 493.791089
609.557783 555.991668
611.658676 69.652200
611.526861 81.108762
619.319855 146.304445
608.128465 500.327596
607.499204 508.655813
612.646187 514.467219
616.620863 517.652284
610.338755 524.492960
608.299108 527.207202
613.971482 524.945964
616.277188 538.094438
614.307243 545.555943
614.625639 540.466055
614.571639 683.957440
613.957462 55.592791
615.881769 114.820214
615.503982 761.229464
617.267014 110.233558
623.319975 68.611201
618.909353 143.287217
615.520961 44.190235
620.601217 688.071257
615.682193 51.823420
616.807629 755.399966
619.181604 68.693303
623.995425 108.091367
620.365326 140.989503
620.340663 687.688378
625.949520 54.844555
617.711238 56.417172
628.500279 129.055498
620.479768 757.537558
624.055371 106.995166
630.387446 132.298474
626.315687 683.433393
624.103395 100.855014
630.550407 130.771157
624.854612 761.717378
630.126921 122.820777
633.402464 677.105161
630.751339 85.937391
628.177014 93.073884
629.126627 88.422151
627.442883 86.142740
631.954420 93.012045
629.384767 759.164689
637.694560 118.573395
631.561872 675.405844
636.243713 81.079132
627.224195 749.879032
641.922666 115.560311
631.722394 680.381845
639.707901 77.004557
635.270765 757.053375
636.688552 105.696073
649.823731 676.593867
646.821650 80.774870
641.865353 753.795895
642.975812 101.949470
652.353882 683.807005
648.633805 76.893392
644.902494 752.931523
644.761373 101.838843
647.382629 83.244313
655.119145 680.236978
647.132005 748.195354
651.138796 108.625670
651.448977 86.933380
650.921730 88.321117
650.441410 98.412486
650.095873 98.310153
657.518243 676.793826
657.528760 751.645244
658.433970 673.152276
657.522323 746.422257
662.537142 680.912944
662.933096 743.863221
666.538394 677.258898
663.061804 743.546590
673.854113 672.772590
669.251077 747.929463
681.391547 669.927397
676.257189 744.248946
677.043452 751.595029
680.727788 666.430036
679.889097 751.930193
672.527598 666.272595
679.337650 723.997311
679.331915 722.103179
683.154967 754.430334
682.842597 730.187316
687.958278 664.532831
690.153218 722.200636
694.353362 687.490602
685.965803 684.709454
681.983926 689.506099
690.002428 755.786131
687.117448 699.171286
688.982380 731.041863
693.593434 660.332773
684.742463 710.431474
696.941032 759.754750
689.352725 760.961261
688.672531 687.363307
689.460271 700.109078
688.948196 726.789280
689.718870 656.204505
694.223262 707.627284
691.725505 680.914422
699.853615 762.185387
692.152876 651.780370
700.721530 700.460775
697.356167 731.755113
697.144831 711.276590
698.230768 683.449107
701.871227 763.602110
697.042971 645.596624
699.880215 684.763208
697.885218 698.230312
707.492218 716.902589
694.745861 716.444540
699.754869 730.580682
702.260708 756.669177
707.461319 649.645244
704.197039 686.228136
709.879879 693.427967
701.766064 724.306614
709.479497 732.971214
712.597433 686.794681
696.705601 764.386413
704.807155 643.340952
711.039369 691.911160
700.870107 728.117728
706.062548 738.149516
711.434835 756.030703
709.935541 637.534111
707.712813 744.550242
712.486920 691.998067
711.738676 726.856603
711.103278 735.282025
710.612980 747.030902
716.376386 748.938719
714.096766 631.543014
716.675674 688.345714
715.296159 694.791850
719.804896 728.372284
724.617340 638.833459
723.224435 684.880889
723.886401 723.421359
718.658110 697.552564
718.416142 695.834441
722.317559 643.379553
725.348433 684.323682
723.925319 699.564731
725.708940 722.148721
723.937763 646.635654
728.001345 659.775062
727.580088 675.542422
733.061827 703.795645
729.623350 709.619325
728.229470 718.655945
733.397941 719.599927
729.230623 659.550076
734.972621 678.476980
736.970722 661.973581
735.892960 663.364567
