79.533031 537.267237
87.612145 542.753117
79.665899 542.317737
86.387212 539.211652
92.505078 541.854178
89.577447 544.870094
86.129722 540.158479
86.557783 543.761316
86.000000 541.000000
85.983989 555.848722
87.228855 555.814675
84.478743 551.220411
87.226077 562.756211
90.495929 561.463026
80.813331 553.250967
88.061926 551.292415
81.760394 560.733548
86.000000 556.000000
82.983940 557.970726
85.469219 557.376497
89.115628 556.362696
89.162005 564.927070
84.215313 556.073739
87.741150 558.205414
86.967080 559.782912
88.374543 557.383161
86.000000 560.000000
86.774719 569.690446
83.634876 571.526951
83.646958 571.259441
92.213118 567.979572
86.240788 569.817789
86.051135 570.694531
88.635451 572.751106
89.030172 575.225649
86.000000 571.000000
82.264460 568.583305
92.365830 565.048431
89.647495 564.925515
88.282211 560.149377
87.995007 563.706933
86.776420 563.940539
81.681951 565.605675
89.803273 567.047609
87.000000 564.000000
90.522387 545.268948
89.721182 539.126248
86.814332 545.329989
90.990407 546.698630
90.171443 551.632912
85.027644 551.326325
90.576304 541.146047
89.429313 545.435720
89.000000 545.000000
86.017068 577.328158
85.642155 575.346757
90.855268 579.710260
87.217546 578.635599
82.940523 573.268928
93.378512 571.258458
87.245827 580.167923
86.011276 575.371288
89.000000 575.000000
88.434384 531.730696
92.672935 539.530232
89.743727 539.375114
89.470435 536.748784
91.809923 535.658166
90.115712 536.832320
84.570603 538.691927
90.230928 538.883561
90.000000 537.000000
89.387346 552.735374
90.025422 544.869083
87.777864 551.430812
84.857856 547.336429
92.859280 551.445787
85.009718 551.058772
90.811608 553.320456
91.793443 547.943712
90.000000 552.000000
88.547936 569.113058
90.656608 569.244121
90.174208 568.360090
90.065135 567.423437
90.015194 565.568509
91.283331 569.879103
89.768076 569.107152
95.777201 563.631726
90.000000 568.000000
84.054476 523.310567
88.221383 522.913598
97.569620 523.929138
89.311822 528.566588
93.811474 529.840043
91.128716 529.509874
86.683566 528.249008
92.276378 529.937838
91.000000 526.000000
89.338711 533.585095
88.888220 529.480233
91.557850 530.113360
89.831149 532.247080
85.784882 526.508793
91.340728 523.370514
91.364218 524.490867
88.219635 529.968221
91.000000 530.000000
93.239303 585.018322
92.677783 585.859546
92.541828 592.045451
91.226092 587.294477
88.536612 581.081168
91.904108 590.523980
96.841538 587.196902
88.303569 590.567597
91.000000 586.000000
86.965064 577.461171
91.795388 579.553339
89.308022 578.660357
89.917696 581.741768
86.245437 578.178464
96.309815 580.315130
92.047203 579.104131
95.252270 572.504104
92.000000 579.000000
93.959589 589.915726
92.699459 593.380262
97.853937 592.826778
94.676558 590.895666
91.115448 594.686810
87.929393 593.407564
94.409030 590.248439
89.011721 587.809881
94.000000 590.000000
91.744137 518.402050
97.642857 528.740037
88.074576 524.549305
101.917781 524.439316
94.320061 528.934335
94.934065 521.706989
92.743415 519.233381
95.663456 520.450809
95.000000 522.000000
92.501775 580.355327
95.663910 584.465018
96.662922 580.211452
92.802322 580.299545
97.368437 580.400410
96.946992 584.886508
96.562795 583.152101
94.797360 580.959316
95.000000 583.000000
89.176302 508.295270
96.408157 507.563586
91.113160 509.390689
97.402893 512.839091
95.857440 511.215713
93.626541 510.380032
91.889394 507.691245
88.740910 510.683530
96.000000 511.000000
91.054877 511.969082
98.775235 512.901040
96.647149 511.899201
93.801697 516.883127
95.366101 517.223208
99.026039 508.314181
97.432704 517.836354
95.008011 515.712903
96.000000 515.000000
95.019681 594.429197
96.127472 594.779362
102.227655 591.345039
96.611768 595.432204
94.656811 589.663751
90.568492 597.541247
93.654074 591.472853
99.334209 599.369670
97.000000 594.000000
102.391863 508.323814
99.960815 510.904424
104.417513 511.354497
104.561279 507.522824
100.115686 510.992108
96.890746 511.529811
100.338081 510.423576
97.334968 515.509687
100.000000 511.000000
107.429741 599.879188
99.804678 594.287509
98.272839 593.562034
103.897540 598.669027
97.602464 598.193353
102.342573 596.665148
101.372401 596.205039
99.474064 597.143962
101.000000 597.000000
104.681483 595.413291
96.966861 599.791639
101.202088 602.097300
106.400725 605.085320
104.197852 605.793633
97.190556 600.575363
100.844779 597.013124
100.174444 605.870989
101.000000 601.000000
105.847265 503.146895
106.079477 509.454158
101.618712 506.464152
102.099048 510.495669
103.069781 515.529887
104.392869 513.178173
100.112147 503.315789
100.267345 508.363021
104.000000 509.000000
102.067042 600.227992
108.291934 599.990530
111.024202 605.357929
106.868208 608.508189
103.271463 602.059265
103.606864 604.924602
109.589181 606.265701
106.970925 599.395933
104.000000 605.000000
107.062696 506.424355
107.061833 504.527645
105.234667 507.411748
104.094767 500.049476
105.290696 498.777394
107.908596 504.344869
103.912672 504.320825
105.027302 511.521761
107.000000 505.000000
107.615138 610.057490
107.622289 607.129254
107.736310 608.693043
103.022698 606.273185
108.156164 615.193654
104.536987 610.727460
108.168749 608.027895
108.248311 609.438119
108.000000 608.000000
113.813872 507.941461
111.864702 500.643628
110.200925 501.573971
115.425371 500.742149
111.973716 501.572920
111.454434 500.904767
111.183998 500.893846
111.704953 501.940631
111.000000 501.000000
113.142077 604.812861
106.930925 612.854145
111.820149 608.213228
113.726399 601.157132
109.988650 609.749305
110.739218 601.338392
111.387069 607.992191
116.400669 608.446990
112.000000 608.000000
118.892568 495.783221
112.594006 500.343411
117.055919 498.342473
109.397509 496.363822
120.165649 497.341811
115.610541 500.804570
120.621078 496.331310
109.412877 503.709334
115.000000 501.000000
108.790491 610.986371
115.210185 611.440427
113.124800 610.097065
111.418786 612.501231
109.266981 611.888959
114.643164 615.521013
118.982469 611.501914
114.959814 607.794601
115.000000 612.000000
118.257876 501.583108
120.438155 502.034606
124.979671 497.570192
125.418112 503.284244
116.251491 501.328194
120.204472 499.141904
114.528859 501.311760
121.326876 496.842431
119.000000 502.000000
117.597605 613.687538
118.683984 612.630573
116.881729 614.468893
119.265903 613.814381
124.346413 616.345596
119.005373 614.214571
117.990513 619.506835
121.567895 616.468265
119.000000 614.000000
123.137039 615.585575
122.563527 616.673444
120.078461 617.318199
113.735304 619.437624
121.485112 611.106114
121.364345 620.400328
124.303640 618.650915
121.767023 622.974501
121.000000 618.000000
120.783217 621.412566
115.853733 625.554670
122.978381 615.377489
115.984972 623.792544
118.976276 619.178608
122.810316 621.060446
125.045795 617.252528
124.820008 618.460210
121.000000 622.000000
121.137716 506.303852
122.457775 505.202340
117.539637 511.074095
119.586906 506.592917
117.866247 505.659837
117.826703 508.939247
126.376133 501.670540
120.880087 505.636466
122.000000 506.000000
129.390186 505.513291
123.624836 513.038552
120.543452 507.834280
123.324240 514.451276
127.717716 516.309212
120.456648 505.807754
125.294998 503.321869
123.771958 506.760359
125.000000 510.000000
125.153110 623.367155
131.161113 624.812059
129.080326 619.862792
119.012646 624.112536
125.011650 623.890276
128.128257 618.354625
123.630565 624.585703
127.717539 619.631459
125.000000 623.000000
131.154738 515.574140
128.889526 510.954288
127.625646 510.419053
128.283850 512.317757
127.794437 509.995837
128.300241 510.821992
130.477508 510.487298
127.390670 516.312602
129.000000 511.000000
125.051118 628.727393
124.760005 627.750323
125.482501 623.307548
134.935689 628.491287
126.954295 622.846002
130.961936 622.197897
131.530315 617.747366
128.171801 627.268977
129.000000 624.000000
133.509424 628.283349
131.642868 632.660571
125.309209 626.599436
129.981425 629.667828
124.706303 624.583681
137.475045 630.845546
135.601717 626.385606
126.429656 624.248169
131.000000 628.000000
131.407729 631.646603
136.957426 632.931794
133.742241 631.181648
130.331433 625.534937
130.409329 631.294740
128.341801 637.005166
135.349194 626.230561
131.557541 631.860038
131.000000 632.000000
132.835044 636.844030
128.713145 640.360422
130.821362 636.180929
126.575665 630.028534
131.428833 630.853134
125.846852 637.784701
124.412214 636.866535
129.714934 640.567317
131.000000 636.000000
132.611891 505.188037
136.037741 513.650052
135.228518 512.003509
132.787054 514.091468
140.325822 511.463650
134.230178 511.969504
138.984954 513.201379
136.900204 517.154007
133.000000 511.000000
131.786107 641.733542
135.563177 639.884954
136.906754 640.351678
131.070385 644.642804
132.966712 633.417813
133.850909 639.906639
128.309469 643.337597
135.575845 638.543987
134.000000 640.000000
131.219970 517.316137
137.699970 518.174494
142.455878 514.829765
138.209127 514.714837
130.930260 510.730189
135.702941 511.600894
135.004603 511.812445
133.819529 516.727391
135.000000 515.000000
137.843172 642.678057
136.704699 644.646642
135.321209 643.801168
136.811679 644.690835
137.164889 644.957346
138.113579 638.458956
139.368981 645.184261
137.453462 644.545499
137.000000 644.000000
136.453289 517.680431
143.399074 516.991995
137.239093 524.661591
138.676605 524.740990
136.604748 525.007008
134.544748 519.491427
143.298996 514.200143
140.497954 516.575794
138.000000 519.000000
134.204436 526.362074
143.441182 517.946904
142.331851 527.576752
138.372355 525.036952
138.608517 522.777965
135.988291 520.347639
138.070919 523.183190
134.426676 521.308472
138.000000 523.000000
142.511567 529.627325
141.463495 526.818100
138.117644 527.378714
135.581357 529.073068
136.545867 529.390590
133.057164 521.473121
137.330447 527.375614
140.883771 525.721099
138.000000 527.000000
135.455709 646.462044
142.654600 653.306251
134.461586 646.232549
142.999038 646.344286
142.369737 646.848974
141.530962 645.823838
139.800946 641.614196
139.601211 642.744034
141.000000 647.000000
141.321131 651.121186
142.077762 656.929902
142.161587 646.749995
142.245097 650.280399
146.228142 648.502414
134.687397 649.152382
140.411393 650.144694
137.009092 657.243727
141.000000 651.000000
138.026467 650.259606
142.886450 661.062281
139.678734 654.428785
144.443174 657.714631
141.154948 654.874610
147.689687 656.007635
147.355945 656.382295
139.970036 652.320521
141.000000 655.000000
135.535997 527.321670
140.164995 532.827481
140.325852 531.633844
138.406593 529.873366
143.172963 532.442442
142.158208 529.595158
136.868877 529.459885
145.332421 532.040588
142.000000 530.000000
146.177247 656.332326
139.001711 656.463007
144.177831 653.730448
143.801561 658.569023
144.451405 658.429677
138.796049 665.197294
138.269523 658.795574
144.157298 660.472294
142.000000 659.000000
143.780124 533.629872
141.509813 530.423104
142.734663 532.836688
146.067484 534.963183
146.423293 533.240601
143.389293 534.001267
145.059910 540.376257
142.475974 534.271705
143.000000 534.000000
143.901659 531.425854
139.094674 536.673718
148.743666 540.088125
141.662665 541.060699
144.694691 534.490104
141.619852 540.064322
144.354382 538.539198
136.581407 538.558150
143.000000 538.000000
142.344234 547.552813
143.964664 535.402583
139.519849 538.652579
142.278546 544.725720
135.933566 542.378923
144.143825 547.928482
143.315122 542.670970
137.429192 541.062910
143.000000 542.000000
144.847156 550.391557
146.010273 546.388614
145.232043 551.242048
147.064340 544.170028
143.097517 546.103109
138.668021 552.006285
143.309449 545.061817
143.533972 547.294727
143.000000 546.000000
145.117624 550.499995
145.093533 550.638546
150.600727 551.738271
145.474914 554.260401
147.256201 549.042676
146.353227 547.719681
142.224395 550.174776
146.826375 552.356291
145.000000 550.000000
149.546936 667.485807
149.183699 659.195270
151.965657 657.636499
146.367034 663.611611
152.070947 663.530180
148.025830 657.748829
147.656490 661.957123
147.143579 660.916487
146.000000 662.000000
143.082263 555.353997
146.003743 554.940095
153.169507 556.075429
141.881116 550.859315
154.577731 548.064356
148.320970 553.362098
148.981075 551.023032
149.196140 551.236955
149.000000 551.000000
149.486593 663.851665
148.541038 664.511564
149.490368 666.169304
150.156123 668.334886
150.117255 665.031528
147.802876 663.384269
155.957992 668.076854
146.329493 665.409682
150.000000 665.000000
152.604315 538.254388
152.143146 533.968901
151.939494 531.972939
154.644433 534.723850
155.075762 540.643720
147.238449 534.423163
150.478727 535.230598
148.023159 532.539004
151.000000 536.000000
148.859786 541.052398
148.356826 543.953812
150.163123 541.645914
157.954342 540.141299
150.438783 540.810299
150.831476 539.952245
149.225576 532.995301
147.468037 542.582870
151.000000 540.000000
151.379575 668.862966
152.531017 667.782561
150.730392 671.986262
150.922694 670.712215
153.329583 669.648037
144.679545 669.778098
149.044029 675.835707
151.950505 668.932961
151.000000 669.000000
150.504122 673.357462
149.466943 677.439028
157.723080 673.174010
152.439978 671.188378
154.996334 677.222283
143.694848 673.292514
149.606419 673.066114
152.776674 674.004936
151.000000 673.000000
156.372996 677.250324
149.056709 678.997258
151.433119 677.500340
152.958886 674.378099
153.960493 670.163819
148.766202 677.316833
151.902989 674.672279
147.622172 670.699946
151.000000 677.000000
153.577344 682.512402
146.982886 687.173287
156.094849 681.857694
147.357290 692.358753
152.409510 678.969941
151.284366 687.657738
156.702703 688.825768
150.207951 689.554536
151.000000 686.000000
145.383560 540.496938
151.810666 544.162730
149.993749 542.623915
148.239015 542.389296
152.099227 547.882544
150.377663 537.264276
148.716849 549.158255
145.565299 540.487587
152.000000 544.000000
152.912748 550.000486
153.319531 549.707944
153.359782 551.058628
158.416219 547.869916
151.792215 547.567247
153.203019 549.776682
157.423833 545.687711
149.058339 555.829851
153.000000 550.000000
153.228693 693.629158
154.176510 694.298969
155.363993 682.824532
156.966615 688.309703
148.734008 694.118054
149.406800 694.172425
152.985870 689.731964
152.998628 691.272100
154.000000 690.000000
162.225438 533.916833
157.315038 531.557087
149.956095 529.949788
161.440182 534.249653
157.750927 531.408815
153.495486 524.898372
155.637000 536.884712
150.111201 537.576828
155.000000 532.000000
155.461598 681.519189
149.925122 679.754440
153.306545 686.106098
154.085368 679.721968
150.322605 680.857010
158.987908 679.052736
158.927634 679.017056
154.989712 679.203700
155.000000 680.000000
150.144814 686.479849
158.959528 685.440439
155.345194 689.156533
156.565750 681.691156
152.304341 688.834328
161.604534 686.331873
158.600199 682.748395
154.918049 684.201816
155.000000 684.000000
153.407765 474.653832
159.978803 471.485932
152.975802 467.855369
155.203306 474.640873
155.818131 465.082184
160.362836 473.288626
156.868273 465.952477
154.113362 474.149937
156.000000 471.000000
158.108672 480.226626
159.227896 476.857995
157.223015 474.596926
158.403888 477.298913
152.498655 474.088387
155.369286 474.904123
158.061155 473.911055
156.354597 482.189175
156.000000 475.000000
163.032360 478.966049
151.200925 479.181410
156.176331 481.062346
154.742588 478.345848
155.567012 479.576789
155.886716 477.697327
149.360142 481.243498
157.008978 476.385716
156.000000 479.000000
162.193733 479.604092
160.784856 484.288556
158.526985 481.311789
153.720593 482.809409
150.319280 486.308881
154.962991 483.569155
155.704325 482.352174
156.566558 477.748277
156.000000 483.000000
157.096804 491.223952
155.951127 487.920921
155.369988 487.156596
154.594614 481.529605
153.026604 488.041341
156.040485 486.666560
154.974785 487.109651
156.116647 486.931536
156.000000 487.000000
160.510964 485.932292
160.927200 489.459978
156.882222 497.294467
159.538278 496.820684
154.661086 495.025051
156.277689 492.898441
154.133602 490.247130
158.610924 491.606185
156.000000 491.000000
158.715491 499.554526
158.201556 494.075455
150.719426 494.990079
156.157016 488.269731
162.547134 494.574363
157.406244 494.678785
155.799147 494.176734
154.064608 493.181200
156.000000 495.000000
155.261269 501.184042
155.730931 497.328556
150.761063 496.709549
157.061609 496.499733
155.021268 499.235724
153.679347 495.506210
154.697375 498.819897
150.705348 493.783634
156.000000 499.000000
160.424753 505.000687
161.972111 505.446611
157.917378 500.757680
162.688136 501.503703
163.193533 502.829465
150.835544 498.748691
152.149845 503.551440
155.830040 503.569538
156.000000 503.000000
152.695085 510.323329
155.890603 502.790266
156.476313 507.087264
158.529521 506.660777
161.514607 505.840678
156.091419 509.759012
160.697909 504.797459
162.119494 508.223303
156.000000 507.000000
151.192145 507.445345
161.630881 509.786899
153.231698 515.072731
153.230913 507.527422
154.162395 515.109669
152.962395 509.753942
155.766742 505.320029
157.058478 513.269189
156.000000 511.000000
153.130232 519.059562
154.823494 515.171666
155.064534 517.276388
155.300879 516.210879
154.510397 514.894251
156.188354 515.423047
154.229750 510.791714
151.224469 519.727330
156.000000 515.000000
156.980002 526.377971
156.207799 525.759046
159.702624 526.318126
151.282419 526.725238
155.986599 526.034730
157.864120 521.687662
155.699407 526.094679
156.037190 530.148195
156.000000 526.000000
155.596486 514.855280
156.523940 519.090485
155.917156 518.906661
153.960856 517.195892
159.461995 520.719539
157.086779 516.953090
161.855021 515.156121
157.011253 513.203289
157.000000 519.000000
157.662483 688.447981
158.909104 697.623170
155.245331 688.720465
162.805788 696.397666
157.524855 693.158862
154.933929 692.289602
156.328088 690.242870
153.141143 688.726203
158.000000 693.000000
161.740338 467.092456
160.444855 466.664391
163.975742 471.273795
162.516874 464.975561
165.117560 469.598780
164.019336 469.539554
160.308452 471.227255
166.937979 466.690002
160.000000 467.000000
159.946635 518.093950
157.205110 516.365912
160.497498 519.949966
162.506611 523.172643
161.229431 524.238697
158.819453 528.401168
158.001496 521.741551
166.038609 524.765210
160.000000 523.000000
161.437131 455.874132
164.962235 454.831104
161.963858 456.564913
159.236496 461.301641
161.449041 454.527806
162.119340 455.961186
160.961580 456.117203
164.479598 451.061129
161.000000 456.000000
161.468939 461.121218
167.344590 463.656800
164.884751 465.583551
161.794523 459.500362
166.938583 462.597730
163.367967 460.208382
158.759150 459.638120
163.804551 460.543645
161.000000 460.000000
164.387759 687.135497
161.981778 693.331832
165.059472 693.105537
163.958164 693.030695
162.369724 687.883015
159.337194 692.349975
157.910800 688.025636
155.284252 690.454816
162.000000 693.000000
165.939584 452.583165
163.122042 446.877843
165.768119 445.878408
162.470793 451.801411
163.292239 453.235632
164.390243 452.200493
163.781285 456.276673
169.869185 449.842114
165.000000 452.000000
166.147234 432.108252
170.706158 438.351380
169.465258 438.313410
166.976634 431.286130
160.172163 437.714561
164.649696 429.684323
165.838894 434.502409
167.682349 433.520399
166.000000 436.000000
169.514297 438.491107
167.368206 436.026902
169.256053 437.921955
164.428178 438.391945
169.430589 445.736646
166.884635 440.796471
167.474119 441.820043
168.621123 435.566531
166.000000 440.000000
167.521159 444.924505
167.222417 443.483428
166.293175 440.259323
166.452620 446.743369
167.631798 447.211875
166.342463 442.177662
165.010766 443.480315
164.361905 440.236906
166.000000 444.000000
161.784764 698.039820
166.548578 693.682450
160.525609 692.550863
162.412685 693.012161
168.234522 688.470705
166.538204 692.179371
163.171684 691.562367
172.007099 690.983498
166.000000 693.000000
169.498003 428.172869
169.581309 435.546115
172.932319 432.077846
176.390017 434.664558
169.796928 431.957842
170.069557 432.896503
171.534569 437.156136
168.713612 432.315048
170.000000 432.000000
169.546525 694.901233
172.723474 693.758902
170.673794 694.129925
171.648223 693.938345
172.970452 688.060174
167.979921 699.666417
167.544132 691.730066
167.737396 694.022799
170.000000 693.000000
174.394207 431.043876
172.116519 428.249723
167.023934 424.140648
176.550170 424.980773
171.884033 426.102274
166.481988 428.760199
174.441116 430.826356
174.830356 421.845066
171.000000 426.000000
174.161724 690.786176
172.698627 689.794119
175.122067 684.407747
179.033378 688.337669
171.728988 690.199918
176.516182 688.726958
174.049323 693.643320
168.442685 690.456504
174.000000 690.000000
172.388445 425.705757
175.869045 417.250689
174.618063 426.616013
170.585767 418.681314
181.384436 425.057208
179.074179 419.354913
177.397097 421.826083
173.762900 418.947239
175.000000 422.000000
170.410840 412.643616
173.509373 414.237640
175.738236 415.774370
179.833459 420.580037
174.127612 412.881918
177.323377 411.562751
176.077987 412.680416
179.209512 413.730175
176.000000 416.000000
181.235855 688.847728
177.709087 687.411854
180.031803 687.395901
175.020102 690.761732
177.915776 686.738071
176.404865 691.417995
172.457608 686.846851
178.921432 683.868863
178.000000 688.000000
186.688317 412.591598
175.200506 411.805118
182.140325 407.231014
180.957887 412.253931
183.203920 410.411102
177.894542 411.142464
179.719241 412.415232
174.758537 412.855879
180.000000 412.000000
178.547763 411.330678
180.674979 409.771673
174.545413 407.850865
183.753277 407.028282
185.297186 402.131700
179.855903 408.181813
181.978451 403.550735
186.263035 408.965210
181.000000 406.000000
178.300360 692.616975
179.229719 691.887765
181.493709 688.255401
181.035873 687.238258
183.765816 690.600214
183.713303 687.614872
182.015251 688.072901
186.551180 685.412522
182.000000 688.000000
186.629854 399.877307
187.208402 400.824119
185.659123 397.711947
187.569258 402.906848
191.793720 402.540896
182.332440 401.869556
182.135039 399.384332
189.282182 405.055911
185.000000 402.000000
184.590996 388.413407
186.018642 390.998427
187.244076 393.863032
182.701641 393.651501
183.264146 390.489327
186.974610 387.941114
184.469598 391.036358
182.522859 391.889940
186.000000 391.000000
189.031326 391.777497
186.272242 394.670046
185.811797 398.244735
180.148785 396.888469
184.924816 396.083639
187.793075 392.633814
186.434801 395.187026
179.032957 392.805829
186.000000 395.000000
185.933034 690.252731
185.256697 687.250973
191.060016 688.259118
190.124504 693.086240
182.316277 685.121852
180.687048 688.062798
186.780089 690.979017
184.810528 686.269468
186.000000 688.000000
184.923828 684.129364
187.527625 685.355277
188.000352 682.000236
184.455571 678.771971
189.616379 682.582288
192.720326 686.391792
188.133166 688.923435
186.344641 687.380417
188.000000 682.000000
194.419355 384.807498
191.910597 386.634600
190.017382 387.020825
195.137967 388.949786
192.363428 384.928801
186.884031 383.062554
191.491279 386.197790
193.081436 392.508142
190.000000 387.000000
194.603489 376.241010
186.741008 379.791993
194.376753 379.855469
192.740880 374.303318
192.142005 374.885161
188.638017 371.349307
192.734887 378.485577
191.341712 375.949623
191.000000 376.000000
185.868425 383.592164
189.204374 381.929873
192.978792 383.991755
191.245380 385.950511
187.674803 377.993218
198.136208 378.341567
187.497152 378.082589
190.381099 381.661273
191.000000 380.000000
192.071409 680.426211
197.191827 678.531518
188.172128 676.718639
193.057176 680.715435
193.652652 677.472973
193.661995 678.288388
191.616866 680.840673
191.534106 677.109970
192.000000 679.000000
192.728714 366.991639
196.358629 373.129730
198.799923 378.218649
194.919482 372.086789
191.602256 374.916582
196.366279 374.555968
189.698350 374.681335
191.207633 378.426595
195.000000 372.000000
194.168396 683.194253
195.962479 682.046082
191.677109 683.956990
192.091803 678.366118
196.852476 682.519240
196.144169 680.994679
198.416116 679.976054
193.899860 684.520722
196.000000 682.000000
199.179920 368.875504
198.788457 371.020168
194.100825 369.759205
202.512234 364.535508
197.100110 369.303640
198.785816 369.328122
198.256771 370.142939
197.461763 371.256310
199.000000 369.000000
201.987347 679.791281
197.233298 680.640124
194.143910 679.836276
196.358404 676.845033
201.308825 680.949921
204.278694 683.247361
203.392275 675.721973
205.429859 677.685814
200.000000 679.000000
200.716499 199.641237
201.722398 207.781117
200.448059 204.923443
195.243864 210.352388
199.915981 207.459459
201.845376 208.215037
202.053727 204.762048
199.954356 205.912338
201.000000 206.000000
204.284606 361.164771
204.776795 362.158981
202.971543 355.060818
202.880052 353.917107
202.169145 363.125795
199.701681 361.327040
199.915869 361.997378
201.005487 361.123115
201.000000 361.000000
205.324199 209.060340
204.478969 209.332814
207.317948 210.895997
202.008650 209.008709
204.098055 212.428173
205.322290 206.513582
208.372101 211.649660
202.105251 207.964958
204.000000 210.000000
204.024694 677.988060
203.643409 677.212680
202.923933 675.116535
204.887453 677.378769
205.615734 682.534220
203.880599 670.809351
202.623462 680.175777
203.970899 677.020324
204.000000 678.000000
203.219536 200.285206
210.102276 204.550091
204.919792 205.554959
209.579976 199.837422
207.232972 195.654905
206.711726 201.272924
204.844341 201.312946
200.473927 200.404152
205.000000 202.000000
203.998924 356.092847
209.424541 354.021710
203.387946 358.789474
211.542194 355.965137
207.159402 357.821935
209.206935 355.136332
204.037634 361.962846
207.445668 363.292253
205.000000 357.000000
204.328766 196.065995
204.888102 198.997456
210.089179 192.766831
204.044280 197.657332
206.678008 199.445396
205.613794 191.645162
207.008070 196.017440
199.930483 198.766769
206.000000 196.000000
209.976789 213.061017
203.748451 218.865468
208.444427 210.104793
207.217323 212.775627
208.746967 215.110032
205.173080 209.413093
207.920644 211.747582
207.828486 213.532625
207.000000 214.000000
203.526822 680.144554
201.266689 675.324220
209.504672 683.751465
210.684304 682.020341
208.696989 682.535853
211.187466 682.587303
210.841976 674.169091
209.833656 685.084283
208.000000 678.000000
209.840001 354.987444
207.544021 354.349045
209.126415 354.227646
210.814094 352.799642
207.415213 355.996304
204.393096 348.449850
206.709935 348.859489
203.142224 350.734655
209.000000 354.000000
209.967572 186.828127
216.262783 193.678238
206.528847 195.948688
217.367183 192.784901
208.073707 192.969903
211.897192 189.874243
211.655620 193.563815
208.464067 191.471449
210.000000 192.000000
215.068640 186.125957
205.341922 182.477094
216.817263 184.266044
210.834112 192.402146
216.780927 183.203807
204.540644 185.613269
208.751167 185.269834
210.903694 185.364195
211.000000 186.000000
215.056805 215.312579
217.514734 217.599790
211.252411 217.161723
216.210342 218.562036
212.743684 215.372360
211.656951 217.153115
211.001633 217.053634
209.921678 216.308617
211.000000 217.000000
211.092421 217.088068
207.312569 221.083411
210.662799 223.444889
211.247874 220.561501
213.730232 224.069122
213.941970 225.811445
210.641180 215.478710
211.071592 220.780823
211.000000 221.000000
217.051546 224.558079
210.905390 220.495026
209.160402 226.009005
211.920859 225.115366
209.026173 225.576680
211.048804 224.941992
208.458993 228.215775
214.345159 224.395016
211.000000 225.000000
208.001835 233.925720
217.769302 228.817217
217.483809 230.313672
208.821267 229.258162
210.819592 229.317765
204.286219 228.434170
212.759325 230.717766
210.631689 229.653358
211.000000 229.000000
213.799972 228.361954
212.045572 230.776820
211.349763 231.786721
213.368742 234.131011
210.398909 232.218980
205.576227 233.988654
211.096910 237.874409
209.022965 233.092113
211.000000 233.000000
211.191725 340.818243
207.704103 343.632163
212.347456 339.858006
214.065481 341.223028
206.827994 342.920188
216.493065 336.091026
212.019140 344.287256
210.999338 341.129695
211.000000 341.000000
214.501611 347.351692
205.848913 348.588736
209.642994 345.955090
208.990670 344.161466
212.562878 347.902336
205.759533 346.361606
211.002983 344.995284
205.745657 345.183321
211.000000 345.000000
208.662634 342.346769
212.794797 341.756669
212.506204 352.396559
208.358743 348.224590
211.237177 348.875360
217.156078 346.565954
213.060051 344.227895
212.348545 351.230408
211.000000 349.000000
214.770792 673.367640
216.890902 680.380617
214.459954 684.342929
213.510884 682.043549
216.413148 682.388288
209.608691 681.730457
212.224576 677.991373
217.735707 680.628390
212.000000 678.000000
215.188152 182.537063
215.427289 181.664366
214.366634 187.607882
209.307847 181.917406
214.688877 179.359985
207.929419 180.028778
217.909448 182.439870
217.258334 181.470507
215.000000 182.000000
213.122945 236.033421
217.394755 228.914036
214.979946 234.565344
215.061844 232.327902
214.024123 232.291052
215.098633 240.387123
217.081338 232.867845
213.524380 232.712480
215.000000 233.000000
217.451092 343.630300
213.447990 338.721426
211.012332 344.049570
218.351236 342.861118
213.012139 341.026734
216.173469 342.505688
215.480118 334.761426
216.581678 341.097743
215.000000 341.000000
218.009945 679.734452
215.090144 670.455655
213.848770 675.072413
219.573174 671.785176
212.485340 675.360286
213.518309 672.678168
209.913804 669.400627
214.999092 674.008354
215.000000 674.000000
221.667123 180.114270
217.447489 182.860637
215.590353 179.175401
221.764079 177.823102
218.704362 182.368013
220.962609 184.730126
215.675592 176.269026
220.901209 186.393383
219.000000 181.000000
215.309538 240.527492
217.348059 235.775357
215.673930 240.367684
220.434891 231.272829
221.738515 231.252204
214.154445 228.594497
217.708101 229.572033
219.766837 235.355924
219.000000 234.000000
214.701449 341.418869
218.155078 335.617479
218.381771 339.500105
214.987091 340.926574
214.990855 336.241584
217.883842 334.815427
215.789583 336.996762
218.615864 341.957803
219.000000 339.000000
217.256165 674.985411
221.279131 675.677722
218.921644 670.005700
220.065232 666.336635
221.682277 668.369484
218.918053 670.463012
214.732058 669.714962
219.747245 670.333978
219.000000 670.000000
223.428848 232.930394
215.354999 239.962906
214.897259 241.056350
225.211702 241.388432
224.827371 235.902142
220.298186 236.669806
217.829443 238.556384
220.968933 240.225193
221.000000 238.000000
225.363503 330.530435
218.826319 331.012619
217.664611 333.340740
220.144166 330.171884
226.220130 330.745225
224.061461 330.976942
217.344572 328.965223
220.711619 330.945552
221.000000 331.000000
224.001780 174.497575
224.662730 178.140725
218.908946 178.905107
224.543239 183.070847
225.703311 176.781862
222.696232 173.507522
223.032906 180.012563
221.823675 180.811891
223.000000 180.000000
216.395835 669.754838
222.966851 668.021012
227.325897 668.877091
225.119680 670.668497
225.314691 672.658134
222.717026 662.218591
222.738801 667.569199
216.602485 668.005062
223.000000 668.000000
228.006628 240.677710
227.549573 238.608894
223.987962 240.584388
228.561319 240.088314
226.345816 238.721898
224.987847 240.012374
224.631903 241.680399
223.968513 239.742566
225.000000 240.000000
218.723869 327.515649
220.963267 322.523206
224.180987 327.138018
222.080512 325.600009
231.034905 323.477326
224.333261 329.302627
223.096006 325.422526
221.918826 329.435212
225.000000 327.000000
229.582517 174.338197
225.367392 173.558250
220.159447 172.525200
225.378159 171.003705
224.818925 175.131898
226.221264 176.302348
227.934788 174.471358
230.044034 178.413796
226.000000 176.000000
224.939465 317.407550
226.115045 314.598384
227.811924 315.379532
226.139329 316.479563
228.678714 315.228033
232.037418 319.131744
223.224934 317.609426
218.957973 314.745244
226.000000 316.000000
227.887992 319.953549
221.220869 319.414128
231.822613 322.993639
225.654585 314.902727
222.037143 322.346169
227.501857 316.840455
229.634106 317.019433
227.294809 316.840158
226.000000 320.000000
227.099116 667.539366
223.105825 669.813910
221.348411 666.464040
222.359272 667.016758
227.636553 666.514919
226.051426 667.183093
223.431809 663.089302
232.978533 665.542902
227.000000 668.000000
226.324538 241.515968
229.569067 243.123310
226.784592 240.331954
230.847395 241.614557
231.908432 243.966440
226.581964 241.153796
230.221926 242.421424
235.652326 246.139562
229.000000 243.000000
222.805571 175.950623
228.581372 175.718179
228.857967 176.966776
233.662135 170.508651
231.021266 178.352199
232.146897 172.614493
232.687652 175.868637
229.376015 175.845734
230.000000 176.000000
235.302592 310.788987
226.116245 315.864489
230.777613 318.468025
227.649420 322.784269
223.724252 316.067647
225.956436 320.901948
225.718894 321.201464
231.306019 315.513370
230.000000 316.000000
230.545922 675.019345
229.495396 668.860677
230.735507 668.081460
225.718665 667.374257
227.939532 664.408974
233.471590 662.647559
230.941875 668.068909
225.314433 669.149248
231.000000 668.000000
232.743303 243.964981
233.780032 249.252213
233.597717 243.064997
230.067926 243.061071
230.664089 244.647333
233.233948 243.972292
233.280222 241.020101
229.342869 244.316071
233.000000 244.000000
234.869825 179.044012
232.914041 183.497999
239.702767 179.018826
235.136480 177.288929
236.799498 176.151921
235.456783 173.913608
234.359000 176.008678
233.357972 177.007925
234.000000 177.000000
231.816311 313.998703
230.564668 310.478235
233.659988 315.917870
231.579937 320.017011
232.014177 317.772813
234.070319 312.753571
233.964019 313.368566
232.801534 310.149602
234.000000 314.000000
236.037556 661.311982
234.486931 674.380409
234.563784 667.887966
235.017785 665.144861
242.366370 668.888492
233.053410 666.492552
235.088238 668.479667
233.053910 670.061102
235.000000 668.000000
234.398886 246.567806
241.921453 245.141506
234.660040 249.235530
232.904228 243.560801
237.544110 249.092648
234.455264 251.998207
237.709922 244.253633
234.866950 244.115876
236.000000 248.000000
240.422166 306.022321
230.536609 303.465652
236.192741 307.248462
239.956680 302.179373
235.758093 303.086649
231.041839 306.524046
230.015115 307.845516
235.628808 307.547324
236.000000 306.000000
236.841028 181.144370
237.174633 185.574464
241.156113 177.747406
237.375632 179.269593
237.450430 181.044240
242.081990 182.720172
233.600541 178.481463
235.687943 180.490872
237.000000 181.000000
240.602747 663.255054
238.521839 660.338397
239.899595 666.879187
241.363219 666.746874
240.143405 658.472135
235.617802 657.458400
240.553588 662.234974
239.702160 667.718133
238.000000 662.000000
244.847406 668.493278
243.266937 669.305754
241.042032 664.646409
243.107729 663.379552
243.837998 667.460071
239.191100 666.326482
232.485559 668.821432
243.218769 665.377002
239.000000 666.000000
240.886939 184.104173
241.439272 174.039670
238.457946 176.472599
240.151107 177.057213
238.963284 176.818533
244.495944 174.711217
246.057783 174.121833
235.807131 171.147790
240.000000 177.000000
234.920481 247.439867
235.250560 249.697468
241.021985 245.941834
237.843844 257.164994
237.860159 244.086680
239.666860 247.903527
237.771943 249.996819
235.168351 244.554832
240.000000 250.000000
238.816482 306.845598
242.732600 305.341638
241.028172 301.671591
243.495829 303.873862
242.643554 311.103893
236.418115 310.969744
241.816169 311.244595
239.074694 311.728469
240.000000 309.000000
247.772624 661.505492
242.703828 660.479764
236.407078 656.442734
240.500192 663.914796
239.269107 661.867731
236.284110 654.875930
238.839071 660.343573
243.067302 657.202849
242.000000 658.000000
248.633722 175.862552
247.921754 169.691099
245.751267 182.577975
249.126172 177.991872
248.826893 177.157118
243.986571 176.027743
239.685956 177.294307
239.113750 172.816096
244.000000 176.000000
244.065581 253.228314
248.322492 251.005945
247.362204 250.873132
238.893753 258.168467
244.796652 256.991932
238.539113 251.956283
243.792348 253.090438
245.323970 246.169271
244.000000 253.000000
238.482554 306.433303
242.718955 308.591442
243.234832 311.933945
243.516320 306.051236
245.854226 304.571219
243.392964 305.910203
246.903581 302.681417
243.311630 302.721712
244.000000 309.000000
247.297448 658.124230
251.274343 658.464296
245.322705 657.462517
243.083249 659.642182
245.398059 655.879687
243.420387 664.842171
247.497804 655.830624
251.570824 657.098156
246.000000 658.000000
251.572120 307.293955
248.910838 307.309394
243.275260 302.779641
250.384131 306.140386
245.151094 308.083454
251.371647 300.458943
246.062907 310.173580
247.042024 306.882771
247.000000 305.000000
243.788607 170.581462
246.969768 178.669052
247.993982 173.834569
246.579600 177.907499
247.759542 181.382880
243.878784 173.187367
246.100043 177.377481
251.379697 172.837078
248.000000 176.000000
244.925029 251.341348
247.110037 252.959531
244.963160 259.050434
244.425580 260.534096
249.375665 258.547165
247.279091 252.982451
252.861918 253.088080
247.316842 256.662416
248.000000 254.000000
254.636096 656.975620
248.861163 663.877862
246.147771 656.177231
248.194813 657.910655
252.167237 659.005559
254.278239 662.561670
248.018210 662.236134
255.316336 655.737989
250.000000 658.000000
254.750731 264.167554
250.617456 256.314556
256.451515 261.066421
247.271928 258.795815
250.712267 263.490176
251.615721 264.130292
247.046420 261.353075
251.391630 257.615000
251.000000 258.000000
249.584598 301.626191
246.155086 306.083922
245.956880 300.210875
250.387654 300.950088
248.800749 299.155623
247.956967 296.338244
249.014666 303.306943
250.161535 303.801809
251.000000 301.000000
249.040403 171.130536
252.160084 175.937537
248.639143 170.222989
252.140581 175.570477
253.051531 177.642805
250.568449 170.252061
254.049299 177.058881
250.680667 175.956646
252.000000 176.000000
257.850625 654.697682
255.559957 652.442688
249.014816 654.101616
256.955418 654.441004
259.777958 650.711585
255.646332 658.277007
255.274990 651.278822
250.886960 657.763138
254.000000 655.000000
254.072973 258.640144
252.754716 258.590582
257.071953 251.035602
254.264741 259.015084
256.587762 258.103320
253.748313 253.390487
262.050674 258.652290
251.376919 262.305766
255.000000 258.000000
257.115294 300.896139
255.509829 302.019259
254.818585 301.139277
255.589004 301.049335
251.825358 295.128052
254.994272 299.645385
254.432328 296.326453
258.017828 299.383532
255.000000 297.000000
256.243009 168.850089
257.551244 174.335429
256.891936 177.516679
257.919823 173.642084
254.859386 175.480905
256.047001 176.259328
256.315453 175.092369
252.510691 173.473255
256.000000 176.000000
255.620558 290.479141
262.230943 292.073714
255.287417 292.077154
260.394699 291.897504
258.733466 297.638268
257.216882 286.773264
255.891323 290.866365
255.704151 297.494809
256.000000 291.000000
257.485013 653.891200
258.943980 651.620225
256.188302 654.329068
261.641761 653.045820
258.062562 651.500536
259.502029 654.501391
257.848521 647.716321
256.360172 647.950198
258.000000 654.000000
256.863497 261.637427
252.121979 258.645776
254.405316 259.363011
258.529837 257.318816
255.187792 264.004213
264.977554 261.394983
256.128662 260.889956
260.666137 255.143575
259.000000 258.000000
259.488889 186.199047
258.957783 177.780903
264.281572 178.974508
257.836488 176.603777
260.983615 178.904367
261.667293 180.236644
259.370302 178.618865
257.150485 178.350791
260.000000 179.000000
260.191235 286.488405
265.320105 288.490520
260.470279 287.234008
259.395989 283.258123
261.030683 282.067737
264.179403 285.560329
254.281736 284.193420
263.566362 284.184525
260.000000 287.000000
265.328614 283.222660
259.143879 278.471825
261.340413 276.897597
259.491023 278.819571
264.855894 279.481894
255.402745 277.485027
266.328355 282.727086
258.852556 278.384236
261.000000 281.000000
261.147059 664.397524
263.573161 660.824427
267.878278 660.579363
255.298435 662.290059
256.838131 660.196283
261.779125 661.550548
259.962122 655.471534
255.598687 654.515282
261.000000 658.000000
261.651007 258.484793
266.645296 256.632151
262.672527 261.686806
259.253511 255.370799
265.907620 260.709656
261.091854 264.450323
263.032493 254.425709
257.458162 258.647373
263.000000 259.000000
262.052197 653.167575
265.179734 657.521159
266.226495 652.278492
262.751477 653.146640
262.539177 654.896180
263.647266 655.506602
264.906309 655.567316
256.954933 655.628252
263.000000 653.000000
264.364651 185.777965
264.736132 180.414017
262.999435 185.549744
262.854553 178.285653
265.462904 182.950146
263.377259 179.742081
262.827228 180.613868
258.935544 184.391113
264.000000 181.000000
263.400950 279.426950
263.316731 278.811667
261.451252 284.387992
262.744211 283.183835
265.749366 282.845177
267.608462 275.614480
263.625110 280.136823
265.832200 280.784860
265.000000 281.000000
265.930461 261.678914
265.939417 262.382252
265.182969 261.101109
272.083847 261.436054
266.889527 264.795377
263.219310 264.462236
271.386091 265.543960
266.575397 265.704903
266.000000 263.000000
265.363869 648.862945
261.830532 648.286768
267.347137 644.461524
262.303261 653.726050
266.080052 648.893981
268.217778 649.839521
263.163450 651.251396
262.622432 647.592590
266.000000 649.000000
267.559668 174.875080
264.629533 178.836913
268.028104 181.080798
268.772713 180.285456
269.652442 176.989337
268.437660 179.090942
270.027854 186.815336
274.884394 182.826278
268.000000 181.000000
269.470075 279.065013
265.797734 279.476296
269.843392 279.022727
268.636941 273.398853
265.234505 276.946268
264.571717 284.042175
273.972455 274.925185
269.439284 279.361172
269.000000 279.000000
266.523486 267.707155
269.871007 260.037796
267.717830 259.690381
267.895387 264.116540
265.826334 268.248528
270.115950 264.834992
272.309986 266.115336
266.092693 264.490458
270.000000 265.000000
263.229591 645.721734
267.647327 645.769282
275.037690 652.767327
271.937126 643.405929
268.961185 652.773358
270.221230 650.839446
271.141498 640.923436
267.505267 649.983710
270.000000 648.000000
271.480202 179.631084
266.907550 184.886669
271.997743 181.011497
274.157831 174.664250
278.742090 182.000968
275.070410 178.362156
273.595330 179.936741
272.988681 182.072197
272.000000 181.000000
266.166952 268.805600
270.666739 267.485414
268.403456 266.563429
270.692028 270.885414
271.611693 272.360862
276.464423 271.635687
270.593796 269.356114
276.912257 264.500921
272.000000 269.000000
278.204982 277.853658
267.056127 273.071654
275.839352 270.901512
272.249592 275.003372
272.381610 275.913343
272.507929 277.893311
268.118323 276.648026
269.672530 273.248419
272.000000 275.000000
271.111594 649.868119
274.731174 644.625539
274.080539 649.994032
273.692701 648.370455
267.832356 648.779574
274.137684 649.913989
273.979645 649.264985
273.561628 650.398214
274.000000 649.000000
274.654785 182.894127
273.445781 177.901466
279.821921 179.421991
275.916100 183.980379
269.668377 178.752942
272.540080 187.425104
276.459880 184.618781
271.243344 176.769458
276.000000 181.000000
274.815529 275.369370
275.925546 266.928671
273.683527 275.444919
270.982597 275.592233
274.983089 277.948313
278.488965 271.588278
273.939267 272.793798
277.568873 279.075282
276.000000 272.000000
278.790604 646.873882
277.667858 652.173307
278.718244 655.661956
271.360531 655.545934
276.083289 649.336548
282.673045 654.057807
275.816553 653.712246
275.686067 652.967845
276.000000 653.000000
276.711830 179.362276
279.660224 181.417979
285.592144 178.189403
280.904781 183.362215
284.494922 182.943207
278.987247 180.627064
282.441676 181.761028
277.430800 179.776424
280.000000 181.000000
286.201045 645.945204
282.558298 649.752282
279.785477 649.283570
280.280334 649.215141
278.311181 652.432376
278.431786 647.241203
282.489730 649.293379
279.213199 646.865366
280.000000 649.000000
280.148065 184.037480
283.738690 180.792632
281.119206 181.143991
283.465848 186.602904
285.914441 186.324502
285.971812 185.512663
287.589827 182.558966
277.302250 178.288464
284.000000 181.000000
289.065111 651.502285
280.498824 648.078577
283.016701 646.615915
289.370381 648.325430
287.661314 653.199340
276.917196 649.460930
286.062578 642.822721
284.113392 647.430068
284.000000 648.000000
287.350664 178.706502
288.233927 180.499090
285.870248 174.144959
291.261214 180.022387
287.231827 181.072050
288.562999 180.999472
285.184395 184.450134
282.865758 183.727437
288.000000 181.000000
293.024708 650.284242
292.560878 647.821322
287.637679 648.316368
293.091462 649.163583
288.050643 648.070505
284.995786 648.858502
288.475608 652.009133
293.822119 646.493465
288.000000 648.000000
286.570568 191.039411
285.073830 188.676131
285.657661 179.979237
287.375518 184.926757
288.543648 182.100224
287.407985 190.172174
285.831112 183.713028
287.262841 190.807923
290.000000 185.000000
290.651386 642.946283
292.772335 647.320480
290.038592 648.326389
292.531634 649.951717
293.631088 652.893705
293.867242 648.785324
290.526959 647.893038
292.504807 649.201025
292.000000 648.000000
290.822790 183.089320
292.336980 189.826750
290.431787 190.006974
297.890506 185.870648
294.808084 187.426529
297.864261 187.799054
299.436853 185.545351
291.093562 189.264811
294.000000 186.000000
303.092355 646.396478
299.638245 647.268090
298.864482 652.500120
297.609947 645.084145
294.993337 651.003917
296.903783 648.178321
293.043270 644.288951
293.474180 647.399549
296.000000 648.000000
298.597836 188.958232
294.407295 188.911056
299.947923 185.588287
300.384236 183.263125
297.269397 187.687233
304.228682 182.075943
297.892373 187.818149
301.628317 184.098469
298.000000 186.000000
295.524179 639.669348
302.831556 649.477048
298.472338 645.645004
297.628643 638.605296
293.242587 646.556341
303.366521 645.043933
294.963800 647.038835
300.209453 643.975447
300.000000 644.000000
303.247742 188.349231
304.750403 187.499345
304.079567 187.651060
307.111731 190.876919
302.335104 186.273667
302.074980 185.914373
298.185823 189.313827
300.000847 188.149646
302.000000 186.000000
307.859176 645.228455
310.243181 641.558566
301.447815 644.171496
303.552872 642.847455
306.129822 645.131536
299.066015 638.449436
302.756232 640.268840
301.399482 639.798772
304.000000 643.000000
307.350942 184.876243
309.481678 181.345148
302.390744 184.994253
307.770034 188.429215
305.712058 186.258417
301.207537 191.507740
301.635665 181.341949
311.552371 181.437579
306.000000 186.000000
303.669667 646.135771
311.870843 643.665434
301.126120 643.056462
306.610143 637.229804
311.998357 643.179623
308.919429 636.362795
304.506842 638.448106
312.774696 639.862905
308.000000 642.000000
310.381540 185.653438
311.632055 182.187992
310.024125 187.759041
303.687902 190.020697
315.546984 190.507439
312.701515 186.235046
305.362636 183.623755
313.092121 186.500155
310.000000 186.000000
311.506606 631.009641
310.351226 635.994943
310.769295 633.323064
312.604027 636.965947
317.488331 637.822542
308.031851 637.770558
312.139071 638.104611
310.162137 637.605042
312.000000 638.000000
311.194339 183.620422
313.629484 183.991478
315.484628 181.860440
316.143773 181.748631
313.172248 188.714996
320.231785 187.323221
317.197155 182.382562
316.026145 186.075770
314.000000 186.000000
316.114215 640.931548
315.980055 637.983447
310.195930 634.040514
313.628810 639.406668
316.787146 638.277137
309.857027 634.807475
311.184961 634.739548
314.480254 643.001129
316.000000 638.000000
322.465110 183.816668
317.762742 188.542133
324.434218 186.450537
318.976583 186.850659
319.754738 187.182083
319.166207 184.625848
318.766744 184.989108
318.129220 184.252846
318.000000 186.000000
320.314671 638.137650
320.077607 641.657693
318.823893 639.582834
315.448557 634.918649
313.167606 638.470431
324.421923 635.128362
316.225433 634.306895
326.642886 639.639943
320.000000 638.000000
321.621007 190.984158
327.872948 187.681943
325.008233 180.360945
315.953539 190.025324
319.471138 191.822638
320.050556 185.918269
321.184277 184.777752
323.474916 185.088344
322.000000 186.000000
322.958915 632.145891
320.667564 632.777065
319.487657 626.896778
321.880114 635.754632
323.734505 627.017331
323.645137 635.945170
327.160431 631.956431
318.160806 627.966946
323.000000 632.000000
323.830840 181.826695
327.428240 190.313518
324.852572 184.407654
332.917175 187.900040
328.337263 179.531689
331.340372 190.134129
329.124694 191.247877
332.300014 186.283138
326.000000 186.000000
333.605643 626.919235
332.624355 632.720665
327.792631 627.123119
328.586386 627.535242
323.664765 625.260258
325.669228 629.590275
329.039525 624.929313
327.655074 634.489192
327.000000 628.000000
329.969274 186.077065
328.246971 185.394709
333.848698 185.704984
328.580108 185.971173
328.425200 185.976748
326.929596 192.671296
333.480755 183.771428
337.361290 185.515580
330.000000 186.000000
331.142658 628.128984
331.678231 629.427897
332.882499 627.251825
329.242171 627.373882
332.610642 633.199794
326.492610 626.449680
328.619657 627.977804
328.815117 627.255922
331.000000 628.000000
334.738338 621.600053
330.999881 619.743423
332.692190 623.935700
337.448440 625.933829
330.692498 622.482666
332.946150 622.032497
329.442839 623.318351
331.435503 621.866329
333.000000 622.000000
339.049855 183.696819
328.412148 191.529140
337.018209 182.987231
334.408562 183.195220
329.395817 184.792895
335.527191 191.296577
332.981561 187.322860
335.621840 187.260712
334.000000 187.000000
338.892423 184.989195
335.782186 192.236869
332.245947 189.109737
335.890541 190.139559
333.794650 193.270647
338.632231 186.102531
336.075352 188.516513
338.330161 190.939695
337.000000 191.000000
332.355314 618.129078
343.044534 615.765631
337.887600 616.446611
334.594301 616.775988
340.462345 614.319914
333.026858 618.357561
341.123687 617.110139
333.969140 622.512696
337.000000 619.000000
344.171444 190.129173
340.015895 188.677574
337.202717 187.884010
339.580792 186.455593
336.657451 183.918728
343.917568 181.282032
333.937945 185.041394
339.783500 180.463426
340.000000 187.000000
343.333889 183.641376
339.130852 185.155631
345.179158 175.709299
339.858399 182.925000
337.709839 183.971832
341.085709 181.684314
341.536979 184.052153
346.712152 183.343315
341.000000 181.000000
343.774186 616.358821
340.597759 618.014475
344.009652 623.382790
339.079211 620.698576
341.129836 615.928248
338.078051 618.259998
343.188262 614.706019
337.908934 613.067560
341.000000 618.000000
349.638844 175.227996
344.499638 171.699447
344.097312 177.929273
346.463608 175.395464
345.137199 176.987222
344.662727 179.311184
345.337900 175.177333
347.037196 180.367693
345.000000 177.000000
345.602642 614.557783
345.291872 621.006528
345.053171 615.327079
347.606482 619.794941
343.646776 615.522869
339.517777 616.601235
345.128915 614.242802
344.682044 614.078829
345.000000 614.000000
350.497567 176.505469
348.118736 174.620699
344.551737 172.463818
347.124893 182.132288
351.351085 183.105404
355.201389 178.722372
346.570829 177.364621
350.413908 175.223739
349.000000 176.000000
350.139166 611.449656
349.774313 605.556279
355.118446 614.289401
346.633553 612.854989
347.969149 607.957599
348.985452 611.932330
352.406184 611.302762
350.299616 616.004374
349.000000 613.000000
352.097513 176.891180
353.810845 172.047589
354.455915 173.234686
350.998262 177.992745
351.153623 177.515386
353.118744 181.248836
354.555945 177.791332
358.056523 171.440740
353.000000 176.000000
355.064723 612.875987
352.492322 606.918466
351.921214 612.119669
349.556566 613.651752
353.941814 605.964463
359.931594 611.283148
354.928495 613.681139
353.511408 616.954678
353.000000 613.000000
351.372725 178.049434
352.714467 172.947572
357.664996 175.096951
354.015379 171.986543
363.574023 175.995841
358.806073 174.516941
359.256384 179.022851
358.278583 176.485002
357.000000 175.000000
358.826113 614.450367
362.013185 612.680828
360.183938 614.553728
358.060021 614.938062
357.069838 613.913802
358.786068 612.639451
355.819140 617.103690
360.016602 615.685613
357.000000 614.000000
359.667194 609.146148
360.854884 606.549459
358.180181 604.200474
354.862207 604.197753
355.222052 604.503744
361.331947 603.347812
361.599763 615.796780
360.134892 615.448740
360.000000 609.000000
360.329537 165.344597
355.990304 169.930053
360.174930 176.152421
357.401593 167.815241
355.359489 170.290614
358.038413 173.694341
363.144130 170.531902
357.824647 168.624413
361.000000 171.000000
367.890152 609.621709
361.639428 610.265258
369.299807 602.955424
368.167513 606.765567
357.843925 605.896574
359.262011 605.278261
364.786152 604.222107
368.022941 598.971912
364.000000 605.000000
363.725680 168.405235
364.474409 164.262926
358.745826 167.769474
368.190079 168.636903
366.659637 166.246655
362.700378 167.937405
359.067339 167.642368
371.920721 168.854609
365.000000 167.000000
364.698237 601.795963
363.715045 604.383340
373.099492 597.973575
362.623482 603.145999
370.234795 602.373921
364.419479 600.303563
364.786668 603.020221
366.082552 601.951234
368.000000 603.000000
364.576774 162.232246
373.004607 164.870052
368.879464 165.904978
370.268399 170.400942
369.833713 173.144431
369.799835 169.801310
370.884921 166.595385
373.554054 168.730518
369.000000 166.000000
374.586540 602.661542
367.014748 606.633819
373.311017 603.544425
371.159230 597.212470
374.706713 602.121523
371.948818 602.605156
370.129045 598.269083
374.298765 598.441685
372.000000 603.000000
374.910456 164.712867
372.981318 165.174142
374.544558 167.186309
376.464801 166.828132
375.834893 161.589619
376.962835 169.092601
372.293015 165.146637
366.541861 162.083604
373.000000 165.000000
375.964824 156.046216
374.260322 159.350151
375.655770 154.865876
375.085265 155.719807
372.209158 151.995255
375.378958 154.825645
379.959176 152.870725
375.836835 149.283262
376.000000 156.000000
378.320652 154.733753
374.242312 161.835523
376.924648 160.172718
375.517232 158.252577
372.860666 161.591921
375.353559 160.279403
374.011224 156.470782
374.852759 166.910775
376.000000 160.000000
378.070221 603.105316
376.830999 604.609282
369.482664 602.650290
379.908700 600.515353
377.234068 603.387686
375.573367 603.528406
375.685184 600.897742
375.185274 608.121377
376.000000 603.000000
378.754546 590.860949
379.260468 596.176128
379.386624 603.208336
380.634134 597.592587
379.218927 595.019127
381.180525 594.637724
376.515599 596.034621
376.193853 595.132213
378.000000 597.000000
380.978044 148.932636
378.256508 154.001183
375.831121 146.831192
381.846740 145.605535
375.746209 153.769597
378.577160 151.589300
381.082860 145.023402
378.293565 151.843246
380.000000 152.000000
385.043879 590.457361
381.865956 594.913499
379.245739 594.956155
384.195752 594.307488
388.292208 598.074879
379.789625 591.132766
380.834755 597.578109
379.645593 593.446372
382.000000 594.000000
386.826523 142.576169
385.591397 146.846316
385.012095 153.910208
381.692925 142.246671
381.915348 153.214345
383.045454 156.328278
384.809208 155.987971
379.169632 147.881120
384.000000 149.000000
388.429243 591.028674
387.596241 594.884253
390.689700 588.177573
387.631343 595.054704
388.146777 586.717616
389.473236 593.963524
383.005443 597.102392
382.474892 592.931236
386.000000 593.000000
389.525743 145.344507
388.966995 146.316619
387.707201 144.316339
385.482138 147.134761
388.280502 140.087392
394.059656 147.006995
389.017512 145.027562
384.289321 143.293767
388.000000 146.000000
388.628901 594.980181
391.523994 591.243642
385.673870 591.004668
393.542311 584.739543
385.678070 586.110602
385.712687 585.785337
388.390763 589.391165
388.770571 591.686679
388.000000 588.000000
397.324755 582.644243
388.297501 586.704732
389.086559 589.822488
385.592024 584.565432
394.908294 584.197412
391.161740 584.188655
390.483132 576.877582
386.135536 585.798912
391.000000 584.000000
388.014885 143.597255
392.190998 144.969184
394.460891 147.236314
390.455583 143.527287
390.790064 148.232485
394.210464 149.278418
396.823903 142.082749
393.328486 146.555586
392.000000 145.000000
395.138647 586.776613
393.033091 578.042995
394.435692 581.413633
392.691178 579.685963
392.952785 576.162884
397.540916 576.633779
395.579540 586.027195
392.878909 580.820353
394.000000 580.000000
401.364613 142.799705
390.828549 140.632545
396.936602 142.828617
396.706958 133.888329
401.331776 142.070627
395.444329 141.106973
395.442528 141.083540
394.169474 146.477472
396.000000 141.000000
403.320748 576.349213
398.107388 572.140366
396.785920 576.163685
393.172718 574.271005
393.596541 566.613731
401.500661 571.016340
401.421992 571.154756
397.257184 573.324478
398.000000 572.000000
400.807204 581.344840
399.105303 572.296037
397.018722 574.512853
397.522758 576.087733
399.028091 568.984730
400.512372 575.206394
402.212397 570.681179
398.347814 575.212231
398.000000 576.000000
395.839647 142.549149
395.052559 134.461142
398.200657 134.340191
394.649374 136.133228
397.166034 135.383836
401.062584 136.513274
402.560999 140.991179
403.154826 131.979730
400.000000 137.000000
396.227267 570.989468
401.555266 568.514906
402.351556 568.021892
406.793262 569.762657
400.398040 573.746112
399.234112 574.898619
402.491989 572.169211
400.588422 571.130080
402.000000 568.000000
408.140086 561.665258
401.372674 563.607201
402.583846 562.013354
406.227344 564.126726
403.880086 564.939012
401.262108 568.992824
398.793954 565.887113
408.928024 560.976614
403.000000 562.000000
407.060884 137.147052
398.737805 137.579597
408.650905 131.645534
407.053903 135.584332
407.686985 132.311136
403.128529 134.810500
407.469294 133.251958
404.530938 136.917011
404.000000 136.000000
408.302415 555.600217
408.969925 552.658026
407.723897 558.183362
411.771261 558.247201
409.002773 560.142070
410.788540 563.084316
408.847359 561.409622
405.772398 559.257640
407.000000 558.000000
410.803173 139.834821
408.847557 134.826385
405.190403 130.503026
407.908791 134.958131
409.231949 135.956756
405.790107 134.776148
406.177938 136.872279
405.555464 130.287694
408.000000 135.000000
409.795311 555.485909
410.671924 558.921221
409.448588 547.514737
409.820713 546.747530
407.165789 553.303736
406.218867 557.749513
406.386278 557.693907
415.253127 556.628772
410.000000 554.000000
410.927200 134.457988
409.721323 129.036300
417.443081 128.416121
412.382278 131.506437
410.787573 131.633612
414.093735 136.602967
408.439508 134.557627
409.626048 131.712598
411.000000 131.000000
416.381862 540.902542
409.401272 541.894381
412.715437 542.719524
412.441637 541.865788
416.252487 543.316823
412.433264 541.936946
409.947372 540.696562
417.334675 544.341389
413.000000 542.000000
410.740306 542.933784
413.809769 547.923055
418.680624 543.164811
416.983359 546.510297
411.440920 543.667692
409.614186 542.448185
417.305090 545.180557
413.178833 541.765685
413.000000 546.000000
415.251926 546.299828
407.142993 551.326306
412.176331 542.562343
415.369420 546.406026
412.792401 550.192340
407.031163 547.163819
414.460729 554.054975
411.704363 549.073633
413.000000 550.000000
419.277094 125.044469
418.287281 128.001382
414.084104 124.737438
415.481461 122.297890
415.810053 126.309981
414.756307 119.929710
412.851632 120.421521
412.300705 126.470240
415.000000 127.000000
417.252943 538.036459
415.868282 530.835519
418.505154 538.727302
414.516285 534.482216
416.059451 530.677174
415.328625 535.982549
423.215883 540.716392
411.221586 535.934902
417.000000 538.000000
420.681850 128.290162
416.785611 122.567353
424.707642 122.458294
418.474269 118.944990
422.494599 121.337543
420.603441 121.672932
417.645108 124.946748
413.948462 124.465792
419.000000 124.000000
415.592299 536.424065
414.522209 530.641469
418.042609 528.274901
415.454595 529.456324
416.346285 530.223852
417.349651 539.275046
420.777711 535.995401
424.846757 534.968219
420.000000 534.000000
422.428395 111.868089
419.236430 117.034511
425.445399 116.334088
423.431834 122.888458
423.125447 114.708746
416.848888 113.333856
421.718426 116.965866
418.399173 111.035277
421.000000 116.000000
425.976203 530.615120
426.582558 528.615368
425.047288 526.674119
420.449858 533.161403
417.571795 532.897325
424.221286 531.876170
426.236167 535.853029
426.916625 529.613168
424.000000 530.000000
427.461112 111.419621
424.711075 117.906724
427.596924 113.077090
431.956214 115.235257
428.670844 114.063718
421.196764 112.594582
425.490813 116.809721
420.405015 114.133438
425.000000 116.000000
428.481673 527.827295
427.997180 524.540450
432.425057 533.833235
424.114593 533.463215
434.200836 528.930293
427.332566 527.523604
426.152561 530.287975
430.174143 534.218478
428.000000 528.000000
433.012874 111.211881
426.714285 111.826625
426.407298 115.820392
424.752195 108.159766
429.655989 113.730428
430.257422 112.444398
426.046770 109.831224
429.166952 119.191189
429.000000 114.000000
427.104459 250.965392
428.589843 247.619570
429.523113 253.988308
432.917504 246.176422
429.316723 250.912889
428.270372 256.544019
428.799818 253.438010
435.270951 247.038311
429.000000 250.000000
428.668526 254.361706
435.372537 251.232578
428.344098 253.518998
429.258181 252.187418
421.912530 253.813741
422.370863 255.773641
424.098944 256.992560
429.923865 253.563300
429.000000 254.000000
432.423028 105.469300
432.005560 103.489199
433.322318 105.188956
429.940536 107.195653
436.463949 108.665680
434.688349 104.344376
437.786550 108.753813
431.093467 106.352029
431.000000 106.000000
430.503331 521.568613
430.829824 529.931099
431.786078 529.835020
428.083194 529.493497
429.795792 530.430216
429.408716 532.690776
429.762750 535.092166
434.984556 534.095502
432.000000 528.000000
433.291619 248.858551
431.710968 247.998799
426.827643 243.316025
439.348979 250.488443
425.995615 247.978560
429.584474 243.085805
429.640077 245.230587
426.637636 246.306059
433.000000 247.000000
436.222139 253.000212
434.349272 249.493122
431.918955 257.657990
435.231809 259.076615
427.141704 259.235649
436.045891 257.210748
440.295277 255.716850
437.590952 260.687214
433.000000 256.000000
432.125958 261.079120
432.966090 260.404261
433.029615 260.130095
432.707873 259.964087
430.101703 264.030312
432.539249 260.923615
429.182473 260.631656
438.130528 260.627370
433.000000 260.000000
428.583944 268.080320
433.812353 264.249388
428.762803 263.930359
426.463640 266.884854
431.935884 258.531580
431.308564 261.631936
432.870435 261.071741
435.005540 264.875139
433.000000 264.000000
433.459136 264.894610
436.583230 269.333689
435.215695 267.795637
432.957907 272.396856
426.527734 269.634532
431.942873 267.863215
431.022596 265.823484
429.797142 261.565151
433.000000 268.000000
427.607483 276.136061
428.662425 269.519038
434.563583 275.438130
439.389502 269.391494
432.388641 267.989481
431.592209 269.989014
432.609102 271.351394
433.619757 270.477210
433.000000 272.000000
433.841039 510.266919
434.274049 517.582152
431.605537 515.818837
431.366631 522.116936
427.616152 516.273879
432.999642 517.005409
433.083648 517.066252
440.013052 517.626233
433.000000 517.000000
432.946161 520.756338
427.159087 517.793981
431.939618 521.605788
438.430647 516.226625
435.398295 522.570731
431.939059 520.131637
438.552826 522.462130
434.530269 519.028815
433.000000 521.000000
431.671648 100.609662
434.277530 108.388947
432.963981 110.207443
437.941322 99.289506
433.863375 104.447090
439.207728 103.453154
431.189665 101.339041
438.502898 110.918468
435.000000 106.000000
436.982384 243.705924
430.604466 241.534977
441.688169 241.338796
436.478881 240.004893
430.599271 245.248849
435.480962 245.109659
440.431771 245.913373
437.210838 242.242579
437.000000 243.000000
440.630524 271.704123
437.624744 280.596835
436.573686 277.609703
442.012121 275.895235
434.061812 274.960860
434.592320 273.844085
433.028540 271.855327
438.530275 269.117077
437.000000 275.000000
430.278142 513.528448
436.955817 513.301830
436.005551 514.873974
440.566716 514.661907
432.127495 509.406327
435.626512 514.591802
436.067478 509.701100
437.568877 515.794207
437.000000 513.000000
432.725295 279.850146
434.101980 281.915725
433.251698 273.608511
444.618723 280.146030
442.424871 278.823165
435.072164 277.831463
434.290117 273.711328
437.584023 282.333161
438.000000 279.000000
439.919850 104.930014
437.419117 110.726628
432.798350 105.247653
441.452055 106.999948
440.689935 103.173333
436.513479 97.402775
439.722929 105.805067
438.470784 102.811852
439.000000 104.000000
438.465103 284.486852
437.664274 279.531741
433.375631 284.383467
445.302948 285.226384
440.120792 282.947668
438.461365 284.667975
437.243292 280.180150
438.323401 282.154620
439.000000 283.000000
439.691849 240.212576
439.673980 242.088397
447.303723 242.696717
443.427293 243.408604
439.365703 248.264489
443.575663 248.569446
435.560832 245.086628
438.465548 240.475471
441.000000 243.000000
436.394594 514.151328
434.916878 510.598374
438.772242 517.841487
436.036685 516.550683
439.854552 511.655198
445.284152 516.552947
439.234959 506.682796
439.207504 510.981839
441.000000 513.000000
441.869756 104.117199
435.347336 98.443451
440.024004 95.964331
442.062746 98.682410
440.010550 102.543820
441.747553 93.727515
439.359402 95.650264
437.098001 98.817881
442.000000 100.000000
444.565321 286.582986
447.039089 288.251314
439.256735 283.794647
440.319337 279.558956
442.501802 284.918768
450.307226 285.922669
442.340561 286.480404
441.006837 291.391268
443.000000 286.000000
443.442190 288.267224
441.219795 287.317098
442.478563 290.153676
439.609028 292.438043
442.195387 290.073555
440.227177 289.515838
443.485465 297.459122
441.289532 287.970461
443.000000 290.000000
443.300009 293.425754
445.865765 298.714460
449.253684 291.998713
438.519755 293.522735
436.876651 298.162997
441.078915 288.546357
444.325262 293.801019
442.298216 291.966869
443.000000 294.000000
444.843451 300.801919
444.803937 290.771297
445.227503 304.801041
445.498819 294.941697
442.519561 302.402712
440.040480 294.188519
443.277739 299.409481
442.541795 295.529778
443.000000 298.000000
445.760938 301.679206
441.390180 296.623290
443.044936 303.152490
446.922809 296.866052
447.066690 306.620426
448.271265 306.430726
438.152487 303.036646
442.699340 302.324895
443.000000 303.000000
440.488807 309.557746
445.520619 300.298110
441.903857 308.290439
447.347215 312.906893
442.273819 304.772343
441.344382 309.879024
442.945415 307.870839
444.505482 312.227982
443.000000 307.000000
442.963903 308.623279
445.927761 313.098147
442.669573 315.684129
438.070081 309.581963
440.165182 308.961917
443.210166 310.951580
445.870514 309.460470
442.687166 311.544654
443.000000 311.000000
443.044064 315.016575
442.984226 315.002987
447.163567 312.137213
443.356507 314.673954
446.809401 314.825862
445.705840 320.633093
446.547318 308.726967
444.142033 318.523741
443.000000 315.000000
443.636002 501.154670
442.403379 500.917967
443.113220 501.872155
441.878694 503.049521
442.921496 502.974824
445.805815 500.954888
441.600359 503.085974
443.372045 506.585495
443.000000 502.000000
439.585068 511.522454
444.439157 502.068844
443.143372 506.090176
438.165493 506.693050
444.548221 507.531807
442.626170 505.809787
442.892262 506.053476
443.474758 509.131499
443.000000 506.000000
444.083216 318.990593
443.050134 319.846157
447.822684 316.097137
447.508724 321.705388
445.394701 318.561349
445.259288 316.755815
441.979358 312.144949
443.110236 318.863423
444.000000 319.000000
448.077774 244.679944
445.077785 242.277169
444.826020 237.361171
446.809569 234.259045
451.690972 238.598630
444.463565 240.712211
441.367956 236.435314
442.803480 233.064444
445.000000 239.000000
448.144459 98.410154
441.405337 90.830724
444.361420 95.002821
444.903735 98.219921
446.590448 92.620847
445.511169 97.034864
446.100427 95.608675
449.994019 102.146705
446.000000 96.000000
448.793966 496.311525
452.000725 498.019637
447.652385 498.063315
446.021752 495.975169
446.361860 500.560806
451.134027 491.866025
447.482787 497.299364
445.957145 498.603445
447.000000 498.000000
448.405147 322.262614
450.988467 316.575579
448.046084 323.682487
449.471998 326.125171
451.289732 314.479666
450.744115 321.416124
447.758528 314.453952
447.906802 322.418986
448.000000 321.000000
451.951797 320.260081
443.761954 326.879098
448.330622 323.096314
448.340909 324.153868
443.265317 329.720224
443.356994 324.878367
442.993353 329.492075
449.764445 327.180771
448.000000 325.000000
447.626346 485.950089
448.844490 489.754262
447.703686 492.445032
453.520906 490.682365
443.589709 494.847553
443.054840 493.567223
450.274637 489.775055
447.301104 490.892172
448.000000 492.000000
448.969689 239.216925
449.820391 235.507768
448.111697 236.474453
450.139531 235.609230
448.848087 236.495988
450.590325 237.696468
451.030957 231.630981
449.973219 236.629658
449.000000 235.000000
449.030251 327.076153
444.788805 328.379262
443.132238 330.676525
443.910908 328.857860
453.183082 328.537915
447.546780 331.027230
446.566166 329.776440
449.848440 329.324756
449.000000 329.000000
448.823146 91.499339
452.617982 94.343169
450.235716 87.586631
449.319240 93.220492
449.047257 91.019412
449.502238 96.015853
450.919181 92.407400
448.078287 94.708004
450.000000 92.000000
450.443314 494.165449
452.323300 487.434101
452.905784 493.355691
456.308573 489.480883
448.778024 492.100145
451.317387 487.158538
449.279042 487.343472
452.439257 494.704210
452.000000 488.000000
456.410118 231.882292
456.459999 230.143386
453.143639 233.224725
453.521122 234.158500
452.865274 232.206646
459.078848 236.602405
456.798826 232.431539
458.999064 230.667225
453.000000 233.000000
452.636102 329.788941
452.753052 330.073996
446.266877 329.130468
452.211929 332.213796
454.794642 324.104511
449.150154 324.792986
453.436903 328.566693
449.377706 325.428048
453.000000 331.000000
449.219873 347.220283
453.727729 343.646975
459.486728 340.391837
453.753187 343.808692
451.982585 339.131436
452.956091 342.104796
458.522765 344.356392
453.187873 344.219921
453.000000 342.000000
453.001741 461.900620
451.372457 460.253527
452.770766 462.567838
457.725047 460.101663
454.005288 457.378561
448.369151 467.787247
455.187994 461.888034
448.504588 459.632670
453.000000 462.000000
450.656834 465.443601
455.724033 470.417944
451.126665 471.025765
456.205458 460.116481
451.043132 470.157226
449.898052 464.629725
453.097953 469.221273
453.330168 470.017819
453.000000 466.000000
453.123911 474.201677
447.744682 470.452654
450.921160 473.936170
457.879488 468.785973
453.203678 470.329085
453.279647 469.846720
452.344321 472.835162
445.796458 471.123450
453.000000 470.000000
451.423951 473.415564
459.437577 472.970042
459.492718 470.519953
451.718848 470.880158
453.880635 474.406767
451.309339 472.609776
459.445523 470.744755
452.315950 469.872623
453.000000 474.000000
453.036852 477.814377
452.831513 473.059580
457.424493 472.139789
453.488015 476.754257
448.510337 483.569875
451.251198 482.400502
451.237346 474.816932
453.258408 481.942957
453.000000 478.000000
458.587742 483.125837
456.948917 479.852045
453.058218 481.991907
450.775792 482.478610
456.335121 487.164093
455.480052 479.244548
451.194537 480.660277
447.849706 483.212027
453.000000 482.000000
454.745818 88.406209
453.963947 81.929185
456.872669 92.713908
453.763810 92.097207
457.725662 87.696423
459.470862 85.067058
451.380495 91.151064
457.422890 92.934916
454.000000 89.000000
454.575562 335.832381
450.576353 337.547773
456.914313 335.791804
452.313837 328.786012
456.343048 333.478492
455.251674 335.145935
450.850365 332.436848
456.228890 333.535426
455.000000 335.000000
453.655423 74.777910
451.881859 71.558246
458.903759 78.451080
456.095805 76.028905
450.380039 78.102688
460.298847 70.670188
455.940729 75.484692
449.539170 74.948009
456.000000 76.000000
461.100219 77.431496
456.717624 76.849176
458.029039 78.789980
451.018813 79.823762
462.606260 81.426575
457.718585 79.459771
458.724962 75.104571
455.803963 80.466799
456.000000 80.000000
456.547968 81.856329
459.260826 81.121317
455.307372 86.154915
455.224429 89.760474
457.988989 78.226042
453.879138 81.520857
455.268375 87.482672
454.248916 83.808788
456.000000 84.000000
460.790794 230.928509
457.483760 233.247261
454.184856 229.200240
457.430469 233.721509
453.122856 230.495241
462.139947 232.430642
457.043450 225.855501
461.140584 232.859834
457.000000 233.000000
460.310750 342.524252
451.564409 341.143193
457.217848 342.265973
458.500633 331.808387
457.122273 337.117000
457.907436 340.280454
460.798415 342.781510
459.060634 342.932068
457.000000 339.000000
456.559570 345.052917
456.214792 347.803262
450.061948 342.797254
457.453147 346.500702
458.839925 346.996341
457.480903 345.608361
457.070391 344.650781
456.660784 345.047159
457.000000 345.000000
453.332136 462.879892
455.491920 454.602253
459.501372 459.758223
457.144020 459.412025
458.628150 459.007812
459.869185 454.719712
454.147248 456.343393
456.424803 459.641436
457.000000 459.000000
458.173037 432.123071
451.047590 432.125140
456.484599 431.564842
457.974269 435.033454
457.853588 432.059356
454.710303 435.943064
461.120813 431.427271
457.718789 427.189381
458.000000 432.000000
457.872410 450.126723
461.489980 448.987622
455.355220 451.910955
463.919294 450.658948
460.144417 448.335168
457.235069 445.414133
460.394279 451.299952
455.976529 448.622842
458.000000 447.000000
455.949158 451.112190
456.364483 450.345550
453.091126 447.568801
458.980379 449.926531
464.031410 449.065685
464.241750 451.939240
456.341738 452.702893
461.438704 455.243295
458.000000 451.000000
458.114825 348.416163
459.159202 345.352530
460.551165 354.970165
465.042522 348.737306
465.752042 346.652786
460.485512 347.265660
454.951058 355.180346
456.520004 345.304166
459.000000 349.000000
460.119418 78.660170
465.268101 77.349647
462.450717 74.218554
463.173541 74.751071
462.135113 73.989965
455.405623 79.734457
457.386881 75.570204
460.044079 75.792234
460.000000 76.000000
459.477001 229.200001
457.027026 228.555939
459.467001 228.585663
460.313677 229.104560
455.215409 233.794976
460.219953 228.829729
459.862416 227.434589
459.933270 228.990641
460.000000 229.000000
464.448764 434.899910
464.804065 427.368499
463.581735 426.931522
458.435787 428.637137
461.862026 432.796203
462.584281 428.818875
461.524199 428.408152
463.616636 428.083056
462.000000 428.000000
463.824315 436.554895
460.848058 434.938340
464.958264 436.041031
458.465046 438.633382
463.685538 438.115391
462.001097 435.000956
466.340692 434.438025
465.357667 435.748431
462.000000 435.000000
462.193265 442.464842
459.696879 445.575351
457.263417 440.811451
461.351931 440.526642
462.376140 436.163079
462.192165 443.435798
462.226857 445.140533
461.436668 437.977192
462.000000 443.000000
460.889577 350.745430
462.944498 350.836449
467.335020 356.950408
464.957839 356.490963
464.092232 352.139015
464.541422 356.394050
464.754104 346.298453
463.219142 351.956917
463.000000 351.000000
460.705218 353.842489
461.840184 361.319358
462.398811 355.986257
461.794428 353.636279
470.037475 355.273709
460.000945 355.557637
462.262621 353.252537
466.073887 355.408053
463.000000 355.000000
463.428899 358.701836
462.698481 358.688401
459.288261 352.934523
462.129687 365.289588
462.415975 366.142031
464.359040 361.139260
460.774388 356.718239
464.275758 357.062246
463.000000 359.000000
458.547765 366.360175
460.280908 368.327627
457.107051 360.460804
463.019484 362.503976
468.261896 358.311570
464.394176 362.824970
467.305192 359.138845
463.441577 362.401341
463.000000 363.000000
468.794269 366.899624
460.670144 366.737908
463.703780 365.721301
459.776509 367.113693
463.715363 364.017284
461.638165 368.029023
464.714386 366.826942
460.162109 370.357558
463.000000 367.000000
459.745028 365.108910
470.087148 372.062197
463.008317 376.171190
464.621097 374.641483
467.389642 369.436932
462.989456 371.002528
457.955942 376.509509
462.694243 369.359101
463.000000 371.000000
457.983841 376.489336
461.294031 376.928931
458.845517 379.645100
463.481718 376.669387
466.193819 374.554176
464.250106 374.827316
460.554361 380.337287
457.394430 370.741468
463.000000 375.000000
468.346496 378.807565
462.828324 380.512349
462.960469 379.009653
460.923133 379.272831
463.108562 377.534727
464.945327 378.973528
466.943445 377.733804
465.398587 380.359199
463.000000 379.000000
457.911347 394.014974
462.204257 391.375307
462.407879 391.692736
460.575678 390.509585
466.362486 389.287741
460.541618 386.905722
460.228021 394.082343
461.899362 392.299384
463.000000 392.000000
461.307827 407.593634
464.297785 402.554458
457.263462 406.547560
463.031621 406.791776
467.386178 402.778984
464.669142 405.856795
464.711054 408.967775
457.151998 404.335840
463.000000 407.000000
461.910940 408.368680
463.290223 407.429415
462.658412 412.248772
467.091262 410.528601
458.323550 406.571130
463.900561 410.886662
456.619428 410.721663
464.121625 407.356759
463.000000 411.000000
462.126590 422.432688
460.629854 419.991543
465.307104 411.511390
466.035390 414.086668
465.369523 421.412742
462.837842 415.435749
465.137317 417.482966
461.188661 413.370674
463.000000 415.000000
461.091965 419.298137
462.672814 418.552390
470.328726 419.082295
459.633055 418.745390
466.244911 421.366172
464.194704 420.663661
463.884274 416.852626
463.677698 414.907959
463.000000 419.000000
460.155591 422.144685
460.151040 420.855704
458.055390 423.103579
464.225726 424.901810
457.839006 423.305805
466.668055 423.826756
460.467121 424.229504
460.268513 424.250642
463.000000 423.000000
462.415647 77.870943
462.321872 68.757269
462.611777 74.974914
463.144228 72.813872
458.934693 70.694295
469.164723 74.087811
464.672752 74.599691
460.315053 75.958170
464.000000 74.000000
464.715756 229.222203
456.599327 224.430104
459.084563 228.070244
465.307068 225.725576
466.344116 222.618964
463.385669 225.356697
469.149541 221.802008
469.436607 225.580136
464.000000 225.000000
464.137415 383.226497
459.404992 385.802942
465.048044 380.656158
464.529828 385.307786
460.808994 379.546432
468.823030 388.727907
466.929640 384.818121
463.574766 385.043492
464.000000 383.000000
468.905394 389.017335
466.038916 386.687945
467.971355 386.749310
466.646697 387.966974
465.768114 393.991798
467.452098 384.936938
467.446096 389.446741
465.828673 386.412497
467.000000 388.000000
460.080224 394.772399
470.369652 393.382421
468.582942 390.545053
466.230173 394.269588
470.916681 397.187174
465.218456 390.095267
472.387695 400.111809
469.677377 399.264705
467.000000 395.000000
467.018593 403.081854
461.577847 405.139235
465.521988 406.065531
468.740925 401.335661
463.137528 401.814523
470.631406 397.971905
465.019810 399.878691
462.452740 401.163183
467.000000 403.000000
465.384717 71.340608
468.573488 69.981254
465.657959 68.781412
472.779602 69.276458
470.020866 75.053496
468.360277 70.815660
471.171118 69.815333
469.523928 70.750733
468.000000 71.000000
471.003849 228.489429
465.233432 222.431250
468.373277 223.449650
470.483445 224.610063
465.929220 223.515702
467.785049 222.852856
464.890750 219.515864
474.038200 222.870862
468.000000 223.000000
469.993397 71.765211
472.735630 68.414976
467.750150 68.622529
470.269490 69.764301
474.056042 67.884057
470.358319 68.358141
469.713843 68.082972
471.819098 71.111106
472.000000 71.000000
476.600435 219.031031
470.340544 224.527434
472.178539 230.272828
471.615380 218.209140
473.195661 229.856772
474.850177 223.881371
467.480118 223.668094
470.873319 215.630847
472.000000 223.000000
476.949816 221.067951
469.030740 223.213279
474.996864 219.273658
480.891994 222.250712
471.248488 217.338564
476.123235 215.644679
478.547131 223.429231
480.396774 217.133951
475.000000 219.000000
477.311311 70.689664
472.588962 64.569982
476.708088 71.340962
478.325091 65.772467
480.257410 71.547371
471.779398 66.680921
475.724946 71.176077
480.120374 70.748575
476.000000 71.000000
474.725152 216.615543
478.912170 215.576223
476.501308 212.969017
478.979374 215.817504
480.711674 219.423659
478.970833 214.926418
477.426672 212.512194
477.666287 218.563815
479.000000 215.000000
479.831862 71.296185
487.107414 73.148656
474.287321 68.043371
481.241532 70.282144
485.894370 74.130209
475.889994 75.996639
487.052998 71.613011
482.331828 68.094974
480.000000 71.000000
480.894009 210.169105
486.970324 209.121171
482.693805 212.038122
481.784010 212.952833
484.167743 213.622280
488.796889 214.314527
484.085178 210.255442
485.469702 209.688276
483.000000 212.000000
484.262600 75.396707
484.202908 70.955566
477.303361 68.660594
478.854194 67.664389
485.852340 74.132431
485.993890 65.879954
485.759341 72.440119
481.143779 68.263908
484.000000 71.000000
488.863002 209.383561
486.658226 212.706604
490.707763 208.507068
488.165555 202.955867
485.694427 206.701473
493.351907 206.728671
490.467835 205.487754
491.587021 213.056057
487.000000 209.000000
490.408800 73.089815
484.730127 64.289244
488.189181 72.201135
481.718635 69.685977
490.921142 74.841327
490.087146 66.841252
490.602154 65.781710
488.385165 70.870093
488.000000 71.000000
493.939047 71.768102
487.511780 74.852729
484.950052 74.718487
489.664540 74.974472
493.226402 75.269645
489.503423 67.524399
496.273064 78.021341
490.314276 69.430616
490.000000 75.000000
487.084701 202.088829
488.716570 204.867274
490.172765 203.523145
496.185856 200.522448
488.516946 205.046288
484.818412 205.153938
487.957321 206.311192
489.631667 204.082713
490.000000 204.000000
493.578177 71.840157
497.742482 72.853358
495.558962 81.195904
494.026562 76.968637
496.121168 74.090008
490.550316 71.550142
499.685346 74.109096
499.690812 72.996207
494.000000 77.000000
496.569815 205.681345
494.059333 200.023701
490.696410 194.249827
498.562912 201.889888
493.730977 194.945417
491.357622 195.057727
493.892798 196.480471
495.659404 195.454177
494.000000 200.000000
493.739428 83.899322
497.641012 87.291677
496.403407 75.440195
492.523607 82.591152
496.466774 80.453135
503.039207 80.798285
496.285196 81.636937
498.326652 80.773368
497.000000 81.000000
497.835479 197.122245
497.949722 195.511972
501.089277 194.304553
497.929717 196.301095
497.926969 196.701420
500.483471 191.832553
495.672158 196.775292
499.733078 202.364955
498.000000 197.000000
503.215843 86.282960
501.182849 84.526821
498.910670 81.151007
499.104500 87.245814
499.939375 83.142810
503.414328 83.593370
500.494555 80.858222
504.989601 86.500996
501.000000 81.000000
503.691935 190.088392
503.798296 194.784497
508.380029 193.155258
501.222336 191.538383
501.716747 193.366489
506.513614 194.314751
495.567509 193.486084
503.224345 191.416840
502.000000 193.000000
501.641633 78.421225
508.687775 81.295776
507.089953 87.950407
501.885645 81.758390
500.185155 85.079498
507.424534 81.592043
505.783807 82.638557
505.126205 84.213304
505.000000 84.000000
505.519187 189.102999
511.023836 184.736910
510.358936 192.920014
508.649015 182.559487
506.884050 192.542734
505.320007 189.329732
504.480809 187.577339
503.701806 181.951891
505.000000 189.000000
511.014475 171.671638
511.867865 177.617301
506.395091 170.448622
506.715817 171.433436
508.233203 178.156575
506.560123 177.027351
506.728740 178.264042
504.092873 179.408536
508.000000 177.000000
506.062943 180.464979
504.031484 181.311388
514.819237 180.619904
502.602850 181.977234
511.172968 181.500944
512.791248 181.104684
511.379549 182.094873
505.627513 177.033707
508.000000 181.000000
510.265991 184.595865
505.883354 183.845174
504.802373 182.136907
507.280342 183.558482
504.760266 186.718038
510.267382 188.903178
504.969037 186.140041
507.008374 185.716932
508.000000 185.000000
502.911166 83.208090
507.313204 86.837528
508.568288 88.666089
509.973476 85.318929
514.840066 91.381556
508.909025 86.375513
508.316746 79.732111
507.830861 87.979224
509.000000 87.000000
506.746477 88.282065
517.554109 89.106508
512.316344 91.256722
516.261978 85.998142
508.799097 92.604418
511.821009 91.734635
505.147045 93.390472
510.053421 86.465828
512.000000 91.000000
510.584942 172.174886
506.359718 171.807310
509.435730 167.738117
509.828441 170.760741
511.391081 174.328268
513.934559 173.835511
509.511505 170.210771
513.293886 173.534896
512.000000 173.000000
515.662089 95.735871
514.286291 94.673156
513.477499 94.377629
516.815754 90.899836
514.351094 93.809091
509.783795 99.105196
510.371291 93.359364
514.821643 90.194909
513.000000 95.000000
513.309684 105.994640
518.232158 102.823072
516.685004 111.021233
511.041531 107.958098
509.473103 107.357581
514.646122 108.436167
511.772848 101.397336
513.981080 112.764582
513.000000 107.000000
515.458961 116.703525
511.762667 121.334077
507.635236 124.560681
507.950728 119.293452
515.116900 126.905625
508.197743 125.440050
511.163239 122.442704
512.640615 119.344983
513.000000 122.000000
512.401062 125.287811
513.244211 124.460340
513.589212 126.946703
509.626285 119.600520
510.934803 124.073760
516.447626 126.070402
513.577282 123.454038
508.048650 127.881844
513.000000 126.000000
508.208370 130.814823
513.838556 126.403912
517.543938 131.007584
514.312180 133.700897
517.222542 133.627462
509.547256 134.001866
509.727615 128.224794
516.691342 127.255194
513.000000 130.000000
510.999694 135.972190
507.084613 135.708501
516.132276 129.818218
513.017293 133.899406
513.400872 133.181508
519.433850 137.495064
518.561188 134.453660
516.585349 131.143209
513.000000 134.000000
512.909570 137.365292
511.774913 135.591044
513.476866 139.407720
511.981335 138.719139
513.272706 143.398330
512.777844 142.657052
515.545642 140.063681
511.461784 133.308011
513.000000 138.000000
516.584749 136.638655
514.652732 143.340389
514.349772 138.238486
508.834574 142.950970
511.584733 142.412325
511.029412 146.817907
508.831799 136.091427
511.148687 136.534828
513.000000 142.000000
511.171459 149.122248
515.934878 147.860590
511.819174 139.784730
508.663064 142.498138
517.632239 145.647838
516.898070 146.566427
512.178899 144.164843
516.461306 147.405346
513.000000 146.000000
511.763398 149.821328
518.015615 152.487568
512.666361 150.022630
512.960759 153.547684
518.007298 149.285033
510.537403 150.301981
514.161297 150.075316
513.766977 149.918881
513.000000 150.000000
511.909982 149.375274
515.557480 157.721766
512.884544 152.694895
510.148617 154.776552
511.471862 153.004009
512.886777 153.715159
510.916033 155.209719
516.328829 150.747207
513.000000 154.000000
511.241267 161.849712
514.016252 155.498977
513.337922 157.717860
516.641608 159.597819
512.976442 158.761921
514.411345 157.019600
513.882597 156.296962
513.284082 157.302762
513.000000 158.000000
513.425017 161.463684
510.962180 167.229701
512.254580 162.728081
517.295005 165.457505
511.496321 164.079745
511.720653 162.977240
514.314506 158.283093
510.052623 156.827066
513.000000 162.000000
510.181046 168.771282
517.249386 162.821584
515.372596 159.385867
511.837315 164.880579
510.922802 165.802031
515.935246 167.892972
509.341815 165.458848
515.547786 170.388117
513.000000 166.000000
514.798216 98.750718
515.422999 99.153245
514.052294 106.458137
513.690837 92.373427
509.184312 100.201560
515.306875 96.123709
514.104669 98.994142
519.619979 102.220185
514.000000 99.000000
511.912967 104.627756
520.605874 99.162309
521.525423 99.446248
520.427335 105.368969
514.189207 104.283465
517.468200 101.378378
520.539016 104.698651
519.313414 95.987058
517.000000 103.000000
523.901352 112.142356
513.834991 110.217179
518.031914 109.615984
519.578626 110.643600
517.517483 108.608051
521.293337 109.534086
514.338533 106.328227
513.820949 113.123377
517.000000 110.000000
517.003895 117.883884
513.570515 116.918942
518.591866 117.698014
516.943452 117.845291
518.369123 121.674738
518.485714 119.085565
518.189428 116.745185
523.264598 119.271419
517.000000 118.000000
