50.901637 497.971200
48.792990 515.107775
51.869519 514.132731
57.730558 508.264863
57.762381 481.921074
57.898923 485.858217
56.467529 495.384704
56.108890 513.194883
58.762939 489.999171
59.208880 471.186960
61.332237 495.671671
58.925160 523.469951
65.818415 478.197944
63.671975 524.868666
69.080846 456.110435
59.617302 461.545341
64.562607 460.417909
72.181259 467.676301
66.546629 524.542860
68.965227 447.072024
65.316500 439.457064
70.083561 522.963578
75.064802 442.825182
80.758980 517.255174
74.737452 174.431297
76.375939 183.514790
73.919425 188.613289
81.081212 195.952314
72.160203 195.969290
72.516949 209.987309
78.238398 205.957249
76.809939 211.567124
79.812433 214.720939
77.418149 183.370258
78.860773 214.819321
81.111953 436.093652
81.829761 517.418480
82.161949 171.472542
79.829102 186.766567
83.968752 225.783425
86.305966 435.456912
80.149089 511.350970
81.931966 165.918277
84.098429 221.793138
82.623773 428.320853
83.970506 169.863740
83.252923 230.276688
83.646691 514.314103
90.047863 423.274180
86.554475 159.381153
91.713965 230.448539
88.517091 411.664728
88.328806 415.486179
91.424492 421.201212
88.727682 511.882498
98.173815 161.846554
94.438480 230.576153
101.351394 409.831488
99.871196 503.636803
98.544515 157.606061
100.509826 232.948477
100.208015 405.212248
94.684214 501.487636
100.090717 162.010464
100.519005 399.886226
102.816447 235.371365
101.192116 502.276180
103.991894 157.932175
103.878039 401.016191
109.821996 235.873941
105.492428 492.140696
107.252169 151.949986
107.602521 236.679389
110.591928 391.146333
110.184266 501.960545
118.665690 152.540125
112.696636 243.187047
112.052751 388.933895
119.222379 491.213670
112.776473 238.815415
120.937969 382.262904
114.910298 152.111592
117.666978 490.050642
116.978866 236.953416
118.711785 379.296420
121.636214 151.039607
120.202484 484.984493
121.753161 250.701352
122.439694 157.325157
128.636406 381.421651
131.743982 481.173839
130.075727 248.727749
128.455613 163.348039
129.153496 370.928948
126.164892 480.460156
133.879587 252.938918
135.011421 374.018487
132.028736 160.797403
135.442136 479.923516
133.085334 252.889302
131.315414 363.963482
135.288268 160.943105
135.434225 484.621963
137.039777 253.343325
138.949149 360.740170
141.227448 159.918443
141.812080 478.978578
140.345233 250.657430
147.826774 366.448514
142.583498 163.004915
146.686649 478.328494
147.168586 252.215422
150.272770 356.988526
147.107716 166.445689
151.928549 470.518292
152.395758 253.749651
149.746084 354.448894
154.022004 157.191826
151.014333 477.080322
155.648415 260.012515
154.610771 354.809415
152.694071 160.866940
153.815933 473.217013
158.960153 254.628150
156.863315 360.164997
164.648999 467.043492
156.447188 163.762647
163.827941 254.544479
169.433614 352.729047
166.634736 465.538386
170.440124 161.615385
169.681097 261.258516
164.713387 354.131467
170.146945 463.246657
167.738593 167.556606
170.151961 257.911825
172.257274 338.868183
167.493448 471.316969
171.754859 264.430152
170.210083 167.722512
171.806373 342.105841
173.104535 473.632589
175.393032 268.236556
182.273274 168.497505
180.343358 471.239466
175.753403 344.604634
180.256680 272.091187
177.631805 165.091756
184.349462 484.728652
183.386257 277.145404
185.253450 336.961332
184.114441 171.245732
189.243519 479.091446
183.893797 276.087119
188.542980 335.302155
182.183336 490.722090
185.994887 165.141120
189.755191 276.792016
188.672474 330.878528
190.996425 484.022464
189.167649 282.975846
193.229521 170.330654
192.172467 326.311910
200.042246 492.599361
191.579715 281.812431
197.447295 492.609569
195.401949 497.479160
197.696179 504.374521
194.903266 174.651967
189.659695 326.779157
200.220443 294.949054
200.419299 505.788212
198.708746 167.219023
202.498861 297.448605
203.909920 295.366385
196.076888 299.726632
198.476934 304.595576
196.761936 320.510873
203.130493 323.847552
198.486322 504.891533
197.912355 517.584889
201.017265 517.559158
201.623640 523.942571
196.325360 532.156695
199.765412 533.112853
200.676508 537.208575
196.675912 537.003901
202.437884 539.321824
198.106778 550.717435
201.163181 554.263834
200.437734 561.203128
203.394043 309.295633
203.345196 169.057485
209.803074 309.749755
201.906177 519.725800
205.227925 526.675568
200.914015 560.519146
207.407875 560.894824
202.323739 567.168277
207.804089 570.495180
206.677474 577.714769
209.343081 582.067044
205.507771 584.447145
202.539962 588.484620
208.949039 585.587599
206.556523 597.984574
202.318512 605.096816
202.837241 606.786388
210.527683 608.345835
206.163407 164.458302
209.372558 609.232490
215.451821 614.481996
209.292762 163.824351
211.497536 618.170313
215.439674 618.608546
216.745186 625.234866
215.313891 163.862157
217.677358 634.173260
226.711169 166.148513
220.997484 632.376834
223.895190 167.366888
223.614917 635.195701
230.813195 640.810038
227.350061 631.534080
223.232220 644.720256
230.101654 163.714046
230.043766 650.290121
229.536964 164.480508
237.019620 652.432515
234.757303 168.286742
240.124960 649.808457
238.887480 164.364039
240.651346 649.981392
244.859310 166.714698
246.867719 656.391802
245.159772 656.735276
251.143352 166.087109
252.986852 662.064967
253.682557 162.128563
251.436491 659.091632
253.452965 170.619997
257.246854 662.255234
263.687376 153.546301
258.562199 160.754381
256.385156 664.092141
266.712648 146.853824
265.228492 141.531587
267.543639 144.450289
266.559371 666.236334
270.952193 138.646249
275.219469 665.165355
276.561239 135.111216
277.744074 668.113590
278.965883 132.895325
280.508723 671.657961
281.762166 125.218448
290.351163 667.451903
282.389892 121.036738
283.761483 664.224332
288.841088 119.244260
291.082066 669.513581
287.941741 118.875814
294.772037 659.995221
301.734851 116.618536
298.292495 658.943114
296.712705 104.448045
303.543641 99.769827
303.302747 655.687462
302.614484 98.797686
307.034279 664.789644
307.919117 99.626422
313.021621 659.926586
309.046193 93.982799
322.262067 659.288268
316.448208 84.059176
316.028709 648.794192
320.373423 82.476129
326.210028 652.204300
322.811020 81.841472
324.014993 76.235090
324.554226 648.457686
323.110139 640.400698
329.872491 69.252795
334.157796 641.603949
333.069390 67.224753
338.921924 637.147659
339.613679 63.349945
343.937298 635.918682
344.384658 64.685947
341.434547 626.622006
345.838188 62.389128
353.534062 627.146585
352.023644 59.726461
354.036735 609.829123
354.978436 605.875766
351.667835 622.198657
354.611427 620.974936
351.901001 624.048485
348.563618 66.311515
353.793301 606.671885
363.673108 61.193529
362.304598 601.745755
365.477513 61.667652
369.389899 601.361919
370.582408 57.106270
367.514920 595.827562
369.375312 56.258554
372.741436 589.542941
373.069820 52.763420
371.824561 585.572310
380.028363 56.969519
377.386468 581.860390
379.638757 53.318666
383.389890 569.935486
384.802803 569.555523
380.477059 574.939321
384.273651 50.400894
393.992268 562.482123
389.333850 55.738446
390.701501 560.254669
397.465091 60.115199
392.290773 556.046370
397.505022 62.086940
397.137124 550.098927
401.367206 61.334962
404.926369 549.386450
401.879464 63.807147
399.120071 541.493149
408.794516 61.106421
407.920094 545.869361
407.135145 70.472370
411.939378 541.739959
416.495197 77.808372
410.894553 548.383258
420.422625 76.599081
415.194981 544.765689
420.145369 81.734014
424.537826 536.480732
426.805698 84.837348
427.051103 535.339256
429.032913 90.563995
425.880351 538.829873
434.314090 89.839198
432.016370 89.855554
434.855246 545.759243
435.584762 96.143779
438.240111 541.432386
446.477225 102.065486
444.989904 107.607496
444.777657 108.258804
438.643535 550.476947
439.355129 117.568719
450.941355 541.349465
446.338612 110.406534
446.886160 115.802741
451.149907 542.334937
453.511145 120.172111
453.492447 132.365953
455.863557 131.341842
454.953293 551.194864
456.276311 135.979830
456.430937 547.530255
463.015044 133.996562
457.394638 548.822851
468.539659 141.086800
466.032157 148.754554
466.353761 148.423101
457.537906 157.672435
461.918715 155.008279
461.513774 163.332410
461.063488 390.120929
460.317754 164.866461
459.718628 546.477683
469.423508 391.204785
464.625999 397.470328
457.541319 168.086212
470.352410 403.739327
467.372720 546.966534
472.435287 168.169640
469.080624 383.742961
474.681233 182.914165
475.135253 185.102067
469.530043 182.092057
468.850066 361.676419
466.795975 369.462911
474.548497 375.375856
475.434994 379.743399
471.846012 397.414175
473.612203 409.130961
470.495563 414.110237
472.326412 410.251790
477.974764 415.663018
472.608615 549.080743
473.324928 190.948887
475.644362 363.975681
473.740123 419.952937
473.065357 546.256797
480.549096 355.934863
478.064551 190.635573
485.877558 354.206386
482.519728 426.244097
481.050592 548.518682
478.244037 195.946886
485.367425 349.512788
485.086219 202.564211
486.839894 414.203269
483.020278 546.198934
487.461344 348.075276
493.904235 206.299055
487.217386 420.118112
495.219691 546.526237
494.718088 200.900442
494.665657 344.640335
488.153772 417.932726
489.547552 551.555730
496.741364 204.128070
499.891831 337.437294
494.895968 420.886253
498.136948 549.987238
500.867078 214.070067
499.436633 338.856055
502.072669 431.788797
501.000566 549.063364
503.366980 217.869740
502.899329 430.808096
506.102887 341.045152
505.524268 222.091167
505.613736 547.365856
510.225655 435.007215
502.833075 337.830942
507.400746 221.451821
507.615150 551.770683
511.514083 431.435663
512.873933 343.146622
519.785937 223.450118
514.734654 550.953045
510.613197 432.700478
509.666661 335.739570
514.695867 222.920498
516.262339 548.233596
515.265965 430.428248
519.900732 336.865371
521.405112 224.511452
523.581045 436.861418
519.356119 548.774475
524.228284 340.179410
529.505289 229.212774
521.062741 439.341130
525.907906 546.343083
528.592908 233.691519
522.676943 338.921026
527.982931 441.564198
521.965451 547.117730
525.738810 451.380402
534.264237 233.016228
535.156873 334.810100
532.266710 546.027269
532.366731 446.093384
533.144141 227.026926
534.929954 340.705222
537.631988 547.395548
538.669268 447.644166
540.419296 228.965026
536.660436 338.249635
540.942510 447.588612
531.869975 544.169142
544.742137 227.359911
542.178643 339.143028
545.497948 450.492023
541.673500 544.567937
549.863963 225.594393
548.904207 331.731799
548.271173 455.697885
545.642802 543.697180
550.905791 463.156524
550.406806 230.382843
552.391777 334.278850
549.382949 540.895401
550.400987 459.519637
559.614905 227.987265
558.372423 338.362696
554.373030 540.571414
561.008596 468.778320
556.744917 216.788894
565.726597 328.227970
560.000358 470.156552
561.852038 540.357011
560.287814 225.318278
562.505766 329.100613
564.821326 475.545268
565.325546 537.124142
561.700853 219.039826
567.598959 328.534080
570.015285 473.840844
572.118116 535.034951
568.118736 479.157450
567.534623 216.944676
572.122508 321.761845
574.367759 535.223404
576.404978 480.930965
573.693896 215.495673
580.441987 324.705420
574.508681 528.663771
572.940448 491.941865
577.168801 216.973311
581.053025 323.849243
583.604498 526.533492
584.475292 487.470229
582.416583 218.503104
584.966868 326.251772
581.968886 506.094897
589.534236 504.995194
584.840590 518.875489
584.154609 490.111189
586.922736 515.126424
584.875759 214.646275
583.282891 523.908348
588.376785 326.603579
580.174854 493.202972
582.836419 502.886215
591.029283 221.355915
583.568603 318.784808
597.096418 212.580976
589.909489 325.353594
601.458669 214.303317
598.524107 322.097330
595.397645 216.681143
595.298621 311.202113
606.103957 212.054530
602.359754 314.173641
607.736219 213.302818
613.102714 310.429836
612.210786 216.601071
612.527411 305.069567
617.491472 221.387915
619.051738 309.493348
620.063861 214.388088
615.322207 295.286249
625.500721 223.428087
623.492500 294.083840
624.079339 222.249002
626.213107 290.762291
627.948158 218.780883
629.961737 286.207142
633.750605 226.669996
633.144798 233.585131
635.177643 237.157325
638.024786 265.118422
633.883069 279.403085
635.384085 285.239593
633.332212 283.275328
637.843950 240.639921
631.549635 268.261244
639.369383 243.880034
629.838744 248.727486
635.998780 254.409599
636.527638 254.114174
636.503251 260.957616
