37.308277 202.557125
23.487269 204.594273
38.291007 198.106125
47.773898 217.422943
29.550326 214.968105
42.331863 209.433861
52.869811 206.337236
46.488405 223.794438
33.817666 192.453017
56.503759 220.341704
36.236928 183.884616
44.828286 247.853766
39.482814 175.520947
35.042935 236.863221
64.269444 191.512577
59.176167 157.410414
69.094470 172.818028
85.632034 251.199051
45.762547 166.448474
46.393107 225.958455
69.592465 135.013397
69.623994 103.731269
83.200711 127.492787
63.906299 131.685839
60.012945 125.539553
53.110735 123.269374
60.228367 123.148052
66.157827 162.357355
50.803606 164.625839
57.015793 137.814381
59.499289 254.175028
72.687734 95.331283
41.463401 145.530506
73.123704 78.010628
80.656154 103.089277
62.808707 92.093367
45.353955 159.499309
64.857797 235.945026
83.843902 86.727552
58.020500 236.425162
45.780680 60.505532
61.735762 68.638450
73.692722 79.390055
70.350535 80.348438
85.196100 73.813956
81.698221 233.101623
55.929409 63.097920
72.162931 51.514814
51.596407 44.726826
71.578201 49.017433
76.636879 49.713293
87.417646 60.610417
95.087147 251.348160
74.410651 34.391770
103.041506 237.825896
96.992162 32.705956
84.376895 243.705511
67.021592 48.847924
78.644452 59.560464
102.153399 247.927414
99.473630 58.429840
106.052931 237.249923
86.729957 27.293904
97.535776 231.198888
115.245128 242.485773
129.731407 245.701016
118.199698 25.081557
114.318343 257.829835
106.229082 47.676661
104.073739 258.070062
104.280572 25.934474
136.336238 252.527038
119.596057 49.444404
112.837173 254.522899
106.956703 44.183052
102.183786 253.824185
97.356320 18.679919
123.571288 266.706811
111.248141 13.615325
136.991326 262.961032
104.241269 23.889354
118.807950 250.755154
153.309459 26.132606
148.538911 272.823594
157.417029 25.947089
129.638870 265.788356
117.871521 39.899755
124.365277 261.198951
157.789981 258.813279
150.317642 22.165100
158.435415 277.238877
160.893173 31.115583
149.102777 267.902665
151.357900 33.443677
162.985815 285.416792
146.343520 37.860915
157.106425 265.849965
158.032750 42.749633
134.554314 279.111758
152.657820 47.845963
160.302736 285.334030
170.436434 29.449849
165.565784 278.284073
150.835865 45.875802
158.473557 294.448099
167.487606 31.344472
173.145579 272.009566
173.041255 45.664869
179.466827 292.838029
169.873666 70.759416
178.257652 287.499832
173.000319 71.166798
200.325635 295.637002
162.412306 50.327971
187.069734 297.764404
168.792968 51.086678
186.820417 297.302995
216.013572 291.459549
185.618758 50.922446
210.058204 288.212366
184.871068 75.073720
187.264655 308.091377
219.204932 56.455120
198.692472 312.244768
207.762023 45.591260
204.922882 322.923847
218.794954 54.096949
209.881403 292.568682
196.822059 334.327739
207.188107 336.018845
205.871944 69.166871
213.379647 336.572288
213.485011 54.740561
221.017969 326.818069
233.546453 60.429894
237.321908 331.363321
243.055945 33.889843
222.664525 336.083808
234.333903 30.150280
220.670461 333.035461
205.012631 42.428851
220.864237 324.712097
227.214257 44.768361
239.921233 328.227152
241.686650 52.354691
227.260744 346.459556
228.678634 351.107483
232.896864 25.980864
236.748175 341.540149
247.228879 43.847066
250.945731 350.926942
268.617799 349.674978
252.562502 57.550947
258.257846 372.436858
230.565786 45.694768
250.687503 352.422639
253.353060 46.140907
240.354392 352.506995
285.566379 58.041191
252.812102 355.845157
233.102410 352.031377
277.091936 29.432725
254.773986 368.960732
269.972692 42.113982
281.431101 375.401387
281.961406 52.159858
266.760512 365.753084
282.499730 38.008783
273.573326 363.385332
302.443933 44.218296
284.257193 368.544892
266.606966 362.372135
306.369860 55.283238
285.178130 375.583126
287.014841 363.489472
263.562353 57.794561
314.632793 374.768380
287.371224 58.130235
294.753085 381.797814
300.158217 43.284999
307.373457 384.351937
306.567513 58.880852
307.525505 391.039792
293.427508 62.535372
331.331176 404.680323
339.850622 46.130667
310.258301 403.596002
338.946769 61.476466
298.065871 406.287734
315.359291 59.559246
335.970904 390.283338
352.878783 48.135389
324.842032 413.341845
324.982893 50.223618
354.085633 402.060577
340.339155 51.030931
341.199335 405.180858
310.422975 49.443773
333.383687 408.455964
335.277362 68.496925
331.553596 394.174119
369.052240 530.029745
357.325983 540.019135
335.906277 543.280812
343.620770 74.708554
363.111126 412.183874
362.285354 522.095319
328.974806 420.850416
333.633531 561.161340
355.535107 77.620476
323.046793 515.112481
353.245327 413.898039
342.824387 541.273618
349.492072 58.710246
368.237845 515.354707
363.224436 527.351873
345.231983 520.161458
354.844026 406.636996
361.220261 540.852590
351.597998 58.106910
361.893282 511.044286
371.233672 415.745961
364.134305 541.041081
370.901578 56.870460
351.342655 510.233779
347.852153 422.705943
378.964805 519.700190
370.963063 528.619965
363.571247 73.215854
404.154226 410.387647
378.937417 425.851520
375.971739 427.112134
385.869916 431.476043
372.728384 438.884771
346.342856 428.190642
375.418650 443.191239
377.129948 504.685109
379.561415 536.188360
370.549887 61.716528
372.901786 426.893904
352.954771 498.883632
369.137749 539.427854
377.598502 50.152025
384.402390 437.714081
383.107510 444.913691
344.534059 446.015306
358.227163 500.975584
385.504809 539.774600
358.780744 69.716060
388.864708 469.358545
378.355748 474.006159
408.091715 462.462013
367.813132 470.539862
380.926863 468.555600
392.723480 468.075617
371.215091 483.359893
363.114347 554.169273
371.019388 55.152339
393.524098 530.556574
367.906887 61.904484
386.602439 546.476666
385.922811 48.680046
378.223709 545.141738
386.304500 64.642859
402.576796 550.117091
398.030638 60.858366
416.736698 528.880069
395.290269 547.724673
407.982298 58.897804
387.032190 534.768466
406.235354 527.820039
399.956728 69.786181
406.098964 524.546721
410.647143 57.028421
418.358682 491.305892
430.406583 472.048135
413.762208 490.668976
408.342407 491.925796
431.607977 487.956294
421.537552 501.801193
416.652134 507.606408
394.524073 509.291280
397.329013 504.431262
427.837855 530.196776
410.542386 511.868940
402.334692 535.946551
394.615891 67.363482
409.320236 478.271291
424.792473 469.497611
436.644393 470.679771
405.951939 59.059554
412.559858 462.813357
425.668181 78.244647
418.077566 455.774256
415.215662 60.928643
436.259644 456.462128
426.131567 452.328248
407.239756 430.244350
402.716357 73.321889
411.350544 517.463749
423.017459 519.886649
428.740152 522.460285
414.071713 536.913306
439.600246 427.926508
444.472410 55.180585
430.165523 522.797154
446.856746 520.447433
424.934469 416.083720
428.402207 422.381058
439.292332 60.357836
443.855299 512.238302
434.969679 530.635147
449.859710 414.766106
436.257321 498.833663
430.020971 71.028438
436.513610 405.464012
407.547571 424.050570
427.565440 534.212770
422.226559 495.147865
420.232608 63.763451
429.899517 400.335909
450.915285 531.271912
441.658996 413.178956
460.741943 499.980090
459.349749 81.229911
447.570904 491.738055
447.974021 530.024122
440.011801 407.800425
447.105788 58.221299
446.186433 495.870334
471.544422 542.225085
432.366100 419.210706
461.478835 430.320269
466.301406 423.481938
420.825282 75.581806
451.088902 76.117563
469.935247 430.414044
461.472951 502.218076
455.953790 525.777565
469.075218 430.360990
465.942960 430.424027
459.884245 429.322972
445.854169 493.231551
450.567878 463.607211
455.116558 479.555201
466.759172 79.383860
443.290411 531.459619
478.389051 445.783649
447.004735 481.684193
466.991971 441.424789
447.549690 465.346108
450.010473 452.749842
458.972024 466.303280
457.351149 465.244956
471.015554 68.508724
487.193511 538.644049
432.720795 66.645081
446.057389 531.778352
468.397241 79.462870
453.117054 521.428549
441.632264 85.540334
438.650947 546.296530
487.080081 84.140662
493.991262 528.163054
474.035863 72.197134
487.942864 525.684757
492.102472 78.210989
479.122683 520.206664
476.857747 523.670434
483.583767 80.047325
506.759243 506.433160
490.411270 508.896565
482.820038 93.782119
506.555216 432.660843
494.200939 440.762201
528.320996 453.529401
500.745153 448.925297
495.373455 460.835082
490.346220 450.059679
483.332106 473.592065
491.583763 465.429167
492.704772 474.853653
501.502042 472.884331
499.422265 472.261855
489.882119 470.368413
496.825625 470.954088
506.709131 511.308105
487.282541 71.372730
485.164723 443.272513
490.815221 388.800696
489.331278 404.489541
512.596034 409.423062
470.249303 418.592999
511.301839 415.873395
484.642679 423.375738
505.151450 436.217135
499.256633 432.713852
493.417104 493.000811
499.776420 493.859707
511.773243 496.237503
509.429962 501.145241
487.347908 507.948532
498.801839 79.730666
491.782267 390.509759
497.652595 94.591457
486.749283 387.642269
493.480174 89.019443
501.449068 384.322591
533.008452 81.131059
517.013728 388.678033
510.163724 79.053415
512.651611 402.551179
548.710166 79.475212
508.116857 402.339570
548.218345 91.052415
532.869553 392.965248
555.287861 101.015143
542.839530 404.976624
549.654053 92.312916
512.411436 396.670115
539.237685 84.844831
513.428487 391.699403
543.189593 85.206611
536.557352 410.231436
559.856487 97.659867
554.586302 391.654637
564.341530 79.927511
561.095690 406.971393
539.161173 94.833626
574.890352 399.867624
546.452744 394.732539
576.235147 100.694978
579.908867 402.873878
555.985465 86.797214
577.139131 410.497052
564.252443 100.430650
566.663349 407.828724
581.098338 89.819836
553.223061 402.961880
593.958304 91.902593
573.717299 399.114970
575.834782 90.581995
571.465373 413.167189
582.446926 72.792819
583.388531 388.971751
596.721976 89.755704
612.555367 418.871889
564.468970 90.453910
575.783573 407.996772
579.453513 83.444794
585.281383 398.505108
620.936553 100.097592
606.704230 388.989673
606.084975 75.835423
627.760680 410.856746
607.374551 98.610468
579.204094 405.267521
599.748020 96.971475
588.405227 423.928145
614.779381 101.022197
618.600491 405.413085
618.133166 84.645704
621.890257 413.578776
598.264132 94.966088
632.043115 403.288771
659.779363 79.961300
645.041007 402.599147
622.578573 419.155169
632.724768 408.667282
635.427815 420.206325
644.293559 415.612543
627.865174 427.377605
643.710802 439.891737
651.330692 442.439143
618.118965 441.384876
618.617076 96.104581
616.848027 453.591396
633.847338 100.047251
620.926692 457.599788
635.385412 75.903631
636.546194 440.592557
636.602757 457.628656
617.394784 105.726257
671.025005 437.752385
629.801033 101.417985
659.453350 433.117578
649.354791 88.576551
634.463467 444.416567
648.569096 98.383501
640.484550 424.552778
643.980343 92.254231
652.843757 423.895772
655.564749 425.611780
637.558325 91.969568
676.991867 416.792074
645.232038 97.551968
664.561177 405.539169
676.489710 97.703070
670.211829 421.827868
667.752126 68.497692
650.050900 404.311968
685.318060 91.628703
661.192508 397.344969
727.409434 74.430634
698.939476 410.179026
699.401646 87.087114
689.298035 418.121425
683.833667 81.209460
667.114509 415.298869
706.673774 83.417277
689.474470 391.830827
678.527311 109.862887
706.666599 404.280837
721.124624 104.988689
709.205949 411.179437
712.487355 96.155716
702.186635 409.558559
717.162021 95.845428
694.947645 397.856022
709.066684 99.577348
715.088611 395.304804
719.804615 98.496841
716.006640 399.382848
728.084254 84.897554
709.233466 393.206292
723.014714 84.636658
711.815605 398.504419
728.242100 99.480378
750.372865 398.407456
722.121692 93.911175
746.572359 393.979804
730.165770 97.388524
715.017110 390.130663
736.030006 87.988856
736.217997 369.520210
739.173702 86.396144
785.500385 374.028892
745.058375 76.881844
755.036357 387.700180
733.297268 76.584688
778.643617 385.643860
738.955771 93.997399
766.429397 368.112616
743.985031 94.074238
790.338767 385.034022
779.795456 366.152109
767.742643 102.707513
781.958472 375.483996
785.907601 87.169540
779.949239 361.688325
762.145451 522.780293
761.469151 518.606172
764.816270 537.236816
771.967422 89.791755
792.326578 362.582571
791.556573 509.892441
793.769246 520.684819
748.589425 534.590213
795.295380 79.031464
757.469894 365.692354
771.850627 529.902099
776.826578 542.722187
759.619646 98.503323
789.421348 364.906463
798.656362 511.225769
762.989818 540.328909
767.439478 71.374174
779.397283 373.329679
772.009545 516.393290
773.299477 534.680655
776.469396 79.278553
780.359933 379.865008
780.686509 369.664179
784.716517 374.292953
779.121308 498.602879
796.923542 538.266388
804.127153 96.462250
781.640608 380.234775
807.688810 382.766072
809.743359 381.238238
803.845700 495.670318
813.722841 543.672767
804.501929 110.003470
797.390856 416.482810
805.828066 494.503638
802.763143 539.723998
807.072975 91.972182
817.285656 505.865210
817.246742 393.478181
785.147098 527.947302
825.133954 95.808241
798.273028 491.230393
814.964273 389.169847
817.033756 541.394511
807.470028 80.317287
810.950332 485.560813
818.417964 404.502918
807.360264 389.179503
797.096497 393.409845
812.533235 402.162648
819.644475 521.321386
825.012245 88.542125
816.066792 506.709583
801.435428 405.656807
808.509550 417.563406
803.532447 436.106649
829.579811 420.160528
822.799053 484.359073
818.491829 539.606912
837.018027 81.499958
802.760583 430.598197
840.415487 479.120847
851.742257 540.593016
836.111491 110.628629
817.266220 427.415302
826.592293 445.271089
811.537512 430.508404
823.072605 452.814345
829.065570 474.563719
815.793830 484.144708
818.525453 478.700738
822.198610 443.354080
818.802443 531.237309
828.644382 94.047109
802.036632 464.379205
843.124097 441.660558
829.630647 455.163704
814.092845 458.860992
829.331380 563.845279
809.764856 538.399913
819.053329 90.235621
823.586267 557.163504
827.895777 531.203511
822.270130 96.408883
848.936124 555.992148
833.548414 546.138520
851.173937 519.257292
822.037088 533.279433
824.469705 555.232820
809.903007 90.506134
848.509704 526.537447
841.085876 548.331414
825.277233 565.237088
835.550186 82.301551
840.140953 513.581026
816.281091 556.469103
868.170510 555.266023
842.741424 94.677034
833.559512 535.486760
877.636329 508.166316
854.836378 505.595479
874.857594 494.961374
854.753368 520.263259
854.335872 558.471610
837.224207 87.512736
848.449099 525.049521
831.500225 498.818059
847.874812 552.818566
852.052231 96.186947
825.479650 474.794289
866.928197 470.418422
858.392142 481.694442
854.057086 474.830658
859.980637 492.204016
858.313355 496.641685
829.303388 489.207726
871.551170 488.126365
854.324630 520.202676
873.013047 567.313728
852.132626 76.959772
853.907096 464.984970
816.238158 457.608714
875.925827 471.837688
854.729793 513.520642
865.318396 570.556786
874.012930 78.990332
878.679363 519.880220
857.058647 461.314026
884.211387 423.980389
848.634807 442.853974
881.196575 428.992210
888.339556 441.416366
865.843518 443.503846
867.714481 554.610684
861.782154 87.903650
858.143941 522.448418
880.734467 504.775386
858.509372 501.104820
865.990930 521.219508
871.832275 425.735523
893.310294 548.750860
879.575793 86.478654
877.060911 425.458614
866.980352 420.613160
880.506019 505.564817
885.640447 559.440049
869.883620 82.417431
863.946608 442.585679
864.849429 498.757270
854.100530 430.849508
854.176673 442.113989
875.283536 455.340532
887.648779 481.074305
904.863165 480.986177
877.884119 488.146263
890.389127 570.279043
870.583049 91.888200
873.854794 448.280721
881.843964 472.933737
859.333165 561.716978
878.637292 91.542436
894.725341 452.387637
860.103538 466.287265
882.985544 555.857354
891.043893 102.861026
874.104005 462.279732
877.844393 464.786844
875.027930 459.595115
888.199826 459.200903
878.716726 472.665401
897.593823 465.363511
890.327155 553.014280
897.999891 83.365960
926.143927 566.684077
891.629868 64.940967
904.286816 561.326664
916.182454 108.949941
893.831210 545.127686
903.584674 89.166940
904.065018 543.854910
878.093820 553.198396
901.309479 93.845104
912.974048 534.663377
889.643218 530.885308
898.572499 529.090658
916.251348 91.673215
922.411258 511.426196
915.034332 88.561347
930.400660 378.747984
889.765274 373.223694
916.102698 381.992332
913.932342 395.632531
926.263881 396.090740
920.666532 410.649417
908.742652 398.034268
895.297832 398.457251
918.561720 398.006279
918.639595 492.326917
933.067612 502.620734
922.083739 488.689279
922.445685 503.438793
896.581370 518.775183
917.866131 508.063541
936.583412 516.068260
925.272902 405.929731
919.405515 515.581244
916.175702 517.650013
912.154150 533.339607
912.419994 531.358575
885.787322 545.422613
944.029190 98.326689
936.387777 352.590389
918.963838 490.011115
932.840699 402.360025
928.944211 428.224377
931.727563 421.565217
920.681650 421.752012
936.082925 442.581337
911.078862 437.211235
930.828472 435.888578
908.925628 437.087200
919.430985 450.623803
909.003804 445.151093
911.016456 445.713675
889.972211 453.291311
929.555731 442.943790
931.779035 472.757703
905.360004 461.290210
937.815244 480.470154
931.005714 494.166969
919.775654 477.749657
914.498253 366.155784
927.075208 514.565839
915.307485 544.691659
914.067467 100.173682
921.054972 372.587059
923.755257 376.474329
942.069788 376.665247
903.175584 398.075876
910.830484 394.843631
915.204318 402.284119
920.945983 410.665414
904.075139 404.430118
910.831448 500.272745
939.968040 493.416653
918.230920 514.642096
914.837672 513.714291
949.461885 523.513262
938.545116 508.148889
903.482815 416.941455
916.397676 550.512782
916.125619 87.981491
951.107038 403.371465
942.438257 495.963589
964.890144 415.206806
910.652069 429.597660
922.434916 440.559183
925.793998 425.067558
925.858341 429.542839
942.263585 433.686242
930.226594 434.938641
925.967041 452.156643
917.679693 442.431342
934.248312 459.859076
916.772863 444.504905
901.063605 463.467334
930.607653 464.339030
914.740055 464.145817
917.697204 471.938369
918.042082 465.585142
917.902542 474.679929
941.831045 473.469382
910.971686 539.005745
908.553331 563.291222
939.639856 86.953998
918.866973 560.000618
939.561512 100.768253
941.068043 557.533586
945.124541 94.563476
931.045735 543.295901
953.563745 563.102434
917.916669 89.571179
930.875634 530.614986
951.568463 365.129273
926.368660 352.347890
948.154905 370.875449
932.983015 376.735488
961.287613 374.668036
958.427367 376.940661
931.363011 381.303856
930.347282 507.600937
939.016219 517.253635
941.769090 514.916668
935.628157 521.872398
954.552276 545.699510
963.587055 537.825702
946.819775 91.109286
946.169019 389.543898
938.812240 356.246168
965.629766 522.679175
947.336353 103.278615
926.661244 351.339776
950.677579 351.340520
968.168573 403.577519
943.456990 400.658493
934.795332 399.702153
947.274409 395.088927
981.136168 501.835226
959.538613 509.698545
964.034939 498.557201
953.176780 117.439947
915.399858 408.901894
963.739610 342.678724
970.002545 496.920348
971.716258 340.039343
964.180472 402.310907
945.617337 403.494226
966.521920 430.789803
949.387195 429.275980
953.167874 427.859655
952.428193 433.312787
955.876132 458.424827
912.769066 457.150845
975.416159 445.947312
925.512141 457.501746
965.373998 468.955084
991.611782 463.360556
932.869152 472.999911
961.307320 471.712760
977.800540 480.374132
942.365791 477.314443
976.562031 489.191935
955.310851 478.182426
941.376526 109.231897
934.954693 417.389989
935.064748 116.290073
962.758342 320.957195
965.326329 132.772030
954.820182 117.840970
958.049645 300.364559
973.754233 308.826563
955.650252 318.803767
978.118349 131.963361
968.169846 309.107675
972.103037 126.979874
953.284198 130.450646
946.171569 298.658590
945.643623 272.868655
968.590564 287.676851
1000.377317 292.171856
945.831256 304.227879
976.861212 302.397393
949.961827 140.051127
935.519378 287.153372
933.711399 123.151509
983.625139 143.208056
955.668975 254.093006
963.038044 251.074824
961.250824 272.133827
960.207225 281.395094
977.276558 280.769037
974.261507 149.122907
943.911936 240.673566
960.933745 137.442573
969.225177 151.146030
956.180774 154.907565
989.391904 154.860809
978.582979 161.565281
968.649696 171.129873
962.702000 154.794286
984.747588 170.913390
995.544322 183.486922
976.908088 162.419000
973.331533 184.210823
979.791845 200.724818
940.501161 192.608437
973.069884 204.769688
981.353649 192.923038
981.362366 204.539644
996.601337 220.959974
985.167347 222.915518
984.266419 221.347120
979.098056 218.880474
967.965653 211.451704
960.032572 230.903124
985.124798 230.326651
980.353681 243.262689
969.363093 235.109108
970.873505 250.175200
