1284.404586 547.811747
1282.174492 554.555639
1288.870744 570.801972
1292.697127 536.634324
1300.310852 572.158108
1299.961918 525.448325
1305.624466 581.271058
1314.783259 523.258401
1316.380571 579.771629
1326.231613 524.300725
1323.453209 588.783708
1333.708867 518.786175
1334.188418 591.492256
1344.889530 525.577739
1344.169289 604.836176
1353.784104 605.717603
1351.475747 530.714121
1355.158443 618.420318
1348.239674 540.018691
1364.181720 544.387731
1367.843816 614.401105
1367.004221 545.841848
1374.435339 624.682985
1378.075279 562.372614
1376.579272 726.824901
1383.644820 742.022218
1380.162424 751.414961
1389.867093 626.130749
1388.726491 714.972470
1389.083307 754.249179
1385.408537 564.632441
1388.648369 763.174021
1391.588302 634.750268
1397.328180 709.485891
1398.056522 777.808181
1402.627620 568.217959
1400.814950 869.703873
1404.793358 700.691683
1399.338559 631.066813
1404.776351 780.807189
1403.589427 856.200052
1407.410858 691.066435
1407.675699 573.632853
1404.345457 794.532050
1407.647169 871.986308
1408.255442 642.501290
1415.886724 723.934940
1417.290438 750.418826
1412.288762 843.873235
1414.534346 679.840585
1410.093955 795.564832
1414.111242 810.348265
1411.656958 819.229226
1414.998167 833.883535
1414.962194 841.871138
1414.142619 564.820614
1419.631454 647.125810
1415.350651 725.121807
1420.213532 875.306693
1419.328205 750.907052
1425.474668 681.843813
1430.384816 563.365191
1434.944226 749.821666
1429.350744 659.154637
1433.040064 722.566899
1429.218820 659.347554
1438.010336 870.233396
1435.262902 763.017886
1435.013521 773.564999
1436.407256 569.809207
1434.328865 714.714039
1436.788978 863.861756
1444.328868 780.463479
1439.620231 795.328100
1449.339055 801.421663
1445.705022 569.142296
1436.569849 701.911111
1448.377395 860.583480
1447.885255 815.409353
1455.112861 822.999638
1456.284785 569.052536
1450.354787 712.397622
1455.473076 854.390502
1457.740157 826.893430
1463.314561 574.334988
1458.792250 702.552114
1460.832529 836.401495
1464.966690 859.981968
1471.223092 847.537751
1472.856798 579.373521
1475.356659 694.679564
1482.516261 577.049964
1481.191658 705.666227
1489.156086 707.810086
1488.076506 716.506797
1484.398631 728.656031
1482.908674 738.995768
1488.309170 756.501815
1481.144400 757.620915
1491.120059 763.352150
1482.749470 775.680911
1486.746560 788.240972
1488.918666 797.966743
1485.464028 591.623609
1501.051137 803.823240
1505.077579 592.972708
1510.485917 809.601502
1505.565410 598.089150
1519.543386 807.525268
1519.477322 609.139759
1523.146758 610.560282
1522.324618 714.366178
1522.825185 721.122442
1528.479494 736.364094
1526.273359 747.044638
1526.247973 747.024691
1526.016141 769.591966
1522.552924 810.501125
1536.013766 625.789041
1533.190502 778.026676
1537.717914 709.185429
1535.707737 823.365369
1533.878040 622.226147
1541.414374 786.723634
1540.092464 700.329382
1546.146837 820.877393
1549.359477 632.744661
1549.071089 787.366244
1551.412680 697.380683
1551.164367 635.999471
1546.218273 665.561568
1549.820166 672.168089
1554.555947 829.471269
1555.876860 656.009144
1559.652669 796.023749
1562.031366 831.840413
1568.255980 789.425648
1566.419913 836.281622
1579.073669 804.415706
1578.942185 840.705412
1579.505666 802.111677
1595.324475 814.395502
1588.900820 846.200167
1594.505853 860.862511
1591.836400 817.551363
1597.156703 868.881006
1600.632870 830.367009
1608.452437 880.977218
1598.953740 883.714302
1602.241243 893.430647
1609.125862 828.632141
1611.038156 901.756344
1618.613565 829.309955
1628.330647 891.906899
1634.177631 842.055094
1631.613492 853.572081
1629.525305 858.384131
1629.421038 869.576091
1634.976301 877.709910
