41 261
41 265
41 269
41 273
41 277
41 281
41 285
41 289
41 293
41 297
41 301
41 305
41 309
41 313
41 317
41 321
41 325
41 329
41 333
45 257
45 335
46 246
46 250
46 339
46 343
46 347
46 351
46 355
46 359
46 363
50 242
50 365
51 216
51 220
51 224
51 228
51 232
51 236
51 369
51 373
51 377
51 381
51 385
51 389
51 393
51 397
51 401
54 405
55 212
56 201
56 205
57 409
60 197
61 186
61 190
61 412
61 416
61 420
62 424
65 182
66 171
66 175
66 427
66 431
66 435
67 439
70 167
71 442
71 446
74 164
74 450
76 156
77 454
80 152
81 146
81 457
81 461
81 465
81 469
81 473
85 142
85 475
86 479
86 483
89 139
90 485
91 131
92 489
95 127
96 116
96 120
96 492
96 496
100 112
100 498
104 111
104 498
108 110
108 499
111 106
111 503
115 102
115 505
117 509
119 99
121 512
123 96
125 513
127 96
129 514
131 96
131 518
135 96
135 518
139 94
139 518
142 90
143 518
146 86
147 518
150 82
151 518
154 81
155 520
157 524
158 81
161 527
162 81
165 528
166 81
169 529
170 77
171 71
171 533
175 71
175 535
179 69
179 538
183 66
183 539
186 543
187 66
190 543
191 66
194 544
195 66
196 548
199 64
200 550
202 60
204 553
206 56
208 553
210 56
212 553
214 54
215 557
218 51
219 558
222 51
223 558
226 51
227 558
230 47
230 562
234 44
234 563
238 41
238 563
242 41
242 563
246 41
246 563
250 41
250 563
254 41
254 564
256 568
258 41
260 569
262 41
264 569
266 41
268 568
270 41
272 568
274 41
276 568
278 41
280 568
282 41
284 568
286 41
288 569
290 41
292 568
294 41
296 568
298 41
300 568
302 41
304 568
306 41
308 568
310 41
312 568
314 41
315 564
318 41
319 563
322 41
323 563
326 41
327 563
330 41
331 564
334 42
335 563
337 46
339 560
341 46
343 558
345 46
347 558
349 47
351 558
352 51
355 558
356 51
359 558
360 51
363 557
364 52
367 56
367 553
370 549
371 56
374 545
375 59
378 543
379 61
382 543
383 61
385 65
385 539
389 66
389 535
393 66
393 533
396 529
397 66
399 525
400 70
403 523
404 71
406 519
408 71
410 75
410 518
414 77
414 515
417 81
418 513
421 81
422 514
425 84
426 513
428 507
429 87
432 91
432 503
435 95
435 499
439 97
439 498
442 101
443 105
443 487
443 491
443 495
443 499
444 109
447 483
448 111
450 479
452 111
453 472
455 115
457 468
458 119
458 462
459 123
462 458
463 126
465 454
467 126
469 453
470 130
473 134
473 452
474 138
477 449
478 141
480 145
481 448
484 147
485 444
487 151
488 437
489 441
490 155
492 433
494 157
495 429
497 161
498 165
498 169
499 173
499 425
503 176
503 423
507 176
507 423
508 180
509 184
511 423
513 186
515 425
517 186
519 425
520 190
523 423
524 192
527 196
527 423
528 200
529 204
531 423
533 206
535 210
535 423
539 211
539 423
543 211
543 423
547 211
547 423
551 211
551 423
555 211
555 423
559 211
559 423
563 211
563 424
566 428
567 211
570 428
571 211
574 429
575 211
576 433
579 211
580 435
583 211
584 438
587 211
588 439
591 211
591 443
595 211
595 445
597 449
599 211
601 452
603 211
605 453
607 211
609 450
611 211
613 448
615 211
617 448
619 211
620 444
623 211
624 440
627 211
628 437
631 211
632 433
635 211
635 429
639 211
639 425
643 211
643 413
643 417
643 421
645 215
646 409
649 216
649 405
653 216
653 403
657 216
657 403
661 216
661 404
665 216
665 403
669 216
669 403
673 216
673 404
677 216
677 403
681 216
681 403
685 216
685 403
689 216
689 403
693 216
693 403
697 216
697 403
700 220
701 403
704 221
705 403
708 221
709 403
712 221
713 403
716 221
716 399
720 221
720 398
724 221
724 398
728 221
728 398
732 221
732 398
735 394
736 221
739 393
740 221
743 393
744 221
747 393
748 221
750 397
752 221
754 398
756 221
758 398
760 221
762 398
764 221
766 398
768 221
770 398
772 221
775 394
776 221
779 393
780 221
783 393
784 221
787 393
788 221
790 389
792 221
793 382
796 221
797 378
800 221
801 378
804 221
805 378
808 221
808 372
812 221
812 368
816 221
816 368
820 221
820 368
824 221
824 365
828 221
828 363
832 221
832 363
836 221
836 363
840 221
840 363
844 221
844 363
848 221
848 363
852 221
852 363
855 225
856 363
859 226
860 363
863 226
864 363
867 226
868 364
871 226
871 368
875 226
875 368
879 226
879 368
883 226
883 369
886 373
887 226
890 375
891 226
892 379
895 226
896 382
896 386
896 390
899 226
900 393
903 226
904 393
907 226
908 393
911 226
912 393
915 226
916 393
919 226
920 393
923 226
924 393
927 226
928 393
931 226
932 393
935 226
936 393
939 226
940 395
943 226
944 398
947 225
948 399
951 221
951 403
955 221
955 403
959 221
959 403
963 221
963 397
963 401
967 221
967 393
970 225
971 393
974 226
975 393
978 226
979 390
982 226
983 387
986 226
987 383
990 226
991 383
994 226
995 383
998 226
999 383
1002 226
1003 383
1006 226
1007 383
1010 222
1010 379
1014 221
1014 378
1018 221
1018 378
1022 221
1022 378
1026 221
1026 378
1030 221
1030 380
1032 384
1034 221
1036 387
1038 221
1040 390
1042 221
1042 394
1046 221
1046 397
1050 221
1050 398
1054 221
1054 399
1056 403
1058 221
1060 225
1060 403
1064 226
1064 403
1068 226
1068 403
1072 226
1072 403
1076 226
1076 403
1080 226
1080 399
1084 226
1084 398
1088 226
1088 398
1092 226
1092 398
1096 226
1096 398
1100 229
1100 398
1104 231
1104 398
1108 231
1108 398
1112 231
1112 398
1116 231
1116 398
1120 231
1120 398
1124 231
1124 398
1128 231
1128 398
1132 231
1132 398
1135 235
1135 394
1139 236
1139 393
1143 236
1143 392
1145 240
1147 388
1148 382
1149 241
1152 378
1153 241
1156 378
1157 241
1158 372
1160 245
1162 368
1164 246
1165 364
1168 246
1169 363
1172 246
1173 250
1173 358
1173 362
1174 254
1176 354
1178 256
1179 350
1180 260
1183 348
1184 261
1187 349
1188 261
1188 265
1188 342
1189 269
1192 338
1193 271
1195 275
1195 334
1198 279
1199 283
1199 333
1203 286
1203 290
1203 328
1203 332
1204 294
1206 324
1208 296
1208 300
1209 304
1209 320
1213 306
1213 310
1213 314
1213 318
