4.583880 16.194393
35.990013 103.253697
30.439641 115.897255
24.385135 126.488234
35.128330 97.623582
37.791745 112.025415
23.782873 123.680420
30.326851 132.338253
42.477135 111.931626
32.714281 120.952143
40.816322 146.522444
45.073081 142.460285
46.711141 143.362105
47.409555 171.425938
43.700909 92.317451
66.078012 146.836705
57.270480 116.929909
44.979327 156.578260
49.132378 106.747096
51.583254 163.760104
39.489387 88.227828
58.249129 162.600107
58.851132 92.548141
61.243064 152.191793
61.287649 146.391295
53.354998 96.038124
70.634761 152.785619
48.829283 90.835224
64.032774 161.796336
55.790233 98.799690
62.394196 153.779208
66.642054 84.616024
72.911816 166.260709
63.514035 160.917466
67.368054 180.199567
85.266350 167.516984
62.357475 161.810076
68.235786 181.481182
70.400289 191.841199
64.921973 188.287436
88.616696 201.765969
83.309391 500.364607
71.785914 509.966315
72.796465 514.451543
62.698930 520.817151
73.079194 82.900831
74.172256 214.482538
67.633987 511.018648
62.700960 517.799549
84.360864 197.851385
92.329992 217.940153
84.992345 209.195217
67.171224 226.710829
72.639514 217.612723
62.571049 240.696417
68.985495 242.266817
72.690383 233.530887
72.383146 247.240915
79.446687 230.711867
87.194314 236.091600
81.290993 236.268537
78.465202 239.082613
77.761647 270.844399
82.943900 259.675472
80.719523 281.480140
61.720348 260.710532
83.104249 272.285675
73.618689 285.478006
74.622917 285.222751
71.597996 273.605829
60.145490 292.837453
78.008462 292.202401
78.323217 298.517663
79.781516 93.019899
84.090174 294.234331
70.474717 513.317390
81.672169 534.568266
65.291568 306.668687
73.584025 295.202026
71.292034 325.638137
74.429679 79.759970
88.486831 502.290889
86.908905 524.222680
88.129086 307.449445
94.265934 80.451628
90.745554 327.567682
91.211940 321.826939
83.323330 515.991080
101.693154 545.082646
102.776884 88.643966
88.642110 321.111955
95.720336 336.431063
94.666953 334.873834
80.551913 496.751589
82.330275 536.337054
94.323177 94.741489
98.147677 331.140619
86.842681 502.844051
90.089718 511.448375
85.587479 350.761723
101.805552 79.707575
90.159064 502.416249
94.012537 539.758494
92.546140 99.973811
98.573429 340.902867
109.406086 491.466005
100.324511 536.876316
102.081406 91.391759
107.925818 344.450725
98.259810 355.249855
105.606067 357.428534
109.373352 355.733260
104.697689 476.777769
97.975675 490.799644
117.490687 489.610624
109.235476 505.155620
95.997352 494.194871
104.049409 512.032207
118.870929 492.908067
114.952479 514.677697
105.058608 92.946616
108.530110 357.938004
103.827654 477.670438
127.508834 80.462657
122.940071 423.190539
101.605412 442.809120
112.725101 440.852962
103.658528 447.636818
91.253715 454.352661
100.875814 455.504667
130.296853 467.085271
93.474847 460.753443
115.204575 461.385700
98.569809 462.115822
98.617163 468.659976
108.887343 512.363577
101.934030 367.805709
114.621095 529.316599
124.336464 511.049757
97.604852 73.869029
112.705044 425.270425
115.088839 376.827239
116.712925 370.647648
116.802360 379.118902
98.592415 438.486451
106.054918 378.042981
125.080662 509.251441
117.087891 84.648288
133.795687 411.488279
114.325176 522.160691
126.150138 72.698428
120.928207 385.767723
127.584494 382.153462
123.727120 384.939342
139.996230 399.742873
110.927490 401.742485
111.713412 385.606030
121.672012 410.855773
147.399520 390.298586
136.304203 496.121487
125.835039 79.598897
126.061463 56.628236
133.443273 508.457701
124.163521 498.702560
128.791647 79.041325
141.009736 499.284654
134.643947 77.294126
143.626963 499.217872
157.333763 68.603331
135.549084 465.275560
142.480325 471.585393
140.445730 494.905614
141.902290 492.469543
121.480537 515.288370
142.359286 75.458736
148.008962 483.479817
129.866275 470.925650
150.282010 72.925745
143.403507 530.906869
157.299047 529.109318
138.295511 469.090795
152.476667 527.326530
145.934751 469.850938
154.960562 58.636391
143.020474 531.485522
152.808078 548.314080
143.138331 449.432041
143.525996 61.057135
163.647974 77.568512
152.047983 101.517880
158.516570 103.376063
158.317459 106.607910
155.194909 98.635663
149.971829 116.316099
145.009928 112.235450
160.888256 113.976325
157.580523 120.533341
155.444450 133.746690
152.662534 122.266558
158.300003 527.056790
165.883074 74.553720
148.479573 460.266399
150.301228 543.470268
137.085834 87.877681
140.070357 74.272090
159.674785 81.879449
160.636337 117.771777
168.352589 153.079070
163.734986 140.709575
154.391008 139.685746
173.337710 142.894353
155.395578 153.971393
175.197682 159.643795
140.689800 547.198622
166.730443 167.384220
156.973558 436.788529
163.680113 536.004072
167.798100 449.445789
157.375765 464.796148
149.758998 512.655914
153.342936 554.449930
169.367201 160.310853
163.498415 165.312979
161.223411 176.427748
175.094781 178.548281
172.367553 173.461879
152.508819 467.339191
166.822077 508.417485
164.640631 545.892930
165.655503 481.924205
173.940561 477.574324
166.852953 481.895876
146.893220 483.049035
177.619984 474.056343
167.113637 477.591170
148.819284 506.321744
169.220762 493.719906
173.965080 512.223391
168.786457 509.249767
164.607894 514.709258
148.698753 193.491891
163.027883 172.477435
179.199706 548.546367
173.001627 188.781294
173.885946 178.075982
179.725882 546.487175
172.411014 185.659343
181.527754 556.196963
196.419827 202.478283
179.118353 558.554495
181.425146 186.889093
184.518607 537.955433
176.643449 201.667104
191.807670 531.675713
187.928580 539.277484
206.797833 201.711994
187.338494 521.583929
184.235518 517.476271
188.875494 197.462198
190.309904 522.197180
201.716732 203.168875
194.187700 436.872206
192.883230 428.341062
198.945809 447.953895
196.217316 458.190018
197.774662 439.432489
201.878989 459.801559
199.404791 455.752787
195.870502 450.797918
191.426013 455.702604
198.313678 472.530109
190.358803 470.558053
205.984746 485.579126
210.116304 500.308847
207.066972 485.161347
206.802780 488.265898
205.817800 492.049302
189.090897 501.341398
193.437175 499.682412
195.579382 479.882875
199.725792 506.563179
190.386467 514.627729
187.312626 440.342897
196.338147 192.047635
192.686866 385.811242
193.114693 383.229000
209.246990 404.844468
211.515856 417.922477
213.373573 389.193603
212.869463 411.810728
210.667924 416.437680
190.680124 195.461177
213.598518 417.778628
212.288625 386.432952
197.837227 407.284675
206.971759 420.296622
210.852912 385.432722
221.919280 209.476528
201.557826 368.208707
203.179223 197.993964
214.980408 373.112503
226.135588 198.197839
223.366743 200.710194
213.620437 360.048113
207.383425 192.865547
214.252148 371.371010
224.791137 189.328731
229.627094 373.355112
234.420924 182.206949
227.254107 357.085718
218.975158 195.889559
238.218391 381.546950
227.576025 187.173225
235.451275 366.480961
238.069179 189.586345
248.964248 380.755195
259.007898 182.478754
253.595484 375.745018
257.174053 181.102458
234.993135 376.728299
259.395060 191.960403
251.015401 359.241121
277.632082 183.600613
272.323732 371.695934
266.030891 185.487133
253.035546 355.412563
261.438817 191.282361
262.945084 362.037674
264.409182 176.651257
270.109103 370.828739
279.445655 185.182651
287.052601 368.797315
280.034115 365.930956
278.500237 187.905646
296.305791 365.626337
291.229450 197.994248
293.367704 388.219392
289.776090 190.231585
298.961026 360.788521
286.824154 181.628040
291.422546 357.050012
301.664447 182.105908
286.813771 368.888254
284.719323 187.434469
313.298194 349.130103
310.750710 192.060295
322.236518 338.706852
314.657787 186.347025
326.965300 349.661509
304.213494 176.161788
313.044759 362.455416
305.281813 199.306016
311.919403 356.341300
316.209940 193.083383
305.126244 329.245389
323.459785 188.562191
315.281889 344.872198
338.462307 177.929051
330.593015 353.641382
333.067680 178.251572
355.639227 346.757294
333.911203 180.744680
350.209243 349.413924
355.991507 183.086225
344.052813 337.821178
352.758207 187.277147
353.398795 335.895325
352.510836 204.933924
352.769129 333.279718
345.266555 174.809696
349.803869 351.566572
361.165534 187.681257
359.024063 344.342052
362.429734 191.911361
372.306383 337.597180
368.480947 202.564724
382.521161 337.209957
391.373648 191.686223
377.090016 350.993639
364.209535 337.230996
359.544802 344.900500
359.255788 184.459422
374.923903 344.733307
382.358933 179.127404
375.079532 356.112873
379.197146 191.816860
383.470845 359.477224
378.667666 377.691748
383.342421 190.070327
398.340721 376.868083
386.115477 371.472917
370.851950 378.631762
384.347558 177.672494
392.571631 382.392111
391.337607 368.254494
393.580392 387.343749
397.329926 205.575699
400.324740 399.569079
407.620726 185.481059
398.330287 411.079072
394.289800 396.313906
402.342840 184.044114
410.486079 409.914264
402.128558 399.325719
402.347986 414.609329
409.018363 203.018043
402.871389 395.695435
397.999400 204.471939
417.098925 411.609347
408.828824 193.058234
421.310533 411.313371
400.014825 419.294768
412.096997 429.034814
417.452304 184.682883
398.573319 430.478600
396.468895 191.874930
411.905986 436.730748
412.938086 197.582353
425.752471 435.738269
418.342064 204.439308
442.755810 438.539666
418.963336 185.221157
430.181646 436.789999
441.572599 541.436796
424.826027 551.392177
425.615614 558.725453
429.789006 559.459965
419.758779 550.126755
438.454486 214.212238
441.134029 446.905057
428.935143 549.007601
435.445744 572.609013
443.874102 443.031025
438.127150 457.491115
432.477626 568.605666
429.397376 192.980476
438.356582 545.094340
434.970726 460.630058
441.746252 577.101822
440.611062 200.734987
430.370733 550.451964
443.649203 445.406983
459.438540 581.431574
458.266431 213.426382
456.178514 450.055902
444.669793 535.392253
439.274570 570.860814
467.779422 218.718435
449.552208 452.271935
433.534091 535.548226
449.737110 447.681247
457.955547 576.911866
467.813035 218.431727
453.224607 522.312394
451.320635 470.786680
443.535381 468.233562
452.376348 525.513920
451.146951 581.859744
457.439549 227.887671
476.642141 482.498336
461.484828 508.184284
450.634354 486.161059
448.790944 472.304076
463.522585 493.773879
462.323846 478.487876
447.999879 498.187495
480.762259 571.276536
444.332820 183.746259
467.665647 491.340540
455.598574 509.226970
461.832472 572.831162
475.591345 212.036027
462.901151 472.541942
468.061973 565.956716
481.700848 227.539930
478.710034 547.958348
486.631375 205.941507
478.377503 563.496241
457.828107 200.339483
482.236134 540.064410
474.554746 558.759131
479.323758 214.017484
486.669021 538.579577
493.074924 532.505359
490.486004 195.273617
478.490092 545.954168
478.286896 248.775667
482.144717 258.220034
486.259655 428.882338
485.228305 430.767042
481.241367 436.245472
485.009008 430.717357
504.258809 434.809498
483.053123 441.852292
479.227992 512.747038
490.221319 527.643630
454.604502 528.485082
480.464826 187.921356
483.226552 261.464791
488.763181 253.498726
491.580004 425.298735
478.837404 439.001391
480.006894 520.799398
484.336858 263.132839
495.316663 269.631620
494.934783 276.007081
501.315185 452.475925
494.818124 496.122520
497.883194 497.625661
502.279514 500.667679
500.041183 504.236887
494.086706 518.137510
470.281272 516.375914
495.120080 191.734776
502.272038 450.446490
502.155722 237.135912
495.615842 423.268303
489.889929 91.900011
502.981688 88.987091
503.092379 487.732140
494.910829 287.073833
493.529310 214.685239
476.612662 280.807972
496.648783 266.183480
486.844974 286.723585
504.100680 288.725638
504.486296 297.986268
478.635612 308.844791
494.575819 297.100515
483.783681 300.476635
503.949009 299.612059
477.097534 313.521855
511.979222 335.669156
506.664462 339.231116
497.980624 320.051432
510.249286 330.546138
507.497338 445.846147
488.527454 483.322249
507.393536 245.131816
502.903885 425.431151
484.617096 81.813569
486.321668 87.354471
507.991547 331.032721
491.811759 456.319596
500.836485 184.726215
509.996488 476.736964
503.842137 245.854791
508.373200 338.163146
504.669361 437.452646
522.613521 454.733154
495.753621 464.752229
516.553475 475.190052
495.901987 82.022554
521.893166 97.429832
495.115686 342.847441
500.180085 112.427253
484.195511 201.748028
504.711801 198.906504
504.671926 434.834763
524.375820 225.932234
507.320108 85.321574
505.748879 347.943732
534.023269 364.865218
518.280012 351.730068
522.727745 100.633175
501.379959 180.777040
512.010982 234.527013
506.423203 421.221899
498.820824 438.107200
516.720904 441.141545
518.430742 84.816137
512.507204 342.898707
522.311015 358.752507
511.366791 366.899695
522.206329 372.872943
506.515762 375.727092
513.569938 95.143337
514.057374 193.440614
517.824555 236.790226
514.103411 434.353371
511.460371 72.588004
511.952810 375.912361
513.558670 80.709984
528.296323 181.548429
520.554877 236.247665
521.631757 389.359521
522.861875 426.471286
507.451166 62.611481
517.026593 457.415007
517.952156 92.568563
529.578123 170.924917
534.418831 230.233878
529.139521 381.540226
514.255212 376.909068
521.880420 379.974601
524.320654 390.417284
520.200765 397.649095
507.931019 65.699216
529.149278 88.845970
526.652780 446.659172
515.608388 182.287026
520.623350 234.538918
518.775194 471.641562
528.526082 459.736630
543.035360 516.053487
522.683549 518.174226
542.579934 509.131722
522.370634 535.801613
533.328310 406.382933
535.382977 60.890930
528.108773 101.607763
541.994442 183.395834
516.110695 234.575574
538.426581 451.428933
523.830213 502.907757
537.757347 542.604457
525.913572 384.954297
514.380503 86.301664
525.997829 451.410133
516.719603 91.540088
538.502419 414.036853
537.193943 187.062939
528.412502 226.347339
533.744604 398.402759
528.102246 506.441895
533.944382 527.254632
541.120590 95.312020
539.168705 462.154639
518.782948 457.911304
527.051077 486.555910
557.108640 94.335919
534.986638 465.893220
541.809776 509.146328
548.080362 193.769035
541.346322 216.763289
529.325671 416.502332
551.107128 517.754489
530.527983 73.020071
527.597393 101.933359
549.941225 488.823742
548.977362 483.263815
518.864760 488.039967
535.812351 493.163740
552.517116 514.509469
536.525576 489.795159
546.127251 512.768733
544.607622 508.958723
538.847039 170.861265
537.094213 198.770300
533.253463 414.963906
541.889930 532.097631
545.520226 82.160524
555.535749 103.884075
560.834949 413.738593
541.734104 163.165868
555.462472 221.961693
534.222061 526.136798
551.293160 74.975180
551.218357 111.262064
569.188557 418.143789
545.885838 182.801742
551.324562 211.629127
532.153447 548.355029
564.222221 81.600507
548.682085 116.353552
554.797575 421.190190
541.470070 429.787905
553.543169 172.845960
562.948573 203.584590
542.393199 424.946454
558.095070 537.528684
564.567252 81.078131
555.199547 112.228421
570.203893 168.541931
555.628505 217.991513
553.343978 423.705410
584.674153 531.898161
568.154355 86.968926
556.814503 102.745503
573.627031 183.129314
553.859764 220.016864
566.705996 432.686910
561.265826 538.196954
564.256185 428.940699
581.811549 419.396808
575.196259 438.696388
567.811208 443.761413
565.445113 465.440010
552.147654 85.109370
571.445403 107.297365
586.986354 449.352550
565.516936 518.169854
574.774105 158.642290
568.408686 203.505124
574.850257 112.999639
573.881070 110.242948
582.250583 465.381509
584.942975 465.041598
571.974226 490.562507
579.915432 482.034114
576.675019 481.152966
569.535828 496.747729
548.160709 506.383068
553.960960 505.984451
559.799936 494.934746
578.243830 496.853165
575.137705 512.501442
565.258878 522.376570
559.306035 519.612561
556.853791 540.079973
565.406577 460.112548
571.521521 163.709065
561.961949 204.020638
558.180896 110.858407
566.533402 162.255008
571.923871 81.479392
570.519892 487.078564
571.504228 462.929096
589.514497 461.512077
569.592562 203.466210
583.456634 91.171421
579.843719 110.784835
583.225827 149.277784
577.864871 125.231863
586.887875 212.665533
599.396888 81.077446
554.926232 155.263513
596.736931 115.013389
584.232086 137.578493
573.906993 120.116539
579.254669 124.322127
578.678780 154.031502
572.526292 87.585189
591.876128 226.186172
581.479224 97.456979
582.590303 201.730663
597.327893 95.959864
591.622375 198.186594
586.432551 97.058716
586.518989 208.005260
595.691508 105.476450
595.446891 193.118230
584.284614 179.484355
593.772777 109.252109
618.493020 127.595641
609.353055 176.364298
599.267210 111.050717
593.747142 193.305196
612.168113 126.711450
615.256151 124.792691
595.937817 177.368818
601.298064 128.142480
615.812084 122.314990
606.160983 166.487963
604.778699 146.536925
624.967356 168.434095
604.597770 130.731197
628.886032 130.283740
602.158185 147.466002
612.546297 154.387638
608.501907 155.123463
621.899432 145.840747
634.218063 150.119690
