43.097881 168.775761
-18.838486 165.679791
31.696932 198.361294
10.438297 162.799858
52.208979 177.640001
38.885375 157.504567
92.544346 153.105752
-8.146122 149.878248
64.703642 182.303536
10.560422 189.128805
66.751703 183.252284
84.476066 185.636280
101.163502 200.954995
51.101413 197.263918
31.084334 203.862998
17.310222 153.587849
-15.250523 205.335835
64.224989 173.199555
46.643346 196.700983
69.252860 204.410429
52.423553 136.897092
68.688729 239.562115
73.516043 121.138204
128.078548 198.549262
105.728222 150.479057
15.145591 216.195039
3.960741 147.087794
105.447347 199.204031
39.638078 220.613080
52.217047 148.741276
90.633448 231.610670
28.751320 124.289933
109.735690 195.589600
54.810352 119.051432
63.094465 223.382673
93.994385 130.777352
54.058862 219.950582
97.354731 153.001372
53.328558 211.301301
107.897417 146.605601
142.488433 226.083763
110.509167 133.611896
133.134435 220.868905
78.746744 120.452427
116.336995 236.543094
90.620619 131.663500
131.665466 213.549957
103.210691 126.989613
81.706922 213.699423
98.479452 119.912860
98.076004 202.502920
87.873905 129.139910
148.707969 237.921919
131.945720 135.168078
155.768763 227.381229
144.348567 90.499460
134.284635 224.168139
135.652208 119.388445
159.910160 127.691318
126.002865 99.585095
99.014184 247.431256
189.543048 115.041758
131.206365 99.191596
188.904842 234.503206
135.028552 97.365096
121.694837 220.676317
159.949379 87.776102
159.093304 236.441810
102.196160 99.700532
180.558461 220.345365
206.622967 95.008743
163.095219 202.042065
154.726730 71.661388
193.717455 229.812199
149.691429 97.797405
166.555725 228.319181
125.186098 56.923561
201.939302 205.302565
209.606452 66.694208
189.698050 206.714370
160.354130 50.043523
175.506832 239.592002
156.952308 80.120796
205.439427 203.493588
172.871782 76.542036
173.582920 214.372534
188.116931 224.935705
127.617097 67.732972
166.899857 213.238739
191.859024 78.268739
154.698186 212.672317
193.913733 58.670049
191.627383 231.292905
168.804797 48.833245
216.147127 207.662403
254.742370 64.157727
180.044101 227.763944
158.848304 57.270511
223.059612 218.949798
241.975092 82.167959
214.154357 223.603595
204.775516 51.772778
254.683387 258.492558
210.254122 56.369549
212.379643 223.121705
234.953580 55.517074
260.077129 235.191199
276.634661 22.947207
236.012265 222.132464
275.917199 228.357170
238.941609 56.484769
205.163954 221.008628
248.149359 32.292304
231.863203 256.743671
143.183202 239.578509
232.909042 35.289014
231.000524 254.631120
248.215959 45.992456
263.247111 237.813861
257.861898 53.973829
218.477317 257.564464
238.099357 42.375629
253.082325 256.817222
211.025653 48.766904
281.255968 278.368874
233.535437 45.705892
261.529740 228.775295
282.982229 58.542915
288.596582 236.404193
272.789931 32.066218
325.848031 267.870992
269.902644 235.491214
253.415563 259.848274
233.419650 32.308506
300.117807 267.015970
265.278467 51.947310
279.356896 232.112393
270.839822 52.566240
301.855832 258.306941
288.883628 65.626322
270.899751 243.373278
258.009617 247.555296
323.264392 288.070424
254.363562 55.549172
258.110007 284.416940
355.950013 51.761167
327.129258 236.167154
273.450915 43.198320
320.393562 273.208640
305.135819 308.582617
260.994491 295.151887
295.215200 45.394660
303.728401 320.814276
306.901308 37.417394
316.176126 314.049851
270.748295 297.368161
271.492282 67.087920
339.382054 282.982945
331.371641 50.398065
268.996422 294.111601
248.634775 71.722198
330.801777 300.573033
394.497378 339.534576
314.729435 76.156816
311.237733 64.953837
315.795210 319.900746
306.460508 73.529089
331.631105 295.658697
321.848043 320.926977
320.028951 365.925615
354.666459 69.416560
300.883999 92.074058
310.476106 327.902293
344.950962 344.832038
308.627709 75.159854
331.975788 328.798504
293.539209 105.485588
286.315793 337.669012
342.014417 102.240088
393.723739 792.310139
311.524318 807.817933
317.327064 792.007436
351.006697 837.272142
335.237103 831.602448
336.023892 327.828961
370.281847 67.303690
327.479672 806.614932
347.638829 847.509552
343.372170 328.827887
374.959050 79.069895
322.247020 798.027940
344.647509 839.682158
335.843691 350.582836
318.921712 63.730473
349.837791 334.691756
356.894183 799.671127
332.769091 851.363425
333.155786 58.824130
330.154819 355.168581
381.682601 804.995304
328.694038 826.727146
352.554012 111.636176
356.280675 101.351827
358.230453 340.165113
326.833092 799.042609
376.328505 845.734126
338.433068 100.995742
378.725991 93.040202
384.827091 117.195453
371.054476 340.964883
383.147770 769.024082
388.406671 795.017966
346.720798 356.888745
388.498328 383.350519
384.383038 353.425392
329.394614 370.407945
372.023273 359.504606
387.501361 402.130217
359.585562 373.094191
354.148275 134.047437
396.010557 804.547526
395.974921 830.702230
403.921769 118.124431
369.277349 387.656900
362.510794 396.400657
392.348210 404.875206
363.595747 381.255720
401.472449 395.686050
400.449344 390.255192
383.813952 409.275892
402.522537 410.305473
360.871685 410.891166
350.281265 781.144683
395.371471 854.901664
409.795971 138.783339
382.457814 453.463902
329.914876 423.492409
335.780740 426.956080
359.608715 445.371489
405.574880 409.717857
398.499792 424.655536
372.716376 794.308760
366.337757 443.931577
361.406962 825.188613
400.576924 135.348308
366.698554 125.588595
339.227181 778.875857
357.010915 463.501121
360.550087 450.241110
376.787486 474.292007
404.364415 850.488061
390.639618 473.247635
385.484187 141.734045
414.318936 814.085895
373.833120 825.644076
387.305161 450.593365
383.414901 504.107638
371.846960 156.545537
390.000023 792.886982
456.138897 439.841420
359.347689 843.130233
372.169742 107.122243
417.052519 793.295530
408.268899 803.224784
364.325596 476.755593
364.960653 842.893339
372.866927 119.788232
396.219999 783.298865
431.097367 476.537777
398.738377 773.053285
442.098540 766.865368
385.224108 822.929074
404.699452 147.774025
452.394522 464.644992
339.474722 771.071456
348.462708 828.386540
456.052846 704.756387
398.868419 757.374425
395.779740 740.370601
425.298568 734.282052
390.044383 759.424930
355.137050 729.396018
443.099271 745.177313
416.704477 127.644821
386.290589 491.502288
368.780611 809.097657
437.527556 714.425489
364.123435 152.856218
402.131082 472.901971
397.031352 716.347391
410.442332 689.157090
419.429968 711.722364
422.923172 709.299241
438.812454 678.255124
360.197463 726.748171
438.063101 704.502395
343.234638 835.691925
424.384481 190.124775
454.124843 479.911848
363.935984 694.687912
417.222817 663.752606
402.265418 690.360062
379.434788 690.924194
416.125530 487.166948
355.081208 823.380950
469.039765 809.142112
394.550322 150.185512
405.841133 147.528982
434.765385 672.902805
448.278992 510.773611
404.712981 647.064492
394.086516 621.621182
369.897147 663.414167
426.780880 805.050441
436.329160 797.771511
405.709068 139.564797
372.181978 493.141705
387.503883 628.418185
411.154178 632.028785
368.982134 638.528377
416.631300 629.422673
394.846212 621.273747
411.235577 623.042738
447.917036 142.761919
433.302123 805.396809
444.233210 499.112982
438.188082 624.545058
397.722579 794.686959
437.821640 137.170009
431.025452 529.957176
428.755292 622.975118
425.914326 591.605895
460.872412 603.693693
359.623502 637.282972
394.524427 617.225477
422.080014 782.575254
418.803111 144.378974
409.818455 487.189103
441.918714 600.403258
447.534246 562.346373
423.852785 526.935401
446.721493 577.320691
436.391737 587.191021
459.547314 593.276514
404.372871 594.990877
386.231031 583.638401
406.708757 576.970653
452.707621 787.492877
378.243527 780.047743
475.231923 160.744421
363.510879 501.983280
395.633503 547.083053
442.783624 493.813112
447.056167 501.273657
456.964026 560.290862
456.683851 528.498026
377.215448 505.101907
427.884760 540.239633
429.781648 510.293655
459.223941 533.838450
370.430184 502.576943
440.088046 560.773399
479.648584 565.973434
467.108446 540.593250
414.267175 759.322996
427.988503 151.785690
452.522629 800.799880
458.403856 174.040304
412.720676 781.617567
425.471918 141.829269
360.337687 760.972315
475.547323 156.208781
466.392743 754.323965
469.428678 749.422005
480.099080 760.033524
456.946894 745.544840
423.089645 168.262490
489.877147 742.641812
432.148890 780.028989
494.834271 763.571698
468.137735 755.046536
442.465603 763.362146
475.980607 179.625063
397.354499 737.855869
520.761541 731.343918
470.877786 735.575992
456.889754 739.900941
425.410765 168.791627
475.208620 178.267117
452.247939 720.406368
478.112098 715.384805
374.087189 723.275325
490.602335 700.594492
457.291269 736.595358
440.097410 197.262943
465.784374 688.814315
458.710942 696.899437
406.040362 675.083430
504.746907 163.710939
485.006252 677.186765
465.141663 170.462499
459.619547 678.451660
505.106217 687.941454
448.238186 169.064033
500.407161 690.059495
435.369085 657.162401
411.278383 650.764603
470.085515 190.660190
470.069439 671.100639
476.441883 184.810852
462.787854 635.034707
457.288759 653.813364
468.300283 191.438907
440.151808 639.735785
463.965874 651.884362
447.754211 644.223741
495.001237 207.551578
501.924004 612.186306
468.837673 185.641071
501.475986 626.727202
458.927705 618.789961
512.809961 191.764070
513.293126 630.272404
525.154060 589.012724
481.310171 625.707161
453.961757 150.064051
465.621685 598.655139
452.538840 570.386887
528.669116 185.171358
540.373483 551.878298
461.082703 545.043160
476.738272 565.079275
483.978729 568.965753
492.737705 577.028048
507.722445 582.751359
496.876170 569.260274
496.447723 173.020121
516.495597 571.218204
561.862561 191.186150
524.815133 534.313817
505.302979 225.309607
509.259136 540.764241
489.013591 199.271152
479.157050 587.556522
536.635117 185.029975
444.264168 563.695339
548.473415 204.618292
520.402158 566.041020
525.501635 187.847340
551.571392 564.600332
497.510375 206.720727
556.313884 522.476919
572.276959 164.488640
503.352688 544.375077
525.629443 156.567398
593.815515 568.725364
536.984857 150.725915
573.393600 537.446480
486.999006 146.701874
552.483128 554.054702
517.039594 170.321177
566.259686 563.105661
543.547017 190.715098
522.944763 543.260864
563.708867 212.066720
536.308040 511.372582
582.359139 226.661409
548.187501 554.611696
591.855697 179.969291
555.185576 540.022783
560.127972 215.819396
627.465761 533.380464
602.778127 184.431368
585.599189 531.264400
572.980255 190.712399
569.963641 231.543890
577.432794 544.451670
597.537396 192.680433
597.673328 564.809652
575.343483 216.417487
558.830225 534.167647
608.530823 213.030322
587.579250 532.197851
656.368329 216.754919
625.429369 537.573408
626.254516 202.439233
633.495890 567.758358
629.373044 199.471255
652.105862 519.496231
626.423684 218.792819
606.787603 568.945333
586.152366 195.547226
563.533153 544.397742
594.857594 199.997078
599.332949 536.019610
608.090086 215.953389
601.681312 223.624457
674.276259 528.632103
607.889950 228.011171
662.815762 528.053371
628.227469 222.112474
661.538061 552.718896
639.033780 217.021905
662.665279 579.771218
689.292859 224.901314
619.355153 531.299910
678.031132 225.671892
600.412322 560.167122
618.602306 206.689792
650.061149 535.468032
662.617285 230.812675
606.421266 548.970284
628.528125 243.280137
649.760228 517.898528
623.165299 237.301605
644.650485 542.042042
662.479760 227.426166
666.831217 552.515756
635.847330 214.093930
677.468261 535.114195
680.550150 232.080293
704.270034 509.232148
665.447409 217.339057
622.987870 531.741080
708.917778 252.965284
675.213768 545.170008
695.566789 224.203817
668.194930 511.881263
688.300825 218.988690
645.348196 506.986201
657.610099 225.648657
689.189331 534.779122
724.974689 231.252275
660.675720 531.849820
717.815407 225.737740
654.361154 497.241032
740.278317 243.317373
724.363116 524.597186
684.808132 217.376373
678.183930 478.535644
730.459889 224.913362
673.945816 530.751036
655.478013 238.000785
681.800581 512.597241
707.174693 245.842350
734.302840 497.964086
687.625791 237.674768
701.623818 492.295871
748.749349 218.949049
714.142137 531.433507
724.135522 213.972423
735.804221 496.781579
764.757357 268.825325
733.265470 510.131493
740.594813 228.065799
740.430377 472.678815
719.520050 249.302931
730.887725 494.991833
667.495101 217.952476
751.260127 481.857286
724.077937 234.038827
730.763096 516.976484
806.923698 237.291966
744.222210 441.757786
717.374288 256.812550
711.068836 477.961942
750.451839 243.663935
707.567693 486.552164
717.191558 480.844645
764.770229 247.764121
767.029478 488.656252
772.578133 240.690695
772.677399 458.895092
807.922521 257.130405
752.646773 453.582652
784.126325 226.511133
756.949939 476.696945
775.692305 236.315454
736.818725 444.893476
829.410072 216.529494
768.448600 479.710206
743.062910 244.118364
771.253435 499.858848
853.642888 255.144904
879.518654 448.482474
765.722728 238.150000
757.247061 502.512445
828.911640 255.284232
768.500303 461.493523
797.705297 226.699066
796.943785 453.051021
852.202667 230.455441
850.486308 441.404592
768.291587 237.416437
889.012835 448.675201
856.218073 215.285612
827.072083 434.805914
792.870679 244.690026
790.398035 449.867206
836.534642 235.727883
838.739184 445.230063
788.099863 239.806889
854.277527 465.782260
840.177996 260.346900
805.370514 437.235541
833.352895 225.511777
850.792681 466.267964
821.697660 221.120516
876.452059 485.549083
850.366755 241.932750
830.507716 468.886933
831.515309 234.775172
823.933777 458.192130
879.515185 261.983055
864.319379 433.592582
889.029199 241.648268
868.695566 451.966633
774.031112 236.537273
855.785879 458.911765
869.535174 227.575022
851.744936 478.163573
818.456141 235.117436
835.677397 448.076796
841.924332 236.270399
829.988340 461.816842
832.015691 217.291827
907.273787 435.522197
841.358604 233.493739
873.025039 455.199897
870.297509 224.380662
855.414040 467.628266
867.274087 215.203808
857.554636 458.251933
867.462463 226.173836
897.081466 454.788865
872.348671 225.591659
907.669022 445.705543
856.150327 246.302999
920.778994 432.378051
886.912874 237.629357
935.785726 415.871057
883.226337 240.966120
902.364948 445.611834
909.346662 232.036773
896.720008 446.335914
919.305073 465.711602
853.577611 220.047111
912.282469 432.445902
897.144065 248.284362
935.868390 464.066901
936.646919 259.223490
925.062903 480.079093
920.100032 220.913586
910.692727 484.360891
882.885988 243.409582
962.912209 470.636047
933.931377 229.778821
907.552227 495.929559
940.996172 253.466759
921.985105 503.771437
946.365393 228.654195
938.868565 475.949998
929.275452 480.838374
947.222986 273.663524
976.935334 480.741151
923.146421 220.327161
953.651274 493.247440
936.369485 507.155473
950.014427 496.325624
1011.845508 235.658245
950.688897 492.625539
938.497694 238.878195
972.008308 523.837610
982.248392 516.786123
992.773097 222.834522
953.394565 525.641820
986.030512 527.208624
963.087008 508.370481
964.261539 229.109965
1014.276389 536.261817
959.465581 511.006585
919.809071 526.552517
937.479919 502.664172
993.259387 226.808370
979.582889 535.629524
966.307631 517.102413
955.654531 544.764588
983.489267 226.279803
1029.319429 527.691236
969.746210 224.707867
947.224451 538.966171
941.703112 555.656839
1019.320373 209.912478
1019.825304 536.023688
1028.239917 551.553243
968.956885 222.701412
1025.950431 565.844085
960.704663 544.365436
1015.819344 233.412066
947.991247 574.580293
981.865956 218.913381
975.473220 550.097309
998.321879 236.001646
987.859602 578.812847
1002.239766 253.642138
1074.672965 570.741987
1014.026970 228.065325
956.577515 576.372642
967.603231 571.295731
1039.543831 270.651438
1016.019004 260.539841
992.890768 591.018708
1050.959275 242.238560
962.305442 607.503511
1016.216079 595.606737
1018.444768 251.434065
1041.353483 598.859066
988.383187 260.694054
968.927892 597.939258
1009.017228 248.581950
998.494539 600.357259
1037.323775 243.675151
990.831334 607.247869
1064.145167 245.609878
1028.817392 621.532342
1066.311611 252.067900
1057.784779 596.565763
1007.947866 280.844179
1057.447925 612.089811
1058.594711 221.677184
1048.103354 596.933609
1070.679887 233.343028
1013.440224 584.611421
1055.060276 260.824473
1018.169739 621.829176
1074.721594 273.981639
1092.954745 616.541238
1087.701314 275.934914
1046.759729 285.940682
1058.771805 609.717449
1085.165627 258.766361
1036.370126 645.867506
1071.545857 272.084741
1103.706751 584.120042
1052.951113 595.088973
1101.369232 247.132601
1055.777999 256.980975
1101.103501 639.536703
1073.008997 263.230664
1064.798637 604.551905
1096.049535 268.877349
1053.211816 615.098425
1096.630357 610.254600
1031.176888 274.085990
1060.240244 624.532400
1100.485310 265.885192
1079.814536 594.470414
1142.761077 279.991266
1055.556563 630.789295
1121.321290 241.739040
1117.705943 648.788457
1120.912972 267.170120
1137.348455 611.871664
1105.907089 290.420958
1133.385663 609.463556
1139.174318 272.950749
1094.229209 600.971870
1098.091507 304.703033
1112.777024 267.042141
1142.035618 616.960995
1122.305726 295.168784
1162.080016 293.940132
1075.086334 646.565713
1090.989206 259.409857
1074.726727 356.142182
1110.732158 298.344744
1179.237516 655.799546
1148.030192 280.648063
1133.542287 311.992411
1067.097778 331.587105
1101.952908 337.921151
1142.978624 307.130442
1124.161680 626.788782
1106.095260 263.841383
1146.818397 345.112719
1126.805100 342.885561
1180.160085 636.784971
1126.481606 289.434242
1093.269040 349.453160
1123.188700 633.466052
1173.617890 630.450887
1128.913917 310.832900
1186.016379 250.535960
1136.077053 350.131282
1075.982148 642.187525
1115.699378 316.591767
1142.114150 321.870018
1113.823665 676.941122
1070.470814 275.788882
1116.081126 340.906521
1148.945895 380.419336
1093.808785 301.808023
1132.913953 625.018234
1157.854658 674.466175
1148.486628 259.470113
1168.593258 374.243579
1167.243197 663.372963
1173.281666 320.560748
1208.861806 387.256893
1147.191647 247.786152
1145.182827 665.200022
1127.691934 332.991993
1146.129940 311.976879
1131.481755 365.896250
1151.769425 275.937412
1182.719336 662.423710
1210.498859 321.092653
1165.919799 350.021186
1150.446477 298.360803
1158.947414 362.897034
1152.497976 648.191746
1133.461241 284.727221
1140.220845 252.856880
1148.153347 373.200453
1163.298583 388.004431
1182.554313 387.340680
1183.649914 655.366470
1164.647660 316.797451
1185.094700 302.958848
1168.777932 372.875536
1161.925824 416.973725
1146.646203 407.420905
1193.520210 380.466516
1119.289693 416.216048
1179.064270 417.331471
1115.203774 404.483749
1124.070639 421.004630
1174.639258 426.033175
1136.847183 435.674087
1148.858898 397.823168
1215.195771 417.029590
1164.528376 418.634179
1164.249368 443.996074
1214.637054 423.541192
1181.937267 447.156441
1141.935368 459.939417
1166.301336 472.931833
1167.475695 470.035419
1204.711145 466.347769
1119.046778 450.006418
1128.667532 654.288454
1170.494328 478.514432
1116.328249 344.086324
1200.074453 256.611738
1144.059729 663.144417
1144.080993 472.033047
1165.734181 499.988699
1125.150985 483.758981
1115.889687 486.254292
1157.279351 466.115484
1151.333909 301.508647
1132.823630 279.599435
1169.631536 673.921306
1133.515421 476.908112
1173.173764 720.067385
1188.301592 302.712879
1142.526686 249.893708
1170.328978 508.597957
1191.149489 682.439113
1219.647140 823.230796
1157.865577 801.059794
1212.986572 315.649849
1200.132318 842.889246
1218.241696 266.641327
1146.557596 519.690622
1159.360731 516.405362
1160.267385 530.081786
1188.198508 670.338294
1192.136016 832.349394
1143.252630 296.535298
1186.940481 782.452715
1172.693158 797.386407
1153.950308 829.000401
1152.993156 812.445765
1202.978717 297.909712
1185.501726 683.331106
1233.429787 511.125754
1162.542620 312.526640
1180.342435 501.374318
1178.835667 766.603547
1168.549983 844.603620
1171.345180 275.452146
1171.919259 668.230497
1114.640258 346.318274
1145.957293 522.775821
1176.887464 790.443519
1188.016820 828.023104
1213.667584 284.737381
1144.969875 729.138209
1263.219974 711.136981
1180.553038 727.404539
1228.158574 517.001655
1152.046306 284.807434
1170.742300 537.957872
1204.095300 495.389192
1192.112305 782.262638
1189.640993 835.264751
1205.757569 275.497261
1155.185023 521.217610
1194.951764 693.674097
1127.887122 741.245798
1194.850562 712.873962
1219.088466 735.381956
1198.366997 705.526672
1205.338112 300.509098
1140.845955 789.892793
1161.453631 843.978059
1233.105825 279.155142
1195.732701 528.670209
1190.752566 727.897429
1153.273702 523.136072
1213.196325 294.966213
1228.310835 741.426629
1224.515654 737.264446
1214.844037 710.583061
1207.470113 729.932639
1227.687750 798.978975
1156.973072 846.884018
1259.829227 277.036456
1208.969533 559.965484
1150.177582 556.764843
1189.717764 566.945805
1191.981672 764.663108
1199.727192 307.236913
1222.868263 787.465507
1204.076532 862.982183
1231.930838 265.615885
1199.241371 767.891260
1200.450897 726.474035
1216.579157 759.490631
1213.492239 793.434191
1240.331906 748.177532
1244.134051 767.432561
1187.911520 570.691247
1238.439075 550.757134
1239.586459 284.330370
1224.305525 557.461881
1229.753460 839.432092
1217.812800 236.616720
1212.963413 338.871978
1194.614148 555.079707
1196.442264 566.668227
1212.410323 840.195872
1237.918764 295.519144
1154.458208 567.186979
1212.979629 291.334614
1189.906398 850.160529
1171.785310 271.940764
1221.768025 567.102314
1235.578759 583.628890
1208.279502 585.351680
1288.710251 576.294764
1182.687221 311.331477
1227.331902 841.683530
1223.834368 287.759418
1181.616239 590.951609
1197.905855 594.472119
1264.935509 599.760699
1275.458005 596.397782
1199.136296 585.910065
1216.165859 635.388260
1180.641184 614.672120
1218.469838 608.211185
1183.767762 634.764089
1207.276173 641.963215
1208.463630 301.304408
1219.842834 829.805571
1188.637138 278.346958
1223.887725 648.074048
1235.994312 642.679670
1181.748872 614.038364
1294.815745 646.246076
1201.823114 623.079477
1158.812458 667.909769
1216.340614 680.089018
1227.750029 665.303455
1190.554143 677.788404
1296.459770 648.107610
1265.316404 646.926810
1233.931779 650.071045
1239.324679 681.928450
1237.448295 326.122773
1214.095617 668.300702
1234.118031 830.850640
1234.627476 256.829034
1242.353306 299.572352
1262.016726 679.086681
1203.722565 661.750850
1223.156998 683.510486
1245.792028 816.234700
1283.278331 293.175848
1248.229525 710.457275
1224.902763 299.443148
1194.682397 819.361187
1248.995483 255.638396
1199.221640 693.640660
1227.782730 692.521975
1233.453094 319.215004
1279.925815 801.635571
1266.440934 264.448813
1225.646446 687.554702
1185.068589 716.577666
1268.252236 697.450512
1255.541707 316.937433
1253.049152 820.244985
1317.484915 268.997500
1248.520374 710.674889
1254.410076 727.686969
1267.735103 734.522534
1209.371253 739.764753
1249.112565 727.197691
1240.043106 305.616282
1317.405299 792.876874
1295.784037 279.248369
1284.209835 742.288256
1243.068345 302.608011
1214.158292 757.637749
1297.986487 742.118283
1229.564407 752.105523
1278.623934 798.298048
1245.764621 300.277781
1216.875667 772.022244
1257.052069 282.878995
1264.874547 759.132536
1262.262690 260.448700
1234.231111 756.866102
1218.154563 766.359822
1329.366331 807.937404
1263.462789 783.232813
1280.801080 801.148603
1237.970434 822.742828
1213.764230 729.863210
1229.690228 309.844930
1229.277931 781.308909
1258.636725 261.768446
1223.846671 765.950524
1207.004056 768.438079
1262.741128 794.457991
1295.389755 322.751104
1283.929718 293.622088
1240.983280 348.335972
1276.131096 282.148725
1268.326863 312.678432
1212.171824 264.431610
1255.184907 324.852325
1301.528638 267.189921
1288.993172 306.486997
1300.690298 255.995779
1240.573077 325.449141
1264.956761 289.419509
1302.749234 330.393782
1255.629670 296.388187
1224.365382 318.287175
1259.263852 298.711956
1293.915658 291.714072
1309.989439 313.466997
1264.030944 292.050425
1294.502501 322.915108
1277.899491 296.138896
1310.416276 318.707942
1261.672441 278.777123
1290.939658 309.853092
1309.973895 325.787116
1348.343638 278.518165
1263.859972 288.218846
1304.380770 333.212206
1333.061814 288.487621
1327.601053 301.111573
1340.899612 298.067978
1348.095713 320.576544
1354.346036 275.260481
1288.290766 309.356597
1316.851798 302.039489
1336.745293 327.762412
1344.573929 285.083434
1363.145058 350.187142
1319.264982 326.604429
1340.794736 331.065598
1338.706388 301.088204
1344.939320 342.950440
1314.657149 274.724492
1322.953892 322.921196
1321.597890 290.047642
1366.987071 321.401466
1347.254841 290.247982
1361.245070 300.354399
1369.914275 305.887672
1339.634822 361.735965
1318.029672 297.728769
1344.787087 306.807506
1375.742503 305.511018
1339.731537 328.166116
1428.376954 277.085151
1320.382892 349.013715
1349.359951 295.782973
1416.300720 344.782811
1363.433738 317.838749
1394.467175 333.750855
1363.078356 304.752133
1402.414044 316.914790
1388.857941 294.773277
1317.716830 346.877656
1388.739136 300.624469
1358.949374 354.350813
1381.006355 305.251034
1427.527373 330.325184
1398.364319 315.791892
1377.696710 348.519445
1360.582061 301.689860
1408.304652 333.308172
1387.796755 334.269502
1397.485387 365.781537
1368.432577 264.457681
1403.230273 329.249287
1412.828084 316.182994
1434.915745 328.747214
1447.932161 317.239919
1425.260082 355.237028
1407.995515 290.487764
1457.244034 372.634079
1467.479504 336.016894
1425.054647 339.419188
1426.017193 342.746900
1392.366206 349.202879
1480.883757 328.320151
1467.663461 344.203499
1411.813655 320.736529
1434.021451 342.802446
1485.144736 307.730935
1455.947168 311.610214
1488.428642 349.913436
1479.389912 333.360147
1445.866374 360.148243
1465.272583 313.570220
1470.088047 336.814629
1482.170359 334.759737
1511.232160 361.017931
1433.999917 285.718785
1414.931194 335.699085
1401.387840 291.154833
1421.315976 364.140766
1410.043340 324.063502
1455.969830 344.640965
1497.442373 321.377253
1487.411086 327.407752
1495.060240 329.043577
1452.776858 348.603189
1444.692858 368.960870
1517.832942 304.320253
1481.763519 343.497829
1516.662671 334.901289
1453.869354 325.652850
1548.215370 325.841877
1462.909237 328.763755
1476.897841 349.496049
1537.480156 367.343622
1489.270819 312.588643
1503.336247 327.633043
1476.754131 325.549725
1501.812661 337.681108
1495.436279 322.763933
1526.345786 330.018149
1505.603241 343.445929
1497.778238 334.577208
1507.128150 305.146700
1466.311578 335.257005
1570.891031 304.570166
1570.473405 322.831932
1497.543726 307.286349
1496.520744 338.219158
1515.419431 321.719651
1516.565836 351.344368
1464.987084 315.528792
1570.705514 333.185880
1488.121154 310.320658
1522.307124 311.526946
