41 351
41 355
41 359
41 363
41 367
45 347
45 368
46 316
46 341
46 411
46 415
49 320
49 369
50 312
50 337
50 407
50 418
51 301
51 305
51 324
51 328
51 332
51 373
51 377
51 401
54 418
55 297
55 380
55 397
56 384
56 388
56 392
58 419
59 296
61 423
63 295
65 424
66 291
69 424
70 291
71 428
71 432
74 289
75 435
76 281
76 439
76 443
76 447
80 277
80 450
81 271
82 454
85 267
86 457
89 266
90 458
93 266
94 458
97 266
98 458
100 270
102 458
104 271
105 454
108 271
109 453
112 271
113 453
116 271
117 453
120 267
121 454
124 266
125 455
128 265
129 458
131 261
133 459
135 261
136 463
139 261
140 463
143 261
144 463
145 265
148 463
149 267
152 271
152 463
153 275
154 279
156 463
158 281
160 463
162 281
164 463
165 285
168 463
169 286
172 463
173 286
175 459
177 286
178 454
180 449
181 286
184 448
185 282
188 448
189 281
191 444
193 281
195 285
195 443
199 286
199 443
203 286
203 443
206 166
206 170
206 174
206 178
206 182
206 186
206 190
206 194
206 198
206 661
206 665
206 669
206 673
207 286
207 444
210 166
210 198
210 657
210 673
211 286
211 447
214 164
214 199
214 654
214 673
215 289
215 444
216 156
216 203
216 207
216 231
217 650
218 673
219 292
219 440
220 152
220 210
220 227
220 234
221 126
221 130
221 134
221 138
221 142
221 146
221 214
221 218
221 222
221 641
221 645
222 296
222 673
223 438
224 234
225 122
225 637
226 238
226 242
226 266
226 270
226 296
226 673
227 274
227 438
229 119
229 636
230 245
230 262
230 299
230 673
231 111
231 249
231 253
231 257
231 277
231 438
233 635
234 301
234 673
235 114
235 280
235 434
236 631
237 284
238 300
238 673
239 116
239 434
240 631
241 287
241 296
241 438
242 673
243 116
244 629
245 290
245 294
245 440
246 444
246 448
246 673
247 116
247 625
250 450
250 673
251 116
251 454
251 458
251 616
251 620
254 673
255 112
255 460
255 612
256 581
256 585
256 589
256 593
256 597
256 601
256 605
258 673
259 111
259 463
260 581
261 511
261 515
261 519
261 523
261 527
261 531
261 535
262 539
262 673
263 110
263 464
264 579
265 507
266 101
266 105
266 468
266 472
266 501
266 542
266 546
266 571
266 673
269 550
270 97
270 475
270 497
270 567
270 673
271 91
271 479
271 483
271 487
271 491
271 554
271 558
271 562
274 673
275 87
278 673
279 86
282 673
283 86
286 673
287 86
290 673
291 86
294 673
295 86
298 673
299 86
302 673
303 86
305 677
307 86
309 678
310 90
313 94
313 502
313 506
313 510
313 514
313 678
314 98
314 518
317 498
317 678
318 101
318 492
318 521
318 525
319 529
321 678
322 101
322 488
323 467
323 474
323 478
323 482
323 531
323 567
323 571
323 575
323 579
324 583
325 105
325 678
327 463
327 531
327 563
328 447
328 451
328 455
328 535
328 539
328 543
328 547
328 551
328 555
328 586
328 590
329 106
329 594
329 678
332 444
333 106
333 432
333 436
333 596
333 600
333 604
333 608
333 612
333 678
337 106
337 429
337 615
337 678
338 619
338 623
338 627
340 424
341 106
341 678
342 630
344 420
344 634
345 102
345 678
348 418
348 636
349 101
349 678
351 414
352 636
353 100
353 678
355 413
355 640
356 96
357 678
359 414
359 642
360 99
361 418
361 678
362 646
364 101
365 420
365 678
366 646
367 424
368 101
368 105
368 109
368 113
368 117
368 275
368 279
368 283
368 289
369 270
369 293
369 678
370 649
371 427
372 120
373 124
373 242
373 246
373 250
373 254
373 267
373 296
373 678
374 128
374 258
374 652
375 430
377 239
377 263
377 296
377 434
377 656
377 678
378 131
378 232
380 300
380 660
380 674
381 437
382 131
382 228
383 664
383 668
384 301
385 135
385 438
386 228
388 300
389 136
389 439
390 224
391 296
391 443
393 136
393 153
393 157
393 161
393 165
393 169
394 173
394 223
395 296
395 443
396 149
397 136
398 140
398 144
398 176
398 180
398 202
398 206
398 210
398 214
398 223
399 184
399 218
399 294
399 444
401 448
401 452
402 198
402 223
402 290
403 186
403 190
405 455
406 281
406 285
409 458
410 281
413 459
414 279
416 463
418 276
420 459
422 275
424 459
426 271
428 459
430 274
432 458
434 276
436 458
438 276
440 280
440 460
444 281
444 463
448 281
448 464
451 468
451 472
452 281
455 473
456 281
459 473
460 277
463 473
464 276
467 474
468 276
471 473
472 276
475 473
476 276
478 468
480 276
481 464
483 457
484 276
487 453
488 275
491 271
491 453
495 274
495 449
499 276
499 448
503 276
503 448
507 276
507 448
511 276
511 448
515 272
515 450
519 272
519 453
522 276
523 280
523 448
523 452
524 284
526 444
528 286
529 440
532 286
533 437
535 290
537 433
539 292
540 429
542 296
543 300
543 413
543 417
543 421
543 425
544 304
546 409
548 306
548 310
548 314
548 403
549 318
551 399
553 321
554 395
557 321
558 325
558 382
558 386
558 390
559 329
562 378
563 331
563 335
563 339
563 344
563 372
564 348
567 368
568 351
568 355
568 359
568 363
