38.409296 259.434525
68.006397 255.236717
49.711310 237.394090
45.115026 271.899939
48.600320 269.761639
50.732070 260.681318
41.228089 285.326091
49.607240 268.547726
79.309795 273.849623
39.689760 285.529186
60.016484 311.617087
28.294524 299.500268
60.882322 293.893600
53.129119 311.621737
63.191491 295.681709
39.334034 274.815148
51.765800 336.112317
40.572118 234.595659
52.487215 267.527729
66.893212 188.073947
43.915155 182.663540
82.402020 173.671412
79.876384 195.437015
64.544653 196.035135
64.467806 200.220099
61.424701 208.890821
30.681035 221.904611
36.158681 212.088107
61.848285 216.218394
67.544164 209.892135
47.644900 230.701657
46.285588 216.611880
58.495347 244.795019
33.097094 325.209915
62.970330 317.463411
68.027173 338.736321
47.283963 320.276807
61.179460 329.064540
74.314770 352.550035
75.827789 339.056974
80.654665 343.884634
71.947556 341.475050
67.563981 380.872268
37.910360 363.539382
5.254381 359.058785
40.504146 373.185893
41.606553 174.684425
59.131538 162.927930
44.740321 169.947472
78.517652 191.423242
57.394683 196.366205
35.486490 175.333857
97.955319 359.060164
44.416088 367.016572
36.471644 372.097987
57.568175 379.097372
49.677859 392.049946
72.868582 395.426764
75.560251 168.690019
59.738376 138.582085
79.665675 150.611408
84.526397 148.352819
38.413255 403.868021
53.530407 392.013148
76.067834 399.998278
80.622833 395.618242
55.786959 421.131510
70.283706 405.882031
72.001130 148.842943
97.419099 416.182504
83.418027 123.870338
62.286939 112.720388
50.239824 140.749080
59.753662 599.398258
83.259626 578.841614
62.287737 588.009921
71.917684 584.075280
84.645446 598.411894
70.808327 626.308212
69.085000 425.828058
80.949457 612.245058
58.056347 108.252304
84.444447 559.907196
89.375760 113.102241
74.560732 431.405517
72.315465 583.303193
72.117989 576.945197
69.082918 611.092704
66.433799 609.942836
78.324865 635.153813
95.063920 620.316403
49.416476 630.938456
104.967394 628.741158
69.706870 645.446595
72.770065 623.161563
77.061716 659.449627
77.019228 630.617347
98.364963 111.528166
80.129126 428.571507
80.146926 546.962458
105.248347 72.649796
77.172105 97.973136
74.390780 639.113379
61.063201 643.754956
124.042369 682.271740
94.200354 668.666634
75.330787 423.563508
91.498960 560.848467
63.057435 666.697027
93.502871 87.013290
100.145742 117.001194
104.497631 436.411290
57.194417 549.069912
85.463853 653.321611
73.764831 685.877357
83.316976 673.003869
105.875800 581.768217
92.813790 562.437608
95.410187 82.141762
83.472217 441.127610
72.558050 695.645844
92.092689 87.868452
112.516784 505.483258
64.500779 669.871205
84.049076 685.098168
73.912573 687.476959
100.209527 712.397254
98.320227 552.737230
113.908646 388.010426
82.420323 695.028798
120.110386 91.086406
74.958779 542.474330
107.394364 548.285929
90.728587 427.981205
121.100277 545.939473
89.815971 698.781268
81.977635 74.347702
107.683098 534.901696
119.060112 537.230669
108.471442 447.256128
91.628488 554.251683
115.797915 501.108191
90.968793 714.439815
95.682375 688.277523
117.626023 72.261069
126.715465 449.579157
80.120417 713.177239
107.910155 519.080413
98.685803 62.201100
113.236644 454.809398
125.076376 725.953479
118.235895 511.306598
103.896884 62.386167
96.906334 432.629442
86.032626 737.286960
87.416286 513.758229
114.654625 52.249563
96.435254 428.573451
107.572678 724.407525
123.331224 507.174252
122.545813 505.780171
101.277250 716.941091
119.246307 83.817847
108.852705 448.833709
124.352318 504.822343
103.008996 423.753041
133.533689 738.203048
103.252344 55.848400
102.841339 489.853861
129.145464 454.047745
121.847094 734.715837
121.926725 82.649158
119.597704 750.838361
112.468769 753.849831
131.964612 496.801411
138.603183 444.343341
149.600630 74.129920
127.357774 740.091873
133.836983 459.428868
137.546204 742.731409
131.242854 755.166321
147.289129 502.443016
129.913232 67.707867
118.600461 444.424404
144.500479 770.647062
140.357410 494.937081
152.798861 767.154807
154.464508 772.951729
148.877847 77.800407
157.045981 449.865029
115.807897 494.421549
130.064526 762.869671
153.028626 431.546694
126.126479 56.123184
139.193385 480.514717
125.619182 756.889412
135.890139 80.409161
155.747624 456.300510
182.511703 759.016881
135.702783 781.356561
170.246189 469.810171
146.183729 51.423608
181.068063 463.797676
148.523510 778.123677
137.719950 478.776759
154.139681 54.417449
152.146192 453.901596
151.553911 775.477584
135.643489 444.113557
182.723581 458.659377
158.980469 472.316862
166.192519 769.552094
192.647296 75.617781
174.624006 85.946203
174.016668 461.667227
148.292784 479.771697
164.688394 765.277637
175.119712 81.921716
156.307001 455.996598
153.840898 456.625168
167.525701 762.527588
186.949974 775.069477
168.620686 82.940222
151.349511 463.497908
165.130845 470.615800
162.457005 107.989839
162.888029 470.303361
171.703431 782.769924
154.069221 468.246500
167.495619 785.489121
164.820913 78.908858
174.321239 490.006477
201.506884 465.739795
162.675748 449.074136
169.288127 792.928814
201.341517 88.255118
184.211359 101.285673
183.739651 793.456270
196.541768 91.745090
155.136662 802.846653
184.900827 96.482290
175.392484 795.920513
170.823596 88.041186
206.414242 798.196025
221.494999 95.101973
200.115590 807.327725
162.822864 111.967018
208.570801 784.625045
203.989812 106.911045
199.372223 793.392921
214.919638 100.725666
190.454893 814.912854
218.350479 827.106795
204.371415 106.507881
214.084336 85.609943
232.320123 806.380211
242.124225 103.261497
237.244889 794.790214
197.488572 110.879011
191.443891 815.401846
220.333439 90.105666
212.755254 825.944185
217.083866 115.733311
219.529694 845.613467
235.014518 99.753923
246.218841 124.640808
236.091218 822.555020
244.793964 84.387252
224.196832 824.489026
239.064675 126.063045
252.187653 812.163661
257.127418 107.162831
235.520134 811.413736
253.253156 116.737504
253.330873 803.881470
279.838956 139.912824
265.716609 145.190422
239.295307 814.892493
269.088415 147.904442
239.058661 831.819944
236.361885 119.521459
278.446160 821.253742
270.113385 134.719375
249.460416 130.280497
259.907393 819.298613
262.109166 142.294639
268.623844 805.541216
246.891692 164.402679
285.663394 843.072781
280.396109 141.648207
285.973074 836.091848
279.569953 157.299395
277.179544 170.583213
244.812373 822.241998
280.103061 829.507124
293.723486 159.031212
267.438499 837.914524
283.940835 173.560527
290.055717 166.996423
263.426464 831.199465
290.275888 163.431062
290.631755 817.279672
301.813018 173.285050
290.929116 835.065137
275.920005 185.273629
280.415940 172.738030
313.195274 831.261300
301.585144 173.049969
320.313533 835.911353
309.274772 164.769046
290.996515 828.338436
290.346696 190.925319
293.192657 830.397246
287.245281 195.270508
324.570461 814.764364
319.076622 191.738016
316.501961 840.003687
308.815139 199.897703
316.069956 837.736938
325.516151 234.082596
312.759079 824.181640
347.697251 208.549756
305.998967 215.026759
335.352331 814.866229
312.758343 789.108185
346.424088 219.679392
315.620955 200.776422
342.156261 799.719577
336.610149 204.789598
326.078309 793.398825
355.603462 225.441284
344.537026 813.237331
385.156673 218.121198
343.437375 218.140117
338.708136 807.642729
348.928233 236.025848
350.111550 217.772642
348.710508 796.775140
346.423934 224.325502
373.552907 794.020134
379.196103 790.039268
370.559020 234.478507
360.923535 250.788540
368.563457 262.276036
351.167710 766.421843
361.687511 250.822497
351.424650 793.341793
378.845366 253.478384
354.181351 768.701826
374.608075 277.090058
387.951387 803.365904
371.676698 255.202438
389.496876 779.332264
392.502970 250.918992
374.068816 811.169027
380.532882 241.193488
405.875182 257.059190
358.150805 770.373246
384.662347 267.048706
383.775286 806.319964
397.222853 286.749045
370.498096 796.386573
421.350916 263.119670
404.823314 277.771505
366.169884 271.580773
412.214210 770.195612
415.151293 303.436080
401.154187 763.833979
395.367826 261.973713
387.717651 761.461848
408.713698 289.860640
394.156192 292.971019
410.831672 751.553955
382.910867 301.704265
413.429585 770.650739
422.290562 308.383628
407.072687 753.412629
410.116639 298.442790
427.468598 757.083924
421.545088 311.144513
432.461051 321.690790
402.165553 334.186185
423.727702 762.718013
445.944826 332.004288
413.982302 769.175333
440.002173 321.953531
455.508191 763.039733
417.366329 734.193854
420.766879 334.976725
419.130729 321.458867
456.234914 738.867659
426.769121 340.732929
459.384529 344.390322
457.755172 731.180464
433.778395 311.595573
429.786584 345.810271
417.214005 733.544764
464.544948 350.850948
447.834103 732.404261
424.161894 358.729878
445.886854 356.778643
431.630994 717.976844
464.260780 356.505884
428.182124 367.934529
454.913883 706.458745
455.238216 361.270372
439.647005 721.113695
445.147042 361.121221
486.625518 708.382541
460.578542 369.584705
464.172299 362.354206
469.433917 371.834392
455.416549 707.815547
447.028752 386.833261
473.327741 723.859604
448.595220 398.785164
482.445478 708.256875
453.286976 374.540547
490.389541 388.510244
467.444597 394.452951
469.415832 680.193568
454.283994 395.471515
468.204532 691.768784
483.145070 395.811111
456.018554 705.502572
465.594241 399.746241
497.711132 672.665986
479.045234 714.570794
488.829268 726.360837
483.793851 761.047343
520.998539 767.762583
484.178364 713.043946
467.919889 776.894825
490.355559 380.204429
506.420518 708.130722
471.967130 713.420008
491.078366 753.143673
485.891540 373.255795
467.965281 390.653295
456.828786 387.719957
500.052748 379.668129
485.542551 674.695182
470.545250 676.296317
500.099091 688.766040
461.916934 693.564113
483.021921 700.007789
492.022340 721.079866
473.154717 709.732749
476.753982 731.887072
479.366696 721.271605
478.732407 708.988859
477.700089 745.568570
475.206843 730.193829
481.972574 765.351831
458.434215 737.046517
477.938359 760.979654
492.930305 770.714756
484.426672 760.206134
487.508733 775.001509
500.694301 790.008624
508.777122 787.756364
484.481319 794.387646
499.132824 785.151667
489.293309 816.806948
478.321067 832.115736
476.598091 383.247151
488.341248 795.810220
467.450903 831.591876
484.454114 831.268531
485.262554 361.709734
513.176111 817.730550
493.554907 360.777485
509.882471 821.164702
496.467945 368.172545
474.101466 808.573033
504.172544 370.858378
500.517640 804.018347
515.473368 400.103035
503.803105 823.200746
513.569417 368.967414
511.645559 811.556404
498.618784 802.938085
524.510630 799.520884
505.148989 779.872163
522.457324 367.203201
527.109559 777.421859
531.068160 380.364181
533.692448 403.232730
503.333656 408.719976
522.418408 413.824313
533.458044 763.836913
488.010200 747.153930
528.136188 751.524488
507.730256 735.704824
514.461802 760.467849
513.118177 755.172068
526.388597 745.212659
520.245669 774.712415
529.068244 774.358427
511.598002 779.768750
523.971638 769.364882
533.245931 403.808718
563.858186 742.825090
520.856649 389.727050
523.353568 659.399476
527.110510 650.644848
513.256413 657.747310
523.427540 682.732215
532.409314 682.528180
511.146691 670.266037
513.022659 679.494974
520.063917 682.020763
532.224888 708.580901
544.993411 694.736975
507.558896 705.842573
506.009608 711.182904
518.536489 695.171398
520.104611 709.717709
494.024377 732.532793
540.390494 721.518064
513.498144 733.264432
534.035834 712.364410
538.244863 400.172492
502.457585 675.270268
544.966721 426.521245
548.558593 667.439300
527.327683 435.831375
516.097446 649.160956
531.968867 391.821298
551.305406 398.257181
525.973805 384.762601
551.209906 660.872200
507.908335 407.522459
528.184504 666.495633
568.485236 387.617991
564.527808 650.060801
537.343615 396.090900
563.638490 687.827766
538.866940 361.069198
542.471505 669.979174
554.287890 353.498464
555.988170 685.036191
564.920770 357.570169
557.425063 358.295113
555.724182 689.977516
526.242984 354.536315
553.925910 660.242312
560.032033 692.336003
577.772653 363.955894
567.321439 341.092803
579.854808 710.129651
570.429419 322.913016
561.378442 688.995797
578.406746 322.687033
563.648609 697.557960
553.875089 359.194698
571.747026 710.585640
568.700299 329.198642
577.189863 714.674117
584.931294 331.484899
573.009887 699.940237
595.503760 303.140515
590.836696 308.469306
589.996131 696.331807
610.215275 309.155168
588.651617 694.815888
598.096256 313.302012
588.016156 702.028399
592.338390 704.041972
593.957398 703.713486
598.520185 305.103159
602.572341 738.333740
587.958080 309.704342
613.475027 729.100131
607.847068 268.249710
597.779335 708.269367
609.494988 287.269831
623.549542 720.719054
620.518821 263.138685
618.984685 738.461803
613.133216 283.740047
604.427054 732.664141
627.795122 281.375638
600.503816 750.220240
637.156720 265.734831
640.536208 755.279240
624.569014 259.819923
621.422822 749.126220
623.835983 256.408336
647.308494 749.434557
636.323361 755.792552
633.555919 258.529316
622.487244 752.028059
635.858146 258.301568
649.082413 766.170930
657.618293 249.468787
630.374477 238.240483
622.396255 762.108774
660.037350 257.219838
640.145951 762.047133
636.843571 234.386360
653.541833 759.595285
676.642285 230.148060
651.464915 754.328382
656.939694 222.925891
643.915441 782.894434
650.541704 217.471329
637.279586 749.689667
662.379388 233.430376
665.313820 771.339183
669.106316 214.190546
680.348360 781.491902
666.471267 228.515820
673.389136 780.154818
670.263298 220.031645
688.830482 774.789666
675.998257 205.426888
674.186123 786.819665
696.724501 764.787179
662.800583 204.030727
685.025371 782.032141
700.629919 192.975965
701.692472 764.096283
681.825599 199.210168
705.126456 188.608874
707.803714 771.843399
703.865428 198.785057
669.655650 782.893587
696.227168 197.267525
707.527209 788.890894
705.118230 172.109587
719.182228 782.182615
724.040783 182.307773
718.056194 774.724422
717.115112 202.615240
729.167367 777.654989
717.772588 191.610291
707.945871 777.559563
716.429179 169.917175
705.515749 766.683615
714.213389 174.253448
742.980189 793.531801
752.508793 171.500328
731.688567 819.933519
728.097048 179.819952
735.306175 779.730922
733.651341 175.288804
738.095778 809.594082
758.071243 189.169959
744.107202 808.701921
760.059662 155.713654
728.840041 824.122539
749.271982 148.938840
739.687608 795.604417
743.321925 165.642216
741.591996 811.825570
742.079882 147.009942
743.618548 783.098160
742.316881 141.919953
745.090842 785.363932
758.011886 158.153774
750.332329 822.803148
779.264545 130.102636
758.033539 804.345584
752.450458 127.242903
785.176714 805.678032
767.308663 123.978475
809.277908 139.196065
779.566832 798.181296
756.220548 126.755267
754.670497 799.366378
775.739501 113.530080
774.861420 799.446036
792.338456 102.352780
779.549368 817.519833
790.567059 116.567525
806.545322 795.627522
793.914547 105.427761
794.321532 813.244233
805.713990 92.815908
779.327675 784.889399
775.603402 125.062587
782.258468 806.483889
784.863455 112.133523
807.213904 788.792106
815.416714 102.973769
818.346843 813.718618
813.386335 96.834536
791.613379 819.030028
795.583386 102.477373
798.633655 803.199643
812.238920 87.072951
793.114876 791.605482
824.196102 81.617194
805.777585 791.825072
855.505423 93.183928
860.061392 805.088295
837.409757 94.747451
841.203151 783.359447
820.135021 70.495540
826.693216 790.751553
847.263054 71.429738
832.086449 783.220229
840.606575 68.284265
838.716896 771.003160
825.559560 94.088934
854.261369 793.379045
856.416513 53.799834
858.308378 766.418732
843.795753 788.030441
852.093120 71.883637
847.786395 747.356989
873.286493 443.725276
867.155910 67.024123
873.074262 769.246228
878.705078 456.557718
873.457119 478.643981
831.854067 733.918136
848.753417 54.236444
841.193617 449.054812
857.502194 456.579765
856.366361 50.409258
836.362710 779.379302
871.803143 474.727545
855.043911 465.276761
883.278843 476.989428
832.281401 55.415604
862.473662 771.314390
872.240186 752.931365
882.693117 449.775759
877.585016 473.514742
847.986092 66.117016
869.894113 479.783106
873.644080 742.630421
861.627856 441.730301
881.975472 64.710623
863.640727 478.287035
866.773782 737.040824
900.222002 442.094486
865.186112 71.175608
886.073862 474.257577
867.133771 753.998187
850.264579 451.180651
869.687144 54.023443
869.746162 472.962924
892.089820 729.548249
878.862442 53.835417
891.079331 457.509860
892.861731 501.804273
900.113516 744.466972
889.088047 63.752505
902.030098 428.266185
868.039361 494.297533
906.844937 734.108747
892.909052 508.200232
901.941045 83.235807
879.399397 426.271036
886.361707 744.504391
883.225131 495.697479
933.115321 72.265682
895.659753 425.655071
903.277263 715.497528
872.218375 511.312521
895.161042 60.741972
899.176960 448.817371
884.829972 714.837192
901.956180 518.558219
893.853722 705.011967
903.210774 87.909084
905.659758 431.122056
904.294644 520.372757
922.553138 502.106003
872.117403 701.054017
872.438821 709.728191
904.249732 57.633473
916.803269 448.036707
883.913847 513.951306
912.887364 718.187692
935.378678 66.006006
931.605497 444.293557
920.025035 525.071034
937.278011 74.338191
891.071711 689.125297
922.831172 430.599370
925.197551 518.236939
917.640398 693.051833
938.252912 79.807464
917.403211 431.743009
914.400598 540.802855
908.862482 63.271368
937.173564 688.824390
944.184075 534.156422
926.926505 668.008216
921.008548 699.063462
939.256541 674.464736
920.678270 446.306595
925.198051 545.659034
922.464422 75.214391
942.394433 673.960794
936.082224 90.255265
913.210150 430.059527
893.155253 521.364496
950.593357 544.421468
937.123036 630.847766
925.335765 663.952865
941.841788 647.921763
953.653132 664.503720
920.748236 656.939624
932.515743 89.912386
942.796461 559.268140
926.850052 426.105396
933.886409 655.773741
931.242270 81.950742
952.524458 557.590546
953.153918 632.179684
915.479937 101.644472
921.621659 424.091859
944.093206 547.544696
938.473221 84.702706
925.136466 115.022232
932.751047 117.784360
937.575399 548.198986
970.579955 576.681468
945.634699 564.089026
946.044356 609.597102
948.762452 628.011200
943.251139 607.502007
923.179490 616.515531
924.130081 621.014692
944.375495 628.217008
941.661352 639.726740
918.199306 652.731118
940.157418 419.813730
949.031330 107.924414
953.453008 575.105199
915.069009 598.100047
941.582649 125.193171
943.484706 148.769271
930.779336 414.763401
919.265603 405.085507
929.572368 556.413208
952.810128 555.592336
944.721062 584.350477
933.204308 596.516068
943.817159 603.168182
948.103518 590.696728
916.701686 127.361999
965.806676 570.656076
955.289283 152.535794
959.840654 404.334178
934.833313 116.525299
946.331594 133.588201
959.165270 399.522443
951.690242 141.421716
970.957038 408.538989
948.165088 184.433750
955.609524 123.863360
965.702316 166.682310
951.388633 352.469958
924.025640 354.043249
955.736070 351.150732
949.392117 365.533143
958.897828 368.285856
945.452286 384.293369
951.627451 357.935150
960.508816 386.681213
924.121000 395.232304
929.876217 383.162536
954.852338 170.871806
972.748616 180.516228
970.517831 170.160791
950.462465 315.549811
985.272702 139.460780
941.522941 156.963307
955.647366 168.096732
960.027229 169.416059
971.784604 165.282806
938.816097 193.119859
969.355576 198.551506
948.620973 194.991468
954.495048 219.598653
952.616028 206.609451
950.272266 342.635589
957.666727 307.382025
963.059699 338.398297
958.139588 198.668262
949.434153 210.954103
945.173177 323.845634
969.888572 204.880392
954.645558 325.912092
951.126727 343.309931
969.537599 217.878879
980.378212 220.302250
959.695088 239.242828
944.824624 225.003385
985.309875 221.129635
953.616254 230.033395
962.772343 263.788418
990.705429 226.956957
979.507461 249.472206
947.281129 256.054173
944.101862 266.307320
963.817893 265.080726
953.545342 277.443228
952.034439 280.656775
969.644316 280.285134
1002.657069 267.273042
983.712701 302.340396
986.405233 291.274508
962.810452 297.322102
986.375874 297.390150
954.898227 299.457444
967.706780 333.824156
964.912848 305.910980
947.623122 308.142810
943.599301 327.232634
