46 251
49 255
50 247
51 266
51 270
51 274
51 278
51 282
51 286
51 290
51 294
51 298
51 302
51 306
51 310
52 259
52 314
54 244
55 263
56 186
56 190
56 194
56 198
56 202
56 206
56 210
56 214
56 218
56 222
56 226
56 230
56 234
56 238
56 317
56 321
56 325
56 329
56 333
56 337
56 341
56 345
56 349
56 353
56 357
56 361
59 365
60 182
61 161
61 165
61 169
61 173
61 177
61 369
61 373
61 377
61 381
61 385
62 389
65 157
66 141
66 145
66 149
66 392
66 396
66 400
66 404
66 408
66 412
70 137
70 413
71 121
71 125
71 129
71 581
71 585
71 589
71 593
71 597
71 601
74 414
74 605
75 117
75 577
76 111
76 418
76 566
76 570
76 609
76 613
76 617
76 621
76 625
76 629
76 633
76 637
76 641
79 645
80 107
80 418
80 562
81 96
81 100
81 649
81 653
81 657
81 661
84 419
84 559
84 665
85 92
86 86
86 423
86 546
86 669
86 673
86 677
87 555
89 550
90 82
90 423
90 680
91 76
91 531
91 684
91 688
91 692
91 696
92 545
94 424
94 700
95 76
95 527
95 533
96 428
96 541
97 704
99 74
99 524
99 534
100 428
100 538
101 516
101 707
101 711
102 70
104 429
104 715
105 516
106 66
106 433
107 719
109 514
110 66
110 435
111 722
112 510
114 66
114 438
115 725
116 501
116 505
117 729
118 66
118 439
120 501
121 443
121 732
122 66
124 499
125 443
125 735
126 66
126 739
126 743
128 496
129 444
130 66
130 745
131 448
131 749
131 753
132 495
134 66
135 448
135 755
136 491
136 759
136 763
138 66
139 449
140 487
140 759
141 453
142 66
144 484
144 759
145 70
145 453
146 763
146 767
148 481
149 71
149 453
150 768
152 480
153 71
153 454
154 769
156 458
156 471
156 475
156 773
157 71
160 75
160 458
160 471
160 773
164 76
164 458
164 471
164 774
166 778
168 76
168 458
168 471
170 80
170 475
170 780
172 459
172 784
174 81
174 474
176 462
176 466
176 787
178 81
180 85
180 790
184 86
184 793
188 86
188 794
190 90
191 798
194 91
195 798
198 91
199 799
200 95
201 803
204 96
205 805
207 809
208 96
210 100
211 812
214 102
215 815
217 106
219 818
220 110
223 819
224 111
227 818
228 111
230 115
231 818
234 117
235 818
237 121
239 819
241 121
241 823
245 124
245 823
248 128
248 132
249 823
252 135
253 823
254 139
257 824
258 141
260 145
261 823
264 147
265 825
267 151
269 828
270 155
273 828
274 157
277 161
277 828
280 832
281 161
281 836
283 165
284 169
285 834
288 171
289 830
290 175
293 828
294 177
297 181
297 828
300 185
300 832
304 187
304 830
307 191
308 828
310 195
312 828
314 197
315 824
317 201
319 823
320 205
323 822
324 207
327 211
327 818
330 814
331 211
333 216
334 810
335 220
338 808
339 221
342 808
343 221
345 225
345 804
348 229
349 233
349 803
353 236
353 803
356 799
357 236
358 240
359 244
359 795
363 246
363 793
365 250
367 793
369 252
370 789
372 256
374 788
375 260
378 787
379 262
382 266
382 784
385 270
386 783
389 272
390 779
392 276
393 280
394 284
394 775
398 286
398 772
402 286
402 768
403 290
404 294
405 764
408 296
409 760
410 300
413 758
414 302
416 754
417 306
418 310
419 314
419 750
423 316
423 748
425 320
427 749
428 742
429 322
432 326
432 738
433 330
434 334
435 734
438 336
438 340
438 727
439 344
442 724
443 346
445 350
445 719
448 354
449 358
449 715
453 361
453 712
455 365
457 708
458 369
458 373
458 377
458 702
462 380
462 698
464 384
465 694
468 386
468 390
469 394
469 690
473 396
473 687
475 400
477 683
479 401
480 679
481 716
481 720
481 776
481 780
482 724
482 784
483 400
484 679
485 712
485 772
486 381
486 385
486 389
486 393
486 683
486 687
486 691
486 695
486 699
486 703
486 707
486 727
486 731
486 735
486 739
486 743
486 747
486 751
486 755
486 759
486 763
486 767
486 787
486 791
486 795
486 799
486 803
486 807
490 377
490 810
491 814
491 818
494 376
495 818
498 376
499 818
500 380
503 818
504 379
507 819
508 376
508 812
512 376
512 808
513 792
513 796
513 800
515 380
517 788
518 384
518 388
518 392
518 396
518 737
518 745
518 749
518 753
518 757
518 761
518 765
518 769
518 773
518 777
518 781
520 400
522 733
523 404
523 657
523 661
523 665
523 669
523 673
523 677
523 681
523 685
523 689
523 693
523 697
523 701
523 705
523 709
523 713
523 717
523 721
523 725
524 408
527 653
528 410
530 657
531 406
534 659
535 402
536 391
536 395
536 663
540 387
540 665
541 381
542 669
545 377
546 672
549 374
550 675
551 366
552 679
555 362
556 356
556 682
560 352
560 685
562 689
564 349
566 341
566 692
570 337
570 695
571 331
574 698
575 327
578 699
579 324
581 703
582 320
585 703
586 311
586 315
589 704
590 307
591 708
594 304
595 710
596 714
596 718
597 300
600 720
601 296
602 724
605 292
606 727
609 289
610 730
611 281
612 734
615 277
616 737
619 274
620 740
622 270
624 743
626 266
628 744
630 262
631 748
631 752
634 259
635 753
637 255
639 753
641 246
641 250
643 754
645 242
646 758
649 239
650 760
652 235
652 764
656 231
656 767
660 231
660 768
664 229
664 768
667 225
668 769
671 221
671 773
675 217
675 773
679 214
679 774
681 778
682 210
685 778
686 206
689 778
690 202
691 196
693 778
695 196
697 778
699 194
701 778
702 190
705 778
706 186
709 778
710 182
713 779
714 179
716 783
717 175
720 785
721 171
724 788
725 167
728 789
729 164
731 793
732 160
735 795
736 156
737 799
740 156
741 802
744 154
745 803
747 150
749 803
751 146
753 804
755 142
756 808
759 139
760 804
763 136
764 803
767 135
768 804
771 126
771 130
771 808
775 122
775 808
779 121
779 805
783 120
783 803
786 116
787 803
790 116
791 803
794 114
795 799
797 110
799 795
801 106
803 793
805 102
807 793
809 99
810 797
812 95
814 795
816 91
818 793
820 91
822 793
824 89
825 789
828 86
829 788
832 85
833 787
836 81
837 783
840 77
840 779
844 76
844 778
848 75
848 773
848 777
851 71
851 769
853 462
855 71
855 768
857 458
857 465
858 762
859 69
859 469
861 458
862 65
862 758
863 471
865 454
865 475
866 61
866 758
868 752
869 453
869 477
870 61
872 481
872 749
873 452
874 61
875 485
876 748
877 448
878 61
879 486
880 744
881 448
882 61
883 486
883 737
885 65
885 448
885 490
887 733
889 66
889 448
889 492
890 729
892 496
893 66
893 447
894 725
895 500
897 66
897 443
898 723
899 502
901 66
901 443
901 719
902 506
904 715
905 69
905 439
905 510
908 514
908 708
908 712
909 71
909 438
909 518
911 704
913 71
913 437
913 521
915 75
915 703
917 433
917 521
918 697
919 77
920 429
920 525
922 81
922 693
923 529
923 677
923 681
923 685
924 428
924 533
925 85
927 673
928 89
928 427
928 536
928 540
928 652
928 656
928 660
928 664
928 668
929 93
929 544
932 423
932 648
933 96
933 546
934 640
935 100
935 419
935 550
938 104
938 108
938 112
938 554
938 558
938 562
938 607
938 611
938 615
938 619
938 623
938 628
938 632
938 636
939 415
942 115
942 565
942 603
943 127
943 131
943 408
943 412
943 569
943 573
943 583
943 587
943 591
943 595
944 119
944 577
945 135
946 404
947 123
948 139
948 397
949 143
952 393
953 146
953 150
953 177
953 352
953 356
953 360
953 364
953 368
953 372
953 376
953 380
953 384
953 388
954 154
957 173
957 180
957 348
958 156
958 160
958 164
958 168
958 184
958 188
958 192
958 196
958 217
958 221
958 327
958 331
958 342
960 200
960 225
960 335
962 213
962 323
962 339
963 204
963 208
963 229
963 233
963 237
963 241
963 245
963 249
963 253
963 257
963 261
963 265
963 269
963 273
963 277
963 281
963 285
963 289
963 293
963 297
963 301
963 305
963 309
963 313
963 317
