74.891822 271.619746
65.561995 231.084386
9.983051 223.958326
21.285714 292.529355
50.080737 293.130301
63.067399 254.537576
49.465457 278.145299
21.196301 274.243404
53.150974 291.801742
69.010763 306.625460
59.847900 284.154936
80.785722 306.892452
23.446827 297.324757
53.788356 318.737080
57.060718 312.068680
58.021696 260.857832
78.376221 302.545595
90.009134 225.346137
50.749373 248.643279
65.584081 165.880457
97.065079 163.036747
68.945559 193.920889
43.192851 202.019740
66.925713 210.357125
38.255630 192.543146
26.523430 207.744298
58.654496 205.259660
59.229050 184.889814
39.083825 232.967562
50.242718 253.411112
56.856281 205.170542
47.094915 237.846998
32.585464 225.486193
41.816105 304.490025
57.021687 330.425096
72.508208 347.723439
82.534483 327.084912
80.772622 337.123721
55.137594 329.909805
83.545422 358.953379
51.805192 347.997820
40.034006 382.438691
52.020043 371.067805
73.565207 370.417258
50.466753 361.478191
92.515255 378.840175
31.189401 163.562295
46.676783 155.897132
41.891873 164.755745
43.026892 148.397892
101.125327 168.943346
56.318395 188.807646
60.684173 401.968613
64.824182 374.123428
37.374640 369.180414
68.532487 368.274840
62.680241 367.057705
59.934217 422.706696
64.455964 151.072966
29.727218 164.729285
57.540540 128.093449
91.158312 153.948665
51.132321 383.629909
48.228267 397.354558
81.475703 401.500338
55.068872 411.558982
91.379475 453.679605
44.870703 383.353992
87.943208 150.396682
54.795610 413.592790
66.358331 121.818468
88.790782 127.858017
97.265004 145.355989
63.513150 591.828486
63.425961 586.516877
91.608320 591.917272
72.630133 610.459870
99.011565 597.675668
61.396074 619.287785
84.515490 424.164381
91.434498 603.738602
113.134704 128.107036
97.752560 578.485575
69.377839 94.410228
60.464418 407.549562
82.307231 573.648895
87.967435 576.215753
55.451671 620.327491
79.898292 614.544898
63.106134 609.089281
82.199830 637.285498
69.504753 613.565641
87.880498 621.251539
54.498302 606.988290
83.105362 644.201950
90.296451 624.038641
110.970532 668.148813
107.937731 108.339953
76.230057 431.328699
68.898930 586.365877
103.161878 106.483536
91.917993 118.130043
93.124738 650.338372
114.115855 690.562435
88.617795 647.021993
74.527708 650.008510
67.490971 406.390331
104.971255 569.889524
70.063977 651.413313
94.532442 98.085191
97.163261 84.642164
144.904107 409.501418
90.252363 536.258329
61.026644 664.118675
80.718796 656.839693
90.041479 697.400444
78.390905 546.853714
68.013179 522.702222
45.390975 116.361274
65.970549 437.784666
53.356902 696.122642
90.440249 76.499031
77.468480 508.386393
51.511935 709.252851
86.836120 710.966950
24.169629 700.884127
95.737428 686.546993
85.921716 538.062227
100.271683 424.509113
95.904814 680.129037
92.506816 83.125330
100.875537 541.861160
101.184728 529.634133
86.396840 434.671162
119.382257 556.649099
108.745660 705.180227
81.128813 64.716486
103.463106 517.313501
95.057541 513.997522
85.866408 419.708397
107.296171 557.243420
84.313269 534.032773
93.352164 706.866052
105.882135 687.204298
111.840477 70.305885
105.739577 460.027030
98.458173 705.937474
98.784170 514.920100
114.159925 79.903053
79.157762 469.788607
90.421484 690.018259
93.806097 494.625311
111.775674 60.757874
130.175259 454.386780
135.281563 722.297062
79.742041 489.322041
105.131147 64.140349
124.124798 447.743240
119.645452 745.349014
104.313353 486.071782
143.884567 501.868438
101.418802 734.687714
130.338575 64.831708
132.697016 418.018978
140.094397 483.771934
133.356441 460.286815
119.365368 716.113534
100.951710 54.536554
124.150147 501.133794
130.203969 432.175848
123.260552 715.026024
106.590740 69.492935
99.134197 737.194276
169.400620 743.745204
146.092952 501.148476
122.328897 411.100559
150.395105 55.493484
116.519307 764.960032
144.926805 456.628404
136.787433 741.085378
128.344584 777.118948
112.135780 496.604318
128.383030 66.632453
141.564693 440.444697
122.596964 778.353904
131.674923 479.747419
136.537368 755.657078
137.307297 771.003204
106.875806 74.276711
125.475131 452.925327
153.477431 495.256588
132.045863 736.205110
91.889827 470.778249
160.395801 79.169388
130.897636 479.924351
133.272136 780.171350
130.230356 56.845508
138.093913 454.782606
116.635641 744.557157
163.966339 767.718513
142.038894 460.639534
124.428122 51.671163
133.894904 471.764202
167.386239 774.943677
152.853436 477.633383
141.819643 63.641782
134.386195 472.884849
169.554009 773.706908
151.119641 448.705493
141.121563 456.365459
146.100352 461.825612
133.038183 783.628797
161.093086 66.341118
178.065253 95.243725
159.974928 457.562434
160.586892 471.345304
169.503221 791.032893
133.508891 61.237088
220.461455 450.195793
148.442536 463.198104
156.203549 784.615034
184.953384 778.634105
165.470927 68.626190
190.236114 461.816063
175.288737 449.935930
156.391253 82.416748
176.501294 491.093313
145.986899 770.995069
166.924414 475.496059
165.570472 808.939560
187.050407 58.609276
180.687199 461.396611
169.080325 445.283054
137.487523 463.254330
179.253310 773.609163
168.161066 83.784390
171.193352 68.735664
165.688754 786.140726
172.020819 102.016782
194.494569 794.080727
201.899278 85.584139
175.548568 787.803698
158.003656 91.745674
195.751286 783.794579
197.739126 102.789861
202.259829 793.986813
172.868345 68.463544
219.970454 814.121067
216.483508 99.909562
215.618585 799.013090
229.552081 108.252254
202.709534 815.451568
214.424014 823.997916
215.324759 112.177137
205.299700 114.071788
189.226740 798.044212
230.828304 74.243405
206.513162 835.538359
259.923196 117.152503
247.173975 838.988702
222.653399 105.736169
193.042611 814.417573
207.144861 108.548759
221.867465 815.712780
245.379486 98.084184
198.713042 140.584762
234.735552 809.738440
215.530986 125.241435
253.204146 834.750432
213.679360 135.470782
223.957313 813.430632
280.209641 116.278651
215.558501 823.356641
261.143517 109.951977
238.762747 848.447628
249.402558 129.477948
272.856728 118.762461
260.536032 825.283240
244.529745 158.257828
252.673892 831.002444
288.824107 129.851840
235.149799 826.824197
282.390405 127.726866
279.050328 132.678713
257.918286 791.374509
265.415468 136.278327
281.234302 808.990846
275.010549 136.652294
273.962674 834.712506
290.642544 128.972801
277.758919 824.314681
262.217131 160.817516
294.250768 148.331839
273.138797 812.617847
293.619130 830.724560
262.670503 151.310298
289.768865 830.905639
284.621388 169.784026
279.821797 183.480430
265.583565 850.458037
280.696143 140.432438
316.074409 834.461185
311.157321 169.531150
303.650368 818.320957
277.256147 198.790049
279.253879 201.955961
281.372079 811.877837
304.214597 185.374161
299.369049 850.330097
330.798026 197.149404
307.880568 824.824657
335.559215 188.869929
299.295240 819.334704
314.731777 173.956726
288.840613 814.213765
302.721449 216.605001
332.646313 815.516537
338.988357 216.451030
303.507118 823.274348
307.249984 201.159277
358.020446 831.836630
352.124753 195.676492
330.455092 206.904898
324.937499 818.357050
339.004176 810.959187
342.729581 232.945104
366.328643 222.448361
339.849211 812.666371
360.634182 198.336431
335.206300 816.014969
347.481117 194.341604
330.394369 797.027823
337.353819 248.057248
335.722616 205.691570
336.718791 807.331047
344.151358 240.926246
336.531443 227.270757
328.429851 790.085422
339.122005 230.292124
364.637886 784.937669
361.072036 802.542506
343.758443 242.932021
334.974312 255.055939
361.805747 245.503007
331.253756 792.642173
328.123697 242.457100
386.731368 825.729533
364.301783 251.733713
366.306045 781.392009
369.059227 256.357384
361.336996 799.079100
367.430211 280.148081
393.385477 808.337717
377.901594 258.117294
367.020188 813.835905
351.410528 255.587137
364.435546 254.737686
372.709780 773.725063
395.354733 277.544887
393.092419 757.449806
373.196348 275.949405
385.448758 750.743153
394.958602 239.507471
395.558118 275.352068
410.633513 295.458890
396.586092 767.767156
408.598027 274.377189
425.143505 760.492551
412.671204 285.355892
387.353202 799.469585
394.548043 245.524762
400.403191 291.419451
378.560181 773.525360
393.707560 316.490414
412.290473 755.345626
399.497860 302.281461
404.677724 778.499058
385.324712 287.087740
399.685186 767.125499
423.759843 332.653762
414.733623 311.154796
413.275569 347.274951
393.425884 784.403688
449.207882 336.041707
394.983864 764.073548
399.379085 315.282400
447.108831 760.267802
428.996053 737.706102
397.796778 318.550301
428.265197 341.122341
421.662846 750.961799
420.149912 311.899960
431.784802 321.223297
412.120019 749.926625
484.380382 333.041101
454.410091 328.628286
422.482253 714.436682
436.783133 342.021470
419.710065 711.846765
467.220493 367.053075
450.155995 377.490110
406.296587 710.908056
457.280651 324.976559
484.980752 346.481604
426.267620 734.052185
427.274602 344.287901
460.784283 700.137878
491.735703 338.543389
440.400621 697.266099
462.815383 362.682650
483.578231 357.000928
479.678971 369.958846
444.100078 705.391575
463.340519 415.172158
511.182000 683.576988
469.251528 398.213117
451.615574 671.702478
485.370982 370.619235
478.900086 395.103869
421.127071 377.847967
470.691221 705.378172
464.226223 403.230907
485.909387 695.448682
462.128247 367.863039
444.325681 670.605713
489.580051 420.877489
496.272634 669.602342
488.432890 706.042362
478.665467 714.522000
455.022396 778.628447
452.994036 772.831038
489.802587 703.666732
472.119937 777.329794
484.664698 413.703405
489.036817 674.084356
500.366457 736.141455
478.883602 782.695601
478.483881 378.600033
465.360189 351.884505
483.892420 386.117696
479.015806 362.826928
485.123996 707.760455
530.293699 686.236749
464.252066 680.307340
494.845098 723.789871
519.680777 685.353039
465.164494 718.755202
525.745656 713.747388
480.184248 728.487946
489.025164 734.230082
493.068543 749.232233
479.988657 733.674891
509.192008 755.962807
509.213900 749.850767
464.111818 760.074959
491.937626 791.719225
447.111872 743.325940
460.414246 772.576700
489.820334 790.068414
470.873940 776.903522
500.621274 776.943165
476.274869 786.223388
470.509449 789.683760
482.535793 811.033740
486.813560 810.455166
506.036652 383.010262
510.880493 811.876482
488.945253 809.269086
486.330961 824.308999
468.782260 370.970759
494.118119 831.338405
446.559412 385.919577
516.939198 823.390943
482.592625 379.751159
495.890126 801.808378
521.573188 398.349182
477.997671 820.681616
502.691666 358.404631
523.906922 805.594674
496.521491 358.609980
508.377755 809.003809
489.708064 787.497216
505.659728 780.136788
477.299351 784.234015
513.334640 391.662143
483.751117 796.064052
538.620451 368.249797
496.459666 387.331098
478.456558 373.518380
505.206388 395.592013
531.534240 735.681611
511.444493 731.046488
513.324461 723.020539
512.378760 763.030770
491.119505 743.763558
520.393484 781.051442
564.628867 756.697539
502.150226 774.079583
482.224473 757.280366
510.132923 774.622009
527.809989 780.989289
531.419109 384.142935
520.901053 752.011103
477.437826 396.958862
550.008646 655.172717
512.186775 630.590807
480.896446 672.511003
527.251545 674.850650
524.798047 658.496575
514.769860 680.542660
522.134262 651.695820
538.303269 704.121425
559.203765 681.543664
501.042438 669.025869
519.932072 691.722013
503.372961 690.792140
542.799029 705.390047
538.263903 721.073993
509.852633 708.310163
503.403550 706.492953
522.023013 724.488816
506.326803 732.273155
542.380642 387.226120
548.357147 653.177118
491.659444 433.874941
555.847281 668.958805
516.917834 401.325376
532.773278 664.625967
543.643566 417.198883
525.287072 363.832319
538.329792 385.799865
557.231004 676.599106
510.777063 404.257996
557.598479 662.847982
500.701940 377.394195
540.079327 647.393292
557.938224 387.187020
532.329874 682.414000
518.340222 368.211855
551.764782 653.435952
569.374819 350.491282
536.258578 688.992443
571.026890 354.404650
538.573506 352.797665
525.491576 677.656425
569.771622 368.023975
520.926711 677.605686
572.766634 685.659852
580.614001 334.485016
554.857738 326.512937
563.043028 693.835821
583.708777 355.202796
548.511036 688.814166
553.409067 326.118208
564.252150 715.050921
589.240212 338.294114
522.488839 672.465412
596.450750 324.885155
593.823679 725.571108
593.745770 321.563475
572.705600 734.635066
572.601373 321.163929
578.945181 327.556744
580.591793 676.110228
582.761415 310.252443
564.609666 699.763911
578.798154 325.366173
614.287557 721.747406
580.928368 747.166355
620.066884 711.754684
599.711617 306.347311
612.800143 715.939578
605.288031 286.016347
631.469284 708.493081
610.626068 289.324344
592.918122 706.322357
636.338884 285.219605
577.021644 731.191032
577.607088 274.087834
623.997981 736.742739
638.255066 299.342813
614.690057 759.474287
617.556085 255.624186
609.564356 725.259447
618.292679 230.676991
636.102398 762.992527
643.757484 265.089956
633.300057 758.359115
655.072236 241.728315
605.610637 745.259375
649.102413 749.995936
653.136967 269.245180
610.376747 732.131303
658.646365 280.922325
685.174325 767.368028
590.954578 245.411655
656.974474 240.109196
668.825606 779.412275
618.951895 219.882190
641.224437 755.687475
658.035328 246.310597
670.704006 743.737532
682.798832 236.207368
672.697681 764.252827
661.397830 227.815556
650.080981 772.311891
697.627550 240.708843
648.272320 751.562687
658.300980 199.530831
689.375432 773.399876
670.734086 236.479776
655.659400 750.804188
663.672410 233.400254
672.536851 755.529294
652.165063 201.440930
673.948116 780.521743
673.403949 211.458851
646.729810 788.938697
712.135072 795.340983
665.122339 216.428388
690.346141 769.693004
726.165859 183.782045
682.886762 776.371259
708.777576 177.111188
700.388492 230.007258
714.246532 780.402247
713.620360 198.716761
683.597261 788.527449
696.609629 183.581022
712.501229 778.261873
694.282009 194.960602
740.242318 794.229921
742.391828 168.372019
723.824947 825.860841
686.053084 182.707743
725.948120 776.471596
697.799813 152.470879
706.076165 776.907013
673.172694 142.752819
700.733098 782.254764
724.204758 166.552334
709.647432 772.873087
721.403317 171.350087
749.207464 783.756732
735.693703 163.364606
740.552545 782.904635
714.392611 152.640689
745.103064 801.383550
743.473678 134.437615
741.297438 813.569429
730.925267 151.340281
734.717341 802.981045
737.000647 197.474028
762.464661 812.742913
738.023365 149.849693
741.409503 769.700915
725.115878 111.051885
755.320775 805.212639
747.236887 146.902445
761.551963 812.918345
766.323003 122.172100
777.612429 805.473771
745.560121 156.084476
795.111798 808.469431
777.100872 128.158293
756.292814 796.410758
737.570538 118.259339
776.808170 113.515786
787.126591 807.169254
786.031883 121.147929
789.078684 804.722341
784.362255 116.730185
787.459483 815.403353
799.200286 85.377098
786.776638 827.304448
800.591958 105.175988
779.531473 801.129998
782.694193 130.961344
813.592014 777.581224
776.212873 105.471169
810.787469 810.070873
774.353701 104.954833
807.917209 790.635969
796.951528 107.693082
820.609719 795.552416
795.882601 85.511727
786.097584 789.456896
790.878475 59.637440
815.882978 779.024678
774.945724 92.633543
825.842325 784.469981
788.143294 68.380619
809.891568 796.848969
850.085894 101.145904
787.117773 798.042211
796.807651 84.343772
813.855986 791.544642
828.129623 104.531838
833.978140 801.875988
866.211452 97.112607
847.115697 787.449568
835.319491 84.767205
813.833813 796.682165
855.666049 77.649874
856.069676 757.150602
849.074007 94.309213
825.863169 789.385258
863.725184 54.267939
856.279073 755.019508
870.947518 802.096334
841.334479 70.576567
873.884073 760.707015
868.384684 471.082477
887.095662 58.901532
864.871900 770.528770
858.318080 444.039411
849.949975 443.122408
858.561041 768.012188
849.124928 69.774681
852.808247 435.104049
882.856289 446.480350
876.666666 40.899898
873.443061 758.733442
855.483743 461.548147
882.171598 447.302381
865.225517 502.315462
878.498109 42.621814
874.772033 765.331614
877.834847 706.192910
888.444905 442.544422
902.954266 475.636916
845.623974 52.494789
861.908293 470.167936
899.774610 751.170389
881.655074 458.452395
866.015350 71.767890
894.411743 499.541324
910.305750 739.650189
891.139884 429.017481
888.780170 60.941674
893.757448 477.899240
880.612828 725.921476
925.831858 439.786956
870.840666 69.975998
883.539464 495.713020
861.521445 766.123063
880.434125 75.214509
885.017710 458.881636
893.528406 496.250302
897.057429 745.790219
910.335545 74.326972
878.998984 465.444892
901.468569 497.545811
882.824397 760.056805
891.794558 505.927700
882.504724 86.068413
931.154871 423.627855
878.158122 737.590571
897.397842 487.136705
913.644131 60.065008
888.384115 441.636336
921.264596 716.285117
907.783902 516.312888
877.970434 55.144864
934.198215 450.306356
911.124136 702.856077
887.175573 490.326887
892.946700 720.703965
899.086315 72.973169
923.476261 435.964502
905.802787 513.836507
933.095305 527.166666
916.782569 709.220569
900.434452 728.979672
946.884196 90.041320
894.805074 413.408760
932.296004 523.599429
934.316019 701.465935
909.870718 89.301282
943.098167 414.175961
928.989402 505.500486
921.705103 75.735120
924.324290 702.608579
922.129989 417.177113
904.902401 498.876354
919.233539 684.089881
915.274563 77.297240
924.970479 427.582914
937.378589 547.993194
916.381641 86.902571
902.685687 669.740124
900.909660 533.108694
920.124877 658.516820
884.803399 680.416943
899.407066 675.040583
913.815507 416.366102
889.880161 532.227493
916.604075 75.145742
903.779013 662.137101
922.988952 86.204663
913.675327 447.969240
939.885221 519.826115
941.149015 522.437647
927.305306 651.798804
898.043246 667.536288
929.045324 657.844314
945.211313 650.334708
940.133317 672.719745
913.290813 105.604402
898.157115 545.244609
917.282545 427.633056
913.078257 652.805623
913.342092 88.532719
932.580193 553.375805
934.671958 641.151362
904.022845 92.746146
971.304314 415.891906
922.658518 553.129329
925.531922 116.998254
930.267044 113.247793
971.016920 93.410773
938.847549 553.828000
926.670838 567.393602
945.273376 550.976152
925.703396 589.939197
932.402638 592.494135
936.792176 595.055135
910.448676 600.648421
915.139369 622.351675
972.473735 637.158059
935.849256 628.437474
906.979158 641.724664
930.930497 426.631052
972.193125 123.349012
928.859137 524.619156
934.247154 592.260838
924.958354 115.500334
970.975542 131.116116
950.692585 419.487182
940.178439 384.683341
961.056735 576.665808
934.148712 555.497646
933.180284 610.486848
962.408215 576.142249
929.484747 589.439658
961.381985 602.503474
911.286303 100.956265
968.898015 557.847776
962.253808 115.265559
949.930585 421.863794
953.127978 155.834409
961.423316 173.573236
964.631638 411.040147
985.735251 151.655312
967.263716 373.728100
945.908183 133.023571
974.170619 149.720922
966.640059 160.968234
976.850702 342.865471
953.622301 341.082677
960.590717 380.635102
960.462324 375.344501
953.356253 359.705524
957.307021 385.988242
961.918310 378.814769
913.433232 366.482393
991.051723 402.631604
952.484151 382.618291
948.787947 154.503414
922.540943 165.474967
980.112297 141.230981
951.234130 360.857814
944.486356 166.184386
968.641227 148.138769
946.277177 144.942307
953.566968 162.250658
933.126036 191.272745
941.230990 174.256082
964.381897 179.850555
956.846076 225.601018
982.061166 199.174434
951.754811 232.141054
934.465663 326.563277
953.295421 334.735515
953.100040 339.368970
953.900012 188.839798
952.699552 227.182354
940.935406 349.136271
941.174825 206.336352
990.065585 351.820643
931.112914 359.816697
981.390818 206.636643
947.059707 222.613865
950.433484 246.761727
968.386253 214.359886
967.569177 232.883069
964.574717 225.753318
979.191711 251.636635
922.814482 243.796267
963.797133 253.293589
974.327053 249.793913
946.404912 270.841316
936.136325 255.064818
975.486037 256.378289
955.424955 265.360907
957.618224 266.411433
949.025837 280.623917
944.374711 281.983040
975.189748 270.039146
966.821364 298.678103
987.271253 307.585199
936.312906 304.105133
960.389552 312.489519
978.474236 326.949947
977.642358 323.651938
967.177225 333.718735
