42.002574 291.596348
59.754677 300.143123
31.892960 314.388316
35.274805 312.317287
37.641517 322.777095
38.622939 322.837239
25.769329 311.097747
47.035940 319.851347
28.279828 288.571109
38.487705 322.443201
32.688220 305.929586
44.029439 335.312643
42.460941 286.405698
28.287181 354.957409
80.412924 287.497565
35.314127 299.199881
20.034197 348.871501
81.392754 270.367275
47.872863 335.078981
73.151150 252.201610
63.385075 264.113584
81.523096 253.063705
83.390125 251.744855
70.908618 337.163466
52.742146 253.885652
52.240930 348.447807
49.132393 338.395716
81.542599 261.032133
75.240227 368.228256
72.819548 239.530381
85.742981 366.068543
88.765191 243.027926
55.935627 361.092614
117.253997 247.066124
54.072689 360.935721
73.010513 244.090435
107.301299 367.549761
81.483371 261.561030
50.830876 369.529033
90.026986 376.123915
95.723943 237.803031
92.380135 368.332365
125.142821 243.069676
92.488588 369.674625
91.875735 248.931163
129.914780 380.316911
142.975210 245.846652
107.161403 374.513141
137.405160 240.110792
101.680782 376.076802
82.199134 239.031613
141.024602 354.852254
84.163900 241.279442
113.116638 367.595645
99.287596 235.605525
117.170318 381.884779
103.031974 242.110390
149.489889 366.225514
109.637413 241.201700
131.792824 372.236218
131.638570 235.933741
109.955643 375.704679
140.088230 235.516684
150.240383 360.074133
112.131448 230.593878
138.953592 378.986176
156.831579 252.103145
146.671717 363.276238
148.079122 243.178458
132.864104 382.612940
132.887625 234.127007
131.666382 367.244025
176.084127 235.490557
175.096182 370.503280
155.122168 241.604966
167.357362 358.376322
174.966802 246.711936
156.467221 353.895346
163.545678 234.123406
172.677120 353.114448
186.969426 244.734818
158.993864 349.402772
164.876963 247.568545
196.478877 371.135799
160.555444 239.645335
149.270609 366.566285
182.489878 251.577228
179.692053 356.211447
211.595280 245.283280
191.022561 364.425579
179.704451 241.561199
245.071230 358.671677
154.366308 250.961587
213.642558 353.202617
193.643897 254.752541
233.093650 345.448666
188.256264 240.986046
202.382471 356.919399
226.670963 239.782966
199.950483 357.304654
235.952665 247.756758
227.577196 348.411402
255.969516 264.042816
201.074956 335.095076
222.918861 242.922002
212.877425 345.319316
229.185869 228.911424
222.131191 345.092776
235.877588 253.810472
202.831817 361.577443
217.463200 249.818240
237.469341 346.493138
253.871864 240.972541
248.654344 362.272090
225.916748 245.994060
276.248514 349.881231
246.024153 246.265452
227.245595 350.759867
218.202008 248.147360
277.635625 349.518483
236.131680 239.245304
265.760628 346.755867
246.912207 252.894609
257.757416 356.081447
275.170224 255.451071
251.105835 351.356352
242.419248 242.385328
251.342417 354.720001
265.179438 241.952442
263.928159 355.150152
248.855443 259.493164
295.101962 344.286718
279.823394 272.440408
244.914112 352.563371
282.829587 260.619731
273.684549 356.130655
263.366490 255.180441
255.659337 332.459558
277.846097 239.786804
282.716692 350.181326
315.617854 234.386444
271.819705 332.951424
305.227564 242.879892
287.954166 346.778340
278.043559 252.826550
305.291537 334.830439
294.589815 249.428978
304.938719 353.394182
274.991938 242.462156
293.390070 356.728748
308.729225 246.818618
303.907041 359.957500
318.877283 217.750034
289.215375 363.975798
311.384521 226.378784
302.366287 352.888189
313.661178 231.748886
317.799996 370.517460
295.104271 213.409223
314.593105 355.891728
333.879640 214.775071
350.351617 362.857856
325.354156 210.879552
340.971265 377.370106
336.458928 209.618157
324.673617 365.504117
307.285345 211.389462
316.507398 394.750709
325.444383 202.807574
334.835464 388.617457
333.817029 205.621465
310.589950 379.839636
318.927373 382.541307
309.520179 190.648163
337.705627 398.300783
338.527410 375.782959
363.385133 199.337994
366.062142 390.794240
365.730793 193.109788
376.875991 398.015413
365.523282 170.957530
345.469309 185.655557
337.350374 197.816801
370.013811 397.665764
337.559660 185.069776
363.589487 399.650179
337.380662 176.217186
352.874970 393.630779
398.052966 415.559808
369.826342 166.635194
346.895198 402.831123
367.435700 172.977086
361.384970 167.260315
341.497891 390.071564
375.555227 165.077784
398.578285 388.134211
392.373849 168.524567
393.833242 415.250968
390.824083 168.999405
378.599055 406.154346
425.913778 423.435966
399.959227 416.293731
377.821351 162.603942
411.964127 420.733526
362.277027 146.767734
398.479207 147.832514
415.862191 442.916406
374.615146 145.718385
445.503400 429.173289
393.606470 142.851971
412.151120 140.206610
396.120835 430.097289
389.797020 132.959500
403.433060 425.381032
416.713943 143.258975
406.387256 428.162809
404.504870 132.220508
430.186205 418.631927
418.209819 134.395436
440.356955 436.929942
431.494422 135.627989
410.905741 441.926091
419.368383 124.794460
396.477658 457.332039
402.393697 123.416564
406.880331 440.356811
418.497049 115.056101
465.894529 447.008667
448.931207 125.403015
436.371973 453.150689
431.826687 114.018114
448.543163 451.614508
415.907415 124.039053
470.890645 452.785730
466.112024 457.396384
471.423720 106.444866
427.634476 455.667702
459.952804 121.638020
467.616233 466.234294
461.321286 130.123372
457.178808 464.265656
430.605550 125.026323
477.691876 448.000692
431.651317 113.752675
449.998485 472.329462
455.094654 93.893311
475.741794 125.668583
450.237339 106.995131
460.474017 454.104375
487.157202 114.710379
468.399557 457.445363
476.162043 106.040717
463.366263 464.549813
466.543314 100.308284
489.887017 459.172099
483.767102 76.133832
502.141053 460.279093
486.306670 96.103896
499.113801 478.930829
471.095340 103.035724
501.531631 456.338702
512.424115 91.709994
499.334302 452.218939
523.315735 101.384458
505.931262 461.322493
533.028241 85.504480
525.387763 463.711631
510.171656 97.595458
496.191484 470.793850
507.919473 92.633045
516.513556 476.115907
505.093673 487.778695
493.622768 477.986137
511.922976 72.389115
472.753915 483.154896
514.924077 96.094664
488.545580 483.050710
540.447181 78.549709
524.078023 475.242452
524.928365 72.990951
534.960999 482.774059
513.999373 490.259581
511.124624 67.450167
529.885047 486.813901
556.291524 67.310594
550.087973 500.536179
522.858733 54.211893
509.530501 506.125185
519.253548 499.357304
517.161598 503.860236
517.319293 516.866437
544.796458 60.116926
523.229334 497.585221
558.176627 44.884748
549.545108 502.165642
556.593363 54.574194
547.979622 507.459085
536.878865 34.214014
571.401323 493.049040
537.864439 53.615495
592.140629 500.858061
548.982951 44.920875
550.373512 500.475311
528.782136 54.944893
570.224196 504.262287
560.181757 41.302788
558.205097 489.389380
587.058949 52.250405
547.726478 505.502077
577.223611 43.624953
587.353937 514.454045
607.778299 62.484556
590.569368 511.252461
567.134291 58.797915
578.488287 506.921157
579.460801 53.798463
552.833683 518.032305
619.558759 56.346871
626.741450 507.595673
616.933461 62.811397
588.291521 47.087967
593.315353 505.517658
610.864343 54.055715
605.682036 509.154473
610.609238 54.599315
628.288969 509.038958
619.461703 45.843083
615.339068 515.397129
595.903842 48.156586
641.580576 40.481477
653.882583 503.617358
622.544094 44.535392
595.690197 499.915520
615.681584 512.708767
606.203868 519.558924
617.399665 28.119579
618.925949 534.539741
614.263858 19.854118
608.874633 532.192478
622.436448 21.727436
615.058817 31.068736
652.326478 524.797489
657.053524 538.133903
627.525748 23.544977
635.192501 530.147752
637.385982 35.429042
642.666293 544.316723
653.370439 22.394442
634.060034 521.946786
639.641489 550.981235
639.021674 12.004457
634.479055 542.176000
652.735145 11.178546
595.558884 566.148376
642.356289 29.706137
639.232652 551.782169
656.529783 31.772186
685.825040 539.828913
659.509432 12.209015
652.794934 544.397449
642.510763 33.694603
643.330723 546.616656
656.445963 20.782810
639.976052 554.030160
695.835605 2.966798
693.857886 549.497304
685.971457 26.571985
662.065315 541.584905
669.450612 21.400706
667.589098 563.285667
677.595137 19.569856
698.099584 558.575384
666.651354 36.980116
711.963410 541.743508
711.830594 4.123502
651.883068 548.750806
690.622421 28.175673
709.690600 561.712079
690.292688 16.919808
714.511887 552.057288
701.749546 33.823247
688.528520 557.673751
701.858963 13.629113
690.154448 546.985933
695.354384 26.945837
701.823313 551.922309
715.477169 18.654377
734.044593 541.830481
698.487134 24.699579
717.514713 554.489470
724.233805 28.660491
696.382139 36.935661
726.528675 30.116707
737.876185 32.727653
729.152698 532.666478
747.245458 27.195044
730.115405 530.142422
730.084532 27.322076
737.380431 528.141214
747.689736 40.139727
748.437362 45.569518
734.354936 551.119261
736.585842 61.960287
748.911550 523.196749
732.038917 51.114637
724.445326 540.239485
750.043983 21.164168
716.473740 539.447339
733.667214 29.931320
781.142305 545.628083
750.033875 28.936763
743.727065 540.582373
783.794458 27.873750
757.951264 544.214940
759.414045 22.845675
788.624477 38.245741
788.012460 551.987278
770.728565 33.262576
788.815851 535.119626
802.070518 46.287963
783.180498 550.150370
765.091345 46.619872
766.909765 529.639968
786.727031 39.369392
749.735790 544.446400
777.217382 38.708551
758.326594 536.226499
795.352653 39.887993
798.314074 541.713221
773.347303 48.221487
776.698645 519.385551
776.456975 44.099668
799.967467 536.125663
807.643163 46.030451
798.233155 509.686554
809.234598 47.714994
781.872257 527.590915
798.865844 56.980652
819.266500 533.413021
827.330847 44.886087
827.402683 534.278490
808.413881 43.052251
811.639610 516.187460
812.550682 59.973042
823.870738 542.905590
821.409875 45.153517
848.522704 525.866631
807.421148 41.762710
834.111386 520.680850
879.380760 49.548352
829.992806 524.470491
829.042169 53.965570
793.702447 521.351999
823.929041 57.035344
867.320238 528.865220
816.107444 67.229753
867.799806 529.231548
838.006954 55.443678
878.865964 507.895368
863.443367 64.420875
842.349683 512.371900
839.976002 60.881592
821.097045 514.657661
839.382681 52.580620
841.924859 507.800207
860.988512 54.329518
869.751558 516.361311
864.729775 61.057224
886.179805 497.445838
879.702374 72.458414
872.380447 510.355753
863.107903 63.504836
859.685917 513.944080
838.940076 55.263445
871.867763 493.724799
900.876166 66.712845
874.904547 501.769812
876.132494 77.347147
877.483547 503.509784
889.571757 61.358001
867.395595 512.108611
892.225067 70.782847
925.970071 502.469446
910.838117 67.358588
913.428536 497.637532
890.693623 75.471987
893.081944 490.663435
900.084323 78.040846
916.519561 64.753202
946.576820 490.365988
940.240938 66.611940
936.002658 495.410378
912.723712 71.133951
927.883195 495.231318
899.173167 62.491629
891.153866 486.715324
914.231990 89.827315
926.890786 494.148878
935.531613 83.685210
897.906203 484.837246
894.171606 82.901867
948.019546 460.719997
906.703386 72.290168
948.703425 487.840888
929.861580 85.141663
912.275332 488.172883
941.105177 461.586401
960.749634 79.196005
950.829697 467.417284
944.321902 86.124545
956.308119 110.834471
955.663863 479.304510
967.610925 93.489472
919.925341 471.332781
924.867495 92.392926
937.157920 471.168419
974.316226 90.178592
975.237792 449.204324
957.438177 94.252700
961.372717 461.143333
942.960194 79.999335
983.474649 458.603142
956.796418 91.387284
940.588750 456.645551
944.603249 87.025810
958.940860 466.490226
990.535465 103.580336
996.716650 447.386818
978.522641 95.714478
985.821315 108.402611
967.254364 470.200862
996.621912 108.945224
1011.206026 448.787057
956.222611 104.301504
987.350641 456.439878
995.436568 94.379477
990.683794 462.898919
997.675396 116.031643
1001.306362 455.118778
984.343922 102.206581
1023.047167 459.132877
1025.896727 119.753179
988.456464 458.268350
983.275822 113.756436
1040.585334 455.699992
1036.873054 119.607367
1012.014234 452.708110
979.550976 124.145765
1040.197329 464.765516
1028.637394 120.074716
1028.751506 445.994942
1036.639893 129.108670
1046.212001 454.162088
1051.467792 118.432651
1016.906062 454.962184
1055.447480 110.060086
1042.547577 453.367747
1027.383242 124.895979
1046.720254 452.022925
1047.312344 113.176175
1027.995850 455.005224
1043.901281 113.775776
1034.868194 443.248988
1085.350226 132.126214
1051.551147 455.265052
1056.874923 125.390091
1046.648603 438.590147
1032.924488 147.126968
1043.038568 433.766416
1046.968323 132.200605
1043.137137 435.929277
1041.367637 133.846292
1027.443550 431.384609
1078.759210 142.017073
1057.943238 425.948534
1050.469091 132.695520
1072.409423 409.947254
1062.950848 136.361802
1054.539439 400.782411
1072.983123 135.050454
1059.602064 139.951708
1043.967984 401.638140
1062.222153 146.929983
1104.195261 407.563049
1066.943625 132.871195
1083.462415 395.426898
1101.093926 165.123278
1091.927414 416.040802
1096.285426 150.402726
1089.660239 389.272094
1077.338499 163.835790
1089.825726 402.002237
1091.568708 166.812677
1107.913361 391.793199
1082.954365 170.224837
1115.685522 165.030747
1160.724357 380.385588
1118.088919 179.091626
1122.774586 168.672460
1100.798265 394.711096
1104.834062 183.334829
1112.151521 371.209542
1110.267675 184.127770
1140.878755 377.267833
1121.650515 365.582894
1121.064995 377.721703
1133.604265 166.543977
1098.607679 197.522122
1112.725174 363.013496
1108.670355 194.914051
1125.248437 374.582852
1135.620471 198.243207
1154.711425 365.448549
1127.554911 214.323786
1121.384631 358.837930
1078.676599 194.500756
1147.819786 364.418718
1111.793946 218.650143
1154.730742 203.274423
1124.305788 357.553409
1136.931778 334.372899
1137.799506 195.627426
1169.411830 344.876305
1141.229507 214.227757
1150.927901 330.279328
1152.678208 208.939982
1158.351891 350.097427
1156.461501 200.247141
1154.165840 332.700035
1168.940124 229.608284
1181.015691 341.816354
1161.230139 215.069646
1200.735886 346.099189
1156.963815 211.454249
1147.525101 213.595111
1194.822991 344.720709
1183.272305 236.786686
1188.817685 332.781372
1180.062193 333.715797
1139.417294 233.114313
1217.421400 320.179312
1200.563900 236.736342
1175.983001 326.265391
1175.791435 228.899866
1183.768745 333.929811
1212.660125 228.292435
1177.846872 316.889111
1188.239559 230.089174
1168.725850 313.992976
1203.681009 233.541622
1213.536627 246.846758
1205.517357 302.903697
1187.076689 263.575611
1186.084770 314.119490
1210.603647 252.953473
1185.395856 311.803104
1203.130909 247.300706
1162.039852 305.915944
1217.233248 242.955003
1184.451091 243.747526
1211.375215 283.249134
1219.918049 268.800048
1224.121210 266.595411
1174.442725 262.666983
1188.173942 287.578456
1196.295731 284.328546
1171.098319 287.858509
1202.873344 302.821312
