44.038961 179.151510
42.542424 175.881504
53.033644 192.310031
42.402696 191.610897
44.419381 179.841292
57.350471 203.940036
61.814784 161.763082
70.093427 163.366902
67.339988 176.999915
65.161286 253.080850
70.285006 252.702987
48.646477 263.333839
48.322332 265.521599
74.960026 265.395444
54.284839 271.606401
71.445396 275.608728
47.256259 280.243841
77.512815 280.383695
56.958697 286.140701
50.845450 290.351424
54.624727 293.185585
67.843815 306.740803
63.158421 305.048589
53.737937 190.898399
57.315978 159.435739
48.139969 250.972260
48.972895 295.453095
48.991270 238.511000
54.083905 307.949047
72.516245 201.176316
68.088416 162.752182
66.930612 247.598701
78.279260 311.412851
74.521339 202.496600
78.392991 153.770294
69.447673 231.254729
66.537363 304.498802
69.404695 201.457326
71.653561 154.648722
82.785819 248.035993
81.272104 315.039208
99.071989 202.622211
89.636863 156.781847
76.194228 236.062681
90.035743 320.215188
85.761923 200.490693
82.361206 141.116737
91.052120 242.672465
97.347440 305.145144
99.458100 194.290231
100.273250 140.742183
92.107328 239.052263
104.945647 312.606383
73.668713 195.530536
91.607058 143.667038
78.685947 239.003702
79.807279 314.335832
119.215156 205.024185
100.594711 131.989348
94.786985 232.823345
105.126031 315.124239
99.305749 204.311795
75.363734 130.893996
105.673927 228.955061
104.608456 317.732924
98.341902 203.676717
106.982591 130.267823
105.630689 230.118273
128.480823 308.872964
86.381139 195.591085
101.065214 125.480134
120.787229 225.672969
98.149444 310.624584
97.132304 194.525283
102.332645 127.180512
126.712964 228.473913
115.354232 306.534259
116.829575 198.140098
108.169845 139.131135
118.949143 221.720618
117.837904 309.071131
127.004282 194.904756
125.525915 125.240753
129.140187 225.663300
114.918133 312.848111
112.030096 203.853017
107.173903 132.669047
132.848413 216.175448
136.401341 199.852336
132.429511 211.346495
140.151354 209.173494
114.672011 213.249184
132.896290 306.208159
133.081258 140.568611
138.142758 318.668111
127.599910 132.767222
133.787504 306.780731
120.825851 131.908169
117.179070 324.053221
123.223117 135.804423
134.393595 310.575969
160.162089 137.055895
158.304006 314.618303
156.072308 139.364773
143.590184 315.095958
155.402688 127.281859
137.444102 308.241299
152.398863 129.392532
164.471670 316.904290
149.112425 131.725963
154.740091 313.912930
174.037403 126.021312
164.583988 323.135247
160.839144 129.522448
165.803445 307.687817
190.864391 121.747897
166.771987 302.179239
174.646122 136.048909
166.265209 303.525538
178.724751 129.306030
175.332365 300.997556
194.040110 131.623733
178.930070 300.756770
181.816709 133.020454
206.183674 314.255406
203.281735 129.715223
192.141394 303.681518
197.658862 128.205623
209.827426 301.153449
202.053646 123.260710
196.520587 309.192240
204.283990 125.324939
212.460750 294.841080
200.964886 127.042056
206.924889 309.740653
214.780443 127.757354
207.784624 298.471639
219.394815 121.899908
215.195290 301.862205
217.420631 123.489048
231.202407 307.007901
239.019195 126.310707
238.321300 309.617777
199.695822 122.934379
228.752536 306.731131
240.917728 128.922070
224.247100 291.160617
216.921475 118.811150
246.694893 297.409820
233.166623 125.178750
243.929738 294.649487
259.529808 117.895506
252.891374 292.232294
259.773231 120.544550
256.276197 284.238523
240.171682 119.529281
267.744306 296.077926
251.270343 118.580667
252.229391 291.453319
250.290216 114.766881
255.527501 300.442849
264.967327 131.343395
284.316217 289.228270
272.181285 116.525489
242.071044 292.912542
266.862743 115.080039
264.343388 113.777015
259.732820 112.158205
276.727936 294.915408
290.147250 92.626619
282.041084 101.104933
279.361072 288.075362
291.806534 93.555661
279.611227 296.562988
280.025429 80.206342
290.315205 92.588462
285.249207 296.704323
285.847939 76.787837
295.524030 298.502950
292.190394 69.736095
314.910481 298.906029
279.648834 62.244908
288.707509 59.340119
306.613669 297.654571
298.296831 58.868278
304.730458 295.613925
295.008571 60.087129
290.194297 293.590388
309.576109 69.626657
322.191785 310.383726
324.848302 58.373032
324.383313 298.555260
319.714746 51.938795
331.519779 306.598128
327.477682 54.905417
327.696956 299.856619
310.165586 64.544456
323.650471 305.229073
331.901980 75.092331
338.292554 306.897173
327.249417 58.033244
326.478022 304.460901
337.108112 68.845542
317.220244 324.506163
334.830044 58.120250
334.169552 314.537397
335.237648 65.890552
348.166015 320.013765
343.949149 60.711992
355.531714 314.845099
351.629604 54.777649
374.202247 308.963124
345.302350 52.999316
353.903529 309.242461
343.314357 305.457836
365.482186 56.152381
370.557429 292.880117
382.287956 54.236689
380.224655 295.274482
377.660494 53.282938
364.052343 295.323241
359.354777 64.698870
368.169269 290.599229
380.730330 58.864683
368.801764 297.313299
373.858909 49.039768
375.213935 290.225001
389.234371 58.723290
383.673054 289.317853
397.590685 52.412303
393.845408 291.412372
382.141703 62.105455
384.418444 292.106551
383.189635 48.901948
403.200594 293.892492
384.424389 49.728572
395.310527 294.510602
408.388203 55.003845
402.941534 297.240311
418.999249 47.065092
395.287854 291.791239
427.794213 50.812144
396.130608 283.496863
405.333761 274.115551
412.064909 275.892425
422.293537 49.498360
425.669635 277.024006
425.783510 51.679231
419.739877 278.684881
410.828855 49.419838
419.956318 64.427652
415.447127 272.021515
427.645924 59.692441
418.838718 272.615264
432.574884 61.273032
438.782358 69.153567
417.685656 68.807150
416.590387 71.645010
436.212003 69.048655
441.872155 79.006409
413.327287 88.930541
445.467478 92.852766
434.557183 95.405507
421.047873 97.885780
435.142487 97.338082
437.987322 107.817714
445.254399 109.646147
431.379372 274.648203
435.577565 114.998415
426.873784 276.986243
420.773844 116.522176
435.833314 269.131375
441.678907 121.070025
464.504212 115.905930
447.847081 268.640528
438.087560 123.746479
465.750521 275.875046
467.551788 115.709699
454.254447 273.447633
452.618216 126.687920
448.155971 285.532449
451.192372 124.281870
455.590615 134.008391
449.429181 274.021109
459.733909 280.773407
456.717810 139.185055
464.739751 145.696494
474.506367 146.657740
464.345759 154.514849
478.947723 286.499935
466.444387 286.934987
469.828297 288.837932
463.166474 307.899532
460.225850 153.155064
472.469782 306.288614
465.554971 312.430515
458.547153 307.414236
470.773209 160.220327
466.920085 155.816312
475.760699 314.687822
492.836983 153.775842
490.304462 308.387598
476.124767 322.622809
484.235840 160.392411
472.497882 313.963261
480.437443 162.559078
500.917335 316.893257
492.729792 159.658271
470.481297 319.367274
487.943656 166.904074
474.040378 316.005173
501.062050 156.676436
501.244132 168.598362
502.004042 318.001200
507.392875 163.352997
517.489928 308.915750
489.697246 177.928829
503.409854 169.203849
517.590584 174.548904
514.335415 307.957409
519.138921 179.672058
528.544417 245.848949
505.380988 248.309594
496.836198 262.290941
512.851798 264.224290
522.821840 268.230682
518.067723 264.825769
517.975554 271.021235
509.397538 272.386675
500.035277 280.494410
511.248012 284.307168
521.642234 290.562165
493.151944 304.203433
520.642440 179.860314
529.333530 252.358683
503.163165 297.542609
514.699951 301.021730
540.010501 190.291311
508.312091 251.592682
513.592005 180.330350
513.851135 243.293855
520.585084 186.941380
531.620507 243.998689
538.933753 185.997156
525.151044 179.495241
549.191771 199.572545
525.484088 251.928770
527.873432 197.663280
540.940469 245.413179
532.900773 202.058424
537.722502 201.503682
547.040257 228.040568
541.208457 203.012536
548.814557 242.030392
538.150038 219.066410
549.501788 235.824448
557.570052 246.001475
554.567547 210.219849
549.547554 222.025915
546.750942 219.219509
565.430938 226.113588
