49.922200 157.841330
47.250936 154.720223
52.885258 159.649972
49.686388 165.560460
53.918110 172.078960
56.437707 168.924210
49.186944 164.225308
47.502992 170.630214
60.517325 176.505487
55.155083 167.558262
55.357390 174.900975
60.082138 184.153614
53.214547 178.665405
50.268807 182.886523
46.689414 177.079549
57.473539 144.900155
60.716555 182.357670
63.682412 156.077156
57.379244 158.393587
55.563488 190.181540
51.325024 187.934894
60.115711 151.646743
56.958417 190.545298
55.563623 156.248772
57.501052 184.745724
62.492822 153.278433
58.060373 188.970243
61.971128 159.309851
56.872157 189.019173
67.520917 153.643989
63.727989 196.884210
59.792580 191.479777
54.624424 154.339516
64.619173 195.839479
74.163863 153.828165
73.533065 199.841950
64.596713 186.999277
74.043592 143.802675
80.308447 203.843904
72.382206 148.684848
77.588813 198.796792
77.382538 142.136789
77.238279 144.752831
76.826821 58.981211
74.086549 73.116392
72.574607 71.948151
69.258147 69.031136
69.036008 199.141462
76.904609 78.915538
66.888299 138.137397
83.944516 59.199456
75.266949 204.237956
80.219144 86.260833
79.828619 133.145968
81.419411 73.064196
77.073202 71.023766
77.324660 186.688793
79.733405 78.839515
91.545272 133.205664
83.978153 64.734674
82.442664 206.033175
87.501805 83.960727
72.497679 129.088962
88.470574 71.677657
77.132519 195.824342
86.291129 74.270822
83.000865 86.736920
85.528286 131.288147
88.395859 126.694546
76.272911 60.461657
84.383848 198.444731
86.922241 80.237445
91.195927 124.759222
90.299832 66.579234
92.165831 201.930890
88.437958 77.796474
97.435686 135.286414
91.788466 62.252219
105.655196 77.453096
95.092337 204.659514
97.673824 87.502258
81.604311 120.715675
89.376977 126.938962
95.535137 129.897444
93.757745 123.627466
95.029778 64.807483
89.015089 204.064655
89.761931 93.386872
98.773789 125.888231
97.603415 63.320486
94.134700 64.107514
92.613261 192.883534
95.435619 86.708322
94.972491 123.752731
91.461282 115.288290
96.765663 73.990945
85.557053 105.315531
95.530681 105.998079
104.867692 113.547921
93.120694 107.813743
101.851850 118.901090
91.458007 199.268210
102.141257 94.401237
94.427743 74.886659
96.660318 102.361570
105.786541 197.742113
92.622700 84.521199
100.708543 71.835553
93.761524 103.567789
106.713727 113.624191
95.874510 202.013086
103.385433 83.462848
97.620480 71.250635
108.171339 92.359205
107.000027 201.680807
109.926229 96.520285
99.929389 80.175707
108.342758 94.030245
115.656558 196.579286
96.034387 84.444828
103.807871 71.008472
102.147903 101.453694
105.204119 200.925468
95.766656 87.629822
100.047100 77.282506
106.801176 100.391653
109.022924 198.173601
114.972995 93.641821
111.936671 76.248406
111.170729 92.044767
107.620689 99.015214
99.596069 99.953327
115.517642 191.647525
110.450328 88.488076
115.354726 67.686811
103.832606 201.023960
110.898650 77.807776
110.039600 198.736670
117.839524 201.073687
118.021686 74.971737
110.569443 196.501689
121.475159 74.943327
122.506645 205.369053
120.183747 68.073501
125.396029 79.409130
117.448582 201.664609
129.132816 74.224853
115.085549 203.714989
122.913308 76.933885
119.935748 205.200698
122.039362 72.521028
128.799691 200.488937
133.759897 76.990766
129.604993 198.231319
134.299566 73.126341
133.602168 207.938795
124.035959 66.658627
126.849739 196.126223
133.603937 78.302554
131.902637 200.571398
133.197661 58.159313
138.999749 48.112607
131.737544 74.087037
139.399182 204.702929
138.345824 52.418251
135.619883 54.239700
139.696887 79.760721
139.946083 204.883576
147.939122 50.664828
145.975203 53.872757
145.771456 75.453779
142.777557 201.592832
140.959142 53.407572
140.139435 56.252110
137.293031 72.100377
143.361997 201.822086
146.087485 52.471463
133.415191 47.311761
152.001516 67.125648
152.479891 201.519380
145.481054 54.968027
146.477307 212.883756
154.401414 47.663148
145.328241 52.058563
147.523575 77.812059
137.751148 208.974766
154.311485 55.784661
145.720382 48.575122
144.911724 71.359681
150.088673 210.030103
156.171056 48.049060
151.488593 55.019922
147.303369 61.295930
154.120339 71.416034
148.070780 74.735848
149.521930 208.366872
154.226340 60.696466
144.906975 63.355937
155.920032 71.747122
153.189630 210.992718
146.465420 52.797901
154.350829 60.710080
160.110026 63.593282
155.303282 204.015126
158.992826 67.170377
152.399311 48.034568
151.014548 201.227583
165.565322 52.285051
155.059111 207.639268
153.896795 50.070985
164.490528 204.417862
151.278687 54.934528
167.990886 215.912219
173.811643 39.958825
166.901087 217.948909
161.853467 207.003885
168.421466 55.385466
170.533940 206.970373
168.099864 46.302153
172.201990 222.341690
168.688093 50.775466
170.386351 221.261344
166.777343 211.648565
161.720187 223.238697
172.568728 219.356648
171.433429 225.815592
160.694649 48.732196
172.108435 227.515510
179.187116 51.967632
170.095527 228.218631
172.713715 227.957134
182.178264 50.926935
174.958131 231.150855
174.074721 54.943285
181.935784 219.735390
179.757661 61.295971
178.511044 238.499252
189.166816 233.868023
182.023580 49.384564
184.342289 228.251545
187.452707 45.429394
178.551865 54.377697
181.916019 238.037637
182.170175 238.236488
186.608463 50.002358
194.356477 242.261000
184.556798 237.450419
189.518025 250.694011
188.433083 55.634962
180.590315 246.720364
177.806261 60.244593
186.078654 66.302878
182.454648 242.869277
193.739992 251.530266
202.247599 62.519942
190.623709 241.540836
195.488000 61.248912
194.612608 67.376940
194.913553 62.170796
178.977691 68.538762
197.455091 70.887490
190.058834 67.629506
198.907622 69.302972
197.060816 247.572226
202.188715 250.092898
195.795401 73.128717
194.966806 262.866162
193.740912 244.118567
198.126775 259.609414
205.111554 262.620060
195.688321 74.149697
199.565545 261.773519
199.553205 70.726523
193.845467 262.178580
199.393394 260.610172
196.311239 261.424234
203.212466 257.719545
199.170887 76.479182
198.912946 270.112069
203.206232 78.149402
204.393954 269.619486
210.151862 266.322026
197.620661 64.960575
210.683899 272.100768
218.074085 70.654894
204.393855 273.163264
210.932559 70.133622
216.565089 77.573145
211.750087 277.424805
209.618065 273.620981
208.929696 279.615201
206.030090 283.228181
209.196464 287.745621
211.109330 72.251755
212.570338 282.887750
210.625456 70.522788
215.801244 282.027775
216.947059 296.606585
220.594135 66.420616
223.533121 290.027995
214.777009 293.107193
211.398668 300.728093
216.940086 74.053275
225.076949 111.959253
228.639750 294.208516
223.228139 115.882095
222.213734 72.623275
223.679149 111.059276
223.033863 299.448057
218.252300 289.780536
222.704242 109.398200
227.033790 74.091887
221.467292 109.524816
220.721023 306.259674
226.679178 115.105998
228.848630 79.855543
225.228676 73.409094
224.357560 102.401011
220.956650 105.515705
223.522257 300.899560
225.225307 115.585248
228.780630 304.386760
223.276251 78.854631
223.991468 110.667249
224.189725 302.260122
221.001834 307.165792
231.145036 309.929036
224.915452 310.260072
226.996554 314.147239
229.951623 312.186765
223.584665 322.577762
218.443159 320.286914
233.730407 121.005590
233.665067 322.278441
224.725278 78.536575
236.266265 86.834310
221.509745 105.566540
224.087590 100.097201
228.473518 93.923892
224.172478 98.519714
226.926963 104.418534
228.943750 110.674093
236.763604 119.259730
226.374318 311.213692
231.936983 71.238441
228.098994 93.937697
227.633333 332.656578
231.664899 117.357949
233.271889 320.367737
228.605782 327.652073
230.866697 325.456510
229.781774 332.120741
229.965433 329.364645
235.861191 334.035848
222.783611 337.623404
233.522878 335.510398
235.839382 464.517476
225.942712 458.608901
229.264448 466.424754
228.024928 463.479572
226.813142 78.251897
226.478587 89.422858
227.468789 341.727190
225.358492 81.644312
240.000268 75.178151
231.826365 69.985998
227.453319 82.876503
242.885675 115.106692
224.165196 461.140122
230.001847 465.413756
224.325001 333.544500
229.963108 120.103860
242.844762 342.743862
236.149535 444.603006
234.407462 452.144623
234.402768 457.037194
240.809996 340.873812
242.223515 121.835830
233.289052 449.040007
240.243209 463.513887
237.463493 346.730008
240.453463 122.859497
239.460925 123.547274
233.279633 446.240532
239.054172 464.503483
236.537184 337.670779
247.248729 342.694523
241.637757 124.824897
234.534567 434.745856
245.748840 442.201229
237.288578 436.970712
242.915927 453.368301
241.969785 462.089096
241.597279 353.371880
241.419528 121.795747
243.321023 440.645694
237.708498 462.341563
237.997983 346.861417
252.992281 128.487205
250.970543 432.131783
246.286690 446.826363
242.863842 459.341613
246.961831 349.577399
234.846466 125.092912
242.240538 432.692308
250.699546 453.426337
246.513885 347.814959
251.094220 136.297575
248.454010 434.149217
239.806503 466.342828
253.611676 351.826005
238.186700 355.550127
248.393294 120.909958
247.258710 353.745881
252.088797 355.134473
250.118468 353.346001
249.047979 359.298999
253.791709 369.185023
259.218500 359.210124
248.526603 368.870762
250.981877 364.727878
258.621674 366.959985
258.979235 371.404615
252.033590 376.725602
246.282781 379.531761
249.183142 376.105024
245.441742 424.009149
248.545141 415.817199
252.428417 420.269237
245.708941 422.704073
251.701230 423.931554
247.401891 430.375271
258.444040 463.883700
249.857739 120.010046
253.162081 380.280096
244.886200 418.793874
257.483438 457.281095
259.611937 130.031041
255.667656 120.333387
258.953019 380.470848
253.141394 384.052528
251.994172 419.884589
251.282925 411.494553
259.115935 464.357306
261.170094 384.211710
256.412151 389.555771
253.531310 388.378120
249.832355 396.370486
250.238261 391.221071
255.710574 398.530957
247.505115 395.414874
251.293436 396.378286
259.290418 399.464267
257.613310 404.520678
255.504430 402.504554
267.540802 410.549770
254.533911 409.345752
256.603690 411.407310
257.506951 412.641231
258.235788 412.680983
258.409642 135.226704
251.687370 462.712867
253.601426 136.035812
262.902978 467.246855
260.361720 125.687598
268.889064 458.114324
265.425621 135.028140
258.011458 462.355703
266.831367 129.027203
260.412269 458.514539
260.276417 128.016498
262.448036 472.901271
270.456550 438.196179
261.737694 440.418756
264.364665 447.502618
269.361872 444.926867
273.831816 439.940632
272.419626 457.642890
264.952552 454.739738
261.252280 460.256683
259.837324 462.966011
259.966573 453.819897
268.809049 128.872138
266.932923 443.083851
266.800514 129.190901
272.481587 435.237335
269.106883 129.499704
266.585588 392.433323
276.816943 397.393361
273.128842 398.632529
279.394611 400.487961
273.813392 404.317873
278.435883 403.868268
266.370623 412.289695
274.613069 412.957926
272.133473 414.340196
281.389861 412.958773
271.658218 409.963234
269.233374 415.306551
273.642128 420.269727
274.357446 419.437172
270.101645 421.863212
275.994498 432.759769
275.688361 435.879830
272.903129 435.189630
274.994108 428.419862
275.309840 432.195768
279.609927 138.588136
276.907220 390.260869
273.860585 129.018383
279.242237 391.456166
279.193861 367.813468
270.477873 380.280171
271.154763 381.156221
275.850410 371.763546
282.058421 380.192170
276.193012 377.295728
275.964150 385.189013
282.512742 377.818866
280.726007 385.025079
278.983020 387.778336
290.051133 133.461875
278.682214 370.539027
284.685253 136.544081
285.205219 372.733969
279.658389 134.308870
273.845372 352.578756
281.327752 354.034487
280.293293 356.608349
284.111679 357.670671
281.324846 354.955246
289.254340 367.297327
280.337658 363.873730
295.711936 127.612398
279.463937 345.400228
282.644086 131.196503
295.784771 353.424691
287.550234 125.046580
290.461345 354.109652
286.166910 130.202258
284.870831 348.457695
296.820447 133.835610
296.438701 351.468524
292.204023 130.531245
290.744318 339.105792
297.742128 123.793596
296.220056 341.022652
290.980982 128.233619
297.993140 337.708935
299.025769 131.048157
307.195763 349.081450
299.631217 128.344839
303.266362 351.698857
305.805539 133.190854
308.027148 135.637021
304.619802 350.672735
299.772394 134.174026
305.602845 347.848627
308.866772 137.942713
305.016731 356.579739
312.055213 134.891247
306.946609 353.221472
310.298356 466.284431
319.803547 467.573076
307.606928 474.709735
313.101641 473.864795
309.391973 484.231770
310.892048 472.119833
310.631743 477.881655
313.316489 133.237664
314.073271 349.949343
316.296071 461.557825
308.854493 479.808522
324.827817 133.667388
312.002025 347.996455
319.370391 349.233170
310.983362 460.875504
329.070302 468.352063
309.750125 473.294054
315.249832 360.330607
322.782004 348.044671
316.352199 355.502136
312.439860 360.625099
312.782211 362.083778
318.011728 449.467398
319.045756 453.906920
314.795095 461.708600
325.155949 456.268833
312.261357 460.382202
311.471184 130.483077
314.380545 371.961817
314.635297 479.421147
319.328096 452.494304
319.320663 131.522631
320.097504 355.339527
310.607393 485.391683
319.598715 373.549076
326.095427 435.977172
321.119316 449.811282
315.482168 145.621243
321.590216 384.383465
330.966274 371.262176
326.876108 362.275172
322.790407 377.006187
323.842483 374.559271
329.281044 373.154465
318.757345 368.695489
318.539534 382.606329
320.917711 434.546602
325.591891 442.055047
322.258974 474.322195
318.894856 380.601651
326.594494 136.779555
322.534195 442.443833
327.614264 475.693009
327.906303 384.879119
329.258138 138.465878
323.148996 381.339957
322.277486 436.390220
320.118674 433.283905
320.736619 472.482750
324.574449 395.368674
321.962829 394.101802
323.731263 399.746986
328.370286 395.899149
328.119675 398.521105
313.896243 397.462833
329.303973 408.309022
328.849776 403.420569
337.273389 404.574335
318.936360 404.419666
332.571577 407.555428
322.249255 409.251591
317.416310 408.854003
333.828837 418.351647
321.093584 421.700970
322.452985 410.812760
324.083768 416.492800
327.013366 419.020615
321.771925 419.700068
331.442006 414.395643
326.520471 431.736275
322.034855 431.093619
324.106540 436.043373
320.321433 431.939136
324.387114 137.851361
329.690101 480.147224
323.037402 142.590147
328.996980 478.631614
338.269099 129.061596
335.647802 486.886488
335.333557 137.400972
338.444536 476.506684
333.520864 131.649009
341.794373 478.926197
341.521637 137.508381
338.282469 477.891438
343.549987 134.721392
336.823202 479.021445
338.965852 137.787387
334.567181 482.354022
329.567640 136.423295
339.300496 476.530761
346.579148 134.368999
345.903970 473.523264
348.337752 132.253096
345.548359 478.103159
340.377063 381.595717
357.468499 387.196813
344.454502 383.019125
357.135633 377.921484
349.273685 397.096312
352.630747 388.967113
352.680845 400.908304
344.243531 400.660837
343.467486 403.550607
358.586521 403.920045
356.162093 404.365840
350.615798 399.810912
353.386624 407.110398
354.523969 411.379245
352.994154 412.701709
351.554633 405.471440
353.090022 416.429951
347.738348 421.874375
345.313050 418.820959
343.274012 415.997317
349.495118 422.041089
354.764551 410.444322
351.557832 427.631184
346.530769 427.423172
350.306781 427.766696
357.264304 433.888395
349.532276 441.649835
341.699004 431.949835
346.044689 442.189419
346.274778 436.684769
347.574970 446.725534
354.127697 443.416831
343.463821 452.191670
345.644155 444.244401
346.701276 447.707897
352.630356 454.574022
346.198451 457.146534
354.739824 458.134864
350.842971 460.839326
341.033694 455.698552
351.077012 461.922344
343.792910 468.347046
349.154185 470.735575
344.736268 472.288421
347.027005 471.257813
349.905005 467.664596
341.804928 471.852441
357.158386 142.062698
348.244550 148.981402
351.338129 382.370214
353.594137 133.453107
356.784143 382.231926
351.525627 138.863630
354.685183 347.077073
353.008147 355.068982
348.033939 350.707697
345.454918 353.480088
347.805634 355.433752
354.380595 359.401595
359.036012 353.939361
348.054051 360.009940
354.890980 356.776636
354.358894 367.172564
352.400571 367.007489
361.190070 366.355306
351.823287 369.152030
358.414461 375.334036
354.729009 377.351034
351.941056 142.616394
351.084049 334.656550
356.218787 144.224953
345.203888 347.552289
364.663799 143.863730
364.837685 343.841945
359.627524 137.475022
354.854974 338.965004
366.260345 142.098894
356.693542 338.687527
362.936185 133.366811
361.369556 340.015192
365.935736 139.570786
374.161516 342.794527
381.052074 147.372962
366.438480 346.483566
370.192868 138.002087
369.940269 345.308925
376.187170 138.805463
376.370633 341.389785
377.474066 139.377230
377.499684 339.833068
378.908735 149.120570
370.254400 346.332696
376.665320 145.118777
378.430275 346.535019
371.972973 344.009081
376.851262 139.489207
392.147416 347.766855
375.947597 142.026574
380.929010 339.279397
382.098467 143.252725
384.977698 343.875673
389.940305 147.177818
387.192765 350.412285
392.099733 137.543418
391.277827 339.971267
392.504393 345.575860
396.309325 141.181052
385.890153 352.100717
400.778484 141.960706
388.789670 335.363046
391.721001 145.612389
388.958254 334.374858
394.958557 139.672166
400.640392 344.524910
393.334185 141.885347
399.422332 348.257786
394.964023 137.277610
402.502477 339.113460
410.382738 129.271105
397.806611 348.023158
399.780997 137.588563
403.507491 338.938694
411.351870 134.766347
406.422551 339.342766
411.511147 132.030779
407.554039 340.048966
409.919200 131.019651
411.883274 345.329403
420.368190 145.028738
419.471821 344.025253
417.293784 132.964850
411.011679 347.099201
419.646419 140.132433
416.130330 338.974782
421.521718 130.792273
427.330040 338.125483
417.970314 137.740736
412.155888 339.145903
420.597863 128.979705
420.039999 335.316715
423.063635 135.913972
427.891109 339.023291
423.104878 351.023217
423.771959 410.125109
421.498257 420.004575
422.246705 422.533017
430.070416 428.268658
418.206772 138.083484
430.028910 348.037708
423.663794 413.866815
431.450467 428.346002
422.587381 137.839108
421.747894 338.036459
423.086060 352.236879
424.771506 409.396844
427.979788 414.689901
430.751452 419.858418
427.420521 138.516388
434.060048 351.887501
424.118537 403.834799
427.215641 408.324610
432.768742 424.201717
423.181525 136.843468
430.225703 359.877694
429.131950 398.878976
434.518619 422.876128
436.575671 144.625815
428.236343 352.715012
426.985592 393.429036
443.204899 401.540480
435.891281 403.188947
434.666613 394.471465
428.439134 426.977105
434.225695 133.659128
446.162333 356.213558
438.024108 394.958595
440.163485 424.808991
441.408374 138.601681
445.241638 356.073945
447.259263 384.737219
445.101507 392.878499
445.825785 421.563159
440.015196 138.187142
434.245676 347.106164
442.608767 390.678551
438.288936 420.908258
440.929400 139.150027
441.562234 353.424323
449.642583 390.644632
450.098601 424.895367
449.179525 130.628521
444.204203 358.823648
445.456701 355.942435
451.787531 363.986694
440.990552 359.990619
448.332268 361.237257
448.502898 370.030141
445.847619 369.459897
440.013265 375.680463
446.132694 369.105228
447.161724 371.516675
444.965021 377.068138
443.087461 374.863316
444.896321 381.039224
450.005137 375.802751
450.003958 382.285104
439.124517 381.990152
435.392617 390.787253
441.674808 422.177744
452.223890 139.586265
442.754382 425.638567
451.896966 132.673352
446.923489 422.491128
448.868585 129.584359
448.663486 423.940621
456.711089 133.435490
450.369992 415.971625
445.293093 420.853915
446.431641 132.355756
452.702681 414.300532
454.238141 134.674162
464.642025 397.737998
458.261723 398.922013
459.926646 403.823908
457.425666 406.419008
465.934125 415.454016
462.910758 419.005323
458.957730 418.815713
453.799686 410.892789
453.504924 410.597069
457.184283 125.200951
458.745048 394.425227
470.524199 133.718871
470.262903 400.284089
461.481152 137.557296
461.987657 376.295515
468.490234 364.057623
463.354503 371.881230
463.725373 376.384897
464.818136 372.061094
467.253420 382.713966
453.791524 383.855851
470.012603 383.458503
465.449954 385.514447
464.696146 398.660838
464.531608 388.713293
463.227115 401.393799
462.895002 134.682452
466.156029 372.576443
464.921039 140.516432
470.050980 359.722747
464.813018 127.811935
468.839836 371.601783
470.422709 360.725572
470.169465 121.346571
476.176735 355.512153
470.933619 125.929234
481.839133 363.641204
478.256011 133.363903
484.270120 356.819941
484.639740 125.268958
473.439685 359.921939
481.262524 338.005185
479.450018 348.506567
473.272416 352.664109
479.135223 348.061110
473.614623 348.924539
474.635688 350.734938
477.019138 356.433939
474.785116 135.213360
466.445950 338.298590
478.945550 131.821498
474.252555 335.633362
482.514599 128.182091
478.124715 342.101053
475.541892 132.723799
485.154385 332.999111
479.070437 131.511391
492.620658 345.180673
487.567505 126.075154
484.611372 121.832337
509.057260 340.466308
485.595714 339.840102
489.556483 128.326434
486.497075 340.100988
496.120719 343.624595
490.350706 348.171916
486.399098 138.720623
500.472368 341.307429
486.436266 131.772972
499.149311 344.936265
490.801272 137.528772
498.227246 351.613187
499.935015 134.040938
507.091421 134.657198
499.537839 344.812506
493.075133 126.934656
507.114976 345.015671
498.050926 134.987889
504.191564 339.985557
499.083834 347.998258
507.085948 347.173170
498.024349 345.667788
509.772347 135.608055
495.240635 344.094077
510.203967 135.107013
499.919201 337.163225
508.576012 144.554571
503.609641 137.584850
513.538162 337.836864
516.509752 344.818497
509.943856 137.857739
507.810536 339.482484
510.449012 146.257656
517.704214 336.030920
512.077613 140.929630
520.261350 333.135496
517.554102 336.275088
516.709850 343.750059
512.762986 336.842691
524.908806 340.858277
517.591451 138.799046
517.201781 145.956762
518.133564 138.165818
522.233949 148.372180
520.359528 342.678815
523.904539 155.277865
520.322994 349.892397
523.014997 343.649180
522.596933 149.972123
517.177720 404.879137
528.605880 412.108203
524.070308 420.659923
521.425721 414.046036
517.195813 413.643031
518.984207 427.922172
518.519515 421.010620
527.313936 425.779664
519.954564 431.473781
516.484065 334.994241
521.534145 422.973964
518.046392 151.672216
530.294567 153.022804
524.289798 149.532414
523.795070 153.483469
519.285157 157.495191
516.629287 160.118623
529.355589 412.353827
518.523605 159.889751
524.477442 352.676188
514.057618 427.086705
525.944480 168.026516
524.096108 352.284104
534.382473 411.160991
531.124858 412.435129
515.382978 431.667337
528.976701 353.769899
527.817157 358.678952
526.385341 362.167901
522.770408 357.248362
526.808190 358.079969
515.882417 358.509567
523.663790 366.897752
514.686457 369.051171
525.577621 364.612917
526.326103 370.753197
523.652924 379.432051
526.175074 366.296591
526.204815 377.579346
527.151100 374.645044
535.382167 376.456101
522.763819 387.613547
527.280786 386.110474
536.037632 380.571379
521.685742 388.314923
524.124618 387.887428
526.812081 398.095491
518.861360 394.074335
526.886905 393.271148
525.206079 400.688552
520.989133 411.819488
519.282448 405.677513
528.761580 427.773201
524.773955 165.033890
537.312598 161.740335
528.098665 161.424585
530.791804 170.782503
526.583782 170.720612
527.356029 178.966908
525.038068 173.685849
530.103319 185.697783
523.947215 178.014037
527.212908 183.358282
537.277386 182.931694
529.548883 189.911786
523.562474 434.128465
528.406212 189.422529
534.656842 428.749305
534.931248 190.264271
534.946406 436.751601
539.863977 194.092367
522.835313 190.408124
530.855360 194.066036
531.744587 198.864305
537.051085 202.877539
531.008034 198.707236
532.657202 206.629027
534.985636 205.696518
532.284785 206.892422
523.949656 213.213987
527.534200 205.905651
533.541420 205.414412
527.387332 216.270548
535.184506 217.393254
529.808504 221.689941
531.201159 217.576638
537.048299 225.893514
529.801363 223.782987
520.106852 227.070151
534.253241 226.854642
529.094454 230.162364
530.944383 230.862235
529.498433 230.238828
530.962957 234.938776
538.653537 238.480235
537.547000 243.298873
532.294746 266.824621
536.512688 273.570076
528.175397 281.136190
533.902844 282.606292
539.356586 280.043394
530.586530 282.739014
529.478796 278.735859
529.894103 287.423462
540.845375 289.349151
533.215441 292.946870
539.542930 282.566394
533.231899 298.373006
517.686436 294.318268
536.066612 293.215532
538.215283 305.029667
532.608093 303.300592
534.696907 302.424094
538.808683 306.748203
534.487310 240.464943
533.858624 309.496074
534.213989 436.121205
531.116878 243.796788
539.383614 271.892237
535.441112 311.268249
534.957081 429.634820
532.569424 246.181198
535.400910 269.963896
519.739477 311.753261
549.491399 250.571533
537.221381 246.961463
533.221654 243.598269
539.030538 250.387816
534.733667 252.003286
541.880224 253.908204
541.650308 255.482870
535.229643 263.880290
537.223993 261.704779
528.785133 272.576693
527.874449 307.525782
542.751717 314.298341
547.229188 314.395746
541.511860 318.178094
539.208248 317.779741
541.717015 325.288216
538.445121 436.705692
531.408900 329.035331
537.371946 434.338553
533.416516 325.801978
545.603547 430.189174
539.475041 323.307506
549.859025 331.474927
541.258121 329.764790
540.235569 330.811107
549.253600 325.962154
547.517478 329.668881
552.312394 330.636698
540.766399 347.639541
545.516289 346.237298
537.993120 343.776521
546.155571 345.169579
545.335683 344.872960
549.955378 354.415231
541.645528 355.804256
539.007557 357.433825
538.726553 346.725998
556.586196 361.254146
539.845600 358.224554
541.849981 359.813242
548.765960 358.645737
546.169537 371.462447
540.562081 362.639656
539.871003 367.516313
536.353198 375.456837
548.994330 374.352487
546.777717 378.189712
546.451971 386.100757
539.187888 435.804648
538.821339 381.868711
539.787226 434.434149
547.349054 380.147290
545.225311 374.710169
548.051483 384.117726
553.741747 382.198657
557.919895 395.195132
547.083620 390.895656
555.997967 389.832923
539.736445 395.271162
537.608039 389.893832
553.893442 402.549649
550.479170 394.467772
540.988475 411.191164
540.564718 407.387660
545.248598 408.202885
552.697237 405.354746
545.313263 407.199699
546.786356 402.840718
545.592750 413.352567
550.251146 417.395109
556.684845 422.331032
551.265235 421.375782
551.913992 424.582756
535.883641 418.915602
546.064325 429.513032
543.233359 421.783421
556.653883 424.755903
557.533528 430.278931
