59.205620 818.648855
17.488900 827.336105
2.340996 807.551377
-6.356861 839.443069
-0.715506 826.989726
57.716303 843.146793
4.881571 832.540713
43.157091 842.130574
37.727521 887.324841
37.545747 856.260206
10.649344 843.248683
58.113043 858.995775
-27.043903 846.288427
22.608631 875.597699
6.425374 863.955983
4.303419 883.794588
-8.557842 839.283253
9.817393 910.480383
11.999663 898.506029
5.888703 888.492825
24.348652 892.661653
18.162259 910.790595
23.896103 802.811995
1.956429 814.453240
27.686685 770.822135
27.270236 787.815523
73.530110 806.568334
34.637995 819.795284
8.077828 895.219606
-7.679437 926.372395
28.412496 890.792477
30.270439 809.539061
62.318627 908.916903
55.265299 746.783727
11.184799 776.935573
9.258873 765.472321
52.590416 766.014970
27.473684 809.111248
12.692642 930.123945
65.468889 902.969359
-2.342494 937.902362
45.912719 766.456497
38.889071 918.381684
24.149965 731.724656
39.071614 747.274870
43.754807 947.515651
58.832732 935.821463
45.370937 918.707544
33.675988 744.040939
25.488516 957.940428
41.713541 754.906473
6.903973 951.423673
39.645570 952.804021
32.371799 710.625605
25.966065 981.695415
40.712727 693.838754
82.281488 732.750214
44.754912 724.795458
27.876387 935.624788
9.698573 951.142426
26.269313 693.994453
37.788865 919.541092
73.413892 720.075879
39.395921 956.805744
32.048168 949.332866
62.453502 717.169489
61.226880 964.907373
99.012658 693.957739
124.276084 980.259466
64.587964 955.033709
78.419101 701.383880
76.552715 979.556192
69.802490 715.647513
59.674100 714.628427
72.794175 990.127809
72.999417 973.439782
62.846942 706.577642
87.557004 1006.100810
83.028499 677.186061
51.569553 995.166455
53.494252 1007.388617
66.699378 675.595807
79.734814 1011.108686
98.436474 658.607866
77.518555 1034.375947
86.765767 637.145467
95.661646 685.919245
106.510875 1021.489842
118.521249 976.156804
69.285426 1023.348871
82.862180 670.996505
50.511153 1025.091098
74.834233 605.333015
67.256479 666.287553
88.065007 1010.548306
99.543865 1028.449281
114.473047 1009.909956
83.590207 624.386394
79.231978 651.013992
120.573005 1056.282372
83.187541 660.268610
73.034620 620.780008
84.001616 1035.143366
106.462291 627.702539
63.831696 1054.478870
122.706043 604.508107
123.736086 1047.307706
104.156881 1082.201013
93.299724 606.805957
118.063246 1046.829059
116.717873 1036.421023
113.283988 573.331668
114.195639 642.407189
108.990100 1115.226363
95.239678 1081.587444
100.793566 1079.235440
126.722192 598.449373
94.315867 1066.621876
157.151587 586.230422
154.090319 1066.100375
130.630203 592.309631
109.767343 1068.507717
121.835731 587.556386
141.723138 593.399333
120.566826 1069.584864
125.735354 600.606622
175.124626 1093.632542
118.685843 1069.002705
119.456036 551.768703
124.934992 1123.102517
130.696856 553.509887
134.781188 1097.950420
148.244263 578.897524
132.477932 582.382781
160.605964 1118.318138
135.400603 538.235091
150.935538 1099.616802
145.346415 1114.472831
140.961085 551.290662
159.774643 1120.790464
172.757678 565.786972
183.723430 1094.410635
149.376490 525.417232
163.051212 1130.353092
171.549307 528.362165
152.114272 1129.320464
184.718896 559.368744
194.725248 1133.399556
141.846750 521.437407
181.428046 1133.814773
182.939520 505.886705
182.314101 1144.597771
167.107811 528.731266
183.656445 1158.134977
188.842519 1132.183928
177.598124 526.583562
188.354202 1155.068267
150.621200 484.546539
164.400888 1160.772018
177.006761 514.726811
209.486042 1117.160088
166.424296 511.251521
213.240952 1141.766402
222.571599 507.942286
192.388330 1103.738893
227.709395 1144.533934
201.252678 509.102975
218.449258 460.657652
174.575274 1139.765530
193.369479 512.968627
199.906031 1147.933910
209.317349 488.154131
185.031313 1144.594132
236.562076 1162.785185
184.347119 493.499301
221.507069 1199.217854
253.600324 518.782814
219.224150 1161.473555
218.104085 492.616814
204.546375 1180.467239
208.601214 489.480202
261.687579 1151.107135
203.306540 478.006802
236.810581 1181.712677
265.926279 1145.715780
248.602815 468.482200
251.418895 1177.944765
253.648355 484.739780
222.173557 1166.091421
216.681194 477.530876
239.878021 1158.878350
223.342317 499.403484
262.879327 1181.404152
256.308934 473.749972
227.774951 1176.724020
273.777458 474.784780
294.082817 1189.910038
227.388413 481.428138
277.821947 1173.789463
228.291455 420.460581
267.928738 1186.422398
258.049860 433.686272
244.802111 1183.657886
264.294394 497.965646
280.354203 1153.056603
234.127048 502.197044
292.352878 1178.996646
280.337587 464.493888
284.798922 1196.526969
271.445937 462.432523
268.485201 1164.092223
286.613443 451.367612
325.540895 1193.425904
292.952007 463.712443
303.210872 1164.471546
246.376838 442.700357
298.339808 1185.486792
297.624809 458.556242
287.220125 1185.624875
328.323722 501.127928
325.805440 1195.990283
307.141608 481.926629
291.771090 1149.430390
326.206324 465.553217
295.719913 1190.184538
317.230119 436.489779
335.201939 1155.264234
345.107061 451.693176
361.679431 1181.881709
316.741373 473.019128
323.362149 1183.386345
332.298972 506.913396
299.725347 1177.587197
296.660117 482.432063
340.510744 1149.648190
363.221464 482.568920
333.103937 1213.199948
366.625476 446.215438
319.240380 1163.077172
360.411822 456.149326
350.033650 1176.506677
359.470397 480.676370
377.130634 1151.092757
395.715177 493.228933
360.837553 1187.532242
332.978016 468.025059
354.183290 1139.532210
348.497281 450.722029
353.122339 1156.770066
366.571190 481.391706
346.187510 1175.906046
348.230881 462.272821
366.056639 1170.035614
383.329501 526.705119
371.987984 1157.863443
356.092304 498.218047
360.778299 1163.502996
372.986580 502.650372
358.509664 1185.178933
366.915857 480.272792
366.554339 1142.663449
402.239663 471.226278
383.547445 1144.253646
380.612783 466.736136
422.661609 1162.495975
370.802023 486.934323
394.180079 495.174810
408.860529 1170.363457
367.042571 483.089156
367.963053 1155.676593
406.329307 491.143964
409.216961 1138.552784
399.561764 504.643975
389.844021 1132.000693
384.087914 503.343656
381.710941 1138.720468
418.171380 477.630467
400.335047 1121.127738
427.544348 509.901128
414.343686 1147.263761
387.844698 530.838556
447.094560 1125.910704
384.270813 501.616239
455.453297 502.724153
410.553308 1143.669481
447.308046 511.532622
413.677599 1180.707442
416.097434 496.735901
436.819262 1143.689758
413.900232 529.808749
426.984746 1152.182294
457.662147 529.232599
461.406284 1134.246683
403.797092 511.683143
471.441228 1139.990812
455.452973 529.824116
465.643242 1153.735551
446.478411 521.916652
451.033171 1154.263791
454.846836 538.979446
458.662434 1148.929547
402.392886 504.545697
466.188502 1115.778168
459.704453 526.740628
469.391672 561.805326
451.633175 1126.207102
478.456077 569.514425
451.460217 1094.497156
437.652478 530.918335
481.003516 1135.664935
494.998251 543.429935
514.684647 1154.744507
474.085844 545.287011
470.852304 553.332012
459.292291 1127.062378
482.099831 552.778769
477.829222 1142.624196
536.301755 531.794460
462.423081 526.831234
496.810697 1125.001630
487.911270 538.216229
499.082360 1125.771548
519.606967 552.389063
454.981617 535.852443
477.764936 595.024553
509.034649 1121.379217
437.366320 567.838502
530.726457 1142.107215
510.411426 612.283461
466.893428 1137.387075
499.392480 541.111243
484.721694 1108.287830
510.910127 546.620043
486.228204 1131.612129
516.690551 569.891738
501.271296 573.975940
525.524241 567.186189
513.363463 1150.846322
512.692550 589.017480
500.002594 1144.383411
535.006378 550.869274
507.028707 1139.689918
534.998628 627.684529
545.992580 621.519649
564.165549 1155.048751
515.759951 611.196621
533.164946 596.015796
531.787307 1120.697795
554.329127 633.915378
558.034306 597.849265
543.229607 1127.271235
535.782629 617.467508
582.098294 1112.301453
525.867900 574.135841
549.753158 1117.167472
537.638710 629.840338
549.907413 616.921325
572.785632 1118.963124
553.143722 625.717696
557.945176 619.273538
518.383595 641.657431
550.109153 1132.089622
578.302097 637.635002
559.370886 617.391991
496.952286 661.728086
563.418168 1127.699860
548.455544 660.477378
548.602540 664.750736
575.774772 1122.873995
585.228786 650.708836
541.577082 1116.331252
583.160717 624.695029
521.435701 685.867797
591.008039 669.485006
587.810249 659.209474
577.852319 1128.043545
570.988261 678.262013
562.885481 653.505110
602.109542 669.632045
580.652481 666.888991
542.092746 1113.349525
581.272162 681.732491
560.346653 675.945153
560.899485 713.891923
573.951676 1104.968549
569.236174 713.994574
586.591784 713.637976
573.180031 1105.545553
579.502891 714.143011
594.380621 1112.655422
606.714984 732.034634
570.832807 1112.701627
609.146947 709.354994
603.319124 1124.612507
580.879276 704.272902
592.288875 1122.702164
622.680349 732.786531
569.675730 1096.322247
595.501745 705.006404
593.230295 698.812933
622.655784 1101.328588
627.692925 737.155902
647.885972 1109.063268
644.951304 739.168723
615.673113 1100.707141
597.261952 679.548149
586.305531 1085.686073
614.166013 677.402396
642.280118 1077.240338
608.449615 681.534261
613.105113 1122.173893
563.880981 661.332496
638.837282 617.399921
616.582251 1107.906627
596.253242 671.927875
642.054583 1086.013704
634.417517 666.015862
600.355628 1083.779718
657.468874 668.420797
612.141114 1070.858142
645.886286 676.969104
638.281639 667.063288
626.398996 1108.774176
623.848745 631.663950
648.908500 1068.796535
615.699281 649.081808
663.059146 1061.654925
632.148933 625.781053
645.000766 1120.987967
674.818662 620.000652
624.729775 631.618639
651.612591 1117.233892
656.701441 630.200888
661.384049 580.591358
651.124740 1085.443955
687.419032 611.614179
657.895580 1070.684215
700.304280 608.810844
611.704981 1086.902606
658.296212 579.468174
683.964947 1089.610104
650.857007 626.237191
710.087557 582.947967
654.568902 603.441174
666.091369 1099.445436
686.846172 555.795902
684.828971 1105.852139
699.522285 597.335961
697.578251 1081.615852
677.726744 586.446980
660.980459 1097.416131
695.594754 603.195439
713.657401 560.994965
704.952861 608.642639
699.415483 1081.713284
712.217162 581.912285
688.994594 541.469615
704.920978 1091.325191
723.476644 572.219659
716.939768 1081.607718
685.670455 524.944488
697.490837 1086.994960
698.615349 513.732114
744.973086 1109.860022
684.450495 523.373820
705.554672 514.719985
710.346036 566.383953
715.351139 505.836754
725.204307 1090.859797
726.031362 476.224456
724.724843 1064.804675
701.095475 499.163014
766.718096 514.299949
733.484931 1064.366696
687.220402 506.912793
745.961092 1083.626370
717.673372 497.685303
690.492850 455.961042
742.541168 1123.484620
732.494082 500.433749
712.084061 493.499926
737.286986 1089.449157
728.174313 440.094863
718.974620 442.561448
702.872970 1092.906374
720.311857 464.347948
721.279440 445.537451
738.294469 456.707632
754.884670 1078.262256
738.509580 447.309324
754.159698 1110.391874
766.511974 427.611036
752.093043 435.548108
751.436894 1060.095639
760.903089 429.678763
716.793315 454.070222
746.950405 1057.230100
738.780803 405.522457
746.129185 419.918474
752.015795 1090.139782
740.671254 430.584527
761.266151 407.597540
733.557987 1064.575090
780.703878 396.968843
797.841147 1059.915956
783.924783 375.166906
740.677564 405.002694
762.283029 1058.559123
807.671999 385.213327
771.110253 416.679918
782.195814 1072.857202
790.437143 371.555228
765.147829 365.034473
773.265323 346.519945
758.201506 1075.231130
776.290791 347.670706
784.690383 353.189178
790.841111 1080.213940
825.952875 325.187745
761.694870 1112.678388
770.275315 320.683358
812.465700 348.143228
791.823343 1051.651231
804.063365 357.434774
782.594784 333.134809
793.616477 306.430085
795.415727 1073.058592
757.463251 372.051114
812.528438 1054.843873
791.151609 333.712476
796.736046 312.454482
799.594511 348.235588
830.723178 331.506048
757.269314 1082.467513
782.524563 298.154940
794.079684 1039.018794
814.183109 271.381848
785.566933 1046.133243
785.730405 293.783538
824.208327 273.428759
799.152604 1026.514649
819.548658 268.097248
837.098083 236.067095
810.021205 1063.366023
862.181140 287.131747
822.926697 262.613085
819.702935 237.545197
821.404321 1056.175951
858.515999 270.928224
809.480372 1093.928582
812.256456 260.227789
793.313443 1033.797255
813.363036 209.833934
813.819476 1052.644228
822.659765 232.377148
833.128150 243.044753
829.885937 1067.065026
814.584651 191.270205
863.771694 254.820403
866.058607 230.513066
821.210261 1069.154246
823.732875 217.649616
853.904825 1069.197207
868.853352 202.115249
798.583402 1043.813406
859.744042 189.533456
851.053816 1051.925820
865.183769 198.797223
888.793482 192.506131
886.818024 1029.241715
845.718397 215.784152
853.217638 212.544166
856.791272 1057.943653
864.118843 175.900049
861.769593 1060.465173
870.423776 183.725960
886.019842 1038.616561
884.673061 202.911548
860.141177 1038.689946
875.066447 176.690051
907.034314 177.902991
926.957709 1051.908420
870.388368 150.039775
922.820589 1048.317712
890.341290 163.276638
886.275220 1075.194255
878.908915 163.671518
838.033836 1032.019245
883.810650 126.913616
911.332010 164.754579
881.559271 1026.520630
896.187531 121.624084
915.574593 158.835495
900.928581 1042.475050
907.079072 119.116127
950.168199 1032.010906
891.492969 137.222993
882.303065 1058.991682
871.213189 139.615476
924.001252 1044.874014
897.046521 112.067123
917.468198 1030.256755
943.795085 95.432284
924.067654 91.748660
932.929658 1076.998855
938.418474 91.486562
935.682973 73.876348
926.870874 1018.701710
899.768075 116.194795
910.192482 1026.960116
942.631697 85.763067
922.142539 1029.449326
913.897602 78.444093
916.794764 79.738503
926.492527 1040.515910
942.524199 62.251072
909.285163 1049.551951
933.949212 55.022917
946.577951 1051.227788
977.514733 85.674978
912.986822 708.004656
934.558120 719.841572
915.522798 719.908945
927.573341 717.641145
933.774416 753.927203
943.540864 734.992577
944.771511 737.509788
955.963791 755.351791
952.439511 1032.078085
993.818812 46.928112
917.676186 63.882573
984.796765 727.873254
953.489844 644.944627
957.784738 702.085265
947.574884 677.821633
954.223250 666.500890
924.144474 691.104252
936.621114 685.860426
921.790118 670.666685
947.195698 687.320074
968.173048 694.345465
948.642157 699.154076
935.978476 689.517212
950.670980 677.985156
940.296916 756.483579
926.486712 752.189039
894.630183 751.409921
965.460691 759.181461
929.478595 789.125042
939.150972 1048.707585
947.663283 82.013777
903.485071 642.539534
926.890348 785.577502
940.784761 1031.226407
918.466977 633.731793
920.212357 658.578834
933.810110 650.876846
974.119453 16.862313
957.801344 762.661395
993.418123 1034.361437
968.372358 59.247697
956.417269 646.266760
928.723184 625.298570
992.960381 648.800714
964.733120 586.867979
988.665154 611.767068
958.314732 779.942740
991.608466 1031.076313
979.665372 40.296950
1014.894684 770.077909
929.665631 609.287970
988.319026 602.114326
935.623737 567.851131
938.518994 1011.128576
929.329305 56.088512
976.110713 793.722780
971.435633 596.994472
965.840434 1034.435522
999.689857 41.776574
939.159860 576.529561
966.834925 564.346256
974.051515 601.975970
984.303341 586.215413
954.641263 600.018744
957.168839 570.267839
960.754075 811.386863
976.358213 1041.830168
992.824440 74.169386
1007.455358 574.338087
959.704786 782.752877
933.609175 539.114846
998.384891 546.815669
970.612969 567.212270
981.001568 1004.994303
951.930293 22.835982
983.192710 786.766970
973.577296 551.869180
990.655294 556.680523
988.257998 514.348177
957.989781 1034.483345
977.128439 33.254637
981.858623 784.209139
997.187008 572.271190
974.439206 520.512601
989.311021 520.947643
957.923865 517.000344
998.809286 1047.749383
973.159756 10.194012
989.201274 778.022333
955.986138 524.709843
973.271569 1021.853250
1001.064485 -24.826293
969.891216 485.725846
991.645042 522.543078
980.105244 496.671491
982.093168 486.287388
1013.012674 783.398733
972.917520 504.345433
1000.972168 1035.833599
1013.190116 29.692720
993.137458 785.320693
981.563864 472.066213
1007.178524 490.719198
976.051638 485.076357
1024.420772 508.246474
967.276811 984.549745
1013.703699 10.073714
966.315642 756.252058
973.663097 454.002848
986.746283 421.996120
1006.346284 448.260623
1008.113374 1009.557357
1009.411135 38.422594
1004.824348 793.089357
1025.399409 459.868844
999.769765 411.707440
1013.897463 437.252118
1030.107010 460.394064
1033.888009 431.748503
1008.763346 468.713182
1011.094075 461.181934
1008.117309 1036.635424
989.247153 7.151254
1018.061085 805.782210
1020.476245 435.482423
1024.586191 1027.623024
1015.755978 54.218145
1009.415935 423.553483
998.128382 422.747991
1059.617516 798.643813
959.008859 50.919843
970.017107 756.380377
1016.435158 1010.244456
1045.637389 400.302184
1010.349833 392.375468
994.991161 420.118124
1017.604450 38.511598
978.314518 754.289388
1020.937526 1021.453007
1025.983211 403.819625
1022.675866 24.819599
1028.813397 367.380480
975.616773 364.593688
1015.571244 408.402098
1024.842431 789.325654
1028.675139 1005.119527
1011.362206 54.093539
1022.026158 361.853716
1096.804705 334.103558
1021.598216 351.391235
1011.886154 360.325070
1046.710063 363.712440
998.794259 391.006179
1020.306011 365.978373
1006.846959 773.323723
1004.233758 1035.246525
1059.736074 7.150505
996.622725 763.792894
999.994300 44.998861
1038.277017 346.896743
976.910295 979.757547
1079.750923 326.482760
1005.412344 320.853633
1043.055759 339.482391
998.757584 30.170986
1003.298530 762.590299
1061.107000 1025.650403
1016.278260 337.331366
1039.284049 310.849176
1047.008668 312.841262
1025.798284 336.198552
1031.940561 30.407764
1042.992304 771.034430
1058.329968 1007.719521
1028.757299 42.058528
1045.996311 309.297770
1030.511360 42.106626
1025.790878 319.886234
1006.690511 269.248228
1032.260568 260.295302
1019.923946 308.225183
1040.094478 764.295753
1022.464149 1002.635896
1036.993374 48.489022
1026.487937 290.970390
1057.250275 764.536697
1039.095671 268.962344
1049.811073 293.485183
986.916670 1019.698112
1094.359260 40.404776
1005.383876 271.536849
1033.246705 236.657494
1047.835178 238.281520
1056.508135 278.934240
1073.558516 267.036127
1043.762812 269.947280
1046.072980 70.972496
1060.198359 772.700096
1012.632918 1008.360498
1084.335767 248.020621
1061.064280 67.413477
1051.663172 18.858984
1042.147291 59.387728
1046.886963 211.259645
1072.653517 207.384082
1008.927747 238.702790
1071.689943 233.819246
1051.789506 244.310129
1055.357538 773.718487
1034.022734 977.943341
1058.435302 76.439824
1005.525370 211.427365
1049.089552 63.791163
1025.229394 85.182249
1062.376033 91.135863
1045.019515 200.090410
1054.493580 167.902300
1083.506096 182.627914
1071.713851 212.434837
1074.846293 195.410121
1081.471152 183.769867
1081.949203 230.822568
1042.498218 777.674080
1070.468830 73.761240
1060.187617 989.502306
1035.684019 182.770046
1062.752332 738.006397
1053.636236 113.241697
1018.126878 114.131875
1031.098771 132.476416
1080.648846 100.412234
1045.250284 99.789637
1041.412721 118.149536
1077.425818 125.635898
1059.225697 120.616372
1043.463974 141.332667
1081.040827 140.653769
1008.070914 120.346939
1045.655130 147.380723
1093.840393 130.693117
1055.761930 169.752476
1031.593966 154.275262
1051.297200 126.468043
1078.808822 149.470271
1041.347854 145.649721
1078.516356 183.270413
1015.839516 158.870384
1068.049822 181.984215
1059.885801 1020.088018
1047.975882 742.623013
1047.806480 1016.753049
1077.091469 777.868870
1065.051862 992.831393
1032.065297 710.545612
1100.529868 979.966498
1091.604206 761.467817
1048.263845 1014.597203
1060.627863 751.448085
1054.101376 1004.170004
1086.948541 743.422175
1088.950115 1007.433518
1079.099273 733.510822
1067.517685 1003.513453
1093.238019 726.211648
1101.684973 962.012428
1101.472752 752.518947
1106.778094 972.450135
1098.768135 717.293993
1120.925370 985.084208
1063.808534 1005.706888
1095.371368 758.858987
1112.400732 974.508002
1096.079648 727.980037
1109.552098 978.717721
1156.537307 722.670975
1129.289675 1008.019416
1115.347473 742.713891
1123.659732 1005.936708
1100.403339 714.862698
1124.116149 1018.070729
1122.595624 699.923955
1128.412734 980.645214
1195.855825 732.231925
1128.397261 975.097364
1149.029407 724.546365
1134.084082 1013.585655
1128.979223 750.904206
1157.773703 953.118032
1141.387769 727.076321
1164.371661 954.290127
1130.664527 740.499332
1144.617020 969.968858
1149.960876 733.900013
1141.250066 943.111466
1162.040780 710.518329
1163.468462 1002.475561
1140.879213 688.858916
1126.888027 953.238957
1134.301556 724.483578
1152.483762 977.339172
1163.590968 726.122281
1181.535447 940.232830
1130.460490 721.817400
1165.241425 981.685289
1150.897452 727.464242
1156.455606 950.031463
1187.187094 735.545377
1185.406970 967.686677
1181.370511 679.876812
1142.994683 947.009134
1189.195823 714.018409
1174.070221 969.041275
1186.505057 704.159907
1207.277019 983.848067
1163.745247 701.214273
1237.775633 918.480237
1189.593233 671.981897
1217.965432 949.425607
1190.165356 694.161632
1183.083708 938.370470
1175.542151 682.766118
1218.441909 943.216163
1196.606244 702.787434
1227.366160 925.183002
1223.536779 724.898580
1182.012004 952.550063
1208.614651 683.838213
1223.526021 929.533863
1223.982217 691.928880
1177.878218 933.011025
1230.230724 700.137849
1234.948637 943.557578
1231.325452 708.726020
1222.922215 934.773762
1209.552826 686.993458
1251.534789 947.198548
1247.912114 690.421458
1230.981641 972.990544
1236.371595 690.488018
1249.301761 935.334842
1245.239362 654.437746
1249.489685 937.910566
1221.272298 698.828652
1235.476866 940.096271
1264.219867 711.489033
1241.615350 944.409003
1299.393304 696.748664
1240.784718 943.680949
1260.669235 709.554492
1242.934539 955.608322
1248.493434 661.481624
1286.069485 934.141983
1280.047099 717.897686
1313.559267 954.318784
1245.772346 705.276262
1246.774781 928.309367
1250.592544 661.711691
1262.696801 935.161493
1286.471773 918.534503
1277.337211 656.687462
1258.687423 908.405991
1224.983661 677.219649
1255.412009 928.199466
1316.649283 684.538826
1276.714177 912.746462
1254.921176 653.663297
1293.032788 912.148547
1253.360090 683.902216
1290.560357 930.176690
1299.960481 662.664519
1293.172802 888.737585
1298.098064 689.450660
1305.420911 891.596444
1300.988763 718.722818
1288.295634 930.883072
1301.198690 682.797502
1283.730709 918.258281
1317.372795 675.536911
1336.960017 891.644415
1337.871103 700.730102
1339.619478 900.371813
1304.096725 689.956898
1315.129588 892.803781
1312.079805 690.823226
1312.843485 928.727920
1339.221681 668.496527
1320.248626 894.251365
1329.070272 707.504787
1301.130750 897.822018
1314.724641 679.812499
1386.932948 912.085525
1350.307134 680.147290
1324.860490 889.875344
1375.078283 666.544351
1363.083380 867.653896
1305.151873 681.321860
1374.059181 840.175009
1355.200842 688.055725
1323.058412 850.838268
1380.689954 738.292720
1381.177567 884.118314
1359.810014 689.839852
1359.455442 893.906083
1366.794479 701.239879
1354.087809 852.654260
1374.770836 690.487528
1372.177322 826.744813
1334.538308 713.729395
1373.081295 859.394334
1340.874929 691.766283
1392.984800 849.380135
1380.125529 706.708321
1379.123789 844.448685
1380.455497 711.613379
1351.306019 839.430606
1392.347105 713.904108
1384.156877 824.839839
1359.060805 726.912718
1394.622972 855.806778
1402.198764 718.714605
1383.607990 708.566216
1366.044048 852.417344
1377.621602 743.258516
1434.819049 842.752313
1421.939554 843.171661
1426.246824 721.058628
1416.603357 816.192128
1395.268112 689.517317
1388.537618 818.041417
1386.017190 744.046447
1378.230015 836.288682
1408.058121 731.306936
1389.525291 754.261255
1390.412164 829.542470
1431.126409 756.560139
1408.631440 840.295631
1433.817144 728.406087
1442.852938 746.370322
1406.399559 819.404513
1432.735656 761.064192
1398.779641 785.947287
1404.820354 760.913729
1464.492228 798.723108
1436.821183 751.347039
1380.969700 773.003593
1428.550002 760.304293
1408.738755 789.407811
1412.316438 823.267830
1358.883470 780.248805
1416.877087 810.686646
1395.053221 833.229689
