66.910108 190.585787
70.885403 196.006320
68.598499 185.047593
67.693719 197.361396
69.388014 202.815109
77.270868 193.239782
70.450213 202.442422
78.060127 208.322262
69.834354 211.108993
69.754422 205.427606
72.067743 190.615704
65.183596 210.226085
70.060157 191.820607
75.067371 209.737707
73.516370 216.305860
79.722370 217.721334
81.801196 221.003601
81.837975 190.167317
79.178098 226.580261
76.210278 189.470391
79.257226 215.819471
71.885509 225.279113
84.847805 199.178273
79.664239 225.924150
78.413960 228.392338
80.899536 231.468894
79.375707 225.859693
82.290044 236.440338
86.187363 230.689351
86.157492 190.670074
75.304784 227.109869
86.030936 181.905015
84.668213 237.630455
88.166128 234.837467
88.709007 191.957714
93.163684 240.741921
89.270975 196.148670
89.413723 236.319260
91.032809 242.405477
95.288702 188.622884
92.767568 252.695130
90.914828 185.072968
95.026132 242.471802
94.079339 198.954951
93.727680 231.129834
88.054200 246.689707
96.944714 251.344192
100.683815 250.973883
89.946538 242.751005
102.530978 190.968310
95.718954 262.646191
100.778341 184.949384
108.950554 193.071966
100.644490 253.167463
99.187234 253.686322
99.906653 119.867349
104.399677 113.947312
91.757816 119.017306
103.251836 114.935137
97.587953 197.912541
101.665776 114.965834
111.164723 254.006237
101.358408 100.077113
99.168813 200.749314
107.840204 119.100965
104.181526 202.275414
106.775548 255.357046
104.648266 103.915736
98.556501 112.341673
101.857483 125.953992
108.181054 197.100532
105.603098 265.418450
110.741534 88.508919
107.977693 91.227610
107.390289 102.598205
108.110858 104.793087
106.130780 103.384636
101.357346 120.127885
106.461015 121.362382
105.088011 127.622063
117.935767 132.627239
105.822035 136.036877
105.819813 133.967085
110.874334 262.326237
104.352912 266.161069
109.643285 273.385281
110.706985 191.551058
104.154453 270.055779
103.068033 95.335011
111.546759 127.835347
110.268637 201.499795
106.233502 265.610473
107.549028 101.023718
119.727168 136.994474
113.498334 143.340477
108.598369 269.750708
109.997853 143.971223
109.906460 132.881241
107.918562 143.385779
113.643590 195.831711
105.887356 267.324198
103.203688 92.556205
119.073417 147.175531
101.372055 204.778833
113.106541 197.254031
110.450938 206.322334
121.351696 207.883121
106.069356 276.112158
113.952918 103.982450
105.441414 209.157345
114.096340 142.200415
104.616058 143.766282
115.340298 280.976359
117.103178 274.647963
114.908913 90.713669
117.136805 90.258935
112.328306 90.281510
107.889707 93.369890
116.298003 211.642751
117.985900 280.318201
114.090041 279.292342
125.029094 283.228875
117.616731 284.645553
124.279358 288.977357
122.102977 147.628169
115.970187 297.212494
119.884592 82.591563
118.092616 210.559833
114.939498 149.991978
114.664655 208.696683
119.681559 282.888297
122.779469 98.143195
124.764296 140.643638
113.414387 217.032253
119.038613 292.636904
123.812086 150.322396
116.756912 148.529714
124.647574 148.469706
117.304731 154.322529
116.498395 169.451558
114.290245 165.722489
118.335217 291.619714
123.893517 290.784788
124.978855 297.773776
127.388616 94.687728
116.790952 222.315278
125.901945 290.408841
126.996323 154.974081
130.330399 210.874128
122.644330 92.524143
120.693650 208.026046
126.964508 295.496812
117.580875 162.521799
131.474241 297.676822
125.874788 87.837816
130.864985 223.347741
121.109329 303.317186
125.960029 162.044046
126.513047 84.730758
122.972703 217.098177
130.673977 233.004903
131.867140 227.700410
131.002153 224.493833
132.060934 308.833500
140.150507 80.909227
120.265008 166.119392
133.714731 226.573066
130.827465 87.081670
134.427334 166.975475
130.938628 305.586637
123.694566 306.725670
139.556181 172.963688
135.838194 170.226374
127.490741 165.997517
128.160296 176.850879
133.605326 181.276069
139.284879 179.025151
135.127725 224.105202
131.531225 87.352426
132.628169 309.942443
132.967728 81.975041
131.137156 180.014086
128.835159 231.173919
128.298472 229.374742
130.808939 227.142851
136.097855 233.171090
133.296330 91.507240
133.717573 247.563378
130.921193 315.889485
128.806692 174.808431
134.123666 180.944697
136.973922 309.596675
135.131114 96.633324
133.043105 180.785412
136.487098 194.495693
144.794999 187.393014
138.578604 232.144463
143.974770 306.963400
144.304596 311.480792
132.671778 318.129378
139.163836 315.747287
149.769025 89.286038
138.987840 187.912842
139.912751 254.440186
136.215147 240.575707
138.014207 239.516479
136.433905 245.285788
146.112759 98.848611
144.637563 245.797615
126.330365 313.808025
142.280747 106.750414
136.000286 195.593317
145.474797 197.949382
152.517599 321.859094
141.185768 192.465156
139.285370 197.206149
136.485297 196.867439
137.409212 203.063905
144.808971 201.400433
139.790969 250.919915
144.838196 319.225223
141.891925 322.031555
141.466581 321.572866
143.189328 102.037726
142.448737 204.907448
134.656125 330.966212
146.486338 104.483166
148.816933 240.977505
147.156326 103.268763
146.414118 207.930960
143.258913 246.749001
147.032812 327.551167
140.424310 208.570013
145.601119 254.648886
143.618968 327.261794
148.792354 103.816327
146.384765 203.549021
148.784523 211.014645
144.358517 211.475880
150.942643 342.053684
146.417558 214.099225
134.114832 255.180455
144.534910 109.282602
141.499406 107.206091
135.856104 102.535765
144.703463 112.544120
136.802545 249.713592
138.829834 331.809321
143.928573 112.401586
149.453724 219.360750
152.357244 254.324654
148.176341 219.956943
153.953012 334.883115
157.016349 334.218317
154.493852 112.742100
147.117045 224.345440
142.582045 220.716028
156.395113 226.035676
149.931187 264.368502
147.671130 333.535709
152.774567 333.480542
157.220253 346.091496
150.143039 218.448668
144.630319 121.222732
156.491750 121.757917
153.473606 122.271557
148.132935 119.678252
146.728089 119.577974
154.327046 130.178732
150.395471 258.039024
152.549718 260.501494
160.032692 263.107361
151.272104 272.218791
154.568785 346.301450
154.212036 129.205950
148.004625 222.003632
156.766351 263.828994
152.515681 122.662170
153.348654 222.337532
157.482072 344.864202
152.838850 354.611358
158.593778 231.175569
148.066647 233.823827
153.247081 232.586935
149.800240 235.483776
148.847002 236.300016
151.770872 231.505246
156.343184 263.812632
158.424686 358.839498
164.653722 350.719064
160.444319 346.800595
163.791463 132.454233
153.230911 132.419894
157.316553 133.793420
154.202878 137.500203
167.349617 245.201986
159.863450 281.861153
149.177514 353.828510
159.979317 133.974871
158.567540 277.865618
164.806029 133.794411
158.922717 243.240380
158.959847 237.421015
156.551830 280.966390
163.201165 355.354016
158.669445 357.523751
165.443995 243.365912
157.454097 236.876261
162.242730 254.069361
161.897031 358.501991
159.879638 359.005162
168.740795 357.928249
164.665639 355.598239
162.055632 362.328196
164.223697 140.190659
157.707314 277.419530
152.107085 364.702540
167.794139 135.304513
162.539280 146.587838
156.004958 152.039934
163.283726 243.531072
162.311175 279.204256
162.495453 141.928194
169.844748 283.064691
160.403072 363.170459
164.071716 146.562822
159.028396 251.800862
173.424889 255.042092
164.103545 372.363623
161.737130 279.574985
168.634040 370.098298
172.147508 378.501325
161.274391 379.044922
168.944102 157.215076
160.345202 250.364773
162.590818 389.939611
168.083054 152.533354
172.352190 147.844069
160.951913 166.033751
161.498934 272.085331
172.916889 274.117720
170.334891 281.044656
175.343939 289.169773
168.705870 161.991104
173.620217 243.070059
166.583130 293.474803
172.398258 376.069574
172.131137 158.164038
170.545888 251.748474
168.449109 384.350915
167.736913 260.617117
174.972760 286.394965
169.796754 377.061575
170.854480 383.228085
164.899197 381.667067
171.689178 392.248378
174.463119 398.144752
169.432170 393.076776
179.495262 156.447438
174.824682 150.106112
184.482894 169.245680
169.673458 164.365519
174.183166 263.572473
167.491234 282.877073
171.197574 391.379446
167.859656 177.322750
174.884332 300.442937
173.527175 171.339982
175.395924 251.929256
173.914527 268.820516
174.834531 295.800822
173.554026 379.921453
177.621202 386.129223
175.657296 47.359649
174.271445 46.062832
177.368764 39.637818
179.043901 39.386431
167.731116 48.722692
173.215362 46.321103
176.656910 49.082854
166.313510 52.316773
178.808488 61.129957
181.465881 266.723921
190.974420 268.524674
174.890779 258.286986
173.618532 274.249799
183.814845 272.762622
179.044544 396.439389
176.252505 398.117433
182.062927 411.348936
175.599993 62.701671
181.319980 171.916441
180.036562 271.131557
167.372883 290.559488
182.466079 32.350341
173.016455 174.523718
174.401495 290.399664
175.135889 404.092820
175.346148 65.614075
194.767347 171.819329
179.868391 277.554668
187.406747 303.640670
179.676401 31.662617
179.141903 41.453670
178.370303 55.159657
176.425501 278.210073
180.304595 405.942296
176.889228 404.556410
190.121280 66.817546
186.741874 60.484867
187.172739 65.116748
182.259145 172.292509
178.276134 278.154226
182.215624 290.345102
188.100819 33.367620
180.514266 73.066936
188.753620 414.719177
176.721533 169.343635
177.875675 184.412232
184.061796 183.343975
180.815711 184.559155
180.472208 273.306319
185.773026 301.003094
178.962509 32.005527
180.728152 64.704993
182.999589 178.367578
183.513860 295.201406
180.435418 409.694296
186.453694 68.726584
185.244981 287.181634
182.707339 284.289708
184.590272 305.330634
185.639415 409.431658
183.402160 29.470369
186.526713 65.565064
181.673096 72.512581
189.826597 81.294404
194.900413 64.464178
186.130232 89.754948
187.822487 87.003392
196.926040 185.607396
188.124413 287.804269
179.285547 289.785364
182.716005 285.649233
181.302705 412.790885
191.443183 417.868897
181.532803 420.929096
182.091703 424.993046
184.515520 422.160367
186.750287 415.931316
184.565940 432.172508
188.627206 416.162010
191.112233 309.566464
181.088949 422.915529
193.927199 38.889036
183.551668 86.171354
188.778394 190.098255
181.390238 289.387038
195.699765 185.769068
187.798425 310.751537
193.739532 428.576433
187.335636 37.977223
185.710331 82.920751
194.262846 87.182650
185.945634 190.837328
193.746858 280.633999
183.563613 286.094746
196.002159 432.579717
191.252569 86.306605
188.981166 92.936427
183.879534 94.283670
192.497727 90.555524
187.231210 97.954259
195.206797 287.899926
189.481106 306.103177
180.075801 306.052858
183.476601 290.612255
182.497031 305.112941
186.996948 431.097460
189.389756 443.655952
187.548529 442.232890
195.087710 435.164319
187.733232 439.012582
188.815117 452.072551
184.631218 446.309253
184.426121 439.591323
196.230314 33.438749
190.616078 106.494116
190.982730 189.896111
188.152269 445.710981
195.192809 194.487645
197.048532 194.540297
191.790878 196.602954
199.639575 39.083737
192.582559 101.276535
191.863587 211.465315
192.752915 461.896121
202.364010 95.621106
194.728610 202.430087
189.422561 450.843337
191.968571 29.763227
200.133323 97.375336
198.234184 107.351958
189.947091 105.756878
187.504224 103.888205
200.132621 111.106065
194.153235 107.576835
194.335229 448.463906
196.928079 451.699499
194.250238 450.848815
200.784431 455.386881
196.103871 457.981483
194.968911 461.298119
200.434524 198.547052
196.100024 34.157019
186.881708 117.196348
194.734698 202.734977
198.182813 460.960169
197.567358 198.057031
200.632074 33.060608
203.084490 109.956512
199.434890 122.014882
206.926348 462.784208
202.636443 469.301801
194.921923 111.288586
196.323304 127.866190
207.068303 126.220337
205.924012 132.489836
202.856468 125.879663
206.335365 211.993080
202.744292 33.782016
207.747414 126.047826
192.667787 459.394512
207.815180 206.326038
203.395633 192.967020
204.995959 211.667838
208.133457 210.272771
201.882318 31.344421
206.043341 28.645106
202.214041 126.699717
212.145346 215.691622
203.500338 472.530647
210.985933 130.842832
203.230381 469.626397
209.000523 43.493085
210.091943 136.193203
206.143725 126.156080
206.589632 129.478031
204.856418 136.557154
210.285239 147.647905
216.895948 141.111277
205.944774 143.138248
202.748834 149.871191
206.825775 144.865666
203.131720 155.805361
209.815036 170.930355
201.586239 157.643459
200.165378 155.465788
213.031338 167.988270
209.099225 162.609582
202.650858 166.396609
201.487269 161.337144
214.869071 171.388581
202.755156 220.484633
200.583950 470.947571
206.939006 466.873493
209.110888 480.507683
214.388335 173.822304
197.581041 481.378844
206.952573 39.726065
206.741944 214.810662
217.374298 218.295673
213.857469 228.808135
208.776273 223.721301
208.138289 26.808849
213.949299 168.834877
210.115421 229.626236
212.142107 487.061607
209.402913 31.542175
211.423639 173.045889
210.718836 481.033444
208.811181 170.513847
218.854781 176.324031
203.886465 181.476770
211.694874 183.669610
214.765246 178.052540
207.704528 184.981000
210.720374 225.896472
213.665635 477.577777
213.392738 496.361020
208.409020 483.086200
218.140307 39.117306
213.635738 490.472136
220.794086 172.949677
209.646591 227.870207
215.749654 37.375603
213.307272 237.045287
215.980163 486.655543
215.693999 177.586094
208.744891 187.810846
219.396983 233.652111
218.159298 491.539965
219.666615 45.025028
218.367922 191.380523
213.007556 195.776887
218.134066 189.556712
219.523343 488.478728
214.315700 239.616781
212.181156 41.196679
229.720074 182.531711
215.897129 240.095885
217.289921 236.815163
221.098768 239.844806
220.983593 492.506331
216.595825 47.145491
217.241738 238.669892
217.164249 52.389167
226.518518 195.571311
230.089263 196.817648
225.152084 233.410623
220.392565 488.716658
221.508948 502.551225
221.381996 192.097317
225.725240 205.468655
222.207018 200.948339
211.289246 208.400175
227.291047 213.499377
220.520360 44.613532
228.649105 215.659867
226.868839 243.566784
223.700647 494.876504
218.705722 50.605888
226.262926 46.542404
220.047582 58.605088
221.602538 54.771742
224.020229 53.268108
223.190167 64.530667
224.472693 64.338985
212.775283 212.248197
221.820218 235.775752
224.763891 504.064708
218.197646 212.048501
223.436670 506.715874
228.451838 63.743462
230.641870 219.246213
234.153246 218.091659
224.562277 218.840154
230.744542 220.039320
225.815898 218.188372
225.820385 222.401753
223.267285 240.836576
233.999842 506.360761
221.425421 60.507115
225.633807 232.068345
228.482629 238.622726
233.298498 498.586011
227.587157 63.331283
230.935703 58.952327
232.514756 224.361497
228.062815 224.845223
231.641025 230.730327
225.963261 234.424658
233.747889 502.764896
244.686898 512.792381
227.895363 225.631327
227.523267 234.137675
230.478183 222.999804
228.424974 508.089532
236.355438 508.702950
227.617356 517.161405
233.235245 63.040571
229.785650 64.261362
233.146187 72.886366
236.723270 66.244143
234.313016 509.589796
235.574401 68.928847
230.809700 70.509017
242.588020 518.275982
235.432777 70.924435
236.481717 513.705656
244.490567 85.413294
232.774438 80.904512
240.303687 72.029329
236.376478 81.491481
234.360903 85.836812
241.262837 91.249724
241.714266 99.865475
237.769248 511.097025
239.789599 88.599188
238.717918 508.870818
239.209758 87.774541
248.800445 87.059330
239.389471 99.495283
247.869909 87.944708
236.649302 103.845989
239.538660 98.907062
244.146496 511.955748
236.494637 106.284041
248.371508 105.159855
251.408280 520.386007
249.210845 109.251203
241.717903 514.942786
250.518403 108.505256
252.426641 108.337428
246.690468 113.514076
248.054945 120.457089
259.253557 511.434834
247.205848 122.246495
246.865311 519.734880
253.480581 122.568475
257.169758 113.437875
259.578123 114.617623
250.822265 119.798193
255.270105 124.185026
243.302489 123.632988
260.797222 129.270883
248.036330 504.893593
256.115331 128.471000
263.735884 513.135955
256.454759 129.061802
256.124704 513.254208
260.402755 130.425414
260.007314 130.327997
253.340864 131.320535
256.591639 143.964534
256.640855 140.467158
259.067681 137.502439
261.073941 142.033765
257.276992 144.344686
258.373638 150.915775
263.186012 150.788875
257.918573 516.536294
259.423819 146.287548
265.183787 507.220446
262.475588 155.833381
266.297780 153.997544
260.856196 162.560387
255.842522 156.185949
255.683960 155.614379
267.033823 159.607885
265.327598 514.196614
258.214514 165.264047
258.164417 174.693245
264.613539 511.189328
268.321335 163.072783
267.522567 514.512045
275.317824 177.043216
267.365650 170.100914
270.518194 167.808580
262.642440 178.706391
264.264351 178.102018
259.618459 179.449963
256.987482 178.346740
272.888260 519.867657
266.773117 44.515740
271.555736 41.738711
275.379296 41.550008
263.777472 43.755583
272.240478 42.518060
264.745858 56.181293
275.884723 52.145469
266.338470 55.866870
273.272411 48.102351
273.061972 173.093213
265.352673 505.636512
277.063522 62.586352
272.702477 45.607073
270.024404 187.108492
276.311704 184.463218
274.656461 188.025551
279.718813 187.813415
273.137758 183.193132
268.999717 188.804037
279.591630 200.063584
267.419875 193.162854
264.019302 201.770570
278.489291 516.852355
271.807908 58.516872
270.622276 207.611645
275.650418 35.317084
271.911165 34.693970
280.950164 50.594267
270.582802 515.396804
282.495675 61.500109
265.101320 66.907934
271.869209 65.271870
279.051587 62.028304
278.627872 80.026323
281.251995 76.027543
279.823313 74.113032
283.443715 75.672121
271.895844 80.648426
278.207484 76.486942
275.753123 90.351682
270.630704 202.071641
279.809607 40.405084
277.449378 514.430479
279.701211 82.179868
274.617866 203.410811
270.340190 205.902391
276.146401 202.467929
279.762783 211.549909
279.042353 199.159535
277.924306 212.943964
280.823765 216.682289
281.933133 208.951298
278.595948 212.106600
285.626410 32.591427
283.115106 220.871424
273.595339 516.505820
284.924425 69.538487
277.999282 79.930798
279.968023 35.856322
282.022127 93.415429
280.769882 79.412235
278.498867 93.900040
277.705719 102.324263
280.403860 96.445392
278.748478 216.156602
275.649585 508.463321
283.528316 95.321208
278.164797 33.735195
288.750421 220.634363
284.676859 515.869309
287.351449 96.737582
286.670185 223.038697
288.337445 33.703660
280.147380 98.690451
286.306537 226.651991
292.389541 506.185965
289.025028 100.987486
283.277322 100.249493
284.697072 106.504863
290.088709 100.910657
285.077211 107.761809
282.040130 117.291275
283.237600 112.182093
286.834159 108.767627
283.889908 118.451844
288.365872 117.531440
285.251498 126.829492
289.016058 130.477156
288.531295 127.315759
286.705941 132.493714
288.319295 133.364024
288.218641 133.846578
290.601567 135.783961
283.744700 138.691960
284.174889 142.671146
281.635785 139.643204
289.232095 143.956382
298.022969 145.280439
287.639662 150.240150
286.467054 141.871953
277.840721 146.516823
282.959426 150.098730
292.560954 28.538039
288.926852 226.459558
288.059092 508.354372
289.678215 145.539794
287.830097 36.083260
286.258550 226.955993
280.227420 512.816418
285.926399 161.284166
295.162323 148.100303
286.457514 34.777277
288.626264 153.745102
302.025280 161.610486
282.916600 161.873281
292.352428 168.271237
291.558451 171.347137
291.785798 223.579544
294.994564 512.826151
283.711951 170.455119
293.127623 37.955222
289.129745 222.362429
294.925113 505.230600
291.298806 30.478887
293.906069 168.748459
294.327719 34.229465
297.843528 173.794300
295.618404 232.337867
294.276755 229.738565
302.817353 518.638381
296.277455 178.753951
293.542020 174.878513
287.285347 172.052880
293.806606 184.477297
294.037918 181.253348
291.356659 177.498463
298.894403 189.281296
299.992083 191.730153
290.413704 31.763111
301.758983 199.894685
300.187678 222.009575
295.471622 510.003368
302.772187 30.266666
302.099941 30.882835
297.590926 188.305264
299.140351 211.208703
303.224112 519.204670
302.412245 187.090592
303.057132 40.211860
303.473814 187.726870
302.898048 196.730679
306.531592 193.286905
303.322891 205.708102
304.680304 198.721539
299.755247 210.011772
291.039593 203.169880
297.699795 202.202919
299.966530 216.207800
300.584300 206.511910
299.919094 210.515412
297.147788 211.912646
300.134749 217.923752
298.413817 504.378174
304.057849 39.789404
302.915639 520.634812
303.735045 41.524201
303.953368 508.829404
302.400171 41.669170
305.658134 511.083654
309.494707 42.813730
312.475615 39.848389
307.747209 506.154643
312.579000 43.303142
312.885945 513.296668
317.956360 47.121509
312.197116 53.265016
304.926716 46.290472
314.195318 53.782003
310.073665 507.202611
312.638220 59.196295
314.624638 508.585704
305.132164 52.732256
322.418117 510.206059
315.296582 61.664653
320.297244 59.571660
316.089158 60.988334
314.525075 62.303685
325.328532 65.163450
316.927377 512.495268
317.187654 66.408753
327.379434 510.112354
322.098790 73.249530
326.469515 519.692108
329.618220 67.414335
321.218029 67.241338
331.581423 512.175519
321.547313 80.073570
331.380324 504.493297
329.949230 66.634794
329.328594 74.965324
330.349642 77.291693
324.074663 82.987379
331.632023 81.028081
327.710779 80.850039
328.224409 78.843490
329.799146 520.888069
332.678111 82.119220
334.543613 514.519989
336.891831 81.812656
339.442290 95.028446
326.789435 98.073851
338.943831 94.560172
336.404533 90.186272
334.119086 100.864553
334.226224 104.336241
331.765190 98.728596
332.802793 100.250148
324.358052 102.098542
334.529530 104.863473
334.368913 513.376515
332.328222 107.490255
331.446422 102.509952
337.166184 509.688143
335.628596 103.090483
334.412013 521.994787
343.079774 119.262209
342.037150 116.728856
335.835583 111.532045
330.518471 119.959582
338.866741 509.844322
333.083049 124.575731
340.041039 512.467448
342.397746 122.471230
353.167434 120.813665
344.802929 123.484314
349.223138 125.040531
342.459772 128.876417
339.483134 132.208442
334.286023 135.961955
342.799805 129.447991
336.813582 134.088863
344.626206 139.035260
345.015271 143.465566
347.399318 138.601973
340.849082 520.829633
348.119262 143.312494
348.671632 511.141101
346.189112 139.711153
348.742630 517.244305
346.047358 148.144744
344.752926 139.258626
351.748291 151.332167
352.509852 151.965479
352.036181 158.467706
346.993845 159.617465
341.871870 158.953691
346.134117 157.106933
344.979641 163.489172
350.855004 163.382295
343.908088 165.330681
348.173258 156.297053
349.614203 175.153477
341.007668 169.480553
344.699858 176.547588
356.660243 516.394199
349.767685 182.233768
361.897122 519.841195
352.235141 169.416784
359.258883 174.045065
362.128282 183.473284
351.996366 174.894749
349.845961 183.660864
350.823620 177.325942
362.931763 199.121817
361.138792 190.806470
351.688213 200.927234
348.387171 196.332788
348.303319 191.697943
354.227731 200.024904
356.897653 195.414173
354.167340 202.230865
354.244512 509.699133
350.334037 200.878818
347.127714 517.041563
363.244769 205.045391
358.796030 519.364063
360.215618 209.206803
366.734159 201.730609
357.315919 207.593019
355.894430 206.647986
352.821561 206.886546
358.526104 217.604437
364.596566 219.799292
354.526416 503.189848
361.027902 221.949076
359.907229 518.837916
359.947566 224.833900
361.449512 220.183608
363.942084 222.056871
362.342460 229.185746
356.669565 233.835706
364.421129 233.586895
366.669529 228.444088
360.612916 507.444288
360.214608 234.314431
370.844342 515.374752
370.998716 232.419731
363.399934 508.588561
367.664340 241.413583
363.672537 238.572220
361.329670 243.345570
384.558032 245.746136
376.430007 240.619822
365.558001 244.129534
366.821057 244.861983
366.281370 253.609926
373.429126 253.582000
368.147644 260.981674
372.761808 515.094618
379.482001 249.494482
375.521322 511.422261
384.044510 254.019616
369.842446 512.835111
371.979045 256.487262
375.986236 261.892880
377.776729 513.936982
375.781775 270.249637
377.676142 510.803219
379.519575 270.374426
376.498405 260.338360
375.668229 269.032388
380.020878 264.235868
368.514724 270.226877
380.447682 277.627791
394.611290 278.135383
382.428141 519.224056
380.437499 271.110702
383.256922 504.914373
384.859281 277.705871
390.635065 279.384701
377.585324 281.112699
376.507835 285.847026
375.153055 515.370535
386.762056 284.310238
392.793179 511.264689
385.312927 285.974788
391.302650 512.716912
390.488688 301.726198
382.686028 289.446582
394.522150 285.195370
399.037109 293.956323
382.865503 294.798234
392.599302 515.389076
394.437314 296.918095
390.997366 510.528885
388.665421 299.697923
394.373752 510.763752
399.475480 293.867862
392.746922 302.079762
396.285206 507.469501
403.507117 307.453699
393.358993 514.605446
400.535655 305.530986
402.757106 308.609364
392.231542 516.026526
404.419033 303.907039
398.352287 509.435753
402.561599 304.956734
401.100175 514.658621
401.997739 306.907181
416.115953 317.061707
402.348073 516.406835
402.651901 315.176900
403.588205 510.437414
413.947578 312.676778
408.608180 321.127493
397.496701 513.446021
410.454235 318.221436
410.643157 517.902434
413.346596 318.048833
412.930803 510.921722
422.122718 319.183134
413.805251 317.133179
412.287167 508.600211
416.616211 323.007158
414.486802 512.103103
417.507072 317.981076
414.019840 513.219601
421.160183 317.831247
412.712839 506.097144
416.135600 325.850604
417.976722 519.473425
428.805119 315.939883
417.426248 510.908834
420.031405 323.304770
430.465186 513.225530
423.703583 500.480162
437.998449 496.060529
429.812300 502.195781
438.822293 511.025603
430.208019 505.923225
430.085108 515.397048
434.822504 510.356468
425.871775 323.689604
430.319278 495.437328
433.305105 321.018243
429.149246 494.488507
436.460036 319.008155
430.571768 475.095077
432.343982 489.471275
431.192622 477.594281
432.164902 487.442080
428.781677 482.899280
435.569839 313.079863
435.844485 311.624184
424.884576 487.013066
430.421626 300.660078
436.250646 313.309045
443.522267 475.372465
440.105148 306.613439
442.643786 475.035716
431.636960 294.765889
439.094564 304.835093
446.667375 289.263717
439.479685 301.323751
441.125660 476.167336
437.849879 302.107054
444.006423 479.322940
443.832729 293.657103
448.514877 291.203894
442.495072 476.673720
447.631099 285.708495
449.508073 278.047183
439.309531 282.459528
447.375742 279.603353
445.736956 280.668164
444.702105 281.440937
443.631333 290.275864
445.862744 470.575842
455.045721 285.387122
453.523848 469.683909
453.347557 480.199391
443.675815 279.765922
449.817769 276.616571
454.095045 256.158351
453.641694 254.226008
453.206874 266.016561
454.574348 263.926612
450.782094 258.928596
454.571306 264.087299
445.549562 259.558718
451.174889 265.734830
443.030561 271.089679
450.444036 268.611200
452.966928 470.759230
459.574188 251.791292
449.982910 463.677138
459.449336 461.812686
455.038362 467.651592
453.297335 465.777961
451.206119 252.442590
458.252544 251.616907
454.443511 460.019629
451.477788 219.896030
457.674155 228.641781
456.095586 223.755970
449.564366 227.078683
448.388857 231.406005
453.627854 231.769576
453.589506 237.395191
455.542759 235.187769
458.376022 228.360956
455.154512 227.079408
464.285023 241.664450
450.537710 244.261004
456.586746 450.549257
461.397397 219.167855
457.280482 442.096291
460.744149 445.815437
455.652052 445.689775
452.052821 456.151187
457.728035 461.065721
468.047332 215.832772
463.041728 217.028829
465.534516 444.643084
464.135605 215.165896
468.730004 218.106099
461.662224 443.852572
464.350526 202.207483
464.354445 441.154120
464.809224 443.560156
471.219683 200.331157
461.703376 212.774970
476.233773 438.486692
468.641797 204.333651
474.492011 418.276559
475.264366 428.157133
461.950637 427.615357
468.699493 421.278926
472.114927 433.651194
462.191122 423.653670
462.089173 433.516441
467.409176 431.056514
459.656161 434.538308
466.686800 431.745391
470.630463 441.633243
470.573396 211.120093
473.916062 408.868171
471.134466 197.706036
471.322516 411.390760
460.889820 199.560770
473.158484 406.429295
470.230309 403.763945
470.151990 404.438321
469.461282 406.625048
472.990469 399.212388
479.300479 193.968392
482.307705 205.566580
472.396702 393.359916
481.713944 193.065189
478.478175 192.790538
472.900973 398.339616
473.385464 195.990569
481.456894 395.361981
471.071936 396.563780
473.717878 185.070819
477.492190 185.037470
477.174070 393.840497
480.592367 197.844781
493.995858 389.170965
491.685978 382.220309
481.976946 385.260380
492.411672 183.220698
486.996745 371.060680
490.428132 183.690876
484.369200 387.205503
480.545245 182.994211
487.414540 365.735769
484.563480 364.958616
492.961326 366.366686
486.552517 371.560486
492.983318 373.189224
495.236330 179.439906
492.886412 367.169411
496.125985 181.777336
487.389572 355.687050
494.017518 340.406911
480.713309 350.229360
493.214824 344.119025
488.906174 348.351027
496.769565 349.364985
489.409546 352.648734
487.447409 351.384760
491.128377 349.639048
493.402666 354.983877
500.159402 358.642499
493.558606 170.696761
498.090261 342.303398
502.616591 168.198371
502.351560 336.216790
494.950818 178.687515
495.671880 316.775880
498.683206 312.531402
496.614579 306.792168
503.855251 318.331151
503.281993 319.341560
500.529189 323.907627
493.457665 326.167236
494.196833 323.276404
499.321470 323.877427
490.041141 329.312419
496.384524 335.249469
496.784406 332.808056
507.721522 173.269233
499.977629 306.206528
495.132740 174.848433
499.308637 310.857453
507.253663 276.224765
497.024814 274.613626
496.428793 282.960173
504.150105 277.324912
501.130021 289.969651
498.410494 283.501674
503.734497 295.831419
506.425198 294.509600
498.196431 293.543027
505.572152 289.537416
499.888701 303.733322
511.659890 298.949504
502.656066 298.211054
502.794340 305.477415
503.508399 307.716156
503.880463 173.621386
501.565800 281.432401
517.100683 178.419324
508.392810 272.576165
508.747368 173.732199
511.563552 267.538342
510.609961 268.239187
513.842237 190.113111
513.815978 268.382483
512.860080 178.482974
510.956768 213.103736
515.124165 215.328829
513.143214 213.657578
511.277738 219.431971
517.439265 219.775512
515.525408 220.659203
516.376588 221.367626
514.130000 223.170754
503.849333 226.647518
515.472983 237.707692
516.908984 231.168567
513.681231 253.243782
506.314705 248.313320
516.320123 243.136439
519.377344 247.595125
513.624137 252.126626
516.239090 250.446402
516.716317 251.134474
514.580213 248.941840
517.785137 259.428283
511.655591 258.425990
509.357802 258.729093
504.273858 269.631748
506.281216 267.584821
523.214167 274.901677
508.351048 179.694490
514.971192 190.131800
513.984729 240.153357
514.681348 215.763597
510.343230 230.038055
504.451041 170.837924
513.321246 229.213326
519.055164 207.674429
522.803728 235.351114
523.376171 189.620435
524.287612 179.390389
519.485622 207.031597
517.884659 213.584951
520.829122 180.920083
519.432004 207.402391
519.396604 187.638088
532.672194 184.878801
520.990733 194.241192
517.965763 197.658462
531.162426 200.106848
526.043720 199.540641
530.562512 195.796407
519.460941 202.603821
517.978968 199.236620
520.173377 202.091607
