48.598507 134.532966
46.789575 136.027359
38.865401 148.631333
33.560767 130.105619
46.287374 158.880746
46.566366 169.343874
54.654712 305.239912
49.371519 297.702785
55.245012 309.215455
29.863910 162.897798
26.140277 194.771132
49.045437 203.003981
26.470477 225.470538
55.150630 238.835064
26.124283 261.101592
54.740290 281.016987
38.537814 285.126504
60.616368 134.601651
69.102109 211.669657
59.788455 230.518295
44.900780 248.334594
55.840151 319.074743
80.500003 147.171834
64.903979 310.724876
45.475880 135.722227
58.569712 305.641319
59.771913 157.269700
93.742143 309.405734
100.385776 157.256769
79.071200 293.594376
102.738555 294.798101
81.268869 173.008538
103.161525 177.718114
115.057142 264.681968
111.694285 174.510178
113.515288 275.320171
102.345253 177.522470
127.435404 264.225137
132.951652 203.471120
125.763854 256.609457
133.436541 207.353606
124.132459 251.304626
152.691220 204.297630
124.038438 246.490932
125.349670 204.325172
153.836005 247.065184
161.982219 198.200354
148.956209 240.098405
160.400816 198.641389
163.782461 249.316174
185.483977 194.481962
177.836749 238.471324
179.404534 253.399565
184.231860 200.811919
173.410651 259.290872
189.953542 253.855450
224.121608 181.163547
208.598104 273.081237
229.754914 36.952492
192.349006 22.363025
195.514503 44.405782
215.420831 200.125223
216.373126 49.397609
222.203399 26.294124
217.445790 275.394935
223.296858 44.770581
220.895745 65.560496
209.924241 87.523365
229.357180 184.556458
231.807566 89.680335
229.100354 8.720093
227.975086 89.989383
216.898722 277.338865
212.103148 114.328683
237.139171 179.239957
216.931420 419.974110
224.736247 420.878085
230.929890 430.576408
256.000528 430.127218
235.859434 123.671263
246.976572 137.063972
234.680101 386.977413
250.337964 371.527547
244.219870 409.901561
234.860549 2.924746
220.973351 290.260362
235.815915 140.781987
217.785490 147.795631
249.559691 187.852943
240.090849 354.458998
235.344362 353.428788
251.373318 434.598861
229.312002 146.478525
254.604517 164.037725
240.899356 322.049106
263.295504 350.563682
254.157556 26.783732
250.448388 291.615724
235.632220 172.545610
273.868731 309.209994
245.532546 303.300211
241.515680 445.453838
257.068815 283.047997
271.508566 276.028015
250.651255 20.690141
276.477437 431.959863
276.577698 19.668840
269.858461 445.283475
259.628558 32.589820
276.919824 438.562255
288.496226 44.720247
271.320084 41.074361
274.427078 428.936561
309.809432 50.203483
283.120091 426.446218
325.000475 52.513485
323.608774 410.305060
322.575368 68.306862
313.010193 414.532100
316.566709 59.103890
301.635016 401.431734
313.726021 79.618522
339.468814 412.996271
349.315276 85.930635
323.184580 100.159184
329.505803 386.058754
340.631475 94.941809
324.092977 385.480059
345.389734 377.174439
324.737529 118.679223
365.951883 376.397930
362.526973 115.145604
378.161949 108.260854
374.978854 363.445524
378.671568 116.841163
398.253040 351.922747
369.574585 118.191297
366.700648 335.519526
380.465629 136.360172
395.514875 350.964697
389.587725 135.420309
362.500858 337.028749
408.080410 130.740448
403.974467 318.128367
389.969660 160.266680
420.603296 345.482468
407.499020 177.492845
421.670316 315.409364
430.670906 179.111108
429.112634 313.186675
427.503097 150.599780
461.956366 305.434500
432.779363 182.154930
456.711212 288.630648
447.151932 281.648795
445.673345 179.579034
465.203438 274.567463
471.402511 190.967099
465.644819 286.242484
488.130244 187.566878
471.254502 276.557794
495.589418 194.214402
493.952330 288.923262
517.883275 198.507547
515.387353 284.195849
497.536125 191.020478
501.246482 277.081500
511.085034 191.235750
510.070539 268.928507
522.573555 201.739210
541.425399 271.461351
543.602300 188.770208
541.218973 250.830142
532.165977 205.023095
539.814064 200.934493
538.555663 253.998148
541.420443 215.096571
568.303830 247.212742
581.771484 215.347101
575.467141 262.905736
583.688074 214.357965
591.288788 267.659099
593.737161 220.424049
570.333441 253.543845
588.239146 210.529379
587.935858 247.919655
630.638009 227.493316
598.706504 247.453701
612.580668 209.672145
626.227458 243.318702
637.751649 227.177238
642.796118 248.648631
641.560675 224.131647
654.189093 247.435187
641.395654 237.308140
657.863221 237.117641
670.165341 249.589751
