26.593532 260.469949
29.679409 255.383793
29.223035 273.885243
25.076817 271.684379
33.363347 259.863916
26.116179 275.213265
27.963920 268.861665
27.909255 254.131830
33.728850 253.751299
37.426037 282.772546
29.834677 285.533303
33.815602 243.895538
39.053445 283.233083
43.542830 298.447112
33.636985 242.930273
40.410628 300.542684
37.382389 243.349659
41.419662 294.499636
48.393326 227.070315
47.526899 303.269031
45.815380 314.077344
45.761917 241.908129
46.870269 304.898340
54.938579 315.884901
57.180031 233.235214
58.875345 311.285435
48.938984 235.230197
57.826321 324.458867
59.686399 224.043032
65.174584 324.015244
59.243419 229.484765
67.835210 322.295843
66.105867 226.772381
65.531678 328.643438
72.477742 337.682552
80.150188 228.387155
78.599731 336.597636
72.733594 226.802445
80.087094 331.857043
84.630203 220.008813
85.295989 339.440749
81.167729 228.976081
88.079223 351.650779
92.709705 223.196445
86.297393 353.567846
86.508847 352.980688
94.864223 220.125958
88.327230 356.707424
102.019691 220.901277
98.206862 366.716575
93.774228 217.401908
103.971370 364.453251
111.507296 223.861371
101.807097 359.205295
109.301827 223.048946
107.296379 367.411170
112.488850 222.762240
112.018279 374.214562
115.663281 381.111962
128.250881 228.878434
119.323776 365.926699
125.075945 232.814664
128.293965 379.180963
124.624015 219.633350
121.157024 376.930427
129.975235 229.077514
122.900622 390.973279
128.406734 229.211184
131.125440 390.595496
140.994249 222.445230
135.124912 382.700566
141.371396 403.124452
150.828992 226.778098
134.074845 392.167796
147.842014 233.067106
145.484050 390.851404
150.265005 224.968772
146.989685 399.105882
159.892236 228.986811
156.449110 403.842732
153.126128 225.700592
150.262589 406.986978
163.013254 225.113421
167.398234 413.122097
173.444775 229.055818
162.460802 421.913725
168.037498 219.820390
175.536563 420.956861
176.494809 424.764170
179.730637 226.258372
171.784344 429.113679
178.727499 224.254550
178.474035 423.078976
186.584164 227.148337
182.480806 432.985830
189.168594 237.551894
186.166652 430.252084
191.981362 230.977630
185.795779 423.974207
193.817971 238.861238
192.013256 434.246815
198.970987 443.640265
201.405146 235.015256
200.627042 443.635640
199.983330 232.606422
207.288127 447.800812
211.335166 227.128356
209.659576 442.536025
209.820500 233.244301
201.375793 445.454240
215.868186 231.263731
215.245752 449.191189
209.995933 454.081892
221.284902 224.139561
215.262576 452.329130
227.110035 232.772244
225.406267 461.368318
233.256808 234.928501
219.998557 459.418211
225.068474 236.399541
228.553920 465.988126
237.074417 240.741190
239.047391 463.053293
237.760517 234.905372
234.338320 466.410871
242.163290 465.247140
236.363159 235.482854
248.557040 469.926070
244.219876 243.136205
241.994822 471.661987
253.046308 236.368279
257.865709 481.792739
248.009479 687.583049
244.511147 690.942772
247.117108 688.836010
242.621066 695.344767
253.917794 691.094068
250.569673 698.707981
251.411928 705.034009
250.413642 715.147203
251.732492 714.261385
253.409769 715.940333
252.403647 726.882778
249.187938 726.752492
249.164542 726.072879
244.218727 728.964831
252.894360 737.875450
256.148715 746.246440
258.474597 740.116297
245.322222 756.014945
251.930624 755.861717
238.299110 764.692549
238.538183 761.283458
252.744915 249.801242
260.675127 762.487321
248.381793 493.235578
251.299780 676.068895
258.844083 650.424575
256.165809 650.909352
254.420069 651.485548
260.151837 654.703473
252.327189 665.978501
252.127487 665.188646
264.043978 663.863874
253.456122 768.668067
254.132547 771.987564
264.548689 776.933707
249.306577 777.704044
250.042134 781.622440
249.153240 795.612684
253.238655 798.342137
262.787453 787.870766
259.263550 481.417092
256.201030 240.918768
261.529249 642.836745
262.876174 800.724851
257.028686 495.202206
265.108893 630.240702
254.771202 629.797722
263.716538 635.501450
260.460881 819.611391
258.329552 803.708381
267.698495 804.468893
250.935204 819.425284
266.078626 821.050394
255.085580 817.259040
252.954418 835.857317
262.056709 236.645666
269.156285 234.815755
265.289591 492.491572
266.483032 621.694050
267.164026 827.288253
271.471178 618.088352
269.659193 838.630692
270.201660 828.297357
265.288869 836.507251
263.617772 853.322013
269.623529 232.104340
272.080370 490.455523
265.688838 842.829998
270.225009 614.107860
274.551017 501.196215
268.821498 599.252958
273.125823 611.431214
251.357497 851.130245
275.935176 844.396065
264.083825 853.557594
276.243003 860.745668
269.216109 236.336053
274.573148 864.195980
268.825832 500.040631
266.698714 602.689298
280.173873 871.428784
270.761260 877.640431
277.415519 885.947857
278.553640 890.936312
279.949452 240.548244
279.108054 510.301918
277.363134 599.473734
288.236537 898.255956
273.744218 236.875802
282.538086 515.630458
282.773033 582.655289
275.472998 908.314862
272.277942 899.286649
281.203025 908.699238
277.006600 904.217819
279.728405 902.323289
292.678394 245.798846
294.695507 510.908718
284.292364 590.473156
281.865766 915.354793
284.138006 911.572957
294.813259 509.111851
284.061583 236.349569
287.720363 583.773646
293.168600 918.186969
297.569155 518.268147
286.287851 524.656486
297.521728 930.143845
294.412843 927.276716
290.838140 934.906518
292.970558 574.466825
294.590534 242.437858
288.835787 521.239492
304.323413 247.967176
294.515087 936.291893
293.219060 577.640983
295.753449 935.370448
299.651802 942.059650
290.235807 947.189236
292.401692 530.408924
299.358743 247.016003
294.689939 558.219136
300.387905 950.032511
303.626673 529.726468
306.796923 955.913751
302.109669 958.834297
305.382346 957.312773
307.008536 248.659944
308.034875 566.439493
304.617930 531.840437
303.864891 959.951840
311.186877 536.696992
305.905036 547.215031
299.778136 972.041646
307.229991 978.026870
312.521201 244.453350
302.122494 548.388885
309.652702 553.262981
314.024020 974.697642
308.722169 252.498326
306.647825 544.879845
304.264249 559.100173
308.501680 560.562781
307.014933 968.544875
307.154711 979.216154
315.007433 237.884980
317.974644 989.352787
316.847412 992.764982
325.484934 1000.732518
310.725965 242.343265
306.297433 991.174128
321.865668 1004.941288
312.160179 995.169049
321.135424 246.904367
330.087542 250.168670
319.128873 1004.920476
325.475051 1014.101319
322.836957 1013.048066
326.549208 1018.963653
336.953592 257.360262
320.421632 1018.322910
330.102581 1018.892496
328.532805 1034.200843
333.164129 258.619340
330.522315 1020.217798
340.074998 247.691560
329.215029 1035.087081
336.349372 247.461215
332.377254 1044.004536
341.925869 248.106422
344.312970 1040.181608
345.712353 259.503517
345.621833 1040.026111
349.904541 245.376685
349.952536 1036.085952
351.731196 245.408510
357.059497 1029.233611
352.336173 265.274175
356.063778 1030.751285
361.820354 262.793821
358.424110 1022.149505
362.907595 259.108754
374.603711 1023.035859
366.920115 251.035790
366.220720 1022.047693
375.882598 1017.279952
373.995130 257.788583
384.191682 1011.276426
376.082415 1009.923525
382.003324 263.788043
378.146709 1004.437444
377.972756 253.684301
385.115610 263.754014
383.989445 985.599269
393.986462 986.302470
390.587641 259.194319
385.963967 990.072916
393.704739 260.542681
399.095489 979.759523
397.639129 976.259783
387.352005 248.271383
404.648456 974.786981
408.352803 268.584101
405.853674 963.432530
402.654279 957.745266
407.921884 264.692579
395.270097 963.798074
403.835458 951.858791
404.771209 265.095637
414.574523 948.624848
414.149518 257.759187
416.268390 945.046262
413.817077 265.089804
415.251880 946.103982
419.302064 928.302513
417.408816 264.034011
417.864505 924.329273
423.933373 269.209621
429.929399 912.768446
426.889146 269.644511
431.662879 904.422526
427.517815 274.371346
426.427588 904.609294
436.117597 906.648202
431.271644 266.520215
438.659700 897.393579
438.962553 888.827426
433.861020 262.084050
437.908280 877.308669
445.904317 270.988326
448.957746 268.920100
452.218389 875.900475
448.581587 271.137861
452.392766 874.124025
454.776701 269.449490
461.799086 879.838036
455.809864 866.326331
463.105999 272.972376
452.925251 865.952572
458.166020 276.777571
469.483813 863.086977
475.086582 860.048257
466.303569 273.306434
463.967335 858.258588
458.095273 270.781575
465.790089 847.387126
468.542127 269.321356
464.224404 846.966704
472.038050 268.635205
488.756252 840.607913
486.094305 271.835177
476.601139 838.959546
477.954731 266.584690
490.277466 834.613908
488.943408 279.508815
487.535553 832.885449
501.001066 270.570733
491.025782 824.531964
498.149497 277.587494
491.811088 827.259726
490.955939 278.799351
504.098749 829.751109
507.099644 278.811437
499.694797 823.754798
505.291050 271.729498
506.982424 825.727020
519.063288 272.237950
504.886743 821.779910
517.391435 273.834857
513.535553 826.611680
521.218462 274.779613
524.502626 825.194888
525.178473 273.583473
518.266876 806.288247
532.138965 272.736816
531.309661 825.941120
533.579586 272.987682
539.076628 821.832462
536.776226 283.029148
538.689038 823.947519
543.758256 262.019339
535.659287 823.738016
545.254088 272.295093
552.207238 826.094355
545.301565 266.180545
550.569148 822.468004
550.773743 270.217824
554.151200 826.493579
569.042446 266.595510
563.995458 835.657432
557.561331 257.646849
553.029434 829.000257
560.893710 255.560165
565.767232 832.996766
571.149645 260.583264
561.123502 838.496120
571.983519 252.673064
571.698097 827.573582
589.955360 245.523568
579.644343 839.875174
590.887767 251.737188
572.201871 841.254013
585.655765 232.360649
585.444268 841.967110
582.508691 228.160535
588.692584 235.603446
592.701927 842.851912
592.808843 230.521906
582.505602 838.197043
599.148682 218.876827
585.472626 840.492432
608.660811 218.054262
595.482730 840.367788
588.777718 208.554419
605.058945 849.351640
604.085111 215.132836
604.890886 837.622209
605.341495 211.582836
614.151036 842.454914
613.043442 210.660685
608.511911 833.858641
618.481851 192.770338
618.927385 841.132374
626.063308 190.672629
622.604522 848.331015
613.278030 190.649181
629.723635 842.323899
630.716927 183.859933
634.240385 845.707063
630.246781 178.675764
635.529487 183.143756
640.008696 843.045701
641.818703 174.659067
634.782431 845.793115
640.409011 166.209642
648.815421 843.124747
643.283415 164.271322
649.986300 846.394949
639.307160 157.675618
644.464310 166.098381
656.653922 851.666909
650.879150 148.527147
655.098624 849.345895
652.201300 142.854995
655.012875 853.539313
659.537133 141.396412
652.529991 852.417283
657.466917 141.240696
658.922322 855.789936
657.723838 132.777959
664.032384 132.192445
667.818966 857.999481
666.041032 129.387431
675.476580 852.756489
678.770879 119.719226
670.663984 846.901153
670.943061 116.123270
686.767505 854.114664
686.328768 110.686824
683.748591 108.080796
681.713284 855.628494
683.615661 112.196497
677.755273 853.597307
690.905944 101.667723
693.129661 855.578564
687.835250 94.716293
696.044446 855.321178
687.760982 99.332965
696.939904 842.044859
710.533501 95.186202
699.175700 851.572990
700.707868 94.253482
704.152218 72.649922
708.293080 862.101847
710.097921 83.271045
712.832670 850.763660
712.234768 73.580751
712.883497 847.291848
718.537690 70.567723
723.853741 859.503940
717.029231 73.239907
712.000870 858.010836
717.214704 67.150234
740.647726 853.107351
722.098006 53.070205
728.722037 846.443795
733.878882 58.444931
733.179065 855.872079
740.105569 50.041232
743.638566 851.028048
739.089252 51.668874
745.159268 854.528036
749.758889 46.010786
737.736914 45.652656
742.247981 851.973695
748.036603 542.161473
755.378055 542.093529
753.277199 543.569686
743.563015 550.677904
743.104175 551.499033
749.832473 34.834655
753.911447 862.037443
756.010345 536.577168
754.952319 508.735953
747.270312 502.886567
753.453056 512.067292
755.361084 514.275869
749.163991 525.538562
755.888202 519.140597
767.498706 529.607786
750.710054 559.743684
754.178490 560.191074
742.985898 570.862049
744.330539 35.382407
763.128093 857.960392
758.661036 500.113953
749.416944 468.182551
755.309296 468.391338
754.293855 471.320896
762.863602 483.125656
760.203950 485.954595
763.272927 493.959270
757.184229 496.131465
753.397862 492.382269
760.594455 570.553421
757.509568 26.830570
754.559716 849.208739
758.230755 568.873998
764.762214 26.283784
763.831945 469.212720
759.560977 425.267025
766.778912 427.892427
758.131021 437.987058
761.884030 436.226958
765.776705 440.416638
764.514910 442.368827
762.204029 448.349339
765.945650 457.103285
769.453722 846.149399
765.879367 577.618674
764.367977 30.378946
761.210541 413.609615
768.487799 576.403538
764.409190 848.955604
762.231772 383.264394
770.472142 382.586591
776.309722 386.070339
771.917915 392.165731
769.310201 401.397588
769.040878 408.974323
773.941493 401.531221
764.571429 415.456825
762.549782 414.619777
771.429909 30.877231
765.200109 593.974533
764.749771 835.676569
770.748404 384.199462
774.696959 340.627087
774.814223 335.282242
770.481968 342.781932
775.735571 347.024251
780.210560 353.278582
773.136898 364.453702
771.204960 356.986636
778.604465 363.584167
774.586689 369.194043
765.089116 374.114454
778.965224 23.000056
780.150277 582.797199
780.514860 845.857857
777.147920 345.137591
778.161161 589.529958
777.474541 36.951260
772.815731 280.292276
778.709927 279.739902
770.390344 281.999339
773.637453 295.898435
777.953127 295.822844
773.948495 303.881327
784.840818 307.166923
781.552047 297.908371
777.416375 313.191113
777.781413 315.771650
769.366378 326.989313
783.020243 324.790562
778.610823 855.611394
782.446639 36.681343
786.345648 586.789528
778.957796 266.601797
784.571952 226.787559
783.310321 238.207959
782.011238 235.882047
781.860625 242.254526
785.745633 244.160001
786.291887 250.835389
784.308580 247.274213
787.545793 257.416568
776.788440 258.187917
785.589194 262.241027
791.520242 270.012595
795.423298 274.901365
781.119552 848.019933
773.724696 33.316957
781.202024 592.912227
785.361963 33.048329
785.925389 221.649398
780.954980 850.914351
790.182358 151.514589
780.676136 156.918679
784.118022 163.850886
789.845958 158.294220
794.167650 172.541468
785.767925 172.253368
789.122356 186.536796
781.636938 179.920416
790.597888 186.144151
783.426225 180.789750
795.273898 191.323294
789.253809 194.845053
786.907020 206.998126
786.582490 204.320981
790.556005 206.679555
798.775401 208.576883
793.398344 212.990774
786.840426 601.807551
792.753812 40.835686
783.364349 847.793537
787.893946 138.516993
796.897154 604.523412
790.442395 37.819606
797.093655 37.235360
786.931723 51.239909
801.850844 55.963525
794.212941 56.972720
789.985760 58.553430
788.851728 62.259248
785.862710 63.838092
784.010707 78.749115
789.515364 76.075355
795.135504 85.317918
791.610740 92.263003
785.690220 100.856881
798.653120 96.653103
794.098153 91.577271
791.775361 100.721307
798.681478 106.221324
785.771083 111.484788
797.939897 112.382257
789.078378 122.238897
788.009261 130.386538
802.216843 122.921404
790.137471 133.387318
787.360488 138.183982
795.640476 146.156519
790.722543 837.043387
795.831288 596.122436
797.023239 838.545478
797.395847 595.197213
801.506386 844.194698
803.996277 593.121204
804.593877 844.346084
802.497752 601.567365
802.725491 845.319945
816.688139 605.221383
821.422923 845.240539
811.021745 601.810611
818.781362 829.579208
820.462063 606.418085
822.247923 841.974881
820.055449 600.369030
821.347964 833.607687
829.737422 609.504195
839.368237 619.876866
826.660265 832.067853
834.114661 601.982746
829.994033 823.438786
846.189860 603.464899
842.921487 833.109018
842.871901 614.557278
842.665913 832.871359
844.889866 830.274617
849.548806 612.888981
850.588452 830.944434
850.570145 611.620061
847.507911 833.700978
844.563538 615.000006
859.878520 822.599966
861.179964 625.124914
861.356925 815.680863
864.717496 602.394285
857.267664 817.599250
871.179707 613.790341
873.051238 821.210832
864.796404 616.966295
868.191875 820.926827
876.193956 615.276532
876.620711 620.718322
868.328817 825.161876
877.883534 807.444490
870.585917 624.567328
893.004783 811.916500
881.438156 622.477922
898.580970 812.395764
887.910119 617.067960
894.513717 815.487411
903.923086 614.469101
898.729302 617.943838
899.916041 802.620553
900.375223 622.809552
895.833498 802.226247
902.294441 626.657076
888.852114 797.499057
908.116946 620.305622
916.631916 805.108015
910.919932 627.041929
915.594840 787.406108
916.668368 625.778346
914.428766 785.610644
914.036598 627.356346
911.252706 791.881496
926.854246 631.515587
924.580598 796.500070
938.710482 627.390572
926.158653 788.290799
931.340474 785.018290
935.682374 633.066204
927.966291 786.279516
931.777152 632.937834
937.135435 770.537140
940.658295 636.352365
944.653803 770.685643
936.395491 634.964419
955.519127 769.423183
951.472532 637.808424
955.417070 630.085537
949.927960 770.749567
947.388504 638.981896
947.723802 765.972652
958.833401 638.859294
960.771362 760.623118
958.790652 631.709992
962.603474 762.982398
955.136814 647.600611
968.466704 765.061311
967.115784 642.666480
978.648065 745.803873
966.794192 644.887282
976.974267 748.388934
974.278381 639.815011
975.620102 739.532500
987.623106 645.601541
990.855061 745.961004
981.604257 649.612901
983.218505 733.457096
982.515477 656.812884
986.829243 729.736029
986.158287 656.158832
997.135509 725.920338
998.856158 651.559911
987.949288 715.563074
996.916197 664.683887
996.401542 721.232781
1001.872002 660.724523
994.747655 706.553811
1005.338942 705.773430
1003.717283 662.578384
1005.117889 714.232114
1007.999833 665.456785
997.489975 701.200843
1012.982377 666.272066
1011.324391 695.743017
1013.504012 671.877433
1014.814383 702.522516
1022.327598 668.500155
1018.264205 701.969355
1019.959323 682.927244
1025.507908 682.241994
