28.052842 430.328679
26.666643 430.479669
23.866762 447.283503
28.188988 440.334747
24.584859 448.275122
21.673618 448.762857
25.112348 456.883331
25.647002 457.922983
26.906752 465.877982
26.412778 459.465434
25.517748 428.418663
28.566179 474.079944
31.989079 404.516371
35.899081 408.331335
30.850653 418.423494
35.870105 424.019888
29.063816 423.999505
19.804559 469.062293
27.664533 478.818779
36.948169 393.002227
34.362933 476.573443
33.150055 394.160163
39.559138 389.451602
37.453302 486.496026
38.013495 386.344702
42.289642 375.826002
43.061705 380.827859
44.643948 492.306091
48.650555 371.837802
45.128852 490.752300
48.622253 363.233009
50.329425 361.132614
49.297413 490.583448
50.334284 356.157446
52.875321 353.926425
58.201577 488.723834
49.934538 350.472960
53.245769 489.138073
56.223208 340.047432
54.203286 338.279446
63.896311 483.559167
59.905330 332.287998
59.238851 327.959451
66.331041 479.102981
63.054156 321.694039
60.552223 312.637180
69.693608 476.905049
67.553257 469.906006
69.388482 310.908337
73.304843 312.183732
73.893509 470.235795
67.143680 299.834821
74.735360 460.681434
76.924883 453.699315
75.088875 299.079860
82.788907 284.453307
84.935335 453.368461
91.620149 445.888017
88.279846 287.025792
89.765015 283.831927
85.482968 444.663179
90.478621 276.808091
95.452921 439.275930
90.852212 441.551566
96.714798 271.885315
97.155849 265.507029
97.271664 430.613508
97.887577 265.038413
103.285905 427.761133
111.583561 427.235886
101.316405 269.176544
103.169487 245.098821
105.953282 421.231410
110.955020 413.264580
112.870698 250.467605
111.500753 400.698143
107.202773 241.883465
121.798392 411.770027
117.073703 239.558916
121.273921 409.937085
122.267928 241.634925
126.645983 394.803087
129.915620 238.300876
124.429150 387.482498
130.398499 391.775569
129.070085 238.171417
133.821375 387.584792
136.316038 239.487460
138.598822 378.290159
141.484701 238.419223
143.783003 381.500395
142.353631 238.843398
146.990998 382.285134
147.925599 233.625675
147.600873 371.802083
152.198811 233.063304
148.483015 367.948527
157.172316 239.288364
152.681139 363.705250
160.787027 691.343091
154.931909 695.664802
155.068495 692.999176
157.734532 698.398833
146.840229 707.638686
155.599163 703.741970
158.696305 717.918458
151.197944 721.001054
159.089200 721.073823
153.821129 720.022844
154.260533 731.605623
156.752349 742.733941
152.740948 742.969028
152.921979 745.172985
158.885386 751.205514
150.922774 752.444691
158.952185 753.953154
161.359706 761.556537
158.986324 239.249548
153.981578 366.729507
159.936119 687.244210
157.807394 657.420704
162.955606 654.852651
159.445342 660.787292
157.470551 666.730249
162.841874 667.621068
160.340438 680.192109
159.909666 679.815749
161.148150 767.967848
154.024844 764.753504
161.398753 769.955709
160.976664 773.854858
157.877142 780.726774
162.052597 243.815332
171.226749 358.869923
163.813141 650.556138
164.872589 779.205734
160.050217 650.034874
171.654857 247.841367
166.864571 355.651991
167.633579 778.587731
170.239464 244.001733
170.133818 635.624829
169.787861 633.640576
169.715721 360.258898
170.712566 772.368243
176.652027 245.468094
171.690427 631.385494
180.585564 361.103488
180.513520 621.186405
173.722060 784.609083
176.983646 243.320316
183.361217 247.716501
178.809613 366.695089
182.320760 628.461418
179.086842 778.364202
180.495064 418.352136
180.970874 426.810079
180.994208 438.502756
183.913696 435.349671
179.421556 439.267193
182.956201 443.595079
185.124420 447.086473
178.459951 450.445789
185.957917 456.596398
175.704900 460.871190
184.481851 452.677607
184.128854 472.771952
174.358400 470.436579
177.611844 477.086351
184.050559 475.991763
177.757308 476.105661
183.056269 486.823637
187.767652 496.159857
183.033241 497.329024
179.157632 494.652893
179.615346 501.629619
179.458754 358.818264
188.177019 243.942984
187.227915 500.226561
187.205347 624.588349
187.987166 768.873122
180.684448 414.124430
188.612303 366.179892
187.235400 373.236094
185.882831 369.701174
190.878780 376.977007
188.236290 381.407866
183.615265 388.005484
191.259575 390.108711
184.987093 396.948275
182.015589 400.937930
189.125243 404.098973
184.627259 399.136140
186.621287 407.551296
187.737577 506.561419
185.371239 510.442903
190.911691 517.501834
184.407582 527.418555
189.700069 535.981858
187.401335 535.236446
185.824649 245.388642
185.606630 612.436755
190.699139 761.437441
189.028670 256.706739
188.917547 535.884828
193.264793 540.494667
190.978886 543.633254
189.589227 539.875258
192.109963 615.996307
184.622004 764.135401
197.580549 255.300710
196.358663 768.901297
195.513180 545.510291
195.680693 550.142699
195.757830 552.836736
199.078926 609.680233
195.490910 252.429765
202.941763 560.153696
195.837034 756.364409
203.630449 262.787468
201.483245 609.784474
200.061238 569.292947
203.302420 567.274238
206.287355 569.422339
201.595682 570.754668
202.268671 755.839728
209.923081 266.370481
203.542582 611.158028
206.835025 579.837086
210.625291 584.940346
211.262054 741.242389
208.835704 262.144672
203.457800 614.727064
206.381482 587.029416
212.892980 273.165767
214.760893 740.122439
214.411029 593.322160
206.052250 588.934189
214.043559 607.233426
207.941081 738.768598
212.248209 266.522671
216.820042 594.608487
217.853912 600.061588
217.981111 737.557175
218.006642 269.826289
217.482504 732.644993
225.412470 269.884893
223.493198 728.392929
223.915881 260.016660
225.057019 271.767560
223.350470 713.788592
230.256307 726.452480
231.484264 256.197956
232.788157 720.079998
238.272491 261.344344
229.751702 702.888411
236.257061 250.128733
239.664552 701.710218
238.757224 250.621665
242.071168 700.289718
242.252846 706.444448
243.458094 239.153387
250.084557 688.625803
248.494952 236.910371
250.867293 688.464956
245.544533 234.952065
252.117834 692.341798
258.537258 236.971703
259.848448 680.371927
261.759256 233.873468
257.149292 681.822297
266.701202 228.431559
262.142709 688.328690
264.718147 227.674301
272.518625 689.945016
272.366756 696.667142
273.084763 226.439046
282.193182 691.719205
281.879271 224.550136
279.022316 699.417197
276.010861 208.237765
274.871587 694.007589
285.536362 220.107254
286.575913 704.589039
282.754075 125.077831
282.052168 126.570483
284.241236 126.489120
285.415479 136.209196
284.485732 139.493873
283.056443 139.261921
286.741360 145.840620
285.442869 147.124522
283.179931 154.601052
290.563835 159.182269
287.009711 216.014000
290.130330 708.487548
291.347663 125.010169
289.712229 160.561873
289.444724 91.207489
286.406513 93.246544
292.346922 105.508841
291.337233 112.721879
289.131820 106.664145
288.777389 167.938630
300.740981 163.952427
288.592750 170.672880
287.393337 214.893265
298.973155 710.673487
299.268680 87.119745
292.672531 173.027367
293.194417 84.931760
295.506516 180.953728
296.129725 182.376814
295.353553 206.871228
299.533833 721.296770
301.638698 87.890476
296.520833 184.839943
302.250009 210.320011
297.955103 709.415457
301.248817 69.905194
304.144003 82.137011
298.659075 187.758500
304.249379 208.913625
301.981908 705.974270
307.614443 67.645568
307.682619 188.513673
306.619798 214.264791
306.606638 712.791348
306.637118 65.052289
315.384759 192.073077
314.792824 53.683963
308.561090 209.283698
307.889228 204.427958
312.392083 709.640252
315.442287 45.744141
315.165827 199.328444
316.709037 715.723197
310.424853 45.765671
319.471185 714.301086
313.666988 44.446453
322.359782 724.078554
317.513648 720.554698
319.134016 729.200688
321.645570 46.639834
320.485392 733.311663
329.761741 737.897539
327.211573 739.078686
327.593084 747.644635
331.366483 753.582235
324.232875 47.181403
328.692063 750.858216
330.016998 36.799397
332.113984 33.624257
327.752509 761.808866
328.913371 765.527303
335.619614 31.459224
332.783328 765.277131
340.979300 769.974704
334.493868 772.914043
337.057785 26.194138
338.585191 778.467852
340.567775 782.152792
338.674292 27.329310
346.335711 24.456968
350.318071 782.035199
347.592164 28.393027
352.975125 785.003402
353.095995 771.727221
349.467757 773.631611
359.187112 26.481315
359.449101 760.542727
363.379533 30.846913
359.439947 756.018109
361.546062 764.064778
360.745050 24.261456
356.619941 753.158543
364.638595 741.411020
365.716418 749.914711
369.073372 20.687646
367.757476 737.454379
371.410340 730.581570
366.047287 26.596181
373.237563 724.034966
371.365120 725.930245
373.586089 29.371222
377.269942 713.572657
378.331827 34.369572
383.210862 37.558794
382.098884 707.441408
385.792988 35.017930
378.227542 710.739851
388.085338 37.803588
391.564848 708.214175
388.618038 41.846905
392.003868 700.588731
395.815217 40.264271
397.202080 712.419837
397.369178 47.015019
397.312076 49.088593
396.451965 699.907790
400.913253 212.587403
408.029249 50.362328
410.714595 703.899666
407.461927 55.945295
412.565362 213.309477
406.821031 216.607776
411.613385 66.077230
406.089973 706.270171
413.574080 71.008915
402.408879 200.334340
407.976873 222.735538
415.229479 693.402842
412.785749 59.604156
412.170979 195.914667
418.614003 70.334318
417.400056 207.505146
414.281374 705.503864
421.536490 77.187881
412.226082 195.022144
421.000129 70.133973
417.282260 222.231927
421.298881 709.899266
423.240449 192.446052
422.312264 216.555284
424.972008 83.069734
424.535314 91.812856
431.034135 92.060313
421.999740 97.037844
428.940934 707.893568
425.308118 195.986976
421.842996 222.825446
433.392908 94.816545
426.526202 96.421970
426.293587 105.104312
421.476149 111.204196
432.983438 110.707883
436.359303 178.989118
429.555101 179.706214
433.810406 185.304512
429.942790 704.860968
425.646539 220.642392
425.295621 119.185647
435.380995 173.767709
432.007417 696.689270
431.019141 112.200955
436.749340 122.174187
430.980999 131.365735
431.467267 131.512034
436.283084 142.045147
430.414508 135.213317
433.682528 143.220768
434.600691 150.700836
433.956885 148.267641
430.031050 151.550628
433.016432 149.336117
434.201280 164.686569
432.340372 167.773650
437.544402 219.527593
434.857553 693.621265
438.113841 223.783826
439.170453 692.823642
438.173155 225.846915
441.716535 687.432877
443.735071 227.073983
448.664025 689.926201
442.991832 225.382933
455.831382 225.275440
454.086944 676.932136
459.351714 235.428502
454.012946 676.114730
452.217737 233.471488
454.392601 679.977972
458.565482 234.145668
460.715737 681.910914
463.722085 240.748769
462.596335 684.252892
461.946277 696.094063
469.537104 237.438487
469.319311 690.370019
474.461626 241.217137
466.636754 697.302839
470.507480 248.350441
478.630060 706.850297
480.886310 699.594449
479.371127 250.428557
479.824630 262.521355
478.224759 705.249468
475.628311 716.865678
476.516146 719.527143
486.258086 259.968545
488.381317 267.085914
483.255537 719.549801
484.127020 721.893619
479.539922 727.904082
485.935519 262.549065
492.072592 730.156258
487.030351 272.864392
493.835073 730.837939
490.352852 274.176490
495.305375 734.777714
499.639141 736.532336
495.014395 273.109488
497.388757 747.053393
505.152126 753.169442
501.740224 751.896122
501.265282 276.338423
500.763009 609.504994
499.416386 614.969622
503.892281 617.567683
507.426113 751.756456
507.395200 270.422731
505.812052 763.450769
504.946669 760.124067
506.555053 612.027245
514.055229 592.256552
505.408543 599.707115
508.450003 621.766820
514.321025 276.094647
514.387693 765.704469
514.448543 583.298171
510.652734 768.253195
515.747821 576.272179
509.126473 579.751028
513.478994 614.289794
513.361336 276.109419
517.319578 773.576611
515.575181 777.721717
516.692054 267.509982
519.206824 568.541006
516.474040 612.483919
514.866637 559.056595
519.336679 561.461484
515.115661 568.886375
518.177178 784.037513
521.692104 618.351779
519.499407 256.232136
516.021053 557.212986
522.393392 783.899995
522.740102 539.009198
528.725033 539.324450
524.111430 538.419807
523.418136 620.309399
525.064261 255.713085
537.529930 786.801517
528.736850 353.298401
529.479196 364.476334
527.121474 362.627230
529.803373 365.379309
526.988266 369.045466
529.497938 375.561369
528.509944 382.187818
524.778151 385.325403
528.668979 390.425433
528.047893 394.546550
524.161430 399.625267
526.954976 401.405508
529.324276 401.835839
526.954994 516.414283
532.448101 506.338507
523.286803 517.600552
527.418607 514.277770
521.523129 528.060278
530.500546 524.742322
525.694768 532.284140
525.358348 616.276481
528.824584 254.264607
530.809613 411.619517
533.940875 790.220026
531.649830 239.777955
527.067045 363.878719
526.292441 499.521305
529.439153 627.650542
532.037065 413.107330
537.805447 423.593560
527.584468 416.099062
531.692511 421.209052
537.094175 433.571597
534.663989 427.942146
531.915898 434.592592
536.761770 437.605560
530.799374 447.976563
536.110678 448.044775
532.027673 451.497969
531.579549 449.542545
531.115681 462.093814
530.819011 460.981124
536.252041 466.507891
534.591359 475.078614
534.379323 476.734587
525.497747 483.271909
532.617184 486.015072
523.392127 487.350230
528.756774 490.377399
537.472327 492.229218
534.672053 785.391001
535.807548 245.380885
535.330321 349.743354
534.972543 620.642641
542.695940 790.268249
545.157416 242.742160
541.012624 350.963518
538.617702 627.175348
541.039514 350.535335
536.147889 626.316688
543.480657 791.330744
544.778729 235.348009
537.063247 351.708751
545.374133 785.086616
552.959080 633.219370
545.289787 233.086170
550.603730 771.742279
551.893498 786.073714
548.247335 785.263848
543.556692 352.543986
549.696602 632.298243
549.833224 235.884151
554.860100 776.753535
552.156884 356.019835
551.519667 760.948368
550.879177 756.649609
552.602268 768.123427
549.659888 769.824615
552.565112 639.113413
556.593127 240.973291
555.644927 347.987930
558.151364 643.004337
557.153043 756.657645
562.286529 646.739663
559.257125 646.258815
558.210106 730.805325
561.843501 735.193799
557.196746 738.607326
556.562426 744.061203
555.612445 745.862963
559.849292 744.103901
557.720331 241.327934
559.273827 655.554683
553.899557 356.503211
563.426024 723.283607
561.625612 239.841700
559.485772 649.974487
565.209837 660.399615
563.301836 659.181453
568.900162 675.752797
565.110020 671.733548
560.711806 677.018243
559.816234 678.771213
562.138758 682.363441
561.809788 683.685177
565.650985 688.177440
559.197852 699.024811
561.507234 699.293091
570.984359 700.715110
565.064671 710.259770
562.777704 712.862441
562.427770 721.888624
564.241396 354.903122
563.900350 248.764932
565.074527 360.007289
570.661524 244.299645
571.554425 364.122800
569.952036 244.858937
572.908373 370.632677
577.833598 244.246442
566.317736 366.884351
581.673594 254.725674
579.023203 375.425031
584.428023 255.691108
582.760729 372.347492
587.176461 374.302544
589.065027 248.562403
593.040748 256.815480
588.946175 382.720201
597.011342 249.640203
592.774633 381.818048
598.094873 264.057095
598.736955 386.670829
604.909609 258.618005
603.689206 383.805330
607.034205 394.523423
601.769575 403.038164
605.153124 263.252935
604.805668 407.290170
614.144498 261.312468
610.034162 411.379860
611.521178 415.564065
616.364940 274.832579
611.533776 419.009730
616.545845 277.211135
613.716138 425.726874
618.411480 277.541580
623.980609 412.721719
618.358362 425.662892
624.833686 294.258877
625.342195 428.315482
633.453499 284.497412
627.504283 438.282357
623.350332 439.361029
623.128937 292.346539
625.401419 441.028191
629.534091 291.908413
628.385018 439.084233
632.286561 293.160750
626.751037 452.319095
639.296200 452.043499
639.223650 296.039415
636.550957 458.637571
634.601490 458.894276
637.495076 461.642568
644.990273 301.338442
647.495257 299.846463
646.527145 471.805129
646.080240 474.217527
650.629949 304.603117
652.458421 472.950308
647.380268 483.025127
653.324692 309.499329
657.665093 474.987332
651.334925 315.963515
653.753719 483.874169
656.569819 323.277482
658.139447 325.265389
659.611634 481.934249
657.118948 489.650993
661.768670 324.093743
665.457017 489.682823
665.742947 328.713044
664.358150 497.634333
667.716076 337.690377
670.854887 341.037261
668.354648 498.514633
667.702619 339.127704
676.002656 346.815188
677.862902 352.023884
673.830681 504.606338
682.270216 349.299839
676.521587 354.589419
681.765759 358.767000
681.875344 362.063716
678.052386 512.883612
686.106547 368.572971
681.674502 367.912771
685.738205 372.110919
685.688225 488.299797
679.330939 495.078259
687.875367 503.046060
682.493052 376.525412
682.570050 488.810398
691.592217 376.103394
686.922485 388.762271
695.105884 386.202988
690.386215 397.094994
688.403090 393.739051
684.639740 401.120651
691.823517 478.198085
687.733709 474.784746
692.856226 476.174665
693.937745 405.672327
688.579244 462.117452
694.694323 403.863771
698.427446 415.771845
692.053074 417.623578
691.767678 430.200692
685.555080 428.169923
694.595360 429.512161
686.181713 441.343751
696.956103 445.173806
694.421236 443.651129
693.296794 451.017182
694.567600 455.977506
694.999975 467.195051
693.346657 462.399819
696.375164 421.678647
