42.039300 31.659154
32.245990 33.850594
26.944119 32.293089
30.723930 15.348322
31.003899 29.924399
33.596064 43.882219
19.074776 38.520887
26.775105 41.717074
42.809348 52.790061
24.460728 54.852019
31.746724 32.438854
50.258706 39.323064
58.199700 56.751304
39.263731 59.589918
47.494058 48.475292
40.593543 62.130896
39.849533 37.856568
41.964614 88.198211
51.064223 82.223949
59.091645 66.361130
42.465703 33.426690
53.183883 37.089022
54.236892 78.282775
51.571446 80.472183
39.902858 98.835132
51.929981 109.030537
49.257956 24.715725
53.692540 84.905520
46.121498 88.063225
60.380061 95.038605
53.738170 47.085160
75.227928 64.230959
55.661212 103.484856
57.713416 90.639262
72.008817 108.494283
50.371102 112.035590
59.113702 58.346810
64.441091 118.435775
65.233037 108.064607
66.297988 134.125844
67.187060 135.183866
78.345576 70.851959
55.204581 137.711501
77.330368 60.057189
76.824244 157.289795
67.674253 137.348842
67.789046 63.258667
71.964119 139.299618
73.024798 145.559831
70.207087 136.461325
62.655906 161.681347
85.007467 80.217712
77.734886 139.818824
66.900173 162.305896
84.895316 153.067196
91.849193 183.430901
96.433954 77.224304
85.205980 78.526168
99.357330 172.373088
77.128388 191.123011
85.907090 166.990766
94.239835 191.928903
82.387512 637.735580
86.150418 642.753397
86.629654 673.736173
82.152527 659.792145
79.980555 644.846112
84.021798 660.335322
82.530714 675.079459
75.707475 678.189911
82.195264 678.708852
81.540757 687.014480
90.255977 678.083490
81.674352 695.075518
90.571214 693.121367
88.541071 710.251358
84.892383 696.103033
88.875607 707.340945
76.576285 716.188712
81.547182 726.486155
84.754071 733.350847
79.521865 711.700994
81.286141 726.463031
91.394575 749.137452
82.593841 747.924392
90.612523 739.963896
86.328541 743.289134
108.602679 749.339811
90.466412 757.429331
84.783581 766.431167
76.466512 752.296909
98.906422 772.938696
87.491075 767.888218
94.853528 777.997518
101.321890 790.056449
81.563684 67.282510
96.645438 195.716004
87.445492 646.921072
94.432105 190.277957
100.808894 202.056819
90.041350 201.890555
88.120808 580.056395
90.382207 587.468238
91.468652 595.043726
83.281915 582.733637
97.225670 619.305949
91.042461 610.363387
95.367291 618.043377
92.283240 616.950157
96.968593 629.885844
82.959027 620.033002
86.860398 631.230345
102.342161 640.515030
78.483176 650.857073
87.347003 782.967046
100.276228 78.576776
88.352492 74.911042
100.430339 212.710972
109.955045 589.609846
100.772264 769.712724
89.222648 213.105219
109.480019 212.192247
101.701772 209.426742
99.937169 214.772887
90.053718 556.667146
104.788528 553.698936
97.200974 562.398136
94.845074 548.191769
108.070982 562.170659
98.282425 570.884056
101.078287 571.451118
75.223328 575.552004
93.773352 572.910874
93.151116 581.868912
93.579657 799.894175
85.972431 86.122904
106.083319 226.747406
94.549563 542.425157
101.466788 243.615668
112.459885 246.196993
95.313933 232.717229
105.702120 509.974787
100.748808 519.139127
107.566902 505.849730
98.561257 522.602599
110.714076 520.760196
104.617718 524.861991
88.281315 538.151172
98.902344 545.208424
99.944717 799.208209
111.074048 77.626100
111.420660 92.144069
104.107727 230.223813
110.871080 510.436509
100.883267 784.086756
111.235416 239.804664
110.123903 242.044134
99.349955 270.253122
96.666977 456.405340
109.635368 470.900624
112.252815 483.817468
100.003605 483.989899
119.114019 490.332826
94.031567 494.597152
101.786664 478.180732
110.609993 95.776472
113.546262 803.256473
119.415347 249.789392
113.793564 464.116260
107.269008 257.951635
116.485127 264.636294
114.895529 256.691471
98.998858 266.244465
116.384015 432.960429
107.284599 443.528123
108.173734 459.821892
118.251876 464.072259
123.922655 458.208362
103.765184 455.084904
107.807536 83.972635
106.443251 782.106334
110.877147 275.879739
120.314486 433.470536
120.169555 112.104344
114.250116 267.326688
132.891875 275.533985
115.187190 292.356329
112.585379 280.932202
97.534812 420.408591
122.880090 434.829758
112.231709 427.099225
125.257078 808.149327
127.214770 289.474214
107.629236 100.118909
102.344374 417.360613
111.875469 290.714962
108.696213 299.006716
117.958013 308.109887
110.963488 309.994683
116.882333 403.193074
118.889751 783.500791
113.984702 103.442211
130.822845 314.681785
122.058504 409.191100
120.958174 784.747217
122.447446 324.958117
130.515009 322.388278
139.668138 351.459790
122.176088 331.902880
121.045661 402.415398
125.967770 105.732839
133.537683 336.897855
116.198605 793.273085
127.221301 115.598420
135.970932 398.648482
138.552358 331.150049
125.933898 323.820161
145.913143 341.352422
134.723990 347.274224
130.705301 358.270449
128.347525 355.295205
139.827930 361.803749
134.927896 376.060228
137.369683 373.996623
138.494870 368.249889
129.000068 377.688264
120.728672 396.841574
126.527555 381.312857
131.050041 388.451965
142.484617 797.947169
127.456768 114.477151
133.305457 118.476748
149.134382 791.652817
138.796624 111.103273
136.762942 786.170820
146.683430 120.871901
143.539293 794.221757
147.907963 140.363632
156.773636 777.502696
138.653325 144.787216
155.595600 778.988396
155.240809 129.150166
160.916240 781.718197
166.823386 128.489485
146.032109 773.362431
150.876319 151.893772
166.218612 773.086773
160.392616 147.056840
167.953013 144.488099
177.557495 776.967326
155.175100 160.011376
173.669109 763.966377
182.192670 144.267723
173.725456 758.662973
179.451130 153.847322
176.869873 760.992467
192.485782 159.080400
192.614026 747.669212
178.216860 158.532455
188.479048 769.953017
190.854316 170.954355
200.429839 758.746839
180.661175 163.222128
193.889287 753.974797
199.905685 167.095238
196.160126 164.244988
195.825177 759.188849
200.922070 192.948663
204.363798 752.333155
203.612838 180.674372
210.698278 752.590904
214.514677 160.778634
224.875165 749.023676
208.060644 172.597055
206.151521 721.887168
214.588668 179.660086
212.583569 734.574641
214.764179 194.181625
216.405528 189.641284
222.712326 732.600394
214.998335 191.554338
235.453862 727.634658
227.272043 207.138794
228.465778 733.758894
228.172904 197.452536
230.564945 715.562311
230.995748 211.817286
232.432381 741.552164
250.597709 193.903528
246.527676 718.195435
240.063564 200.537178
243.620458 707.119214
248.169962 205.129608
259.108795 724.854255
237.187913 213.784159
253.994705 203.893402
263.708624 695.620212
261.783709 224.465480
257.626412 701.525323
233.025596 219.496935
271.960991 708.843643
268.796727 212.995448
259.333524 714.470925
275.546776 227.524396
262.407959 678.997729
259.949497 236.260952
287.406502 691.741112
278.088208 245.357274
267.240051 678.546452
274.328166 217.016777
282.595017 691.176714
264.660350 234.667556
285.980625 689.361783
286.948736 235.980414
272.544364 671.498112
286.237421 238.415070
299.769554 685.065551
278.730862 256.934867
300.303648 682.735288
293.272349 250.172926
300.606232 673.893183
307.016101 253.540137
305.875683 676.112649
308.645436 251.833578
300.664199 258.719704
306.548205 667.730602
304.489238 261.503846
300.579035 655.640607
312.264594 263.943806
312.891350 659.607829
314.746380 257.982009
323.599125 647.118256
329.573844 272.079764
325.635638 657.288741
325.896814 271.288098
330.237634 665.391473
336.568112 209.856230
319.752677 207.410283
322.065699 189.960221
316.908692 205.033869
312.369084 209.297491
315.061748 218.091143
334.431995 201.469705
316.958527 231.167766
319.234276 237.605497
331.947583 227.948984
328.445141 280.967281
331.440275 648.235529
348.087766 178.563081
315.741328 230.344112
330.526302 235.869811
325.011711 235.180225
329.004220 233.089643
325.795395 276.005723
332.073148 662.031364
324.330489 193.347132
349.449406 643.557363
330.814923 245.865318
335.683618 271.711972
337.210580 255.554154
330.406128 267.999868
339.259084 255.434800
352.658096 191.097836
339.799443 653.945775
338.847752 181.556714
356.002922 652.110107
352.528999 636.921859
345.866260 198.657010
340.560887 648.652169
350.701195 203.638505
352.849678 632.641841
363.944930 181.025542
350.180647 621.611138
364.717498 197.119728
381.140474 614.204184
371.760330 202.086848
352.825816 642.431404
352.353227 184.472988
366.471767 642.821287
362.554507 205.198829
368.669892 624.500031
367.392092 188.505834
379.157644 607.742150
380.224322 183.070620
370.921304 616.611554
379.852725 177.505553
382.153221 612.192311
383.941686 181.881156
385.192080 601.200289
386.413604 183.489820
399.945071 603.282832
393.213696 183.157100
402.824353 605.010141
402.157622 183.249014
401.671481 610.012937
386.666330 189.517334
415.004806 594.793823
399.857410 181.068034
416.467115 606.565772
402.936938 180.821810
415.821888 622.723511
402.143186 169.879945
394.826395 579.374950
407.594807 186.349669
409.514036 611.248473
420.047981 611.141373
408.555674 632.016846
396.172412 611.737209
437.339634 616.818160
423.181608 159.856591
432.437584 637.578080
434.155216 649.781822
436.525275 650.150512
415.574143 627.919023
426.287892 170.196720
431.367046 644.424800
426.955328 647.221603
440.684565 660.092144
422.906079 652.827903
436.805498 174.624417
443.400944 661.852217
417.173543 172.273303
432.727138 658.697164
428.800950 664.427660
427.316435 668.033288
437.348472 683.152342
438.977987 695.223719
434.155532 174.443383
423.437053 684.372578
435.276035 683.817440
439.953811 679.750036
429.523238 164.750658
437.402362 689.019444
446.878329 698.056619
446.823400 715.419661
440.149972 708.092979
432.931141 160.199018
445.868235 713.237938
436.706991 171.101091
433.436435 718.999214
453.145126 719.548900
451.675184 161.930448
463.828779 721.558169
446.767347 708.426650
448.125369 727.987494
462.034179 168.956910
458.751037 744.535517
461.873695 743.230231
473.044335 722.224979
446.642540 149.439490
461.707660 746.723927
450.959624 151.778387
466.031036 749.509995
470.801413 151.174426
468.507537 740.260970
474.105929 760.152331
464.531041 156.166423
474.384206 768.779558
466.619065 745.609158
475.949313 131.954118
462.520339 764.631516
485.755715 118.909557
479.408470 773.668465
497.653522 133.234403
480.883381 761.166367
481.377845 127.499268
487.898170 782.303908
486.766317 140.727166
489.202709 767.425626
494.353108 779.540682
501.971615 139.630319
505.108104 798.186550
502.893881 139.099953
489.652270 778.743924
497.952392 112.514319
498.961097 787.266112
502.385500 139.986335
491.276099 791.936895
505.505770 131.135179
515.522909 803.717693
515.830692 793.128214
500.288021 137.864710
501.271290 801.283437
503.271321 133.972957
520.765771 794.561804
522.032796 121.189788
523.526931 800.484193
528.000526 145.303244
528.050482 820.105157
522.106476 142.009466
534.804404 802.375373
522.198378 150.063197
528.641639 811.307027
538.984379 138.662502
535.363680 816.437380
543.474642 128.401179
528.572887 813.779280
557.752100 132.639629
534.366847 805.288461
544.575257 143.898114
556.428925 816.576087
552.312138 141.170613
543.857133 812.833597
562.142097 151.026630
538.540267 812.771220
567.999961 143.721849
567.691042 821.658223
566.891848 838.506045
572.805140 145.825128
553.844494 828.034818
571.194051 135.719081
567.103549 820.170266
566.211230 143.954961
574.904221 829.687429
583.873209 147.733942
573.224634 827.174616
576.916984 142.853061
572.707454 840.399298
578.883281 139.314411
578.334544 846.346135
582.138168 140.013981
587.588325 838.469211
580.611538 844.989918
592.350123 137.026053
602.008094 641.612229
581.848852 634.165495
601.968342 641.897071
591.294916 644.520789
614.659558 657.652111
586.113974 640.079172
587.906613 650.619172
584.537677 684.872401
589.347415 666.334419
585.574922 688.947252
578.700055 673.880015
598.503389 678.006127
597.986925 697.413044
593.179300 698.222744
585.994769 686.368747
589.615464 705.962575
591.630011 702.217179
584.749075 686.151301
603.721021 724.392376
596.991107 725.375859
571.387531 717.634799
582.393739 726.056113
599.238446 724.451692
591.526061 729.041228
589.393647 738.849689
603.765108 724.299101
594.210920 855.507927
590.129275 149.637581
602.543580 836.710390
593.318136 621.705374
593.629828 719.086977
602.557805 632.044203
584.237146 622.743258
592.856633 616.983109
599.128776 738.351950
601.290980 154.128065
600.730499 763.022277
602.585634 831.780928
587.556330 614.208604
622.449869 140.744294
602.270394 590.376043
603.827442 604.282688
599.599294 617.772984
601.057729 740.744240
615.818131 847.265655
598.621841 749.236787
606.737834 839.797141
604.700098 137.014796
593.326531 592.952941
601.742728 603.861821
620.177375 579.539160
594.949241 773.131378
609.577489 769.110554
619.660534 842.647486
606.835163 153.610000
617.974460 577.692996
609.766541 563.257158
613.267594 746.982553
622.424870 762.984324
617.595511 774.795448
612.540524 828.384720
626.697390 142.070155
620.858992 860.038205
626.975690 578.951089
628.349958 543.198906
598.205892 765.667565
610.630484 148.498461
621.937714 773.493546
624.855409 856.031795
623.970420 545.435237
621.981264 143.464078
634.270803 778.403369
620.750003 570.096405
620.321462 801.680427
630.546264 863.159317
618.503088 141.061836
635.015127 539.234014
624.646536 536.583593
627.230743 791.798647
634.318229 848.001675
640.977129 789.612115
644.438737 146.850617
632.147205 865.774938
615.700087 551.178822
625.463483 808.050780
636.553942 800.088705
624.630685 130.034305
637.355901 533.208964
629.421546 872.931605
615.713636 798.622514
635.285384 130.501106
634.322836 533.356044
625.931937 863.663531
637.059832 807.936163
636.645060 148.949752
639.161202 527.835671
638.226784 813.369996
635.382978 870.736425
645.218870 812.733505
647.797058 880.230814
638.245954 142.856978
661.249470 531.254503
651.728377 818.254663
655.712460 824.179170
636.088509 874.452564
647.111347 146.089197
657.035365 530.137023
660.038926 878.039096
640.090534 820.313604
662.042886 144.866231
650.485509 526.150727
656.034041 894.370060
676.494050 832.868450
644.678826 838.084163
668.623684 141.576458
643.986606 522.521034
666.350718 832.357205
666.583638 883.712325
666.391108 867.596724
663.177251 157.120740
669.911475 522.315755
654.210472 849.148800
656.098441 845.889631
674.781494 878.669190
658.846040 136.883335
666.300459 517.942162
681.289448 857.439368
668.398989 859.590925
680.985229 535.511526
668.786407 894.767399
668.646520 145.200353
677.330698 849.496269
675.572991 511.606255
684.952272 882.932953
679.967818 143.314736
684.959456 847.603960
679.039787 528.875440
672.710237 841.646323
674.101215 892.736157
675.915411 140.547703
681.988751 857.923038
684.233956 905.662564
692.990720 517.159786
687.032943 144.383578
683.804004 869.437219
678.870583 885.776116
689.142274 871.495191
691.325588 900.195168
688.418366 513.313115
690.522195 127.943410
690.013159 879.225780
686.649472 883.896556
690.865256 887.407920
693.953094 897.452778
688.143198 146.403163
685.389229 539.612421
690.179660 885.254652
696.133328 902.153880
691.953710 143.395437
694.114366 504.882484
703.569629 151.029706
698.998579 504.737992
706.414550 154.736789
716.953241 518.937548
704.549607 149.210767
735.686677 519.406382
720.664840 157.034799
710.253087 528.989587
714.376619 127.553101
722.846666 528.623882
715.474329 147.486613
741.514373 494.529709
700.443902 141.408732
725.451063 497.913399
718.628553 164.451101
724.217411 520.355599
723.668584 153.827747
740.979520 516.175127
745.723035 163.810625
750.841787 509.610682
754.867278 161.197794
739.701735 490.502295
742.519280 166.035192
750.792790 506.084858
742.491763 166.581988
741.772938 497.768060
733.259025 151.918240
763.451110 176.635573
766.556931 492.770569
754.434822 162.130627
744.707997 493.823202
754.596317 165.426369
766.981689 499.175764
751.677277 172.335569
764.948574 509.754833
768.361232 188.431447
781.890892 500.681952
772.647776 164.734347
768.470596 490.514062
768.329525 190.685045
792.146005 489.686268
762.126661 192.008908
771.874990 492.370351
767.508937 189.093954
789.149613 490.886579
782.841095 181.844118
773.172561 490.099674
781.603566 187.207152
788.062860 475.917347
802.275979 202.750651
792.614795 208.424022
783.085813 205.037561
788.006964 468.699527
794.585940 218.121449
797.956750 208.911421
791.404476 209.582678
784.305888 458.727893
790.379490 466.176204
794.274196 224.237667
795.458479 468.498859
801.135850 211.633074
791.173607 224.794909
802.685729 231.449493
788.305794 243.272341
796.039311 445.502319
797.558478 240.851765
809.727319 234.098793
796.967875 239.621469
809.076584 236.901960
804.368489 444.667235
813.182191 244.136967
818.356633 237.685222
818.437359 272.396643
814.005523 274.877206
814.458843 282.480501
807.771969 287.253662
809.976356 464.263920
810.576515 261.188193
804.062367 466.692993
813.763898 291.366699
825.091016 290.933009
801.801111 265.126164
815.846040 280.903977
821.561774 282.725648
804.691380 298.117543
805.616963 309.806393
801.968630 290.790049
818.961752 302.635552
821.059632 307.646523
817.691779 306.625997
808.652546 428.622830
814.930508 324.240746
823.277654 304.178385
820.353833 323.214753
813.760458 327.710319
814.323618 362.006126
828.226482 357.722416
812.697689 351.255967
827.759359 357.097249
816.182160 351.571861
817.576814 353.650899
804.921226 342.756661
817.514937 446.151036
822.933755 435.975120
822.948674 353.341203
832.429893 444.989653
818.534320 371.000995
816.335300 383.298148
828.778290 371.616199
822.551876 383.992217
835.916886 382.244986
817.444989 409.895317
836.563951 394.000339
827.607463 401.241345
829.088886 419.988070
838.341861 423.386465
844.666318 417.794731
828.041930 421.206713
818.955383 420.025515
826.950881 385.656728
826.202142 417.908187
