61 781
61 785
62 789
65 777
66 751
66 755
66 759
66 763
66 767
66 771
66 792
66 796
70 751
70 798
74 749
74 798
76 736
76 740
76 744
78 799
80 736
81 803
81 807
84 736
85 808
88 735
89 809
91 716
91 720
91 724
91 728
91 813
95 712
95 813
99 711
99 813
103 711
103 813
107 710
107 813
110 817
111 696
111 700
111 704
111 821
115 696
115 823
119 694
119 824
121 681
121 685
121 689
121 828
125 681
125 830
126 834
126 838
129 681
130 838
133 681
134 838
137 680
138 839
141 676
141 843
145 672
145 844
146 651
146 655
146 659
146 663
146 667
149 843
150 651
153 843
154 651
157 843
158 650
161 636
161 640
161 644
161 843
165 636
165 843
169 634
169 844
171 621
171 625
171 629
171 848
171 852
175 621
175 853
179 621
179 853
183 620
183 854
186 616
186 858
190 612
190 858
194 609
194 859
196 601
196 863
200 601
200 863
204 599
204 863
208 596
208 864
211 868
211 872
212 596
215 873
216 596
219 873
220 596
223 873
224 594
226 586
227 874
230 586
231 873
234 584
235 873
238 581
239 873
242 581
243 873
246 581
247 873
250 581
251 873
254 579
255 873
256 571
259 873
260 567
263 873
264 566
267 873
268 566
271 873
272 566
275 875
276 566
279 878
280 566
283 878
284 566
287 878
288 565
291 556
291 560
291 878
295 556
295 878
299 554
299 879
301 536
301 540
301 544
301 548
301 883
301 887
305 532
305 888
309 531
309 888
313 530
313 888
316 521
316 525
317 888
320 517
320 892
324 516
324 893
328 516
328 893
332 515
332 893
335 897
336 506
336 510
336 901
340 506
340 903
344 506
344 903
348 506
348 903
352 505
352 903
356 501
356 903
360 501
360 903
364 501
364 903
368 501
368 903
372 501
372 903
376 501
376 904
380 501
380 903
384 499
384 904
386 491
386 908
390 487
390 908
394 486
394 908
398 486
398 908
402 486
402 908
405 912
406 486
406 916
410 486
410 918
414 486
414 918
418 486
418 918
422 486
422 918
426 486
426 918
430 486
430 920
434 486
434 923
438 486
438 923
442 486
442 923
446 486
446 923
450 482
450 925
454 481
454 928
458 481
458 928
462 481
462 928
466 481
466 928
470 477
470 929
471 471
474 928
475 471
478 928
479 471
482 928
483 471
486 928
487 471
490 928
491 471
494 928
495 467
498 928
499 466
501 206
501 210
501 214
501 218
501 222
501 226
501 230
502 928
503 466
505 206
505 233
506 928
507 466
509 206
509 233
510 928
511 466
513 206
513 233
514 928
515 462
516 456
517 206
517 233
518 928
520 456
521 206
521 233
522 928
524 456
525 206
525 233
526 928
528 456
529 206
529 233
530 928
532 456
533 206
533 233
535 928
536 456
537 206
537 233
539 928
540 456
541 206
541 233
543 928
544 456
545 206
545 233
547 928
548 455
549 206
549 233
550 932
551 451
551 936
553 206
553 233
555 451
555 938
557 206
557 233
559 451
559 938
561 206
561 233
563 450
563 938
565 206
565 233
566 441
566 445
567 938
569 206
569 233
570 441
571 938
573 206
573 234
574 441
575 938
576 238
577 206
578 440
579 939
580 238
581 206
581 436
581 943
584 238
585 206
585 432
585 945
586 949
586 953
588 238
589 206
589 431
590 953
592 238
593 206
593 431
594 953
595 242
597 206
597 430
598 953
599 244
601 206
601 248
601 252
601 391
601 395
601 399
601 403
601 407
601 411
601 415
601 419
601 423
601 427
602 953
605 206
605 253
605 391
606 953
609 206
609 253
609 389
610 953
611 366
611 370
611 374
611 378
611 382
613 206
613 254
614 954
615 362
616 258
616 262
616 266
616 270
616 274
616 278
616 282
616 286
616 290
616 294
616 298
616 302
616 306
616 310
616 314
616 318
616 322
616 326
616 330
616 334
616 338
616 342
616 346
616 350
616 354
616 958
617 206
620 958
621 206
624 958
625 206
628 958
629 204
631 81
631 85
631 89
631 93
631 97
631 101
631 105
631 191
631 195
631 199
632 958
635 81
635 108
635 191
636 958
639 79
639 109
639 189
640 958
641 66
641 70
641 74
641 113
641 117
641 121
641 125
641 129
641 133
641 137
641 141
641 145
641 149
641 153
641 157
641 161
641 165
641 169
641 173
641 177
641 181
644 958
645 62
648 958
649 61
652 958
653 61
656 958
657 61
660 65
660 958
663 69
663 73
663 81
663 85
663 89
664 93
664 958
668 96
668 958
672 96
672 958
673 100
673 104
673 108
673 112
673 116
675 120
676 958
678 124
678 128
678 134
679 138
680 958
683 141
684 958
687 141
688 145
688 149
688 153
688 157
688 161
688 165
688 169
688 173
688 177
688 181
688 185
688 958
689 189
692 958
693 191
693 262
693 266
693 270
693 274
693 278
693 282
693 286
693 290
693 294
693 298
693 302
693 306
693 310
693 314
693 318
693 322
693 326
693 330
693 334
693 338
693 342
693 346
693 350
693 354
693 358
693 362
693 366
693 370
693 374
693 378
693 382
693 386
693 390
693 394
693 398
693 402
693 406
693 410
693 414
693 418
693 422
693 426
693 430
693 434
693 438
693 442
693 446
693 450
694 454
695 195
696 958
697 259
698 456
699 196
700 958
701 258
702 456
703 196
704 958
705 258
706 456
707 196
708 958
709 255
710 456
711 196
712 958
713 253
714 456
715 196
716 958
717 253
718 456
719 196
720 958
721 253
722 456
723 196
724 958
725 253
726 456
727 196
728 958
729 253
730 456
731 196
732 958
733 253
734 456
735 196
736 958
737 253
738 456
739 196
740 958
741 253
742 456
743 196
743 200
744 204
744 958
745 253
746 456
748 206
748 958
749 253
750 456
752 206
752 958
753 247
753 251
754 456
756 206
756 958
757 243
758 456
760 206
760 958
761 243
762 456
764 206
764 958
765 243
766 456
768 206
768 460
768 958
769 243
769 464
772 206
772 958
773 243
773 466
776 206
776 958
777 243
777 466
780 206
780 958
781 243
781 466
784 206
784 958
785 243
785 466
788 206
788 958
789 240
789 466
792 206
792 958
793 238
793 466
795 962
796 206
796 966
797 238
797 466
800 206
800 968
801 238
801 466
804 206
804 968
805 238
805 469
808 206
808 968
809 238
809 471
812 206
812 968
813 238
813 471
816 206
816 968
817 238
817 471
820 206
820 968
821 238
821 471
824 206
824 968
825 234
825 471
828 206
828 968
829 233
829 471
832 206
832 968
833 233
833 471
833 475
834 479
836 206
836 968
837 233
838 481
840 209
840 968
841 233
842 481
843 213
843 217
843 227
844 968
846 481
847 220
847 224
848 968
850 481
851 221
852 968
854 481
856 968
858 481
860 485
860 968
864 486
864 968
868 486
868 968
872 486
872 968
876 486
876 968
880 486
880 968
884 486
884 968
888 486
888 968
892 486
892 968
896 486
896 968
900 486
900 968
903 962
904 486
907 958
908 486
911 959
912 486
915 958
916 486
919 958
920 489
923 958
924 491
927 958
928 491
931 958
932 491
935 958
936 491
939 958
940 491
943 958
944 491
947 958
948 491
951 958
952 491
955 958
956 491
959 958
960 491
963 958
964 491
967 958
968 491
971 958
972 491
975 958
976 491
979 958
980 491
983 495
983 958
984 499
987 958
988 501
990 954
992 501
994 953
996 501
998 947
998 951
1000 501
1002 944
1004 501
1006 943
1008 501
1010 943
1012 501
1014 940
1015 505
1018 938
1019 506
1022 938
1023 506
1026 938
1027 506
1028 510
1028 514
1028 518
1028 522
1028 526
1028 530
1028 534
1028 538
1028 542
1028 546
1028 550
1028 554
1028 558
1028 563
1028 567
1028 571
1028 575
1028 932
1029 579
1032 928
1033 581
1033 585
1033 589
1034 593
1036 928
1038 596
1040 928
1042 596
1044 928
1046 596
1048 928
1050 596
1052 928
1054 597
1055 924
1057 601
1059 923
1061 601
1063 922
1065 601
1067 918
1068 605
1069 609
1071 919
1073 611
1075 918
1077 611
1078 912
1081 611
1082 908
1085 611
1085 904
1089 611
1089 903
1093 611
1093 903
1095 615
1097 903
1099 616
1101 903
1103 616
1103 897
1105 620
1107 893
1109 621
1111 893
1113 621
1115 889
1117 621
1119 888
1121 621
1123 888
1125 621
1127 888
1128 625
1128 882
1129 629
1132 878
1133 631
1136 878
1137 631
1140 878
1141 631
1144 875
1145 634
1148 873
1149 636
1152 873
1153 636
1156 873
1157 636
1158 640
1159 644
1160 873
1163 646
1163 863
1163 867
1164 871
1165 650
1166 859
1169 651
1170 858
1173 651
1174 858
1177 651
1178 655
1178 858
1179 659
1181 854
1183 661
1183 847
1185 665
1187 843
1189 666
1191 844
1193 666
1193 670
1193 674
1194 678
1195 843
1198 681
1199 840
1202 681
1203 838
1206 681
1207 838
1208 685
1208 689
1208 833
1209 693
1211 829
1213 696
1214 825
1215 700
1218 823
1219 701
1222 823
1223 701
1223 705
1223 817
1224 709
1227 813
1228 711
1230 715
1231 814
1233 719
1234 723
1234 810
1238 726
1238 808
1242 726
1242 808
1243 798
1243 802
1245 730
1246 794
1248 734
1248 740
1248 744
1248 748
1248 752
1248 756
1248 760
1248 764
1248 768
1248 772
1248 776
1248 780
1248 784
1248 788
