66.355633 340.235055
64.383938 286.749998
64.862233 298.407654
70.646023 301.684575
69.887443 313.605539
65.362243 325.930647
72.697752 346.305242
82.203606 232.143497
82.749696 245.549613
77.613191 283.505263
86.933725 217.383816
81.322642 342.428985
83.136500 248.294422
87.906164 289.476980
91.683258 213.939378
90.218488 347.852002
96.494946 257.726444
95.639339 201.375959
101.589233 286.607869
104.234924 250.307611
102.835045 344.681234
106.161562 196.712379
105.875703 236.342458
109.101296 282.268816
111.121285 186.726253
118.044566 346.854851
118.916939 237.717512
119.898696 173.618768
121.701736 285.903361
119.493830 485.509683
120.353482 497.381277
123.820101 345.742486
125.770610 474.685660
122.802608 507.382127
125.384520 226.771148
127.456353 170.232600
129.153893 280.253929
129.172424 515.690763
128.447107 158.355969
132.718888 470.426768
133.084709 349.443626
130.173709 219.687531
135.636040 149.555828
135.085132 458.156014
135.706895 292.431719
133.455307 507.651115
140.991894 216.210285
139.082810 447.867392
143.148216 348.111229
144.900950 138.694407
143.678502 204.242239
145.434114 437.311053
146.460093 507.066727
150.974138 290.107960
153.126084 427.831602
156.710950 133.151122
156.528893 350.320092
155.022514 493.000147
153.792306 198.417216
158.286548 419.041986
160.062494 288.911338
161.994012 129.725380
163.148030 350.962577
164.538880 486.538842
166.401911 189.860335
167.358084 410.678778
166.923026 291.984659
167.603907 396.948186
167.066740 484.132489
171.139458 125.377607
173.053139 347.802150
175.915831 184.075237
178.238507 287.027132
179.748641 389.826245
178.160428 476.625429
179.294225 117.635770
182.875766 382.352205
184.001425 178.832037
180.536605 349.318502
183.524024 457.540508
186.413026 291.030033
191.380924 110.473672
193.095891 370.608614
188.790320 183.162848
188.571272 350.007782
193.846604 452.611872
191.557269 363.864898
196.596939 191.069235
200.809787 108.476038
196.584648 289.769239
203.249897 198.956621
203.545630 210.698229
203.807815 448.254060
203.731531 218.292286
207.123704 291.760150
211.757377 110.672235
211.964242 440.992923
207.973595 230.812569
210.523200 238.893873
212.280896 428.533025
214.503005 252.097790
218.588510 257.660964
216.179955 294.630453
217.717869 115.623538
217.440367 276.575121
220.141478 419.277315
221.843092 61.274001
223.737114 73.574948
225.354545 80.695148
224.307955 287.274280
222.877749 109.458103
227.956314 89.646856
226.003462 410.015265
231.136691 55.085190
237.520507 47.252880
236.875268 401.591147
244.391579 36.380815
248.542223 385.239820
253.038262 30.993793
253.927921 377.726666
261.846953 375.877478
263.485556 26.096861
268.824395 370.140624
271.002526 24.062240
277.494358 372.858458
281.251478 23.413867
285.914401 378.332621
287.562429 36.876222
293.031535 385.596365
300.297130 38.708247
293.091602 400.361912
300.236415 50.438708
301.357642 405.696197
306.336072 52.035369
310.723131 61.177982
309.443615 75.467776
310.605661 84.242194
310.572965 93.896276
309.279367 106.331641
314.451415 415.131040
316.564962 423.560555
312.479252 277.171274
316.912271 288.056373
316.821983 260.799413
321.976845 270.619831
321.576712 301.386311
319.917136 105.997838
323.432683 427.072206
322.792911 232.192417
327.907535 242.168837
324.861735 250.554520
327.788691 437.955740
325.264320 211.760800
326.708109 219.088889
329.430119 299.864744
325.238329 112.550629
336.801781 450.612574
336.575656 192.658738
339.117059 449.645985
337.369110 189.026793
341.530804 299.329237
338.605779 356.938060
343.317252 110.699579
341.759104 368.009642
347.762094 467.061791
345.489070 380.781539
350.371833 181.262043
348.397180 305.349334
351.225335 387.638074
350.652318 474.393457
351.040195 114.384882
354.161219 366.668603
358.919259 483.037370
358.748407 391.203250
359.609285 181.281838
360.797068 113.771755
360.880518 306.886413
360.727161 364.444606
359.900922 404.101742
362.189596 492.536210
368.091335 414.457412
364.082966 187.746853
368.269579 121.407876
369.055104 496.689729
368.999103 306.291545
368.758590 364.037632
374.101144 192.500082
373.352301 424.641061
380.079196 129.635631
377.761358 505.397622
378.722348 305.167467
378.064454 432.398203
382.836844 364.956585
382.162271 196.098320
385.332464 446.929407
385.084561 511.567480
387.021539 138.429874
390.297146 205.827045
392.337229 142.534727
385.293855 303.254850
393.593951 448.859646
393.913970 365.294704
394.421245 219.200140
396.218889 150.723437
397.536623 459.710752
395.882375 510.198187
401.638780 305.164778
400.256836 468.193821
400.843477 227.040060
401.349292 365.251466
403.125831 158.918281
404.887436 477.376753
406.400808 488.584466
405.218154 497.038044
408.064434 236.037853
411.210413 168.391635
410.546896 307.174626
410.228952 364.919714
415.183306 237.317473
421.844964 174.819302
417.745797 248.584385
419.066879 306.330960
421.048829 369.987422
425.241327 182.419642
425.133109 254.138075
435.084582 195.625090
431.560510 303.423177
431.573826 370.105982
433.378450 200.432611
434.211745 206.601285
436.017419 257.855781
443.532214 304.391607
443.112240 366.944186
444.193003 216.742872
443.821373 266.660951
451.066028 229.074536
451.068128 310.610738
450.379673 368.425816
452.343514 271.161612
455.906055 234.739675
460.187431 308.013252
461.594306 370.741128
459.431722 242.272453
463.313622 268.163722
463.572972 254.714390
468.595130 311.872175
468.866819 368.104128
479.227631 311.694788
476.899344 356.840466
479.077341 361.255593
484.225295 315.903465
485.415839 328.828726
484.570105 338.518268
