97.888461 105.569775
131.567330 123.405507
95.160165 128.216984
92.158183 132.105124
102.275845 138.208072
110.598992 94.614950
114.076442 139.275626
83.845388 80.081000
57.368410 87.108736
111.405683 97.744883
115.767653 146.162597
124.681123 143.766970
95.513219 139.636679
129.524190 148.941310
108.475831 159.924247
101.229424 172.348261
109.946583 170.418533
117.225705 152.306977
113.003372 151.657430
102.647583 177.472216
106.553084 192.330810
110.643737 85.128086
115.641658 152.221019
102.638034 196.222321
103.165229 180.437371
118.149587 186.673007
125.969800 189.670755
93.747795 196.333976
87.964984 199.171056
103.277420 219.017462
135.825378 210.888562
117.168931 208.034491
104.959639 218.613202
103.174882 92.859617
104.807314 226.147946
103.451915 54.939763
122.115823 74.434835
116.592455 87.933659
126.575511 231.089754
108.874695 231.296389
115.430662 243.097915
122.768411 225.895395
132.896450 252.070593
122.909767 239.303849
134.761202 244.707831
88.166625 250.032700
113.493279 253.955087
139.161251 239.828032
101.785746 256.168172
119.621542 277.584584
117.258298 266.172421
114.809432 261.639800
131.151556 296.174065
121.020298 272.969386
117.889621 301.221804
115.561910 283.312955
102.645789 297.530817
98.859741 291.512771
143.079923 305.396596
136.934401 314.473877
125.106299 308.126791
129.383884 726.089217
139.695188 737.241652
129.324289 722.165170
110.487946 743.462909
99.229869 80.438601
115.838688 321.126201
111.986131 729.577561
128.236039 730.507326
104.612172 81.146809
136.372660 309.146718
122.488080 704.726585
121.490785 730.065117
130.331612 713.906707
115.118037 746.696230
114.817454 71.992066
150.081010 321.016562
119.473261 716.154501
149.914461 741.903247
143.228737 311.523764
158.525576 704.791802
174.179185 55.046137
130.439408 730.787411
175.118736 307.462978
152.517012 718.853419
117.613871 43.800051
133.816638 735.306455
117.932608 326.368257
148.405911 688.614269
131.040953 81.135438
155.725136 688.527020
130.754465 730.905178
155.747982 329.513912
161.477124 78.225180
134.514729 673.364522
160.416300 695.834573
144.056854 742.954258
141.757753 69.360143
142.962453 327.637187
139.498152 331.077028
135.450276 669.172571
149.713587 727.904587
158.602278 66.673527
167.320359 304.049757
137.141762 678.077745
163.080757 743.148188
159.595615 70.106166
152.934405 673.621614
180.601870 298.513004
165.436661 715.936408
178.388333 85.578922
170.720236 662.692380
185.327523 78.972534
170.753392 305.920476
177.793071 744.434424
172.164834 675.503018
158.842883 107.255276
192.645938 725.451724
160.746736 319.476052
174.613218 645.814015
179.669909 705.929123
193.446028 109.138216
158.143148 309.452902
165.229670 654.530757
176.889482 119.249210
156.924061 719.318975
206.556719 313.784062
183.545010 655.685892
164.628658 696.657352
158.627596 89.288515
192.817784 311.684722
169.970703 713.985105
178.180151 647.310414
163.202293 712.838575
174.091918 113.017154
180.795827 626.494689
179.064049 321.204146
172.877136 702.632823
186.755471 81.496070
196.503318 295.575869
199.009314 630.257336
200.463731 691.775710
188.438610 95.276747
197.584926 683.025381
186.411297 315.216835
205.032320 624.434625
194.117199 627.639275
199.403784 94.981819
182.655999 678.736643
192.898059 287.100721
211.236059 617.110914
197.521812 677.454098
208.778560 79.243499
195.408747 298.972550
191.484036 288.462362
193.482915 302.487961
196.014758 279.504698
180.982870 678.308047
173.942778 685.334962
227.989037 611.016358
217.001256 83.442342
193.962214 633.980880
205.062301 285.618866
211.431601 617.208438
176.424372 287.051067
229.946740 101.943164
216.119932 673.665024
229.991943 598.875529
227.175247 621.778828
219.817949 251.768786
217.467685 74.506266
250.884073 264.391339
226.024441 251.843192
211.453081 252.964152
219.853959 274.351057
221.958965 637.244686
223.530279 646.272786
220.664979 600.078816
227.849953 583.705622
221.720958 103.896044
233.273785 251.448625
207.137053 649.235111
198.904160 593.497025
209.615614 655.801749
234.159605 102.351989
230.445307 258.076652
221.347674 553.100164
227.059283 562.711002
224.254039 234.424130
233.283303 640.127920
213.147545 83.080210
227.154662 563.209161
245.281853 229.355802
224.278845 245.593987
224.816228 231.260542
207.374075 620.590122
234.148447 624.363557
222.935843 99.762451
233.496317 557.587314
234.047598 228.203178
256.140258 577.661861
240.876005 632.081954
230.546897 97.280500
242.414409 632.959179
226.893243 229.829412
246.190472 544.300145
248.445810 539.286268
240.216989 83.445405
241.094997 613.417111
255.146922 224.762546
250.033857 521.200194
238.957511 614.358680
257.403700 100.866650
240.547926 233.485040
247.608329 548.314191
242.052720 629.144782
247.630775 101.435515
257.977934 234.369763
250.258974 227.067626
266.361079 533.258227
264.716240 615.646572
262.526817 596.538066
258.420227 98.441353
244.627582 242.949457
259.173755 530.240314
244.651200 237.587623
276.636224 561.106268
278.964911 76.052563
250.984073 567.513057
258.882571 242.228104
256.352437 602.038176
294.084382 103.065031
238.264408 538.393287
263.900529 92.601641
275.321053 243.347081
241.760866 603.802846
268.456813 253.666889
260.711333 250.836280
258.440566 270.491471
260.002052 533.440522
256.090626 112.825119
260.734105 592.016247
248.466192 266.239345
247.869631 255.935351
249.072975 254.168180
264.530334 500.867645
297.304544 99.707050
270.046231 579.488696
260.751721 266.158864
262.321577 510.080176
280.735460 258.810599
290.248448 270.281288
274.620868 85.679284
273.105976 513.356409
280.019550 599.723110
272.170375 566.294254
240.161665 582.790510
280.785698 278.547986
291.572374 113.744847
274.867753 288.395495
272.474858 266.409861
232.102906 481.540614
270.637466 495.131304
287.350204 503.254098
298.894399 564.348520
274.678329 107.508652
276.707162 310.873653
269.793003 517.184469
278.858975 552.912861
271.466175 279.731039
273.236423 311.266638
292.246618 485.436759
272.386117 102.087922
267.569189 550.401015
287.320974 309.345182
320.824617 474.166045
281.693361 304.215421
291.988917 300.067904
305.578430 302.884383
272.534526 322.819164
288.969227 313.469123
304.061482 486.415600
261.513365 332.188982
279.905972 88.452389
320.573341 559.570906
289.183471 472.168424
294.188259 340.677049
283.461283 367.792524
281.315681 344.860203
296.969892 316.198644
285.877428 362.091970
285.138793 347.559424
284.535882 348.964356
300.856502 333.644670
302.209949 457.333230
293.592743 486.618769
297.094922 97.356316
284.480757 369.204811
288.336899 551.385312
294.241559 466.850603
299.440138 81.173312
302.391217 371.121046
286.221165 383.491248
285.894923 368.890946
316.732360 364.225988
283.386955 374.220756
285.363359 359.587503
290.604477 390.058233
304.004529 403.847544
309.945761 381.686719
316.088560 412.259111
293.013535 410.897033
301.320399 473.468279
304.293762 533.237627
308.195083 93.657728
296.415913 392.717413
304.422075 447.766726
282.230114 555.470175
296.093113 380.315147
318.466673 403.568822
294.490811 417.724570
305.298712 422.774316
312.330115 420.193349
316.097920 446.021748
309.070918 440.820207
274.269330 107.685980
295.791738 554.568853
285.858936 441.750514
303.966831 427.289268
301.254587 452.518510
301.907417 106.784898
317.669295 567.450627
331.919461 101.690290
334.005668 552.949207
328.723735 114.057835
322.640080 543.893763
281.973703 104.004049
306.601227 557.202378
317.320453 91.778400
321.427613 555.757019
297.900451 112.476823
310.070226 513.262855
312.758995 125.669141
344.790539 524.248855
346.304877 98.800806
328.052547 497.449886
327.895544 92.300882
329.092076 516.963336
317.787616 96.716125
324.698789 512.194400
345.858737 122.210400
341.950557 511.637653
331.127915 497.855681
354.452873 107.204265
350.450248 524.829704
352.073419 106.538299
357.463732 124.966919
356.573198 498.990672
346.288981 110.898820
360.651732 506.870568
359.227264 119.145350
340.885148 502.363863
350.874946 131.410858
356.319176 500.994051
347.027925 120.219570
359.415530 513.060052
379.622598 120.974829
386.847139 502.890189
387.272019 97.494696
368.995339 454.238097
392.560278 487.953971
368.327568 487.610247
378.460914 126.807360
358.847926 452.445525
395.049977 138.355389
394.139820 487.088765
406.668113 136.372187
393.614447 465.767943
393.197819 148.243745
386.776347 484.330362
390.093522 140.073967
393.798193 484.270788
394.828191 144.801429
396.037145 471.793136
416.156457 166.242956
411.664246 475.702557
412.450660 146.192901
387.768520 476.995151
420.790763 128.272829
407.551002 487.210601
375.376811 161.679234
413.600541 488.607487
412.290913 165.896535
419.840274 485.184201
422.109870 149.226420
415.691846 500.336228
438.572957 155.953123
429.276905 476.391854
415.876623 181.276677
441.519847 501.356902
426.492549 498.514618
417.865678 161.413724
417.843137 510.939834
466.433140 510.925613
404.038032 522.928620
408.405220 145.090957
452.559541 510.784698
429.969948 524.476580
450.481686 158.966271
470.172192 167.785570
442.413457 520.848142
434.067405 517.272680
442.892724 208.319917
437.247418 531.858116
461.214402 155.914110
469.103944 547.249437
470.149885 184.015997
476.847797 563.652501
442.695677 529.684310
432.281480 537.786502
443.715857 179.248375
449.983504 557.090128
461.633064 558.738990
447.614632 555.526401
462.475619 158.757563
475.280388 557.812032
472.035682 565.575323
465.496477 576.175892
433.562129 180.996590
472.162931 191.043428
474.334792 590.044653
483.718073 571.542410
458.552995 182.514776
486.162546 566.446572
485.377429 582.597467
487.887071 166.121883
470.231729 584.534742
471.000381 600.704547
480.742343 594.681848
463.053586 188.661628
492.835039 587.881979
474.428460 198.052481
465.994363 616.229763
482.496514 600.612746
479.082971 175.485785
475.008928 616.838439
498.053333 619.465780
491.276255 610.231573
494.278902 203.843522
511.270129 615.590135
475.117941 619.141805
484.308171 645.789891
488.559850 636.790711
484.687458 200.049715
494.236955 509.922148
477.476297 491.302401
503.537025 503.749082
512.469671 493.740706
486.498712 504.701962
463.691517 196.670636
489.519626 626.843861
483.638291 488.344774
493.609686 629.832489
500.084940 648.638136
472.836458 517.615765
509.898780 502.853531
487.084941 513.128429
505.412401 534.995165
491.632609 513.603398
498.487573 197.453928
468.883831 472.633526
497.676869 638.167527
501.900635 206.492079
510.549147 529.975415
502.665415 638.619252
528.065486 524.179156
515.886296 492.932216
490.022721 535.398263
471.172254 201.555966
483.545446 660.191726
502.942179 488.345539
516.293653 522.281700
506.121922 552.517274
529.053182 547.033084
478.816742 550.292867
505.214861 198.999926
517.058166 640.994902
535.439970 482.505884
513.126881 551.589949
508.147480 541.573382
504.475568 550.829105
486.750398 555.686058
518.380611 578.327219
506.298435 553.785466
513.902418 592.484253
513.681144 216.778211
502.956443 570.722269
505.325502 662.698340
556.476528 476.808508
514.874187 652.350184
513.302491 678.279150
500.938050 203.825609
524.535262 601.584540
527.489939 591.326042
542.706271 579.355630
513.885640 608.383706
511.372894 589.584791
529.488743 488.956218
539.668712 227.697365
522.538160 649.512717
517.543456 647.110383
518.505519 667.961996
522.824598 600.738782
524.212281 228.346643
508.164265 477.739903
505.818194 593.731337
516.707269 223.624911
540.346360 599.276936
527.706588 683.245873
539.984653 671.513975
545.438925 681.791075
520.493386 485.693041
527.681173 205.581849
522.246312 612.857821
514.741780 622.924426
511.012918 672.990112
518.785485 501.045470
521.910768 231.731482
535.860786 704.161019
528.083149 624.602008
546.471860 641.728238
490.894418 612.912284
528.003273 617.531459
510.471249 231.308712
526.319115 455.982618
536.867617 655.254024
529.258180 690.716168
547.862400 715.736590
527.729499 695.928038
531.424016 694.300409
552.650124 220.833040
516.946325 478.150726
529.659741 630.636698
541.453577 626.058704
549.732358 651.473032
574.061176 700.074777
558.958128 228.260100
510.779650 463.064351
536.485196 637.870968
546.919381 649.501897
535.798664 227.529206
527.668081 718.844908
550.892317 712.547839
530.766762 710.299129
560.720970 707.036244
535.973532 721.640567
543.405493 720.729828
535.928480 502.787007
554.751462 733.016432
532.403059 670.123735
549.896890 245.300771
558.346058 664.364131
534.657909 487.655858
570.072536 745.952480
550.695860 226.660852
553.944776 667.962617
542.094725 498.204981
543.737025 740.861766
562.025451 749.276770
550.004633 729.979527
541.723418 738.652776
564.139147 249.884474
578.722043 666.109274
568.543777 680.377745
559.094583 505.778702
538.549028 664.891925
562.872440 230.874551
554.049729 773.637558
567.643391 497.291311
566.415771 747.159658
548.977307 745.381395
531.621958 659.489973
580.743564 687.255090
553.935484 678.260000
566.717857 219.469462
583.199731 690.310650
574.155484 500.176063
567.359254 759.121297
573.200607 244.963872
557.877798 675.404856
586.667871 508.142183
574.006197 758.987385
572.793393 232.611346
566.367016 684.394022
574.787680 476.120666
590.161690 763.375474
598.321459 695.190958
568.083480 245.534678
555.921337 486.461749
584.229119 767.911449
588.425688 713.114770
582.919461 231.565062
605.294006 491.580323
573.215588 759.953429
587.478871 693.551627
583.478451 695.248760
596.663501 688.524289
559.847458 713.376725
578.830579 739.679898
567.141122 755.120961
573.138865 241.797871
587.977984 494.363490
566.720678 231.711371
591.283429 712.149364
547.280510 742.047316
597.729924 722.873556
562.814051 729.222884
600.891577 728.154422
594.719480 740.163030
600.886961 745.217844
573.480481 739.351924
586.651154 761.259324
589.162703 494.738749
589.781085 252.596114
555.537329 479.556277
605.516241 249.917954
598.076546 501.786740
617.329565 233.874358
612.435152 491.100480
607.946100 238.111804
612.139513 509.320690
635.607670 234.239785
598.599671 500.082783
621.151154 230.165850
614.254614 491.337254
625.199257 231.144271
613.778887 488.978707
592.433169 242.455361
632.074731 457.731212
623.294691 254.635498
627.556622 466.420847
629.487755 239.997955
632.704153 483.482829
625.985118 248.832947
632.737576 450.461131
643.199897 247.717018
611.985624 461.683164
630.157420 225.946372
638.107658 483.548229
664.583423 228.864537
644.686087 474.771212
650.683577 257.689492
645.443968 468.452570
660.367656 256.307326
640.056756 744.305493
645.597566 765.832591
656.772270 752.249021
656.847473 757.352758
664.152976 748.834218
657.387576 764.704718
658.679257 479.649336
663.142830 783.286107
643.560252 236.698215
641.249974 466.996624
657.337512 727.620472
672.944874 731.385173
703.945435 763.501019
660.897168 243.870519
669.057491 472.329091
645.296888 729.617502
660.274269 713.736305
687.107049 782.908868
643.593955 238.445554
650.857189 466.504947
646.391072 719.628396
645.736674 771.336722
663.176410 242.344294
684.003870 469.966381
674.130364 725.350171
664.452338 761.433538
700.948101 233.244317
686.693331 472.585015
667.334461 722.738463
683.420143 775.081448
676.691265 231.626754
696.577667 472.240234
678.310897 694.343844
667.882426 710.697365
694.409476 768.639007
671.050043 231.538211
704.366532 457.807819
686.050814 715.183880
666.215672 690.567546
676.805925 766.932666
661.696633 227.281131
678.708586 465.316861
716.928735 694.492297
672.617748 762.619609
700.036089 235.277719
692.126925 469.833285
674.850984 775.276629
705.784659 671.947660
710.615924 248.523939
677.344756 443.931061
693.513534 666.356810
706.266570 761.185034
717.316215 219.190896
698.751924 447.353079
711.265781 739.405481
690.696732 670.399480
690.239529 769.685819
708.575036 225.601025
708.451582 475.869885
698.065577 673.428758
697.385335 731.667514
687.766125 211.543758
735.307882 465.258170
680.744268 736.523855
673.742262 686.838840
717.153251 231.967663
696.637541 444.136881
717.418586 691.793874
722.777580 757.499004
725.677694 443.145979
729.428931 725.549453
717.661846 225.912637
704.300754 671.277916
708.315645 443.182219
724.912752 697.832608
712.910329 232.926128
719.886945 669.799281
729.764915 450.740505
716.935283 699.275537
727.862686 719.830446
722.397374 728.478155
728.769714 727.410041
723.727825 742.230395
707.900774 249.765349
728.294603 672.579176
694.821596 475.072494
734.350896 666.669897
752.584776 713.194290
716.708579 227.373722
735.226664 696.269028
718.590790 220.826820
717.135971 455.012728
724.819073 642.883905
730.246436 700.477644
725.815389 223.172600
741.493974 433.302506
688.089819 655.066933
762.622289 715.855727
739.775085 246.592051
705.767164 453.401193
726.958612 637.228592
740.517697 659.957527
753.019059 698.413635
751.626149 221.241401
729.043178 439.732273
742.875939 462.428309
749.538005 447.489791
735.578230 650.491263
744.930862 706.895116
747.016845 241.369580
747.999900 688.974132
758.569967 446.585807
725.065786 636.222745
767.258680 211.647478
719.672744 455.665891
732.504272 462.830066
742.859566 450.675264
731.602104 473.127995
750.836961 485.953210
742.042786 464.065210
737.027038 488.385247
732.837698 705.136406
755.095250 628.818482
753.021127 220.350655
746.916248 485.811417
766.668527 497.043167
755.223120 474.578573
746.262761 493.485531
763.963889 497.440840
777.276705 669.565917
767.858354 644.726072
739.024063 689.108129
725.034918 215.003957
775.108280 491.398291
754.793871 501.949831
756.817594 516.265465
772.786688 522.899441
759.273002 527.835126
746.684773 521.276220
743.981118 524.176601
761.796113 547.079320
764.036476 629.566323
760.685651 618.527652
749.576820 676.294564
768.087351 212.934240
751.252617 683.997759
761.927702 553.715282
773.302274 620.960771
761.156304 219.063928
775.952303 547.763439
750.368177 544.670281
776.972752 549.555834
773.166903 554.244562
754.208186 566.700921
756.643572 677.810593
757.760715 570.220881
772.522394 613.277573
752.170623 206.218603
766.826634 660.563372
767.563310 547.383543
761.817180 564.078885
750.830433 565.895373
781.976357 578.351322
742.880549 609.028322
757.010314 196.090641
746.199386 664.421217
762.930112 586.102212
775.157556 583.754227
778.533697 574.194195
774.588350 591.836513
776.007061 611.095015
758.566628 605.095012
779.476400 594.133523
766.703233 620.453681
765.814734 218.176902
781.008141 647.579265
779.487182 216.824712
762.208805 669.030543
793.628274 648.808646
766.305559 209.769455
819.793356 642.988467
775.497404 227.124897
769.148772 663.280419
779.393762 215.126388
806.112368 639.807222
800.352373 212.250431
794.938388 623.181869
808.049291 207.404736
805.702697 635.176091
807.164996 645.303864
784.779558 213.386347
804.107551 623.495145
812.318668 220.830864
831.917536 599.207789
794.266695 223.281683
805.671063 630.832253
826.084232 207.343458
805.355134 624.362408
812.080813 244.078649
830.771645 531.665914
803.292279 518.705661
798.622636 529.169731
810.864195 535.028549
807.894094 537.893131
814.887343 547.008375
795.978750 562.387818
818.062112 560.582461
824.787504 552.136216
814.940906 603.448805
818.186470 570.751679
824.058482 227.744322
824.195204 494.919652
809.665976 610.457502
823.253029 488.266776
832.180138 497.193268
833.988400 503.247217
833.121857 565.523243
829.470575 565.631244
826.087613 580.230451
825.700372 574.811975
833.703425 580.261434
802.673406 597.441340
827.331191 208.987737
828.839264 484.338561
826.858868 574.514220
853.332173 612.500032
815.240583 489.625746
832.839417 498.242107
817.778043 485.594973
838.310289 615.449931
830.348718 577.612262
832.883711 584.584549
828.641134 213.503909
831.686850 214.294056
817.975773 468.119675
816.943604 479.748969
867.934991 220.630167
843.225307 490.817442
864.098104 495.465506
831.764928 233.515599
843.370469 495.559841
840.377499 227.007093
846.057337 508.924014
825.273841 229.165165
858.370081 233.325117
860.874678 515.688909
840.872625 509.223179
856.632660 503.358108
859.124394 225.692128
826.616644 511.906420
875.355709 220.760990
834.994835 502.693821
867.045286 245.229837
851.426509 501.733049
871.274769 247.318803
867.680322 521.104891
867.869014 508.618879
840.505301 220.624931
860.715784 543.016573
889.502437 532.865747
855.899743 236.616546
844.421524 240.051944
889.828305 544.569207
894.907470 537.245894
867.713202 246.055616
882.253425 545.896931
881.889413 546.061852
888.701050 238.285215
864.926996 250.830425
891.822227 569.434013
913.859720 250.399477
847.175690 555.577699
894.915808 560.407395
905.032000 566.491392
897.223752 275.033149
888.202085 263.089554
886.995190 558.941182
893.308922 568.074419
907.452120 265.588819
922.462517 576.536135
916.846951 270.301145
921.509832 253.025835
909.171154 566.730056
907.567997 263.832270
886.339939 565.297431
902.141585 589.739667
893.922693 607.713914
922.316692 251.045988
899.761625 454.696321
916.425663 463.092810
918.065121 461.678245
904.044228 493.745127
902.921801 264.467582
911.836669 591.212137
933.149953 572.250629
914.136011 587.494516
913.062454 463.317040
913.304995 401.103902
912.786043 408.217286
924.489541 424.553978
894.710412 432.242916
891.654435 422.463866
901.529091 434.071828
944.432252 433.246644
928.314144 441.709869
917.081504 446.718298
923.088245 445.535299
938.243436 489.559142
940.980219 470.422630
929.387938 455.872087
925.267559 265.297500
915.831875 478.727030
917.506449 595.240605
925.065934 412.833914
911.940593 592.661727
917.934625 227.132872
907.504330 383.207240
923.012726 487.041997
922.034096 497.256816
904.458111 480.600055
915.733154 280.654487
915.459675 609.723815
948.523862 607.939901
909.305003 413.472589
926.223590 490.954937
922.627155 499.599194
944.097184 507.775097
953.880050 251.416585
913.443011 521.368686
945.563096 600.607808
946.711587 386.011483
928.783110 246.563103
964.344930 509.704756
939.867133 506.176792
925.206178 536.425680
960.495591 609.548678
923.332269 258.428717
947.369438 400.178839
945.116350 601.927414
939.657704 402.966006
949.997743 523.297511
952.778860 536.402492
959.086422 249.954528
937.213810 529.513770
935.017323 622.532340
954.344215 394.034286
954.890245 602.061412
952.717068 622.010491
929.308231 272.275731
966.805947 531.854961
973.077642 279.714983
954.347986 401.594092
963.056775 538.377658
934.433014 606.486112
950.367077 621.940931
939.180114 636.691397
961.427845 641.005983
937.679578 638.776786
970.041684 428.310760
954.595263 280.590279
954.916339 553.794851
947.174145 636.981157
965.323732 418.391482
986.531788 407.388347
941.705793 419.876391
929.860632 414.257985
939.996180 439.473096
950.289205 418.405550
965.147954 265.680331
958.801416 535.748437
962.337746 661.769157
954.237684 292.679173
960.100636 442.599639
937.192647 549.979691
960.220420 435.721389
952.071528 450.058275
968.603854 452.847723
941.000002 441.683904
944.386838 635.527441
944.998854 667.313093
954.798441 278.543198
968.661226 569.345231
972.411650 288.290891
975.085416 438.092704
962.979924 566.127750
954.811908 641.178397
975.603945 464.944117
949.809010 473.156050
985.019375 464.472016
959.967809 688.694883
972.467566 673.513311
965.828518 298.304518
939.894241 567.124359
959.906252 577.805996
967.825975 586.501937
960.611309 287.526284
954.651803 476.237560
961.918330 659.466625
947.071725 494.872962
993.722178 464.909429
970.851859 680.179795
995.836269 683.564509
965.487056 670.277567
952.395515 285.014523
946.180570 572.763332
977.257934 292.361091
961.455502 487.480020
965.348810 579.494146
973.897657 700.038687
949.615040 706.716138
982.617755 667.893200
989.034515 479.117234
966.621741 289.741099
966.304372 571.858763
964.987547 576.100959
962.495400 606.333923
955.392489 608.628068
991.551515 596.708795
959.695048 599.065844
1011.509360 314.868967
957.016114 691.890002
988.884212 487.297005
971.594836 495.152868
976.268045 485.442203
972.960725 508.703256
967.187831 504.336778
996.083442 490.417381
971.799007 510.115166
963.226094 686.622296
978.138779 712.357680
1016.115882 313.629634
997.685082 602.714685
972.756500 613.259359
982.023413 628.513542
953.794233 310.254051
955.981705 516.566122
969.118491 618.808348
980.447751 702.135334
991.661850 691.620634
978.290841 727.086818
986.055248 709.300777
952.599755 732.097457
977.810362 541.952674
959.340722 312.738526
957.697090 620.385199
989.060756 615.163301
982.881111 613.449507
981.451917 626.034082
991.383631 330.804398
992.620863 724.124901
992.959042 526.194600
967.788777 510.011814
959.713967 364.474868
963.922137 339.789649
976.580527 342.753938
984.241014 631.756544
1002.177626 641.194912
1005.109193 641.646587
974.142481 536.571382
981.241568 628.976466
997.686288 708.208882
989.138823 532.858035
985.272661 545.533503
997.008065 734.447293
980.746427 722.548138
1008.800376 730.518105
997.968968 335.051943
986.168470 338.347732
977.741350 658.964774
986.859185 345.324487
1022.650613 759.136018
997.230002 568.189840
1009.064286 657.325354
997.599787 733.949973
1018.554114 744.230154
1005.343101 751.193721
964.491799 769.265408
995.178715 769.400348
971.951098 768.022566
998.914000 779.515575
989.747149 539.292013
963.306237 340.550152
997.345019 362.306354
994.874164 654.969055
1007.350856 656.679829
981.586609 360.738683
997.342192 662.375762
1008.541681 765.431301
986.799623 556.775713
990.842516 773.967425
989.599451 776.187236
1030.311998 364.152075
974.826836 351.263168
997.901074 369.806853
984.582359 375.641732
988.544375 389.716622
999.980832 646.791629
968.843296 675.971548
1013.693884 674.029539
1013.580097 688.988020
1016.406129 566.731176
959.069972 791.180312
1017.818288 778.473705
1014.084383 791.203728
984.568112 376.597604
1030.019545 556.967883
978.926776 392.811298
1002.211481 695.256959
1008.548332 392.596671
1018.514733 694.028306
1005.164172 792.965772
1005.304658 565.054283
1000.011552 550.386160
1030.603023 583.311506
1012.682487 590.681874
1011.981980 384.115082
1003.848035 382.490816
1006.970486 395.266903
1003.099942 415.882500
1002.910163 415.528236
1020.045531 673.488332
1032.130219 786.535215
1039.577466 572.664329
1009.227935 427.142075
1015.768535 699.797366
1036.267533 409.154198
1012.131425 789.157368
1028.990061 416.344371
1043.755566 589.564900
1033.950573 690.569762
1026.947269 805.549304
1007.665264 429.777465
1012.083701 418.418103
1044.322199 456.265925
1031.416361 451.549960
1022.949401 432.712612
1003.674706 698.549708
1033.911740 682.250222
1019.199524 709.532153
1038.552182 718.665906
1038.502680 729.978597
1026.752652 574.057670
1026.347903 712.629271
1041.849975 790.892173
1054.723327 570.256497
1049.849119 462.258819
997.009666 435.416476
1008.370813 449.533415
1026.584002 439.536115
1045.644162 442.572483
1021.943767 458.838284
1012.844011 462.862883
1018.471223 457.756230
1040.001996 475.839962
1024.708731 565.379715
1036.601722 717.682311
1021.252178 716.293611
999.791920 724.501388
1028.547994 730.814803
1026.214348 756.163794
1043.431394 731.065432
1033.087049 746.222186
1029.048752 762.293327
1034.022243 736.363854
1045.228976 762.093203
1020.127660 757.833284
1034.119564 776.628662
1013.612049 774.857259
1014.814449 766.790829
1025.938997 773.393150
1032.853627 774.193709
1004.524878 491.076497
1029.008248 569.486630
1052.269177 479.042433
1049.846945 463.748232
1005.639128 478.452186
1031.714011 493.165981
1036.810550 496.984285
1027.103777 489.397600
1052.941341 500.442434
1014.583064 504.630149
1048.346972 503.194046
1049.238936 581.364547
1060.821578 577.723884
1026.178922 504.822568
1040.876922 543.548236
1031.978888 513.257518
1066.407018 500.961581
1039.363585 520.408726
1031.998028 542.120181
1027.567441 544.243876
1026.918529 544.057428
1027.516144 542.038855
1035.820709 544.062375
