46.036676 672.511744
41.825569 677.449565
47.689389 681.840969
48.723119 688.495383
50.559403 691.434222
42.736942 705.297998
45.041935 689.860022
44.765813 702.665464
42.269988 710.897381
43.420919 716.192028
39.084117 721.019482
37.334932 717.321361
46.411203 732.079095
40.353858 720.534626
53.296007 733.777923
42.413547 729.778408
49.309091 737.724104
49.529832 746.165507
42.127361 746.800202
50.515637 752.362114
42.301782 760.604850
48.387288 757.300598
48.552319 675.185789
42.915987 762.307870
56.927269 769.092764
56.271891 772.217564
48.528724 773.934820
54.579433 772.869627
53.061342 779.003971
50.997547 666.256953
60.913961 788.745693
67.123704 665.754597
56.342455 790.981812
58.882736 665.677687
65.022141 793.535849
60.732830 793.575999
58.934103 666.902101
63.218573 792.945760
64.011856 446.005485
67.691415 441.123635
65.594061 455.579831
62.648437 462.494322
65.243103 464.723150
59.191380 466.763236
66.495789 465.871457
67.957830 471.270290
68.372143 480.358076
66.803959 491.473941
67.747728 488.781329
65.090913 484.749204
63.897380 495.593274
68.080914 503.912708
60.402776 804.839078
70.214228 804.921341
75.211845 813.916294
75.960094 657.004639
68.024895 445.591572
67.407345 499.423389
77.249876 818.983853
67.012698 422.260627
75.668161 425.393142
68.303703 434.305587
68.505329 504.145215
72.113169 511.450925
62.513905 819.769079
70.831272 828.491226
68.433975 657.706492
77.437824 422.472172
75.893721 504.792600
76.019862 821.634725
82.317195 410.956005
77.535033 417.333978
77.389292 511.010329
74.850086 508.896236
71.441968 824.085732
74.822019 832.383894
76.819156 652.034174
78.413340 413.742696
79.732556 531.249189
78.079646 831.740288
84.127527 521.214448
80.223494 526.694568
84.357681 652.648583
83.648126 845.563002
76.343726 843.062453
84.984773 408.980426
81.655287 534.354372
83.017265 657.946741
81.410392 841.378859
85.894564 402.950466
85.842459 843.890339
88.327087 854.284644
86.318635 858.711949
85.334495 857.948000
86.972778 542.895520
87.253702 646.032960
91.945405 860.318745
96.203317 391.823995
87.411159 381.080370
88.522035 543.307517
94.021582 871.803044
95.132612 872.233588
86.157132 654.537615
94.453577 385.102603
93.680365 545.026512
93.785830 871.364117
96.867501 374.431748
96.922399 545.820785
98.747745 550.511684
94.958040 881.555125
93.232353 887.266381
95.049069 887.304953
92.974882 645.762570
99.961647 368.379151
98.376422 549.200308
102.408857 881.124281
103.833638 553.984485
96.880974 546.985578
93.374241 649.543343
98.720647 887.587837
107.680668 896.461278
103.614508 368.909158
103.147431 559.026855
108.370085 655.006400
100.097874 902.046302
102.947300 899.571214
103.415780 907.253997
109.232088 372.510354
112.521383 568.104981
109.954492 655.033620
111.702093 917.053403
117.412589 361.466331
112.666204 655.359653
111.794138 907.408687
115.156372 550.107164
116.041986 360.719157
113.551672 572.468122
115.847620 651.544813
119.466946 915.139367
113.138018 924.866021
112.894159 928.192066
126.546534 363.061659
118.116767 562.951741
125.388487 650.000411
124.499465 574.513032
127.146062 928.832498
120.175317 667.277803
114.894787 658.583339
126.627686 361.045426
128.301852 582.219597
123.268505 584.791990
130.093086 919.375390
128.598523 941.835026
129.828037 670.905737
124.322917 356.449764
131.878765 580.003635
134.358539 673.645467
133.315264 937.154219
144.217123 364.337282
131.028280 588.198626
135.065974 679.059294
127.615333 939.940204
132.418359 672.708324
134.640299 347.150394
138.399284 589.509440
144.814754 942.056129
137.186228 677.746996
134.258821 352.787195
142.100778 590.433570
138.844417 941.529426
137.441459 686.421940
148.674846 347.924640
148.643447 595.727375
147.943434 691.163258
151.346426 952.913772
146.662090 353.191689
146.595826 599.907564
148.668935 948.348595
150.075336 684.422613
147.959711 335.974104
152.700325 594.666624
148.010620 953.700832
155.797684 696.189642
157.432850 595.683722
156.287965 690.850223
158.515645 354.815619
155.826564 955.834423
158.189768 600.975741
156.063064 695.337685
160.763959 346.191042
159.184680 961.859319
158.307439 606.178447
157.250055 700.482023
164.874049 368.815541
170.131066 959.141443
167.703223 595.043600
166.257728 703.245220
168.626202 355.552066
166.845187 954.867572
170.227137 606.372332
174.489618 704.007711
172.726124 361.435630
174.433717 955.824014
169.153015 607.973640
178.214593 708.262141
177.910160 371.247522
175.352588 702.722726
171.198566 965.774499
171.338690 605.616585
182.202709 381.649753
179.409256 709.259987
174.242757 969.635334
178.229127 617.370265
175.452003 369.778408
180.370123 712.492205
180.507117 961.291013
179.523920 612.353318
184.748965 372.025577
185.727173 718.440198
181.983982 966.212002
183.465548 376.910125
190.733412 384.416463
188.245515 387.435087
187.605543 384.952757
184.579727 395.610996
191.265787 394.487940
183.084461 408.207612
186.175368 405.290140
183.522778 408.114718
180.019467 420.080386
190.181036 411.105150
187.128751 615.403990
188.874328 424.808213
194.819142 723.501781
195.608589 214.796271
192.717323 214.462592
188.569487 211.980885
188.790967 230.863870
190.153327 231.095232
191.196095 228.185960
192.856410 236.466239
192.938768 242.523825
193.973840 247.027687
190.340093 246.878929
189.953924 249.865338
192.829766 253.555583
186.266255 260.384281
196.079282 263.524295
189.967651 267.931762
197.593450 275.811075
184.516015 963.699579
196.385481 607.157361
194.315401 422.906711
196.573678 274.100924
195.458556 728.936593
189.420143 202.418888
197.911307 962.053206
191.698890 273.159122
195.735905 285.284173
196.057714 607.591303
189.778319 421.893811
203.323327 715.046024
195.445016 208.842796
202.590702 958.167969
203.073390 280.068065
193.555091 612.420354
198.481735 718.621321
199.283935 203.532902
203.012893 427.447669
204.930356 964.726372
203.772606 280.812280
212.070527 611.201969
197.086425 726.585354
200.938388 193.974645
204.820785 433.018302
208.859642 286.918898
200.980083 299.257953
200.863886 729.170872
206.730141 965.181200
213.812707 605.911918
203.571035 198.231959
209.274692 430.852181
208.124911 297.191246
209.740786 741.626905
208.869293 959.885928
216.119246 297.170543
214.248308 613.381331
215.486719 192.915138
214.892054 424.252921
210.930902 738.139089
219.855370 613.275570
210.363519 970.598569
216.221615 184.184108
218.097078 305.622358
216.884791 616.385738
215.873811 616.917397
216.687573 629.771712
215.993684 624.705907
216.968490 629.006117
208.167261 632.282933
214.841808 652.604829
213.351503 425.263628
218.602263 638.704746
212.966039 729.288297
219.728041 964.158967
217.942716 187.660909
216.152839 309.622803
220.177960 425.798726
220.729245 644.514099
219.224541 651.410259
223.989028 647.656296
219.543884 667.023982
221.025626 663.159859
221.199940 671.565598
217.566501 672.433229
213.649897 675.736395
219.945090 683.013425
224.889878 675.230482
223.113489 684.167947
216.539283 691.528150
218.821113 688.205466
223.300703 697.077842
215.729838 701.842666
222.828466 698.059509
222.345030 723.817931
213.926138 716.191455
222.580893 712.696466
225.501898 727.017009
223.855024 727.485809
224.785384 728.684807
224.105496 307.087122
227.600441 966.556384
219.204778 182.774674
217.317564 419.911240
217.710532 308.057997
222.393571 952.897887
230.494128 179.696304
223.320062 429.354559
237.852087 317.189912
227.093878 953.393585
230.822080 183.835441
224.648114 416.201822
233.558945 310.059955
236.921673 952.068570
234.726283 179.100570
238.238914 425.904937
246.958186 313.098174
242.745515 948.595580
237.555870 184.362743
238.790479 314.126388
244.320678 425.458048
250.780642 942.047031
241.195689 187.055495
250.789140 316.033718
246.128636 427.723005
242.213932 948.514744
255.289868 179.743820
256.106781 318.559230
246.111195 424.731058
246.925164 958.496711
259.988445 170.017123
254.906125 319.118114
254.779663 421.937086
255.911308 956.124407
254.004015 183.259872
262.754671 324.313905
262.937875 423.963755
257.988143 942.029206
258.868167 179.062709
265.473578 321.666785
261.935495 426.636297
265.107447 957.176421
263.289050 172.820228
270.516685 324.108285
263.456185 423.792812
266.793752 948.054507
262.709632 178.693621
261.663737 326.843652
273.028146 416.447319
267.431585 942.647552
269.213745 170.855333
271.712930 328.367353
278.510513 415.461279
266.863327 948.357519
287.465614 176.883489
279.514265 327.270800
284.696289 418.674063
275.393571 949.439672
284.319008 162.521067
279.226084 114.496140
281.755562 109.462289
277.178854 119.743249
283.812140 137.254642
273.688548 131.261952
279.510496 138.064254
278.335971 130.769792
278.424993 148.724714
282.989916 149.919453
278.075145 152.503846
290.048314 153.012531
278.831923 333.153437
280.220704 942.731659
284.972357 415.235584
278.542181 112.708841
278.409630 340.992767
289.400678 945.193681
286.664801 77.507265
291.413215 83.538833
286.772028 86.262371
292.717989 92.039203
295.998330 105.412196
290.336463 102.003674
288.948682 109.256658
285.102272 340.029380
281.467703 343.434519
289.772083 419.280203
289.224514 942.402832
291.882056 74.642883
293.900208 346.418441
289.515178 408.034824
289.380014 65.746773
292.570351 344.742731
290.583356 354.927612
288.087717 356.086547
294.115344 355.617462
287.982532 374.388415
295.459187 368.989410
291.404726 375.886702
292.960164 374.731700
296.114353 383.061531
290.414572 381.686720
295.152421 385.338879
285.736019 390.740034
294.140242 397.793619
289.068573 399.460656
291.994147 411.540204
297.726676 940.746736
295.094103 59.773203
302.631284 933.985101
297.770053 71.629955
301.732279 934.026271
304.800701 58.938747
306.691131 933.542190
306.648470 48.414526
311.423865 930.453124
307.885423 54.489131
313.094721 921.750297
313.386511 56.094895
313.322171 918.036468
319.009854 43.440872
316.626061 920.087199
325.158805 47.916240
320.619166 910.979479
327.430023 43.140511
319.345611 911.096299
329.579104 47.536367
335.574871 915.960847
333.760561 52.729135
339.913789 901.360389
340.828213 46.230694
338.259029 900.486995
341.129861 50.219479
342.160827 887.070617
337.349689 884.278096
344.057048 892.837751
340.369020 900.154313
338.453026 902.326182
341.185258 50.570551
348.083065 885.161741
354.463675 45.207818
355.823336 876.096377
354.592449 53.769734
358.628161 886.849093
355.891392 44.411173
359.488900 884.742353
359.816113 55.949634
356.965368 893.233063
362.488737 54.631348
368.542674 894.390771
372.191146 56.298807
370.083614 901.055101
372.191373 55.157152
375.762170 890.284165
372.505995 58.871023
374.421906 892.215927
382.068093 55.968882
382.839177 892.977755
374.101072 64.749933
379.553128 897.987426
381.849617 65.730885
383.729018 904.799058
390.984800 65.855299
397.278219 902.934423
390.049521 65.936119
389.249665 908.959625
395.669086 66.528527
390.958392 906.971230
404.224594 66.901856
399.680485 903.670217
406.903482 62.990025
412.215241 905.942444
407.460659 66.278194
410.342881 905.521981
408.610178 68.113790
416.369188 906.775378
415.155417 74.183387
405.121030 906.806101
420.105081 56.279234
423.662146 910.181976
429.284247 73.047837
425.067030 82.944478
424.897902 908.942831
433.241326 85.591206
422.533509 916.698744
432.982416 80.183411
431.617892 909.544949
439.103482 75.995103
435.356106 900.502913
440.404821 72.451784
445.024389 915.153618
444.388924 67.934723
443.008481 915.325802
448.801445 85.865932
443.581242 899.580787
451.902175 69.655177
451.839641 910.752519
452.892279 71.522235
460.534414 906.440646
463.668882 70.165745
457.420122 902.276187
466.283681 74.465957
460.663486 914.410685
462.100819 82.691276
473.042072 906.356612
469.060148 83.985685
467.789438 898.800384
479.483053 82.763193
481.602959 898.938819
489.297181 82.743509
480.393301 911.851374
482.873980 83.583030
481.684387 901.927923
489.887946 78.453211
487.688490 908.895157
492.406993 79.306724
492.138485 912.414221
495.979738 76.882843
502.256546 913.730534
498.333789 906.076109
504.839088 78.943231
506.198302 895.808235
512.931673 76.841525
502.480757 904.799057
502.895975 82.125929
507.686272 898.119727
509.830782 85.794981
516.255383 894.185955
519.408788 78.381635
516.699537 897.637003
515.990808 79.647201
518.434591 881.978048
526.874931 74.182148
522.663950 878.389013
525.261880 879.372014
522.136124 74.377563
533.593409 879.483810
529.425122 81.970274
537.666514 880.495513
539.311336 71.667262
542.936030 864.901162
535.836930 79.483562
543.582415 864.766112
545.616969 71.970530
543.982075 875.925285
549.100424 67.482640
543.690159 873.673120
556.986689 64.320304
552.685835 876.019714
553.825898 69.573726
554.854171 886.250965
561.877422 60.507919
558.788328 885.665473
562.660089 894.929341
560.486292 59.640486
565.299857 889.492597
577.495964 65.051136
566.625310 902.416289
570.107623 58.171987
566.762196 899.825166
575.789241 59.641915
569.903053 902.757637
581.376952 61.047099
582.367225 901.677854
589.576721 913.650446
593.699131 68.277906
581.206435 346.809490
576.689821 361.969510
580.154013 367.852916
582.729586 366.432854
585.634178 362.221115
582.601917 365.121708
579.331389 65.309650
590.163843 894.631004
591.311487 350.219453
587.105693 918.305931
589.155784 73.065119
586.695233 71.690425
582.026804 76.590669
591.415931 370.701678
586.589444 377.191768
595.370113 344.557046
596.985994 916.447811
591.147372 77.674557
595.734845 386.051951
593.689132 98.884692
587.389368 381.402070
590.344703 340.937840
590.736146 919.733335
601.195493 77.926968
600.168170 386.822504
597.829231 385.257711
595.293363 386.277903
600.067677 344.210616
603.906731 395.919224
593.272952 917.101290
599.138980 91.717016
597.589357 920.399775
600.326930 330.814988
607.107188 396.903838
611.035286 93.088480
610.920230 931.127298
607.120875 97.678809
602.110661 334.612110
610.269918 406.940027
614.510541 932.519326
615.031734 97.437539
610.965818 338.510245
611.432812 398.107027
614.153663 925.730177
611.785275 93.290149
611.806395 338.358219
617.473340 405.472456
615.806757 931.967070
620.846424 99.617255
626.983612 341.138726
618.617645 402.852561
616.778469 928.412206
615.346349 109.643578
625.074584 100.920929
620.579910 114.667133
628.522605 339.740397
615.786346 397.861347
621.378600 916.539331
627.436050 115.386010
627.977194 938.115153
627.762965 333.121951
625.315476 395.204752
625.407528 126.273913
629.187224 130.391222
628.815170 937.612625
631.937619 334.641516
628.445236 401.823493
636.942531 129.212928
635.012784 938.721905
632.900096 330.392226
634.584299 399.805865
636.985954 134.514490
638.701049 943.885077
647.608372 325.714600
638.779476 401.055087
644.243008 131.486630
636.195508 934.626339
649.937166 325.298251
646.863467 396.040991
641.836175 122.191734
648.613449 942.505379
651.873552 146.406993
645.160903 322.035620
646.469747 396.513475
650.726248 144.405027
654.644914 942.271061
654.151523 320.961583
657.759195 402.525863
649.331774 944.546083
650.345901 144.913048
651.652740 318.983407
654.860558 154.946756
657.602180 400.353580
655.538525 945.869780
653.159099 315.142998
658.957730 153.514793
655.588454 402.112845
661.258058 155.301173
657.213790 948.273866
654.527873 312.862810
658.318374 958.988622
661.439713 396.627912
657.394389 156.130705
664.017483 311.250341
663.311324 948.250096
668.588506 157.418084
668.964959 403.185757
665.902174 307.566584
670.337044 959.083982
667.818964 167.646881
668.456737 397.352336
675.735928 303.066245
660.822895 306.445095
670.950503 964.221376
676.613117 164.067260
671.050887 401.087513
677.115352 297.638599
678.344442 206.688808
682.424851 968.714211
679.078359 160.502964
678.332039 404.364765
674.411525 293.719116
683.241119 964.314767
682.489055 173.710315
682.270555 200.308233
683.990340 210.116510
685.324331 175.769640
686.098904 209.640049
681.427920 205.408183
684.212077 296.057886
686.327067 399.740813
682.603991 181.351168
682.362256 219.653633
680.905992 190.417562
688.893318 413.595558
682.125383 958.588892
690.642329 289.040983
695.567135 218.131944
690.606571 181.818838
688.902470 175.998811
684.244473 189.384541
690.106922 189.312142
690.836013 292.293794
688.284884 411.446101
690.828340 971.978211
697.665571 223.774449
697.718501 184.113073
692.784585 228.057551
690.521183 284.278592
695.548834 406.615942
691.668662 965.478293
693.092928 221.140601
698.563962 413.470629
698.094631 269.594912
705.045180 972.391578
700.638576 235.147252
696.002340 415.294661
704.111047 231.236131
696.913516 275.566113
698.209742 978.341182
702.520599 420.567348
702.855762 242.583726
706.056065 245.800897
708.024571 267.215140
703.970745 425.244878
713.178831 969.655874
703.652477 245.068736
708.049151 265.900133
711.623456 263.728210
704.357750 436.784349
714.400099 956.583099
707.043672 256.516868
709.007776 254.630969
718.314570 429.331037
716.430654 440.312519
711.163608 961.781257
719.663839 434.990505
717.957970 964.192728
726.096515 441.460204
713.326930 445.700747
722.411113 955.345250
726.534556 446.500681
726.939774 449.629459
725.311650 946.223555
722.506080 464.296755
727.928867 457.825893
723.823558 950.266168
728.478754 465.166337
735.347319 950.110543
732.379419 459.454318
732.044228 469.499678
739.972258 942.166897
741.253048 467.699797
730.950279 939.724351
741.088211 472.209043
744.766464 469.682032
749.275872 482.789133
740.100431 936.632346
744.307454 476.920685
742.974374 932.111659
751.869438 483.210361
742.885230 495.627537
750.684988 933.354839
752.878508 492.351451
756.116069 930.504115
755.512440 496.177396
768.367830 919.928800
758.577385 497.040971
758.522808 928.023395
768.762932 497.802583
774.370670 930.575361
771.823815 499.356649
763.392711 921.828866
768.376126 512.781758
776.560530 513.939548
778.563744 908.312861
767.419423 908.652342
775.423704 514.576421
769.772234 903.930927
776.435027 516.783400
775.270881 524.811414
779.373617 527.278616
781.462557 908.016529
783.776378 530.240646
787.185702 896.932661
782.552305 533.011380
774.094071 883.078390
785.194411 883.195719
787.244036 536.588801
776.987530 879.975856
793.758098 541.161473
794.127735 879.648369
798.513537 533.954163
795.706345 871.955351
793.497076 541.998542
803.744748 868.738627
795.663471 538.291105
803.724583 871.498702
809.333271 543.603722
806.812269 851.496466
802.153897 869.205974
803.254691 867.207951
804.611735 548.860659
808.039594 849.030423
810.809257 556.653936
816.531127 861.879407
812.470099 558.191253
819.752225 847.776331
818.213907 564.119299
819.645102 850.251202
821.626025 833.115901
822.173138 563.487686
826.124015 565.988044
821.017909 831.545195
821.429351 651.696077
833.051788 663.980525
828.442360 664.861750
832.665181 673.886283
828.004174 827.247665
827.543015 670.221837
825.588193 567.029630
833.663011 656.335330
830.915329 821.373289
840.631185 676.016221
827.772510 819.855876
833.601636 569.435593
836.175611 651.828155
832.561187 673.630561
840.057343 818.314277
839.031313 573.286520
840.302818 638.726109
840.167527 695.660194
835.803869 690.097757
841.298277 696.436067
834.906032 689.387003
831.787692 701.038451
833.913164 711.070922
840.496109 799.396668
837.477443 809.404395
843.871051 577.053666
838.936544 706.610016
847.319824 579.879004
840.493559 637.836664
840.956214 792.628194
840.880632 588.746130
839.355044 709.805456
846.860042 714.014860
845.146224 721.376654
842.806298 720.605632
839.002273 725.421568
841.185282 732.686701
839.391194 735.083363
849.410430 741.680148
845.934232 743.072875
843.462957 740.932569
841.168531 750.787522
847.329025 764.539272
842.128919 754.414834
843.850906 757.680579
837.618946 768.654571
852.996836 770.154557
841.401020 773.455624
840.166692 773.683334
842.350489 778.320113
845.138447 793.868944
848.775201 782.673955
841.435984 589.827443
845.128375 636.876900
852.107445 591.753115
846.838623 619.800564
848.598295 596.930001
853.096218 607.439780
846.867603 624.091454
853.746532 600.144709
861.965574 623.149144
861.134546 610.110089
865.835781 607.087077
855.708238 610.935422
860.000147 614.046218
