35.474591 485.631533
39.796116 486.998683
33.617576 477.568233
36.661042 472.356557
37.124152 490.828125
35.374817 489.705889
35.300021 502.152471
32.097746 501.998267
39.351016 498.124694
39.577277 473.351979
42.167656 505.470033
45.117097 460.951161
50.787480 510.421073
56.144913 460.337271
49.880440 518.557782
51.296120 461.864183
51.837120 519.890156
49.405972 528.446341
49.996256 453.075826
61.453894 524.082273
59.885842 453.584650
60.731916 523.802909
53.980377 522.500706
64.049142 458.175568
65.637595 526.530190
64.716238 446.122733
72.484679 526.119121
72.250144 450.763796
76.135685 529.894233
74.754639 445.782620
74.362711 529.504544
74.350747 539.425726
72.760227 444.595596
72.325417 547.208039
73.606108 441.007372
90.905341 538.959255
84.648738 441.949024
86.976260 537.426688
93.929476 442.401757
88.569121 545.143690
98.452872 440.287847
93.192068 539.449513
103.586270 437.644296
94.923698 548.911043
101.001098 439.972249
97.933785 549.133588
101.260815 433.956628
106.577010 557.052557
113.109750 427.411028
111.371820 556.458064
115.692441 561.814306
108.863345 436.534026
113.304059 566.829076
115.392896 436.279054
122.360902 433.167825
125.866028 562.328481
126.861077 429.286638
130.085675 570.617664
123.568095 432.012931
124.423410 567.370722
129.960224 578.376314
133.126772 426.633362
132.772428 575.114792
142.216049 428.191528
134.814102 577.617451
137.809512 425.311501
140.546215 576.971650
142.973524 420.519164
151.671527 584.291474
151.831968 433.474380
153.488110 589.500376
155.385216 432.797557
152.394531 586.809389
155.087570 426.350007
157.024677 588.881165
156.760128 418.088001
166.856606 590.771535
171.920852 420.234799
163.954656 590.068638
167.945370 416.014689
170.093565 605.501191
165.090792 594.920219
167.087283 418.924911
175.886066 597.651996
172.865628 425.755724
176.452377 596.518457
188.308360 420.371497
182.987890 609.069697
185.388438 418.864363
182.979201 605.727550
185.444366 614.717578
188.875999 422.246956
197.853857 615.102893
193.229674 412.888441
200.636593 616.238231
194.366840 415.869588
198.100384 617.943930
205.521706 429.651471
202.053994 626.645348
204.290223 415.914542
210.619464 630.424335
212.140928 427.962352
201.550069 625.020934
204.205752 623.114623
212.271607 415.533204
216.947885 420.668857
214.674936 629.434640
220.341439 636.915345
219.300456 422.563418
218.377404 636.554704
227.174526 421.720063
226.123410 642.027869
224.192010 432.895731
231.239341 639.039981
227.940246 423.350056
228.944920 648.106337
238.703110 424.581259
238.877010 642.741620
242.518275 427.728607
240.222372 649.724549
245.288994 425.806253
244.624054 654.939537
244.830936 650.076404
254.902056 418.530073
249.599152 652.330382
248.492972 413.114609
250.605394 650.944586
255.612570 415.129950
253.245714 656.441826
258.198980 419.522111
269.552046 418.658683
257.021558 658.793185
267.676804 657.408827
267.496144 422.855976
270.056075 661.822443
269.816597 423.926235
264.945761 658.069303
276.711408 419.134893
274.194177 651.210671
291.371221 427.525997
282.016733 660.986013
292.815436 420.102263
283.316616 430.265440
283.289542 650.153889
287.868965 430.145174
287.603710 649.311319
294.400444 429.888972
299.616288 647.185521
295.358590 673.190508
296.598735 668.508989
295.656343 678.854757
296.807782 686.735724
289.916670 688.997570
295.551156 694.494014
295.270851 428.840235
300.419930 638.125035
301.948447 694.586026
296.846678 675.432707
299.541898 434.187167
304.643466 640.995819
300.233296 659.394268
297.873281 666.054251
300.796900 706.793401
304.200952 438.976570
304.122123 639.384384
301.922800 652.144848
311.756277 704.862355
298.646200 712.262644
317.264764 709.271492
308.745414 712.342755
306.524128 426.756411
307.622296 717.723165
314.950741 429.901853
313.952295 723.388020
323.737373 432.411395
304.870093 721.115801
315.957616 432.118452
325.983869 726.273064
324.965108 434.861978
326.085086 726.414245
325.746879 438.926454
331.718068 723.266035
332.243987 438.512142
334.223330 730.219713
334.049258 737.627767
337.303629 439.774785
341.744456 735.231293
340.781446 436.749311
349.198964 734.098257
341.935691 444.647828
346.061795 408.124971
345.368155 411.486191
345.522045 736.370408
346.673511 412.590672
350.886166 441.440032
356.908765 412.097289
346.212211 736.424149
355.382448 422.914290
356.827888 434.680631
344.685238 407.189261
355.922951 737.687231
358.107346 415.332945
363.566594 407.272604
359.679156 439.685600
356.936534 735.217834
360.717877 416.244861
359.504190 410.431890
364.089307 415.870817
360.398521 443.708226
361.705516 734.564619
362.965406 412.952210
362.966076 420.447914
366.669239 436.342617
361.732615 741.945286
369.139085 420.029183
374.028040 425.958152
370.321964 433.008734
367.800529 743.671506
372.992635 410.048324
366.781705 421.292531
369.187201 446.632132
374.136787 751.809875
375.588568 440.070334
373.361497 417.856835
370.723175 431.552400
371.670793 748.639296
376.350157 420.659137
385.150567 446.429680
383.727783 430.445976
375.927624 754.857022
384.294539 427.069248
382.215290 445.286189
375.581134 437.931321
384.987554 750.997500
385.409082 448.450772
389.848403 425.863400
385.085902 441.808785
393.114965 754.778573
393.642192 454.250668
393.311995 423.638573
399.772668 429.173406
394.509067 758.593927
396.679355 450.150785
399.677838 435.983952
393.406438 752.929193
394.970914 436.507081
395.778379 445.150005
401.715733 758.102592
404.094581 429.712150
395.906568 447.624576
405.227036 755.962684
408.188754 433.091462
405.073003 452.671749
408.817115 758.416794
400.978679 439.591025
404.072671 450.615438
411.914629 433.920476
411.095210 760.289864
412.400881 455.677935
410.902342 435.212405
417.014919 761.749797
413.165742 455.585535
417.160446 769.878900
424.820644 430.512686
419.538735 456.386962
419.806154 764.948576
418.756118 439.271984
424.243599 456.755143
427.664337 774.383361
426.571726 439.619693
426.567419 457.598317
433.209617 768.396709
431.409691 460.607333
435.955860 438.741617
433.743339 771.156601
432.012281 459.888491
427.968445 436.255168
432.979012 770.311419
439.341790 458.608009
443.044302 766.013606
442.686018 441.574609
438.288212 463.126919
444.452947 766.880631
438.225260 441.371106
444.833813 457.626947
455.152252 447.805101
452.162849 450.898538
449.489678 759.492411
443.066889 463.745821
446.628807 769.102941
448.024586 326.925850
447.704543 431.320404
445.717623 451.848479
450.744671 339.229888
451.977855 472.655759
453.850298 772.519731
465.379270 326.942034
459.888177 434.441438
454.975102 462.869943
458.111058 338.562301
458.259161 341.803043
455.324977 347.051618
445.249306 339.585291
454.284571 459.150266
452.788543 467.119283
451.722448 776.711388
460.048688 323.105837
456.021054 344.706400
459.864460 431.157774
463.763239 369.139287
457.223501 370.477773
457.632078 372.702801
460.964459 372.743840
457.342721 407.781169
465.341896 416.460082
454.803424 420.596005
455.478036 425.342985
460.667819 427.893373
459.173853 329.726383
463.452061 357.189099
466.723594 771.671464
465.153606 340.254170
459.209648 341.758748
466.266287 336.135491
464.153493 350.722916
464.025853 436.117298
468.560478 368.633937
465.910351 375.943358
467.501668 441.210965
461.320399 775.788711
461.079847 379.380206
472.123291 391.885558
468.506089 395.413574
459.467671 395.754445
467.736764 396.780567
462.549927 403.137374
469.200581 409.554279
466.356461 347.241984
466.675701 345.207416
471.084805 354.671758
466.964271 368.722614
467.110104 376.217998
470.100304 371.526072
462.461930 444.879570
466.611282 444.692406
474.859122 778.344884
475.526210 444.223581
476.985340 783.538205
476.418783 450.033713
479.887440 780.405204
474.676521 450.526039
476.213465 400.132691
482.164164 407.908744
475.830296 412.623703
479.437662 406.814955
479.294280 415.995640
479.173352 420.268080
479.939090 428.069004
482.210414 417.114574
476.732613 435.255107
481.609190 439.871479
480.594529 441.374522
479.070638 781.158108
484.439652 395.587600
479.215195 776.592640
484.679365 313.896664
484.993032 316.063079
487.596285 319.064569
487.091787 325.478907
488.055954 326.926698
481.743488 328.310054
485.413919 338.009446
481.659588 338.504076
492.684358 338.358525
492.196748 343.338379
489.939205 353.979984
486.128470 351.034061
474.904646 355.084724
491.751218 360.317420
474.595629 368.519122
486.260284 370.195136
487.957598 370.405629
486.930316 383.592718
489.855010 383.699386
484.420985 385.066161
493.242711 392.053531
485.752241 765.800718
488.327954 303.633854
488.611121 281.077830
485.767527 277.872113
490.114672 280.108762
497.566877 288.048961
487.272439 293.516039
490.042160 296.939737
490.597838 297.806938
495.977547 764.672351
490.344558 274.931358
497.770489 263.219117
495.306837 268.670853
492.584278 768.625702
501.816448 256.419921
497.231054 766.697892
501.007821 235.265937
500.052594 245.023629
500.012938 240.456503
500.398723 246.511787
496.367782 258.240315
507.124554 765.527684
502.823982 231.799014
508.677978 206.733302
500.906458 206.044005
505.364478 205.921674
510.138584 210.054266
507.613101 211.443397
503.313581 220.322685
510.071958 220.025591
513.880679 756.313845
515.292407 196.823474
512.526847 181.548190
509.099560 188.638370
512.716673 189.660924
509.399586 758.115829
513.499330 171.019145
514.703800 173.254309
512.917283 765.923342
524.904769 174.936382
518.545779 764.209526
526.154883 164.623691
518.491188 758.045829
519.316547 154.514217
531.793069 737.484771
533.133069 742.205315
526.249488 753.139184
530.772458 754.315326
525.921389 753.299631
535.026026 151.486078
538.601618 129.136917
533.341386 138.266917
530.713303 147.094639
527.094641 150.670360
526.483382 738.124351
537.892760 563.905947
531.139848 735.776570
530.660233 126.531807
529.151774 126.923021
534.449558 557.670468
540.307586 570.948241
542.851380 730.482248
538.317583 559.980465
534.624650 694.151094
542.045613 691.427270
538.651277 727.342814
536.242683 567.443039
536.835851 122.037270
540.600494 552.873745
540.808408 701.632657
536.295873 717.288923
536.828874 690.638902
548.484632 577.983333
546.515990 587.201670
545.720893 587.524777
540.843091 585.795309
542.677632 593.299970
540.169645 601.266203
537.109961 599.227878
543.138112 602.885181
547.801101 604.837593
542.203610 607.719642
543.269410 613.947374
544.926006 617.577585
541.672501 623.257637
541.761799 625.677929
544.923588 634.143291
538.363206 635.837714
538.918927 641.201274
542.520650 647.788850
531.179204 675.499328
542.542512 703.436384
541.096196 703.338070
540.665717 714.148850
542.646931 113.553482
545.659262 540.598139
547.842509 641.496409
544.934547 119.404384
547.590874 681.695169
550.539060 549.700478
549.932769 649.022352
547.574578 654.968230
550.074772 655.409169
552.741573 664.670575
547.942793 661.540010
557.135816 671.964125
548.716854 104.905493
551.905228 109.500656
545.088560 543.602003
560.342766 101.592934
555.579847 549.453826
561.297502 100.321826
562.329916 561.261078
555.539513 564.279065
556.389684 97.637359
567.397352 561.024835
562.558916 88.784073
575.126783 568.844196
565.079500 88.386590
572.479985 75.059875
576.865071 557.411027
570.150548 75.802615
578.737406 564.633158
577.552903 71.860888
583.067627 567.885534
581.470550 69.219582
580.434107 567.298170
587.976864 62.478543
587.849609 566.362303
585.274533 62.603256
588.832418 576.183216
593.378300 61.839194
594.146760 571.458866
597.197943 55.523857
597.210141 575.970091
600.539361 50.614571
599.074128 575.957642
614.181961 52.137998
610.771484 577.406960
603.751381 48.356554
609.497250 586.378487
612.568061 584.862394
617.129787 51.789340
610.437037 573.375420
618.025720 43.842440
619.255743 585.924898
619.596452 49.477498
618.840289 583.545348
625.804583 50.997179
620.905282 589.476374
625.308615 52.841949
627.377537 587.463375
632.443126 589.697414
631.768718 50.516509
637.999788 589.758828
632.375146 46.033859
645.044491 52.595967
636.223333 62.534984
639.015075 589.841690
636.779163 601.426080
642.924050 58.827306
644.043312 599.196259
650.549102 60.788496
646.500639 602.427556
647.392740 69.188582
652.755258 66.756145
654.430889 75.469332
650.964851 82.096264
653.655059 600.966586
662.544779 79.337553
663.804339 600.836732
664.091428 76.100421
660.614549 84.810648
662.539151 597.662546
664.004796 85.999203
661.145417 89.094967
664.611458 95.398560
661.166712 104.278151
665.047844 112.803519
658.503385 111.588754
659.737196 112.355435
666.510248 601.844744
672.907240 116.556931
664.873149 123.935242
669.109453 127.354938
661.515604 130.704281
665.934589 596.688584
671.186804 137.164154
674.926509 142.856345
675.877070 143.817144
674.690034 153.592591
673.491539 158.923389
677.263848 608.181058
672.264926 155.915433
675.398854 596.690289
682.177666 167.130132
686.857506 158.946278
681.075067 606.558166
685.016242 169.598208
681.412530 165.529046
685.350171 176.839929
684.264237 603.504417
682.813772 171.741292
680.767782 174.769727
682.789444 178.015356
691.926493 191.493866
684.300334 190.691939
687.189301 195.414964
694.352252 203.984764
684.686405 207.735593
684.569038 600.345277
693.007353 205.831080
695.373951 594.668518
687.513291 207.191645
689.879368 354.100520
697.829795 218.256329
703.418665 608.144744
689.215584 343.500058
697.859433 362.981663
688.317382 228.545649
701.282543 220.848283
695.231504 598.279752
698.513067 342.222981
697.969381 350.169170
706.402841 222.485407
706.249726 230.865209
700.805762 230.879626
699.506765 596.716792
700.362816 233.554029
705.827110 346.059260
705.323219 354.944818
708.433630 243.876079
705.890649 243.564908
704.986630 251.335214
707.219067 253.278740
702.316172 256.059652
710.265051 340.247001
709.062687 601.859813
707.422551 356.723885
709.482424 261.554521
712.755755 335.529629
717.091563 610.585279
716.510859 262.792462
712.743072 265.467474
710.652115 269.694775
713.006843 358.018766
711.374320 338.327996
713.237746 605.856568
722.499037 277.283786
713.818401 360.542326
720.476064 271.177077
717.732913 324.640700
718.306856 331.622204
722.149388 279.942996
717.411440 611.968613
726.098712 314.731216
724.948591 352.644527
721.998442 286.457769
720.526374 292.564924
726.029738 291.187349
719.738645 297.531170
719.338230 308.287426
718.994580 305.256812
722.566850 311.346872
717.376699 602.367785
728.058783 359.777917
722.746802 603.335593
723.670425 355.154244
730.229593 366.407408
725.496543 611.885735
736.467811 353.912899
740.059527 605.828177
742.317815 361.665691
741.033000 604.765683
740.654790 359.499890
745.110783 598.521294
751.807603 369.661860
743.780145 596.715923
747.598551 376.706822
754.681742 603.748366
751.970039 583.507830
755.852557 596.329807
753.416697 374.497534
758.198768 382.132533
757.067001 584.068905
756.292943 581.362596
764.599736 379.784236
757.795354 581.200383
761.125097 390.863734
760.531808 577.584019
759.576741 387.327339
767.068512 393.119929
768.638535 396.000638
770.078088 393.708562
759.784347 407.583019
765.792285 407.259067
771.382594 411.296339
768.269797 570.382234
773.109110 416.755274
773.122327 408.996952
771.854735 420.158345
772.586682 424.712763
769.964923 430.174704
773.153239 428.254320
772.058230 442.778904
773.306435 440.130928
777.733777 447.645789
770.982277 450.032114
767.308934 526.514622
783.739446 537.495755
769.045437 542.665001
776.726866 542.757819
775.763352 555.296190
774.149343 561.775036
770.555561 566.998461
771.019202 457.149985
774.680305 547.853221
789.711401 530.861522
782.991729 553.547621
779.616973 453.384149
778.546788 461.453423
774.421613 467.123383
777.962418 465.722203
782.069545 465.342765
774.066630 476.821083
776.408393 479.727651
775.643445 484.349953
779.727986 491.069066
776.948827 487.717346
778.472793 486.688001
777.016418 499.889905
778.990396 529.941707
779.224685 501.436474
788.023025 522.423117
786.873504 513.241866
779.040654 512.022528
