5.180111 897.814089
-18.165661 882.903704
8.149420 910.152679
37.987233 908.079609
28.511619 927.884665
49.822512 933.054343
36.972950 962.289800
16.284827 952.552630
29.216457 910.969435
50.399579 953.659251
43.026919 911.172618
33.203403 902.245965
16.436151 939.763697
39.223218 999.661045
28.618076 882.746519
29.734436 900.572378
48.541857 958.877924
47.875590 928.038274
62.189742 989.640866
39.980187 872.623535
53.055444 944.488200
84.649172 881.838209
52.648623 966.670548
47.188420 970.316222
23.204493 922.009320
76.016828 985.007557
20.002678 921.826192
77.067329 1005.773985
30.112955 878.579227
72.474062 942.102399
54.685779 883.142560
63.629243 1025.790067
31.534827 988.563745
58.792337 885.665450
55.544120 984.216915
29.199502 915.746771
81.677210 986.508893
61.927441 1004.229008
75.923095 992.031268
59.216790 920.014308
42.612309 1001.833531
69.376119 883.850186
91.640606 1013.412029
54.384746 885.029677
36.318877 1003.809343
116.708794 886.605770
80.591887 1017.774045
91.967961 926.569717
97.612743 1027.967878
86.421606 891.520092
90.915701 1004.999811
122.842896 897.721436
94.966009 1060.363891
79.224794 1028.442349
90.954226 907.522315
94.913360 1027.985185
130.581040 900.823617
114.258645 900.408123
81.831264 1033.997181
127.848239 1022.683963
133.930577 894.341581
123.997166 1045.189708
84.194127 932.786951
94.938964 1067.532429
157.604816 1046.523292
121.532174 1059.009238
111.318787 911.099100
110.334278 1015.842153
109.225604 901.168032
135.836879 1069.198718
142.598519 890.548531
143.164907 1051.684991
119.147001 919.050899
164.968480 1086.495322
118.644050 1049.107751
144.915894 911.811586
144.992884 930.995934
179.117443 1073.197035
126.612127 884.938019
105.534023 1089.350834
138.814957 1051.869232
145.300930 904.116145
190.909524 1114.571011
129.049704 1043.883386
149.777092 902.614707
165.402878 1102.936660
164.196930 920.060948
167.983961 1119.838125
155.747582 879.762752
128.628198 1089.873018
157.482578 909.589053
174.176651 1102.773379
175.996443 1105.457810
173.389825 907.426509
195.747364 1076.794731
191.821063 909.808287
178.282149 1111.941336
177.461382 925.844273
173.901838 1102.771302
174.763483 912.838983
178.307732 1109.958392
197.175123 1132.326276
197.248535 1124.873945
213.639121 894.147632
175.457478 1156.479920
202.049037 903.456895
210.766637 1146.755036
193.020714 903.642360
212.937218 1133.858395
215.439460 882.965570
202.946281 1135.530599
168.583232 906.902639
185.917340 1149.631938
214.185982 910.551999
196.516719 1142.459825
218.379797 1126.643688
240.887305 1167.986339
213.811782 887.618302
205.334564 1153.932649
217.923884 933.981868
197.541507 1128.716425
181.100829 909.188517
234.840699 1165.986642
239.010326 885.577240
246.494583 1151.348604
234.467589 1202.197787
204.332158 892.226745
268.320119 885.498421
232.817136 1187.905698
216.044335 884.467004
196.844690 1151.460070
213.194240 1182.347041
221.719051 1199.518851
261.815512 876.746881
214.115941 1233.940698
262.861976 1184.862804
222.163626 854.779066
272.840115 1223.101856
233.915959 888.232897
257.206589 1183.010074
274.077028 917.112480
243.025029 1223.493657
232.561201 837.933341
279.997910 1145.361774
231.163733 1193.320029
245.430235 873.406551
257.987108 1228.717243
289.376325 1209.301836
245.417625 874.261347
257.504195 867.558025
274.535593 1199.854587
294.133192 861.828796
264.981897 1252.263345
291.945187 1215.584984
271.772803 865.215181
291.145305 1208.427271
272.796454 922.132198
269.736024 1211.813168
290.925210 871.998461
309.358902 1217.263440
290.829846 1233.638965
308.674324 875.249102
304.401603 1262.548092
284.938680 1251.726300
255.191968 857.967753
276.118895 1250.808531
271.761413 854.146011
257.112491 1275.494369
309.443931 842.117377
286.300394 1221.818084
297.569562 862.600551
277.898091 1279.928703
257.146276 1274.173994
314.471575 1236.460562
306.810659 858.675796
292.374594 1283.609187
308.629692 885.411034
320.004456 1261.735563
288.749579 839.124675
313.096007 1287.817490
332.578094 878.586705
324.123203 1257.633272
350.205488 835.190820
293.062756 1296.305581
369.247935 858.935373
315.907634 1291.540005
324.172880 1314.395185
315.049695 834.893611
313.645624 1267.989712
308.722221 828.750878
315.026577 1280.406372
290.241892 228.475422
362.290551 247.703586
320.863862 258.929923
342.468911 212.766594
343.966414 209.751507
344.143258 245.695711
299.918829 249.876332
316.303890 261.806249
293.969135 272.367307
340.194387 304.587936
356.033740 217.803218
336.447117 261.507841
327.025095 286.700875
319.771109 264.692000
335.167725 266.669305
342.713375 286.765077
327.419925 280.992049
315.824476 834.671474
296.361229 295.660624
336.430532 1293.633477
357.058453 237.378250
326.139867 854.080208
339.240491 247.417809
346.022451 199.188859
383.850014 315.763121
365.974697 310.963405
340.912364 304.367660
353.124755 308.201891
319.489419 332.407735
367.942311 364.832014
313.833037 322.678455
325.714098 320.785138
316.942486 317.826351
310.147781 318.735071
324.208990 351.029883
335.099419 1297.040371
353.468208 849.026926
331.857613 186.352175
317.516364 364.299231
327.930944 1297.795418
314.787632 365.796677
329.597572 378.123189
377.789431 357.548382
333.740875 835.148235
352.013381 177.270539
354.959812 1304.210424
410.251887 394.066906
358.804503 233.618744
340.975117 847.075170
327.802702 1318.706777
361.603945 369.167577
319.758304 192.290460
369.507545 196.022305
340.417547 200.737037
353.335449 193.289425
342.328053 204.264848
376.831477 344.765916
296.933295 364.323659
344.912556 845.326987
330.319962 1327.690924
345.882631 203.902252
355.812244 400.738175
345.637139 833.678925
358.790022 1326.566431
371.748297 413.101799
383.089157 193.475302
376.767571 809.388537
342.516686 1300.590343
360.236122 357.986970
336.929056 378.949726
352.548446 405.973486
366.381100 193.268578
341.394243 425.719224
377.833361 826.223747
352.476039 1225.528692
364.033296 1249.233794
366.625514 1211.208960
363.447512 1260.824453
362.369757 1235.442050
402.230091 1196.443933
387.431163 1255.538428
346.391942 1266.871396
397.137788 1252.321419
379.348007 1275.965077
377.859979 1248.614567
365.002897 1255.799218
304.869449 1258.243421
356.509650 1290.921001
382.045445 1301.240561
395.796385 1251.341996
354.389946 1300.122401
335.238860 1307.339068
380.086921 1312.763642
382.942057 1263.795079
342.046127 167.319586
380.653176 382.244077
371.313116 831.726082
383.911735 1218.528130
355.292672 1196.375978
373.977032 1206.918060
353.316160 194.849738
363.794841 426.865378
355.260279 377.620001
375.499063 447.099898
344.827955 854.285011
354.894445 1234.472086
390.379015 1181.737182
355.423345 1196.364101
333.919640 188.972878
358.016458 386.085906
374.398357 832.428862
354.594361 173.540089
398.078125 425.864631
373.016460 399.473952
368.099005 1173.537520
403.471330 1163.079217
394.952446 1156.427580
345.636892 810.755404
365.818757 163.220523
369.436094 421.049163
378.024641 182.696637
350.552380 430.534349
358.749708 1170.953290
393.145124 785.802967
354.093739 1133.380618
398.564982 1200.641868
364.405378 140.762190
423.262360 428.409154
391.198432 397.565339
386.430786 808.424484
392.931610 1140.320605
362.968892 1159.928859
380.399044 137.951976
371.158813 463.556043
379.752410 776.591835
412.974982 125.007720
367.740688 1133.337989
386.720194 1145.101144
420.122859 1140.499266
386.314969 425.106133
395.924728 817.230353
387.836924 151.762549
415.088419 437.430470
398.396858 1179.516697
381.650736 781.280923
396.693231 1134.690009
387.996177 146.695355
395.971264 454.544366
378.689575 135.321719
403.648760 119.170430
418.736766 138.815197
386.071039 1104.370682
436.331088 434.507768
412.754048 790.789736
388.843493 1144.437815
413.680626 141.880331
409.799051 407.694618
403.309948 830.613022
442.136553 1144.858847
416.114301 1118.320327
452.454426 143.971592
403.790754 433.181208
399.410339 768.526286
431.245212 442.150404
432.986393 1119.175348
446.338879 140.908963
416.640998 800.089321
426.101950 1097.892388
427.619568 457.101117
440.510733 131.497778
404.054507 759.622457
443.305656 1064.230132
407.522222 466.124540
389.796815 93.962109
405.989073 122.392683
390.314232 163.887667
436.042250 790.062713
459.159493 1118.769729
429.923597 1067.786073
445.848693 458.870575
425.352921 109.760786
371.115614 765.280268
455.822911 108.433574
419.969551 1046.466708
403.494691 431.255392
419.050987 794.309840
408.091328 105.307469
433.252250 1088.034443
444.558811 478.898942
410.405652 800.181414
415.130203 1059.561685
447.930295 140.687018
426.932687 470.160198
439.513142 1071.045233
445.069897 761.456540
426.143821 79.985046
424.991245 423.542662
410.780477 1064.929646
448.083302 756.192284
446.030786 85.721339
414.369809 452.225340
440.810075 1059.122089
429.082973 775.732836
473.286232 96.921250
465.946720 464.429163
471.107160 1078.676769
427.979568 788.541136
455.407897 1043.101775
473.589585 112.095179
415.353035 462.988237
433.903427 752.152830
445.162591 1028.977770
447.753670 1007.530925
425.263184 91.360631
443.616125 488.764001
452.918803 480.588436
453.921227 753.264998
456.562300 1033.955640
496.650037 119.933017
471.884352 477.511220
445.792994 740.730264
411.261465 1059.115408
441.794233 134.178931
431.144872 464.780861
435.463171 728.326109
458.754670 1050.737260
438.767748 89.020602
482.303297 496.296743
471.426706 748.177910
463.768544 987.873331
479.195132 133.802902
489.814149 508.516727
454.647089 741.720056
501.630227 1011.315082
470.855380 97.006741
517.035295 493.460070
462.823575 739.288122
480.446570 991.728015
467.141288 80.439550
493.237799 492.524715
486.285823 763.494374
468.454530 1020.257547
482.205905 483.084856
453.690364 108.094425
499.140304 753.411404
496.113353 1041.888750
487.700135 502.394949
472.681767 78.762530
509.459121 725.826773
520.825941 1011.779803
473.971061 497.953412
533.877880 80.961177
477.870627 728.711702
484.614908 1018.532574
466.483099 480.079989
472.815492 59.749390
524.328544 705.480904
500.382874 988.035419
489.635228 497.892422
515.860749 727.000861
536.469638 73.134068
520.314808 951.077575
497.865934 475.872570
468.927945 508.194116
523.581704 707.742622
499.596493 995.650652
509.622931 105.966042
494.772496 487.887833
503.307543 716.019349
515.211685 1010.584268
499.032656 103.241779
511.005322 498.052083
515.210964 744.296946
473.620373 954.087682
536.243602 114.996218
519.583469 480.896026
481.898557 682.693994
538.903050 993.213998
506.600660 79.457588
496.572919 493.133263
485.943739 680.851662
519.081719 971.558297
499.585027 108.107228
541.315455 486.534653
502.816098 709.924269
521.204158 1015.284655
503.607149 541.230567
549.981823 104.200430
504.008601 697.490390
520.362790 960.002469
533.714451 510.221366
531.610330 59.953379
519.332981 687.600852
574.463145 977.590494
522.966729 536.109266
540.900069 69.025273
559.912167 702.514679
495.049579 996.070837
507.883384 527.719874
538.483055 126.056520
552.866303 676.597091
518.628195 940.065908
544.186176 502.703894
560.927866 672.573281
557.709987 93.771867
522.713835 969.721756
548.624966 522.071285
544.742988 723.860973
541.551668 648.678899
521.209104 74.111814
564.318216 994.039496
519.435717 498.388127
531.356751 634.921014
556.607651 60.595731
530.260645 514.569507
546.066189 945.038214
543.431813 679.553204
569.903617 81.909575
529.380585 520.726780
554.021296 980.116999
553.720805 645.599539
567.920835 82.961170
532.691046 509.138523
572.165864 973.755405
544.016786 530.539612
568.915699 646.398233
564.919267 666.065557
546.136352 71.187760
564.471078 951.669394
549.967202 531.156918
554.977050 623.671966
557.342731 96.912008
569.584648 989.371582
560.636434 529.342915
577.295847 632.201651
573.570142 954.160763
617.144322 108.301753
606.887210 629.371541
601.648603 543.922678
598.009666 943.454887
566.465534 119.184161
586.358483 538.231908
572.370724 639.618144
536.659615 632.185405
544.466474 931.537713
606.460537 65.849731
590.357045 557.844401
579.902412 618.129914
557.691457 529.151552
599.891811 920.837408
562.250793 99.294160
537.018103 645.492662
604.233511 909.555959
571.593428 545.165016
549.342811 604.692990
607.808580 86.069153
596.958448 927.101230
570.359138 599.376319
597.357540 609.945300
595.825680 74.809193
583.632006 575.893726
541.359734 547.336200
600.605565 903.715139
573.838850 101.082296
596.566801 604.857892
636.176836 558.452216
580.495835 604.952137
616.709785 587.156276
594.643753 950.178499
604.523121 97.922827
569.740748 546.800196
558.550903 616.220074
608.202625 932.203942
612.601313 535.630492
637.655359 573.327853
560.294255 560.556520
614.204224 563.015903
604.651607 107.630135
606.627919 897.228847
590.551052 77.104958
576.843828 933.595227
633.172712 119.941739
618.727955 76.773519
609.985841 902.350057
631.137295 110.059926
612.509100 914.536111
633.629317 129.555947
612.057074 914.462542
607.188037 134.225207
590.847159 128.566684
606.757544 917.174020
636.863937 113.956730
635.442964 890.161547
628.442513 886.893501
636.058678 128.634541
620.966528 130.162045
587.497694 893.732980
611.683017 111.766322
639.076896 888.341857
620.166905 146.119270
623.027226 885.322034
645.759516 118.636059
635.716869 893.801974
638.823420 132.535725
682.728149 898.481746
640.286402 78.192533
631.192869 870.448055
652.970015 110.330447
640.932506 891.606088
654.840609 78.785862
646.629839 881.479896
675.008783 856.341272
650.983792 155.734123
665.107515 897.582950
620.650790 104.631712
674.577077 123.365583
714.831994 83.408616
643.364175 852.763060
695.599951 155.541817
685.657965 884.473936
634.539506 115.138755
669.475855 836.638948
670.496012 154.096167
691.203888 841.858374
698.968452 136.209606
665.953768 881.809418
635.614581 145.621902
679.454801 860.417949
672.858977 116.025755
708.287246 124.601276
667.303027 831.947220
707.740919 145.512786
720.148903 843.370195
730.121866 143.567041
731.370860 867.656301
678.173883 155.014634
716.593229 820.512368
693.175129 142.837039
683.396330 135.150865
689.805509 860.393730
667.675196 166.054786
714.105035 846.372732
760.347873 156.713374
695.395909 795.863324
726.718109 156.594954
709.887205 824.551588
743.172010 178.668225
734.417694 158.969337
702.504130 790.474378
732.974190 168.542976
753.318234 840.827647
708.047109 161.189217
696.669368 844.999444
699.595280 156.940223
730.183069 158.711969
759.589128 153.561815
765.253373 805.271064
733.080020 204.953388
710.133274 800.518187
737.342256 205.355892
757.166147 832.856417
741.209140 156.436349
733.974417 186.813683
729.902004 791.464192
749.484769 185.784403
785.840657 842.735813
738.160559 144.808623
743.444037 819.977162
770.147980 215.022839
746.623046 786.567017
739.722420 187.502457
743.041188 215.792903
780.399602 807.028448
780.852544 179.836883
784.869708 222.014895
723.559423 223.495238
743.296724 254.955608
753.437087 238.900608
780.070444 801.281996
785.411155 236.048531
769.649418 781.483853
766.556189 257.715972
747.729585 815.916484
723.710217 207.098573
746.197048 238.382002
814.981663 806.701518
767.710157 245.565258
773.634816 795.659425
825.705303 232.631154
833.138344 249.782753
823.741737 246.860463
772.639978 778.914063
819.559845 276.485301
795.044528 235.674384
810.398239 795.760412
782.599109 283.837435
772.286760 777.171449
786.442590 267.732741
797.757692 292.006377
794.161573 271.245831
764.374501 774.648801
826.131926 284.393292
766.417493 275.742289
798.781769 730.814747
815.086808 297.524814
815.834634 313.130875
808.438086 780.588556
803.235571 799.519779
811.705658 778.482486
820.644345 298.352298
806.410516 299.827597
798.312806 753.249596
805.040531 822.196206
833.595503 786.683267
819.625654 305.239625
834.386578 825.456188
799.821591 800.721977
829.630222 815.377683
862.174584 785.135051
813.723075 800.597248
814.421392 293.716770
796.802760 814.638888
837.031862 279.776521
832.480222 821.552846
844.979438 830.679009
845.507655 792.769851
818.359579 844.193359
827.950564 296.313374
837.466784 851.541342
787.508327 846.735384
839.888211 857.744959
783.200165 836.135039
803.739985 874.629300
845.916391 869.764785
850.500933 870.592413
815.367897 884.180387
852.782688 303.727509
857.991354 342.086092
846.635880 889.562176
828.576222 852.336606
827.148831 889.957866
839.949797 890.604614
834.508587 846.040164
833.452834 905.924396
799.359063 923.385191
840.672663 888.714055
812.453827 309.849464
884.584412 896.770696
837.996131 899.586578
816.495808 882.293680
855.473100 919.324070
856.599685 907.906854
861.625488 874.744465
835.147086 911.317299
824.723594 902.908165
813.537305 916.405509
871.392949 304.437603
859.820720 952.059285
831.994625 923.351654
817.682740 923.350207
832.490362 950.396793
811.382251 972.250011
850.455079 925.108202
797.399542 939.650357
854.830474 959.735775
828.980969 318.552571
828.648938 932.124628
869.044706 301.897357
831.011938 992.290935
833.386792 976.069073
846.699968 972.741404
858.466711 958.942943
814.170995 970.329677
817.095400 973.128777
816.295614 325.238985
808.475706 970.746996
860.397809 1015.583272
863.574940 305.580729
881.325570 974.652456
875.524389 979.515851
875.611315 1009.320034
869.228439 307.275529
858.450885 1014.322198
840.929409 279.424776
818.676423 1010.189028
879.857094 310.474067
864.473972 1021.903369
849.003663 278.892074
851.978980 1011.554886
856.403226 992.799871
874.588836 289.460605
896.006859 999.597860
876.137360 256.768424
847.024732 1006.615225
878.684213 256.997022
873.516182 1041.113038
897.734851 271.097201
827.081915 1039.363103
897.857644 284.888403
853.702581 1020.441407
893.949738 274.649124
889.834423 1011.544675
873.318735 247.371045
928.699022 253.168172
879.924187 1011.172978
912.741161 251.449282
924.184547 1052.413303
861.331114 1015.594969
915.824071 1019.576933
874.007801 257.145087
900.851457 1049.549224
892.097706 185.055159
924.652614 1009.067613
920.387464 246.819865
900.526009 241.173305
909.817930 1037.184878
917.341644 239.568755
916.920921 1044.164763
890.342445 227.187082
933.313199 1025.112446
896.196565 191.781286
925.658621 1037.444098
915.073541 175.993799
927.167215 1051.992411
955.078617 205.779415
941.330774 208.506642
947.254844 1063.320515
955.271736 196.372723
942.528263 1058.809694
922.205358 224.291731
936.473516 1075.108600
956.350337 208.934077
936.679275 1081.863158
926.870782 188.476604
966.120836 1032.666532
954.326848 194.672993
931.287082 1048.666695
929.614671 172.403412
954.403917 190.421180
929.341518 1091.470025
977.037078 187.344717
971.963084 1052.945754
935.020276 153.207357
985.081024 176.605000
982.653425 1062.790449
924.655992 121.592516
975.239701 1113.997128
1004.139796 155.714739
977.709745 1098.344460
942.525980 156.778250
928.620422 1085.123880
972.379573 138.557640
1000.374464 1026.013951
943.958958 125.342645
980.654948 1068.069876
962.590704 125.911589
1020.292218 1067.348947
987.861679 108.352969
1016.186070 1076.413636
994.501094 138.077261
992.464274 107.487760
958.293760 1072.286289
1022.864502 135.346956
987.630167 1096.632717
974.417601 108.405480
976.815671 1045.535957
976.090459 78.502017
1031.060161 1078.351503
1029.618419 121.823645
1041.754112 1092.598881
1007.217321 81.880275
1036.033952 1088.826250
1062.080789 115.999167
1026.414450 1086.723766
1002.983806 118.551544
1024.177289 1028.467932
1050.158916 102.643102
1029.357255 1101.499946
1046.940122 104.819028
1026.076711 1086.094148
1038.725084 67.664705
1049.702751 1107.605507
1040.374163 95.527131
1041.529187 1090.228674
1037.903824 120.932116
1017.970233 1074.467866
1041.094759 1054.555134
1037.655793 84.718446
1044.889061 1092.932290
1070.129829 99.015614
1055.832626 1112.968627
1063.018423 82.655156
1066.426188 570.109614
1069.761162 595.692838
1043.101470 581.451495
1036.184272 568.699812
1027.753955 1110.773161
1051.604732 78.212497
1093.275555 612.391549
1069.131006 76.466532
1037.446531 590.510286
1023.211145 1099.285900
1048.286970 599.289982
1045.510762 640.367561
1070.461450 640.281617
1049.947838 593.632666
1067.710538 82.431976
1086.467090 1088.773487
1055.303952 632.201246
1073.471461 578.044108
1073.155424 76.280103
1088.310198 627.381982
1070.906496 1112.552924
1062.467951 83.736614
1042.647346 609.425582
1062.924009 660.580710
1079.034781 1065.858009
1049.212128 69.296080
1065.079131 603.191092
1061.658408 646.274934
1090.488206 1092.881321
1092.168453 89.294758
1039.827104 543.772181
1078.805520 633.871778
1099.707530 1096.131834
1098.243321 56.673337
1069.724207 572.649797
1065.519664 628.848202
1068.193968 69.508934
1066.731763 1092.116842
1116.068883 634.855539
1099.531684 577.757128
1074.917849 85.418679
1025.093952 641.236746
1057.924325 1073.944568
1109.152310 67.506455
1103.227870 557.628128
1116.163710 669.560330
1089.564099 1090.384857
1088.738030 38.915232
1104.945917 567.543269
1115.739661 658.699366
1125.142796 1066.253494
1088.782306 63.928715
1119.090414 554.714649
1106.942420 674.286925
1106.057964 1105.546285
1081.976435 70.783634
1108.598666 584.445430
1071.580742 686.555272
1074.501534 47.365835
1111.128374 1067.847621
1125.683149 659.987468
1111.272129 579.969438
1106.550479 70.069970
1081.339907 661.365686
1108.765196 1066.695680
1096.524536 581.559094
1087.527892 26.898966
1122.119394 648.813671
1095.527742 1061.421893
1096.439551 584.744596
1143.175557 64.570266
1103.758601 641.164578
1099.955716 1089.110599
1118.733667 536.324096
1130.935988 705.696393
1130.162870 52.216900
1135.590863 1092.844094
1100.552869 575.376784
1097.661267 681.106500
1128.073612 93.025815
1105.036132 1074.657009
1098.535535 689.777832
1112.260268 566.438301
1143.714694 42.271612
1105.059103 692.603546
1146.720191 1066.935438
1106.735605 586.622298
1132.554112 41.419709
1163.208106 701.832525
1084.240166 1086.967421
1154.181672 556.878874
1143.228964 45.562848
1145.451341 656.661834
1133.639686 1057.798328
1102.848585 554.674494
1159.514736 58.078371
1126.201896 659.167032
1166.126344 1094.375748
1155.866989 569.125338
1115.151951 69.390318
1145.756275 686.244913
1132.802887 1106.317089
1136.276005 524.440531
1152.860236 33.791067
1209.682509 711.217308
1124.777672 1065.719723
1139.207651 546.598929
1143.119992 683.174413
1090.864722 35.409709
1161.511621 1079.241445
1137.364055 544.411915
1144.877421 685.754296
1146.971208 34.640414
1194.826574 1084.796444
1177.283801 561.073044
1166.551640 672.411774
1190.517054 45.665883
1154.463477 718.197526
1153.449918 1082.058991
1141.255690 541.067054
1173.016669 37.833516
1161.528365 730.304074
1156.985471 1087.398605
1134.481067 544.769103
1158.716676 68.202000
1167.765837 704.762419
1178.981469 1036.263921
1200.153725 533.070385
1153.775385 51.883284
1198.444756 685.199640
1194.696160 1083.822021
1173.594979 521.915606
1176.150544 7.250162
1155.476935 692.410935
1205.700537 1097.531927
1167.620642 555.496705
1140.768839 674.359378
1173.796805 56.045771
1205.485764 1107.083314
1205.026894 543.116379
1169.809721 751.126791
1124.631863 741.179237
1164.834673 47.670006
1172.314124 1058.072858
1169.602735 515.421982
1191.910622 744.558673
1184.807601 53.832247
1224.193344 1073.949700
1188.236128 715.003476
1201.579174 546.303626
1175.000648 1.996412
1156.666768 726.992457
1235.012721 1080.478068
1190.047626 712.683474
1151.172381 535.345987
1185.184816 39.110578
1220.572541 1088.063379
1226.090002 511.589109
1200.792806 730.092458
1184.771082 504.157803
1186.559379 18.618156
1225.171832 1068.564467
1183.516452 549.984853
1198.556952 739.722641
1179.089745 63.423119
1181.950549 497.640816
1218.993268 739.697592
1186.557195 1082.434675
1195.794330 785.945311
1189.161670 1033.605902
1196.741579 33.044369
1188.919193 508.578508
1199.480101 780.442178
1191.452177 1036.578242
1184.102188 56.873312
1201.192097 502.635707
1226.325760 736.538089
1176.957474 754.292873
1217.523102 811.326573
1226.392764 755.510483
1196.278037 23.545613
1210.678144 1016.261821
1193.256902 483.212184
1220.797927 802.608587
1203.053242 81.426984
1215.314353 758.444079
1245.644368 1038.978237
1234.402219 510.673982
1222.836409 22.542035
1250.448249 802.648926
1203.644308 1012.471004
1205.961882 51.887959
1216.365204 500.693631
1236.903653 756.863204
1223.491568 795.142033
1241.014869 1048.980833
1226.250142 37.950829
1227.830198 467.605993
1210.142678 765.041576
1217.184553 1055.595609
1216.783148 46.492088
1243.379765 503.934319
1237.981376 814.747858
1267.154676 814.855401
1236.376854 821.156377
1230.518241 39.224065
1220.724972 1051.420879
1195.308843 482.117749
1232.425890 820.901279
1227.011187 17.115857
1223.783616 786.219944
1237.874917 1064.506327
1255.723689 495.612973
1260.107116 64.316372
1202.675644 822.641506
1217.906676 829.564783
1252.165812 850.217095
1225.738334 1029.493300
1211.969342 76.336027
1205.663192 488.194670
1168.661548 817.530656
1251.977918 1027.467335
1241.888192 1024.228509
1221.775006 76.481490
1220.911234 506.278262
1219.210823 817.347318
1239.924626 1022.976597
1236.699194 64.600602
1249.508390 463.759821
1228.955394 819.458970
1238.685069 784.910763
1249.897786 828.185807
1229.030332 843.544819
1267.877728 827.635677
1231.255015 850.077175
1260.761834 849.780091
1257.460097 843.903761
1281.713623 849.268329
1226.189940 1011.914204
1240.077593 975.183888
1255.251704 91.562480
1269.780767 483.524126
1235.724875 909.041803
1242.077613 995.768968
1274.783806 876.919138
1238.265220 841.943449
1214.076433 101.746468
1256.780430 493.818425
1279.329106 1032.655945
1220.320708 856.699093
1246.005286 896.660881
1242.671205 873.802976
1235.526282 901.968788
1250.070312 870.929017
1274.278677 1031.980034
1265.117318 64.268109
1260.255749 513.984119
1259.221451 66.938069
1278.906208 920.150182
1270.728698 1014.407442
1282.867126 485.480126
1275.493762 931.129808
1269.406140 60.742586
1250.425832 995.651872
1289.569044 477.921403
1256.735109 885.174619
1308.396401 128.607450
1293.417922 884.083386
1269.856668 1025.177410
1232.851213 474.653363
1291.569371 917.201806
1271.615286 941.742964
1282.129271 908.133852
1230.155662 910.049954
1272.575782 919.197434
1272.483042 911.204067
1262.327095 938.066495
1255.501343 929.131155
1244.750358 958.081679
1295.034867 956.188745
1307.091358 975.846448
1263.255494 967.855856
1279.358388 936.569716
1278.078186 966.007745
1244.473637 973.452111
1278.457440 945.800008
1307.213589 999.486638
1239.084207 984.847018
1284.455221 972.282213
1272.755245 995.117871
1276.305400 1008.367885
1270.562616 984.788706
1269.254816 980.530717
1249.669671 993.196461
1266.454429 76.985277
1262.402325 461.339788
1250.812672 56.379905
1263.727088 75.689223
1263.251235 485.643633
1294.199535 114.013539
1274.594505 466.952709
1261.685289 112.637739
1267.673307 477.126539
1274.188185 71.383018
1289.165046 476.867072
1285.075498 487.751192
1280.586812 110.572287
1290.242323 463.810134
1297.359147 98.102438
1298.292498 492.396281
1283.654364 117.563445
1296.738568 104.531902
1288.952816 479.188329
1264.237327 109.461522
1269.594213 454.727971
1317.926719 136.302764
1300.320443 453.832591
1299.546408 489.889006
1320.247628 117.949256
1308.342229 464.862280
1304.980496 460.110403
1323.502473 120.032837
1339.723164 140.056592
1354.014949 399.112333
1315.922698 446.130349
1312.080389 116.680236
1312.852544 453.990505
1326.557666 154.807463
1323.982763 411.916391
1375.151317 142.623964
1339.190077 463.180850
1304.284578 137.053807
1341.360703 410.889623
1352.800465 137.747161
1322.889675 143.529060
1361.419179 446.450542
1353.148996 135.395355
1367.063581 428.906030
1323.562229 156.110145
1336.130996 413.852162
1355.681406 158.038810
1315.029011 166.775805
1328.591769 372.966323
1357.709216 168.736784
1355.951756 417.536740
1350.613515 153.364163
1342.405692 430.105489
1355.308234 120.194489
1369.754846 383.633281
1317.795683 380.084234
1363.217401 188.565777
1376.282983 158.429649
1352.542129 362.881119
1404.180215 156.236177
1383.155776 375.537596
1376.152727 346.393299
1356.768786 328.155937
1384.622203 384.943997
1363.791864 379.761602
1343.520706 356.180802
1406.613204 206.421310
1370.461076 347.050678
1375.650522 179.776349
1364.995929 328.023329
1376.733366 353.362927
1374.390809 330.216532
1325.098539 187.410743
1396.309534 293.315873
1377.333619 204.782223
1390.609036 222.777778
1366.261006 288.234662
1374.391873 168.003908
1381.227348 157.112257
1370.644473 241.061086
1420.339266 212.011847
1393.742997 233.920267
1348.503157 203.091681
1356.062604 199.358866
1420.684074 215.217237
1373.563245 252.440676
1366.366705 231.856979
1367.530652 252.176655
1366.581734 252.054065
1365.590579 248.220286
1406.201375 228.903794
1350.802995 228.911503
1347.730361 307.096829
1363.085876 293.154474
1360.907271 284.541384
1401.422805 272.184979
1411.702315 263.886135
1399.377888 283.632393
1385.796075 264.466965
1393.528272 297.909838
1382.612698 302.657509
1378.044269 295.001941
1409.683465 297.562872
1370.853511 318.953952
1416.785799 325.672052
1387.642993 320.975949
1371.330225 313.746712
1369.550572 295.071780
1358.504665 306.538828
