66.479683 390.671097
56.452305 399.001475
56.920110 397.146302
57.421882 404.935154
66.899353 405.239926
61.276877 406.590926
57.935330 406.645976
58.922813 404.596047
58.482430 403.428180
68.700880 401.131166
65.636331 413.094049
58.654551 410.491063
75.175336 405.283707
64.954563 410.016844
67.466498 398.951662
70.385770 414.547648
66.274460 415.523048
70.188380 396.607687
76.840166 416.863476
73.822270 401.708350
73.919178 424.669247
72.085042 395.475328
73.428769 416.071957
81.037695 391.555840
80.085469 420.030268
74.894290 403.945687
74.722894 401.841864
79.059562 428.132568
89.707142 396.309189
77.788679 424.961497
89.734509 392.561343
85.953379 422.512480
84.342002 393.716299
74.099537 421.900949
91.504795 423.501456
80.437692 396.424347
86.413699 424.058573
80.372720 395.880806
92.040581 427.325588
79.843779 434.212120
94.264143 398.100314
84.723206 438.224972
93.886727 395.169293
106.610291 437.267217
93.653457 426.635544
89.711327 391.107386
92.624467 444.976816
105.605187 396.180361
97.257601 429.084803
101.676871 394.783899
95.999712 405.321403
100.041685 440.634660
105.967412 480.494570
95.352923 484.431170
100.072912 480.207666
104.686056 490.120480
101.686667 402.857538
109.728465 437.263972
108.693921 493.096269
100.537761 473.036471
103.673067 405.493191
108.733964 430.024162
102.444173 485.245638
104.870158 444.091443
100.563452 475.373002
109.334156 481.506431
98.601587 488.668117
108.852151 405.416155
102.577672 443.654313
103.787642 491.251460
99.545004 479.460855
107.815900 395.920050
107.722246 442.082616
104.044705 494.145098
109.121877 475.088477
108.633193 396.174829
105.295442 451.844203
102.700497 450.460396
99.405080 492.653102
108.691329 470.622834
112.898089 400.437469
109.567191 448.390933
116.444979 486.796248
112.513293 466.025664
114.650594 407.296626
112.540825 449.921189
118.780191 480.839929
113.525463 485.177445
113.571593 453.490826
105.100487 458.789643
116.053410 458.669833
109.948467 390.596597
122.804733 453.892133
112.990990 480.276811
111.929027 457.563226
119.504680 395.027097
119.139793 453.666521
115.497993 475.593964
121.774077 456.249007
119.481672 396.421883
119.493375 453.750384
115.754665 460.509134
115.870565 477.217021
120.711128 466.822944
114.612932 459.347670
123.996799 399.451258
116.021075 488.166840
132.049723 405.277061
129.662374 475.240877
118.740216 482.970091
122.132957 404.914908
122.958891 469.152166
124.532354 406.093396
122.680823 467.976267
128.788272 410.565483
130.313473 408.840253
133.874923 475.374670
142.809606 414.365320
129.451755 461.753456
129.090549 410.462681
134.895112 464.847434
135.837302 468.727434
140.239177 403.279807
138.133608 472.947047
131.176254 406.018685
132.727588 471.494872
142.653088 407.462228
136.413620 472.124598
144.857356 477.067104
143.921750 206.208806
135.051681 216.080187
145.410226 219.081683
144.905538 219.438108
149.738202 477.286508
145.934596 476.527389
134.233544 479.372770
135.032919 227.075107
144.512093 406.367026
141.537099 215.538852
134.510190 487.534314
140.020099 220.487952
146.918667 404.879655
137.998006 214.062788
138.821675 224.621154
148.387513 490.682341
141.861658 489.716885
143.670000 227.293634
138.648858 400.772381
146.511395 224.349982
153.291664 490.362508
148.666832 228.580678
150.896027 398.037745
143.021763 213.047900
155.100739 493.988508
149.175352 229.285358
145.295426 239.568297
143.486688 414.557287
154.106273 484.709036
151.388729 212.730706
151.664948 210.943940
149.189437 211.468667
145.739242 214.385547
153.848407 496.886684
157.087500 502.062504
155.466108 491.302574
151.912752 226.846539
148.329174 406.081622
148.346966 496.707142
163.222652 195.768750
158.987802 231.944776
156.197723 401.962010
158.550644 492.661590
157.138136 206.129316
161.944389 200.976676
154.884479 240.560308
150.307970 507.061074
154.705548 245.151753
154.223429 406.204268
166.303498 506.770447
167.113578 202.880619
156.124629 232.494033
150.580803 410.208355
150.261748 498.572536
151.039501 199.712072
161.548864 239.667998
165.689762 402.878993
163.686645 507.938724
159.534347 513.675415
160.582107 194.685879
161.283784 235.804388
161.953022 399.396797
159.925533 509.228476
164.791461 200.579913
175.338388 232.965277
164.079336 412.455266
168.826798 509.326381
161.132827 195.250229
161.864690 188.005200
164.728971 234.086998
166.349606 511.494489
164.264006 188.153423
157.502579 194.922408
171.370952 247.405825
163.655338 277.281703
174.809507 274.413372
167.109609 269.153744
170.018500 279.838648
164.255519 292.246877
158.963109 283.459477
165.078282 287.954965
168.510160 398.180204
166.056020 516.769045
158.301358 515.302617
162.480073 512.601555
166.443257 525.768469
164.207782 186.111035
163.436888 243.887752
159.932385 279.591150
160.215368 287.299227
170.209260 391.575526
165.938018 519.264538
167.846664 188.907487
168.921306 239.521561
160.176886 242.645658
169.417908 279.144521
168.934268 295.076738
167.731665 283.052431
174.149628 391.473429
174.763816 405.388290
167.150744 523.574954
173.642470 522.148820
173.458283 195.518570
166.489266 242.342628
172.243233 274.385254
170.219147 285.791370
169.145431 397.482283
168.819757 529.639093
163.215238 191.823298
172.525970 244.841933
179.548643 267.142171
183.075447 300.137830
180.628886 387.319222
180.596081 242.842983
178.039618 299.833871
168.645195 521.403492
175.849979 525.472191
185.134995 182.664383
177.898970 251.294300
176.643111 273.478476
175.659338 293.587970
177.964020 385.210713
178.402761 385.375776
174.621403 385.472877
177.043162 384.696869
173.676057 530.640210
180.207596 529.244133
175.792783 532.787320
182.261110 191.309994
176.782256 253.677688
174.870866 269.548523
178.788538 301.026342
182.042164 389.615455
181.640780 537.049507
178.915124 178.620796
183.403704 194.799494
178.485015 254.103885
173.286195 262.780004
176.040885 274.070098
192.327868 292.979803
183.754697 301.222760
185.249972 376.397076
179.917631 377.713529
182.722819 525.983754
182.295927 189.580305
184.322525 260.589564
179.499036 277.449135
179.686284 303.008528
190.803649 383.028194
186.902033 535.642203
193.387506 428.764508
183.215842 193.214216
185.508626 256.734133
181.159720 269.527668
187.737088 302.808668
181.612541 385.268276
191.216836 442.455992
178.057135 529.321007
191.754131 257.673908
187.137363 439.467562
178.127405 183.420237
188.194384 260.818878
184.342419 262.945272
189.495858 268.054142
187.520504 309.001337
175.324496 381.762623
185.396479 431.870668
194.193654 534.915897
184.485357 433.666638
187.944068 183.801086
187.835054 301.737458
196.770788 372.525670
186.359916 429.726672
190.279203 436.887765
184.034015 438.634330
181.032029 436.088623
183.737569 446.142310
186.493312 449.829419
185.178631 445.957520
185.361554 450.840115
188.174689 450.791153
193.896226 449.971331
186.088395 460.245813
184.298073 457.531306
187.048036 464.221793
186.621561 462.549138
181.246731 461.177819
188.535455 469.257550
189.066021 470.398866
187.145239 469.996816
184.788397 477.467211
187.073185 476.646500
184.403924 481.476907
193.675283 472.331404
188.136354 486.629932
187.702836 479.779969
194.918386 484.154183
180.130827 498.934851
194.198181 488.154232
191.580237 487.592013
193.568896 504.289134
194.094346 490.672225
182.931238 493.109142
193.060192 539.168119
190.465916 499.392716
189.416070 195.406475
187.887355 302.347368
187.046567 373.424791
188.307892 374.799904
188.765871 420.309218
196.674103 529.649368
190.010325 366.072474
180.143264 364.497064
192.589475 504.462840
194.060545 186.576122
199.674030 305.672900
182.302768 427.195832
191.082961 526.013945
190.856359 362.166987
201.931091 495.823722
192.439030 504.581099
195.707782 499.135673
193.847317 502.843712
190.125353 504.967145
183.685755 512.775375
198.198964 511.981144
196.855798 515.290743
194.408505 521.276463
196.644156 520.646064
189.382415 519.213843
193.323217 527.505536
193.824372 525.756344
201.151067 187.342024
199.285807 291.606788
188.795188 300.623032
200.271560 429.895568
188.913042 426.841970
199.030475 364.455908
199.508561 354.099730
198.272199 186.413880
201.843764 289.663269
203.241575 424.070763
200.261370 359.905652
196.900892 189.418342
203.660800 294.632350
197.431070 296.999310
194.736665 286.454700
203.689983 288.801819
192.898065 303.183793
191.633313 308.249506
193.674508 411.175243
199.878362 368.764764
192.697011 177.705514
198.268663 182.258557
195.476580 292.302155
202.753332 416.415457
196.746964 349.611179
197.800009 346.931806
203.371996 351.928623
202.093145 356.371814
199.471235 184.413446
201.805725 286.974422
203.648093 414.459775
210.181729 343.618601
208.180096 176.642978
194.986811 283.146022
205.162448 417.251435
200.564650 410.305052
201.558343 281.956389
200.346224 341.990386
206.301685 340.118572
207.967581 178.794376
205.576778 284.894654
203.874882 409.844010
206.112295 353.249293
209.819593 176.734577
202.144551 283.943965
206.522434 420.701337
212.343156 348.033627
208.415950 167.906661
207.085576 177.658197
216.863296 291.271379
209.803447 292.294056
210.238772 409.454372
210.413651 344.273453
209.183008 178.919862
208.306687 289.688878
207.480263 415.079240
219.085307 345.870045
208.496538 173.431745
216.755453 304.042981
215.643523 411.010995
214.498007 298.599047
212.963306 331.273420
212.348851 329.986742
211.846743 169.879042
217.516342 299.006812
217.606234 338.588430
222.785156 318.217478
210.663811 412.071828
212.418476 175.427150
213.479387 186.579846
225.462942 299.615570
214.309660 324.060969
210.721225 402.571709
217.040379 185.703753
214.672215 176.157484
215.450509 168.233425
227.546496 176.925912
221.402138 306.259121
220.504327 297.294498
213.657722 331.321360
216.592165 321.809170
214.359423 406.098160
224.654903 181.215295
223.430955 168.817482
214.130694 180.735946
219.339141 300.492637
225.439937 327.523652
237.054040 403.589468
223.458749 194.497905
218.618298 163.324188
216.167296 172.795786
230.663231 178.243842
224.931572 302.940933
218.085924 317.724538
222.590582 405.440366
223.947231 405.316521
222.989572 177.442333
227.129921 308.564094
229.690044 158.996193
221.332394 174.378118
228.857885 299.202245
222.631236 308.462606
227.318519 310.558794
223.926260 304.460296
228.623760 318.668134
226.233995 315.432087
221.400103 321.874643
226.978669 326.151624
229.629407 396.481223
223.759833 195.844232
229.957873 153.314331
226.147433 167.120428
243.826033 400.370587
231.480346 178.577187
232.094531 157.824477
243.230846 169.133752
224.882881 393.277499
230.109496 187.098221
235.124388 153.325800
225.135045 156.893708
229.535538 403.021447
225.536065 164.141074
229.184286 158.999362
242.026490 188.757486
235.002835 393.548508
232.193451 385.302623
236.970600 180.278320
233.157480 388.638039
242.059422 190.980302
238.626437 390.161614
228.914063 185.329745
238.350015 186.527587
234.936175 384.086453
242.695816 191.107675
245.793818 391.733766
243.111075 186.652684
242.730388 381.667210
245.475243 385.271662
248.779071 189.773627
244.826961 389.010604
251.720800 185.893888
241.969721 372.453074
246.959162 196.972583
252.561868 379.441929
259.088450 189.122045
251.688213 379.876668
240.581853 189.763640
249.588721 375.220122
258.272406 179.078374
248.650561 190.820226
258.740404 377.176148
261.272775 190.356555
253.795729 382.415153
258.894470 189.234974
258.725835 379.939037
263.952583 180.157456
256.236408 380.022313
265.721655 189.014051
261.403200 387.791561
267.987728 178.566154
266.595979 179.218344
263.881168 379.267226
264.186078 171.187365
269.897075 381.313712
269.339099 177.583338
267.002989 379.683755
270.079572 171.199621
272.490094 174.384327
268.308007 171.564867
272.161662 179.091503
263.098123 378.292116
275.914136 168.585939
281.890432 374.201197
275.177629 169.726658
273.938180 166.941904
273.147376 378.884768
282.331530 153.472674
277.116838 378.603480
281.041612 162.378449
280.601563 379.456062
285.175419 163.852539
277.338545 392.316260
283.681856 401.261859
284.316555 392.160181
278.755090 402.209714
278.990602 374.685582
286.193350 401.044406
287.553687 162.993838
282.369519 399.433530
282.884757 370.221583
283.301651 400.869442
290.250697 158.734894
282.902517 156.856473
285.720135 374.746761
282.477256 398.433487
282.056217 389.200577
285.605417 403.991997
288.720768 387.443745
296.641430 408.627128
285.353887 411.527494
285.047484 413.141504
291.229129 158.224527
281.194862 390.598226
283.035286 415.379070
291.535101 384.687317
290.437341 156.853540
285.560908 392.953642
283.969279 409.294472
291.774445 378.749987
288.512129 410.010673
293.481085 156.518207
290.464886 381.971049
295.373232 412.160373
285.792950 382.141606
294.121658 146.893238
296.619254 188.070439
293.610416 199.500913
300.854831 191.179610
292.960520 386.406083
293.888491 422.082347
290.908732 195.291421
288.776318 387.158303
298.217723 149.965305
298.559934 145.579096
291.379453 204.446508
292.178006 189.669674
300.871694 385.162673
295.561999 378.801484
295.944044 427.799908
299.904471 419.768471
294.229587 143.575412
292.171859 192.375438
297.333165 199.103193
295.986577 428.083981
291.306797 148.245674
300.342496 172.105216
292.833719 192.805873
300.124785 201.065195
304.219843 421.634909
289.421662 157.144130
302.304197 182.176834
300.590579 196.783791
298.156816 417.986669
308.813151 149.618202
297.485447 180.434346
295.921442 188.319022
303.563982 424.881186
304.191908 145.689245
304.309015 178.774916
307.407806 205.400574
307.574610 426.527758
306.045016 132.558546
308.728332 182.273249
310.612640 195.032614
312.064510 420.900039
319.339603 138.148541
310.082460 171.629710
310.333784 163.012523
313.629282 198.932713
311.570920 420.640557
314.891544 424.333753
318.972110 134.292949
310.689101 174.299625
306.521133 194.015217
298.295506 412.284486
313.538081 130.726938
311.456789 175.464091
313.781360 169.700238
308.709924 172.316163
317.931251 171.418207
317.768851 196.389194
313.309904 407.735943
306.223266 419.919084
304.657706 425.397008
313.507895 426.153899
318.646822 139.953002
315.548266 142.644984
313.494026 165.508885
310.226495 198.057463
313.906774 413.445873
314.113478 139.163473
319.914537 156.766621
316.454380 193.562561
312.951850 410.033654
322.715696 126.246104
315.440523 162.121799
311.628309 159.119059
318.773229 193.918474
323.602890 404.975136
318.774894 408.812743
322.691238 131.981802
330.626808 166.801938
322.552764 189.590689
322.867189 405.144675
316.906355 131.932314
315.282602 152.843051
314.126811 156.247085
315.067792 151.875980
322.032585 158.738791
316.649917 189.958725
324.145863 404.379996
325.060508 129.039692
319.794424 131.115071
328.064378 151.049616
321.078675 188.873374
318.387703 195.249067
322.793902 408.976491
320.962128 406.033094
323.666099 124.912646
325.208986 137.773723
330.708559 189.060408
328.070998 413.668581
329.516315 122.232015
322.147642 149.136520
336.573995 153.929161
334.951975 187.790796
325.413878 409.777219
321.603841 408.926996
329.823073 119.672262
340.123753 136.020033
328.278979 186.511142
328.681107 412.309055
336.023019 129.147249
322.487576 123.428744
328.691817 130.203318
338.332756 128.993095
334.565251 135.418145
329.082860 132.557970
337.691904 147.886439
328.666600 146.849821
334.689394 138.620174
327.314514 175.612169
330.425411 415.973974
332.306792 187.017044
337.255000 172.646306
333.258972 410.338799
337.496118 420.160324
341.636313 185.906007
331.475739 417.985796
335.223437 182.981621
344.176047 415.984209
335.067379 418.298233
342.807838 176.357115
347.868447 426.073864
334.316013 178.738048
353.784741 423.582419
345.055612 180.671731
347.354370 170.408927
347.459059 423.744706
333.627605 432.912241
346.774750 174.078956
346.772486 436.910610
347.401077 171.334370
340.977832 426.672302
351.690045 427.822173
349.898949 176.101024
357.988130 431.217297
348.009089 431.611645
343.907877 437.400792
354.096958 438.232117
347.043945 164.105658
356.878121 440.080041
355.267946 170.203267
352.929119 159.102003
359.918236 441.652076
360.158127 443.305418
360.374194 162.839988
357.726575 441.428638
364.247936 166.826329
363.385505 439.374687
361.978250 438.978325
368.825498 171.244302
360.602744 446.647731
364.850385 166.927242
356.351433 454.442904
368.623350 161.705398
370.145852 165.051078
359.719500 448.408637
358.334230 444.719624
367.395195 460.678715
369.381846 450.512509
357.590893 154.658585
362.339576 460.808632
371.104026 155.340976
374.725060 459.404018
372.274407 461.529827
364.816034 147.224889
369.432682 153.706456
362.781395 149.863614
370.435370 152.364942
367.764429 463.768683
375.222187 152.622866
372.897906 463.780399
376.843367 144.893361
378.459622 144.540395
377.084479 468.757599
378.726356 461.161386
377.784903 466.824901
369.709718 464.427831
380.740935 478.825215
377.349248 132.697527
377.654734 468.592130
381.868038 142.219897
377.615045 475.215002
375.813344 485.217349
383.539462 143.875036
382.670891 475.876340
382.478670 131.391011
387.055184 476.032656
383.663919 147.723811
384.632166 133.950870
389.689625 482.494747
385.688786 483.642227
384.830609 129.687327
391.928903 483.709779
391.386892 131.899674
390.786125 484.162756
386.131562 118.149513
399.162816 486.092290
394.667324 127.637929
395.130472 276.564788
400.727352 276.693589
394.727406 279.969183
394.625629 282.248386
392.449639 480.537153
391.840482 121.029333
394.532154 264.680561
388.022545 278.065296
396.071783 486.032515
404.716009 128.402446
393.786559 274.071523
402.185576 282.029115
396.461539 337.194339
395.795034 484.189198
395.108006 118.396679
396.307156 275.637633
399.411041 268.417717
396.202644 284.960183
406.089574 329.088555
397.021847 337.166506
391.335732 480.277284
409.484583 124.826947
400.801248 276.191270
410.274588 282.964286
395.952120 336.436639
398.481358 331.747559
401.107154 482.152825
397.120889 125.030020
401.183007 269.399986
397.296433 275.086524
410.451109 336.880229
409.600275 337.037568
405.988401 343.733122
406.010000 342.095255
395.650485 341.054345
407.357727 344.329119
406.048005 348.863853
402.993376 353.023537
399.173423 346.491333
405.378384 360.350163
398.385530 367.654419
404.516940 126.444943
401.021028 330.716773
400.858166 325.929134
399.701980 358.769335
405.679861 476.180648
405.498764 470.176008
403.723133 132.808712
396.883879 266.622028
399.932882 273.141083
408.860787 280.290823
399.418493 362.662249
407.761001 329.964294
403.340852 468.821235
414.183949 123.762629
402.849647 267.739256
403.984055 271.530342
415.539827 360.316096
404.332697 122.206572
406.241760 141.661107
411.692527 138.204812
409.473706 318.338463
409.411083 376.510055
413.973919 378.901115
412.137539 375.645626
401.603874 388.178439
414.172383 379.570702
414.211810 380.737190
409.961196 389.768157
403.377576 393.061135
413.585449 394.588338
401.496973 393.518582
415.238635 395.049372
412.408633 467.734773
412.888777 134.423460
401.483205 254.622247
408.358250 263.634113
404.998522 279.589654
417.467130 357.992046
405.083284 392.839570
412.333171 141.138372
407.175502 320.834063
401.963773 372.537806
402.704851 463.086904
415.853840 254.121208
407.730574 271.362206
407.771777 361.997247
410.661266 393.678513
405.444608 141.570380
409.814128 321.290721
417.182320 369.108185
418.114293 462.908150
413.720935 139.090013
412.311234 245.173802
418.863978 252.833129
417.381601 251.288012
414.702953 256.474722
414.829707 272.118872
414.490850 360.270371
407.503571 401.641869
410.941949 425.740885
413.245241 429.974340
419.621843 423.387636
413.499950 417.085691
415.061669 434.753348
414.285737 432.643117
403.140702 455.505849
407.746301 448.633453
416.822952 463.661379
407.688671 462.322717
416.527621 459.127945
422.042677 143.244727
413.531072 311.651648
409.424077 315.660641
421.105864 367.944759
417.913303 377.003864
411.704440 402.836787
411.483587 443.906286
419.076927 248.233232
410.012730 270.168769
415.483063 279.632671
406.799011 361.771642
415.649832 364.930759
415.716279 400.948383
408.400116 423.358618
417.068187 461.613760
416.461165 146.862167
420.251583 308.323919
406.442640 357.907232
425.783467 345.075654
420.218549 370.686304
420.434864 432.633377
414.492305 242.815297
425.693104 269.454227
415.822872 409.135952
420.136348 410.188221
422.505432 455.602268
417.640673 152.054544
416.672751 311.645507
420.968334 346.030989
419.560987 360.694154
418.969909 441.084679
422.499262 432.347574
415.489268 432.957173
419.793565 438.741002
409.527090 446.723849
417.032180 451.452064
411.870205 447.393775
410.675847 447.721022
417.716262 251.882658
413.333661 245.499703
410.311305 266.106447
416.752480 399.666910
428.092371 416.234328
415.164354 419.550506
416.974299 147.582390
421.535936 143.826208
410.806947 303.450997
408.968241 349.109378
419.806587 364.577702
422.961704 240.759842
418.625561 264.911931
416.664063 410.498577
424.633208 415.539979
419.220940 140.681048
415.792886 299.037188
418.128412 355.026685
419.866733 348.871471
419.605834 232.718170
421.865566 262.667993
433.022505 397.683203
423.589302 414.984474
416.211183 137.249202
416.973000 309.134370
424.101175 307.937781
429.746284 357.067980
416.971897 361.616485
415.483602 369.531117
421.519350 237.502907
428.924769 267.499635
424.950322 264.773146
421.915595 395.738132
429.683926 395.539165
421.158398 401.307359
423.941483 137.613791
432.090259 310.722692
429.812527 356.215211
424.917816 357.831760
419.686230 240.036635
425.251578 256.839602
423.917096 397.837204
426.024066 414.289128
432.637658 134.680105
421.865550 306.227415
426.797102 340.941977
434.292845 347.790539
425.031251 356.622187
427.117425 352.097551
426.879509 357.536968
432.504188 358.136762
426.105066 363.732997
428.803811 236.999524
439.038940 230.638590
427.174270 264.985757
434.997620 391.342145
428.447822 403.542713
441.031307 406.691323
429.521570 131.376626
439.114751 129.218956
428.919807 286.154723
429.408777 234.650586
424.490089 266.423929
428.524922 388.905798
430.245848 405.546348
436.134546 134.395376
432.251466 299.949538
436.890320 224.256682
427.055251 261.036450
435.130942 392.770782
425.729987 404.399158
438.999634 404.007833
433.106027 400.753748
437.407729 410.366991
442.019380 131.078443
424.164665 292.816705
436.605989 289.536857
428.776925 231.541515
429.647990 254.170267
433.064734 249.934482
433.078243 386.881249
429.962370 386.218415
427.487500 394.627286
440.296116 124.341207
437.942986 298.292324
433.107896 384.830874
438.979827 377.583675
441.347921 381.652907
436.302054 384.922110
435.876831 386.466639
438.358251 221.002840
430.414173 260.829964
431.894097 384.253156
436.090390 132.834062
438.003977 295.465436
427.759235 368.200138
441.014082 222.090015
435.434969 222.431108
441.218335 254.372864
436.210258 389.858623
439.416972 391.080587
450.690234 124.444819
441.852732 127.584038
438.532603 285.116658
435.156777 379.731914
442.275183 218.302615
437.312941 252.559481
437.467799 380.586919
444.011681 115.423251
439.332442 288.021573
439.144637 381.596433
444.925641 226.897746
440.766658 252.190797
442.422003 281.076895
447.007386 280.814311
453.868879 387.970228
443.987642 124.553769
451.105019 374.335360
439.459042 230.495274
450.045011 254.689983
448.807537 250.204191
448.099344 276.102841
443.547937 383.493644
440.612002 105.965493
447.491315 370.381246
447.744419 221.020370
447.833417 246.470133
446.327230 274.887112
450.141530 392.630158
452.466866 118.558537
445.927959 173.954037
462.172805 175.929525
441.551288 179.298876
445.104410 374.738643
450.345594 379.980224
446.178316 384.184943
449.667414 180.238821
443.730925 209.993313
448.690169 216.376374
443.102781 248.715694
442.431796 276.371894
450.372708 275.207019
448.716399 104.038605
449.182535 110.671727
450.715030 167.370664
454.444255 185.548813
451.753201 384.510705
449.562409 372.657520
449.664895 209.931259
450.840445 255.116760
455.859426 266.524333
457.554002 111.251483
449.414376 167.186321
447.296835 179.354039
451.360862 365.638707
457.564631 378.157756
446.524754 176.852651
456.853088 201.655849
452.012673 253.501989
453.634286 264.079569
449.607287 373.235081
452.196652 374.049617
456.575351 108.476837
457.652220 162.238982
455.213737 157.672814
451.394458 176.688922
455.036619 211.474506
461.820492 250.673506
456.608550 274.228858
469.120471 106.833867
458.061837 157.022480
457.359456 185.114842
462.906343 211.428513
439.495314 245.694034
456.615555 269.282606
453.997479 95.151888
463.187846 163.470351
465.807294 189.493979
463.462885 261.907699
464.493828 256.123437
458.660048 202.365342
465.326012 201.106882
459.893312 252.324862
459.040593 107.380009
465.156565 106.077067
469.758015 159.120438
458.552902 192.047927
463.097551 259.449614
465.315861 201.665533
462.691343 254.643957
464.052379 95.492871
451.322144 156.997602
458.641500 186.781268
461.890223 254.831551
455.495181 185.556444
453.420281 186.152002
467.927526 190.996671
458.233524 189.613091
456.728047 189.315812
459.707056 200.932127
471.350784 205.320195
464.722952 200.656662
463.754520 255.733324
469.694668 255.734744
468.438586 255.015682
459.950279 103.733523
463.843074 157.322649
472.389325 162.075580
463.030982 104.816435
468.256993 152.890229
472.841689 97.302217
469.134989 152.063279
474.307185 95.473523
469.578690 98.358985
461.368514 152.558265
473.471892 89.786589
463.558698 152.184158
467.656965 87.125564
466.281775 143.970768
471.998918 147.696471
474.272962 82.908090
486.038262 145.497799
475.416355 84.806157
479.165694 142.055857
480.712866 83.216254
472.868083 78.899543
483.772623 133.419846
478.583683 72.517109
482.693703 129.717434
477.687783 72.605066
478.913411 122.888578
482.822187 149.025893
478.630893 76.532595
483.975795 135.862506
490.473955 66.395681
487.812666 130.895040
492.764788 70.140807
499.461381 67.626970
480.389178 131.637755
491.124753 65.786809
495.841727 132.725700
496.085319 69.192792
501.427410 133.847170
489.254497 122.541800
498.587915 57.377839
495.674021 126.023480
504.828774 58.659262
494.330421 118.215138
490.800573 66.453202
504.500274 120.382923
499.217731 67.456465
504.312467 122.123441
504.828506 74.087379
497.252865 109.850740
503.398259 123.499601
513.517375 64.864847
501.804772 112.073253
510.747997 71.330267
506.718195 96.301765
507.718335 106.623220
509.553396 103.462483
509.672518 103.182755
514.674087 105.702348
511.834086 113.570872
506.991580 60.631138
514.674587 105.969103
510.588366 50.327710
506.958316 100.991423
517.009885 88.559000
507.431374 92.304253
512.440508 61.916138
519.143043 90.962150
516.228501 56.183487
514.228120 86.970288
526.031266 56.065571
516.407910 73.346472
514.368706 86.053986
506.143182 55.578105
516.797806 79.874512
518.385787 59.596360
528.013129 78.169488
518.152054 52.697067
520.304372 74.267341
525.712629 78.099550
522.933691 55.631791
526.084573 79.974566
526.782642 55.625060
529.182071 53.167402
532.803462 60.102218
520.952873 58.134830
519.475402 61.534275
531.625710 64.496171
530.122941 70.868245
532.152409 64.293027
529.765303 79.028645
