76 541
79 545
81 549
81 553
82 540
85 553
86 531
86 535
89 554
90 527
91 558
94 524
95 558
97 520
99 559
101 516
101 563
105 512
105 563
106 251
106 255
106 371
106 375
106 379
106 383
106 387
106 391
106 395
106 399
106 403
106 407
106 411
106 415
106 456
106 460
106 464
106 468
106 472
106 476
106 480
106 484
106 488
106 492
106 496
106 500
106 504
107 259
107 419
109 560
110 247
110 367
110 452
111 181
111 185
111 189
111 193
111 236
111 240
111 262
111 266
111 270
111 274
111 278
111 282
111 286
111 321
111 325
111 329
111 333
111 337
111 341
111 345
111 349
111 353
111 357
111 361
111 422
111 426
111 430
111 434
111 438
111 442
111 446
113 557
114 290
115 177
115 195
115 232
115 317
116 156
116 160
116 164
116 168
116 172
116 199
116 203
116 207
116 211
116 215
116 226
116 294
116 298
116 302
116 306
116 310
117 219
117 553
118 542
118 548
120 152
120 223
122 538
124 149
125 534
127 145
128 527
131 141
132 523
133 512
133 516
135 141
137 509
138 498
138 502
139 139
141 494
143 136
143 487
147 136
147 483
148 478
151 136
151 474
153 452
153 456
153 460
153 464
153 468
155 136
157 448
158 397
158 401
158 405
158 409
158 413
158 417
158 421
158 425
158 429
158 433
158 437
158 441
159 136
162 393
163 135
166 131
166 393
170 131
170 389
174 131
174 385
178 131
178 382
182 131
182 378
183 373
186 131
186 369
189 365
190 131
193 362
194 131
197 358
198 131
200 354
202 131
204 350
206 131
208 348
210 131
212 348
214 131
216 348
218 131
220 348
221 356
221 360
222 130
222 364
224 349
225 353
226 126
226 367
226 371
226 375
227 379
230 126
231 382
231 386
231 390
231 394
231 398
231 402
231 531
234 124
234 535
235 405
235 527
236 409
236 413
236 417
236 421
236 521
237 120
238 538
239 425
240 517
241 116
241 429
241 433
241 437
241 441
242 538
244 445
244 514
245 116
246 449
246 453
246 457
246 461
246 465
246 506
246 538
247 469
249 114
250 502
250 538
251 472
251 476
251 480
251 484
251 488
251 492
253 111
254 499
254 539
256 543
257 111
260 543
261 111
264 543
265 107
268 543
269 106
272 543
273 106
276 543
277 106
280 539
281 106
284 538
285 106
288 538
289 106
292 538
293 106
296 538
297 106
298 392
298 396
298 400
299 404
299 408
300 538
301 106
302 388
303 382
303 411
303 415
303 419
303 423
303 427
303 431
303 435
303 439
303 443
303 447
303 451
303 455
303 459
303 463
303 467
303 471
303 475
303 479
303 483
303 489
303 493
303 497
303 501
304 538
305 109
305 505
307 378
308 509
308 513
308 517
308 521
308 525
308 529
308 533
308 537
309 111
311 378
313 111
315 378
317 111
319 378
321 111
321 516
321 520
321 524
321 528
321 532
323 379
325 111
325 512
325 535
326 383
326 387
326 391
326 395
326 399
326 403
326 407
326 411
326 415
326 431
326 435
326 439
326 443
326 447
326 451
326 455
326 459
326 463
326 467
326 471
326 475
326 479
326 483
326 487
326 491
326 495
326 499
326 503
326 507
326 539
326 543
327 419
329 109
330 427
330 543
331 422
333 106
334 543
337 106
338 543
341 106
342 543
345 106
346 544
349 106
350 543
353 106
354 543
357 106
358 543
361 106
362 543
365 106
366 543
369 106
370 543
373 106
374 543
377 106
378 543
381 106
382 543
383 448
383 452
383 456
383 460
383 464
383 468
383 472
383 476
383 480
383 484
383 488
383 492
385 106
386 444
386 543
387 495
388 407
388 411
388 415
388 419
388 423
388 427
388 431
388 435
388 439
388 499
388 503
388 507
388 511
388 515
388 519
388 523
388 527
388 531
388 535
389 106
392 403
393 106
395 399
397 106
399 399
401 106
401 403
401 407
401 411
404 415
405 106
406 419
406 423
406 427
406 431
406 435
406 439
406 443
406 471
406 475
406 479
406 483
406 496
406 500
406 504
406 508
406 512
406 516
406 520
406 524
406 528
406 532
409 106
410 445
410 467
410 485
410 492
410 533
411 449
411 453
411 457
411 461
413 106
414 533
417 106
418 533
420 110
422 533
424 111
426 534
428 111
430 533
432 111
434 533
436 111
438 533
440 114
442 533
444 116
446 533
448 116
450 120
450 533
454 122
454 533
457 126
458 432
458 436
458 440
458 467
458 471
458 475
458 479
458 483
458 487
458 491
458 495
458 499
458 503
458 507
458 511
458 515
458 519
458 523
458 527
458 531
459 444
461 126
462 428
462 463
463 422
463 446
463 450
463 454
463 458
465 129
466 536
467 418
469 131
469 410
470 532
470 538
471 521
471 525
473 131
473 409
474 538
475 521
477 131
477 408
478 539
479 519
481 131
481 408
481 506
481 510
481 514
481 543
485 134
485 410
485 502
485 543
486 414
486 418
486 422
486 426
486 430
486 434
486 438
486 442
486 446
486 466
486 470
486 474
486 478
486 482
486 486
486 490
486 494
489 136
489 450
489 543
490 462
491 454
493 136
493 543
497 136
497 543
500 140
501 543
504 141
505 543
508 141
509 543
512 141
513 543
515 145
517 543
519 146
522 543
523 146
525 150
525 539
529 152
529 538
532 156
533 478
533 482
533 486
533 490
533 494
533 498
533 502
533 506
533 510
533 514
533 518
533 522
533 526
533 530
533 534
533 538
536 156
536 474
538 452
538 456
538 460
538 464
538 468
540 159
542 448
543 442
544 162
547 166
547 439
548 429
548 433
550 170
550 424
553 174
553 417
554 178
557 413
558 181
558 185
558 402
558 406
559 189
562 398
563 191
564 390
565 195
568 377
568 381
568 385
568 389
569 197
572 201
572 373
573 205
574 209
575 377
578 211
579 379
580 215
581 383
581 387
581 391
584 217
584 395
586 399
586 403
587 221
588 225
588 229
589 233
590 405
591 409
591 413
591 417
591 421
591 425
591 429
591 433
591 437
593 236
593 240
593 244
593 248
593 252
593 256
593 260
593 264
593 268
593 272
593 276
593 280
593 284
593 288
593 292
593 296
593 300
594 304
595 438
598 306
598 310
598 314
598 318
598 322
598 326
598 330
598 334
598 338
598 342
598 346
598 350
598 354
598 358
598 362
599 435
602 365
603 369
603 373
603 377
603 383
603 387
603 391
603 395
603 399
603 403
603 407
603 411
603 415
603 420
603 424
603 428
603 432
