49.185951 86.940673
48.703657 94.184775
47.287366 88.859273
48.449813 95.674926
52.862872 90.728669
48.394961 91.645814
52.215457 98.471349
49.314188 99.303032
47.905087 101.543407
50.954033 99.878183
43.670663 102.753332
51.232249 98.503929
54.357985 112.482001
46.357154 111.520258
43.802070 108.736315
55.767456 108.909281
46.818348 115.915327
51.602637 115.165027
48.906842 123.439701
49.039259 121.827518
48.511709 124.735117
47.475415 118.363808
48.744104 121.988523
49.309617 121.827776
47.485128 138.894036
47.110951 125.982793
49.436705 134.218995
49.401836 131.622286
54.046778 127.403928
48.473514 132.254277
49.096357 141.721891
45.839705 139.996603
49.724268 139.936710
50.321980 140.187819
51.710117 147.847701
48.351714 136.653330
49.217307 152.182703
52.561055 149.312669
49.143394 153.723089
50.882070 147.286747
46.178320 153.356547
50.253647 152.820973
51.639872 162.788501
51.369895 161.069196
49.293567 159.263222
45.278256 163.509897
47.480927 166.303452
50.102617 159.513175
51.348436 176.277630
49.050842 172.841551
52.262151 170.243180
48.493331 171.950269
47.853992 178.592686
46.389917 175.014093
51.096457 184.382107
47.863113 181.133203
46.183049 182.899846
55.162377 179.402325
54.061732 182.023378
55.511166 184.861138
50.386601 192.981989
48.513885 191.950098
46.826495 187.371595
46.204095 194.455255
48.838898 191.128103
49.403828 189.480510
46.901723 204.429517
49.055842 202.085956
44.469230 199.748623
46.458364 202.790998
48.932415 201.838825
49.203703 202.252170
50.528057 210.731195
49.948555 212.467818
52.581386 212.422850
44.214961 214.085986
51.989769 212.711410
52.007795 215.762817
44.150899 222.122121
47.334458 226.026666
49.889877 222.094613
50.808399 222.636478
45.149800 217.441305
53.507800 226.685305
53.041305 232.458491
48.880326 232.682181
50.488945 232.784908
50.195073 232.479102
52.587176 229.191123
54.792386 231.021329
47.453506 245.615075
48.887631 242.154837
47.811953 237.164761
43.208726 242.052496
47.717458 239.947069
52.228046 240.180600
46.442493 255.147505
49.410716 252.589108
46.441585 247.841767
47.908918 249.444500
51.644099 249.010890
44.640650 252.428308
52.213220 255.244240
51.082716 263.922655
49.982734 266.347388
47.082724 261.334553
48.975188 261.992640
50.407355 263.783345
49.952291 272.693788
42.865257 274.392484
53.914790 273.830041
47.789694 272.228315
56.183109 273.016085
49.488107 270.039668
43.054672 279.454636
46.931584 279.813128
44.972302 286.471692
52.373749 275.855666
55.682561 284.782024
45.333925 285.690415
52.889145 287.376205
51.068257 294.584713
54.775179 294.264056
48.868715 289.080520
50.694519 297.551589
49.124658 291.724655
45.817632 304.238095
49.941147 307.120084
49.593566 305.621852
44.349028 305.530668
51.967972 301.216756
49.951970 297.107344
48.684630 312.130044
50.332401 305.055309
48.079846 311.614800
48.363157 313.114196
43.812813 307.448154
50.531623 319.021247
49.984689 320.469094
48.675478 323.481477
49.621188 316.595607
44.327940 326.249680
52.632177 327.113678
47.464553 321.014002
50.523949 327.039356
49.740040 332.344399
51.464943 330.682698
46.744422 330.547581
47.091530 336.031093
48.922760 338.392246
51.463800 345.838195
46.833371 346.002307
44.207579 338.852591
45.703348 346.669401
43.415778 340.839322
50.410924 339.707216
49.770044 348.015352
52.986948 354.485630
49.417434 351.646542
46.863596 356.525645
49.267301 354.913792
43.902911 350.657299
44.990700 365.360969
43.537027 361.631208
50.464478 359.446591
48.781193 362.454203
45.246938 362.041233
52.109051 357.617461
48.079971 378.140556
48.726459 371.612108
51.063559 369.904589
52.174749 369.990489
48.129169 372.512329
49.014617 372.100755
51.074857 379.775067
53.719454 381.025413
51.406505 376.961547
51.294084 385.065718
45.756020 387.234000
49.689661 378.856133
50.682309 398.329646
46.047554 396.327995
49.894558 387.330150
51.446651 387.724596
49.749056 392.511307
51.010760 394.487048
48.466569 404.103006
47.502211 406.453521
48.346573 403.868942
49.644526 405.890257
54.439199 400.546735
44.715563 405.473605
50.116967 413.550592
53.168150 414.959729
48.818023 410.462426
52.006735 408.745473
48.033178 407.549270
47.271827 410.434016
47.267320 419.906214
52.390737 421.126917
55.899727 419.269035
48.988351 426.804726
46.482460 424.821498
49.593859 418.048037
56.112959 433.638948
48.977660 431.811556
48.788186 438.416837
46.247619 430.813260
48.861654 436.391279
51.420597 429.092283
48.818862 435.163792
45.571536 447.391480
48.665840 441.671758
51.370201 436.622306
53.567075 447.503642
49.953240 446.376706
50.350721 451.776506
49.858637 457.223999
51.311660 458.212939
49.253335 456.354944
44.550581 450.637987
51.017367 444.906215
48.987128 468.811859
44.200892 467.328236
50.420541 460.518614
46.952534 459.104840
45.985670 468.018714
52.672174 461.120982
42.684144 469.393661
49.397358 467.947395
53.248607 470.232107
55.999688 470.159096
53.516610 474.743930
48.663570 471.902565
48.886597 481.921377
49.220996 480.999561
47.767075 487.033189
48.682164 477.590309
48.134757 482.616470
47.119221 488.235546
44.363631 491.272499
46.490983 490.096948
48.215865 493.454164
54.004508 494.988417
48.076282 491.721203
53.126048 490.311722
49.018579 502.116567
51.732859 495.866245
48.549819 500.935434
54.143000 497.369348
48.699304 504.710809
52.409516 496.697950
48.155386 505.914658
46.855918 513.332154
44.784661 515.290344
53.254802 512.815192
50.557943 512.750743
48.595117 506.852030
53.307684 525.590232
45.949146 521.919237
49.379599 522.809967
49.307579 521.730442
50.278168 520.665594
49.309793 521.972942
49.620472 530.844338
48.269231 529.119817
46.167687 534.831966
48.762544 533.412895
48.226682 527.650451
47.981841 534.643109
54.129643 539.042442
52.257283 543.324606
52.148049 539.351534
48.863236 541.940637
52.046048 541.984945
49.904980 541.655546
48.891795 550.871064
51.425792 550.952048
48.217974 551.428574
48.837387 547.589241
51.045382 551.573007
44.799228 549.590599
47.233778 561.572354
48.376944 562.965292
50.438841 563.664443
49.527581 558.323487
48.532676 556.814861
44.284430 560.700579
44.478438 566.528022
42.840687 569.340216
49.957369 579.162760
49.002882 567.344087
49.140448 568.013364
48.685814 571.658888
50.025803 583.762057
50.132346 577.479066
46.591410 586.457583
49.782076 589.125338
47.622935 580.303359
47.048304 584.703605
45.937643 592.747542
54.974151 596.343390
51.900477 592.323524
49.255220 591.856239
49.334630 592.262759
49.077000 591.913836
51.649002 600.791760
50.293150 605.787677
49.120813 601.372880
49.453260 601.047906
47.887879 604.775509
48.980725 602.030917
48.470653 605.403920
48.334860 612.832249
49.071858 612.134224
51.228939 617.256539
47.638642 611.913849
49.468344 615.946018
48.761144 626.056841
46.455204 625.819028
48.011975 629.361945
49.230793 619.714313
45.905877 617.975458
49.718653 622.390329
52.203414 633.164481
49.052789 634.099902
48.636647 626.377212
46.328186 630.377081
44.494883 637.094611
48.903942 636.136993
52.267151 645.131642
47.536318 634.807416
42.611262 642.892895
50.544942 640.088507
44.507203 644.865246
50.075548 641.959559
47.286713 657.532437
53.318282 652.995056
52.273982 654.362457
44.092165 652.251397
49.253509 651.824411
46.757065 646.828291
47.846068 666.027451
47.296354 663.566937
44.354231 664.544985
50.784549 668.698235
53.725113 657.119543
51.108269 658.079846
48.812121 671.919073
49.024033 672.341630
48.545205 669.100346
49.198266 669.511368
48.919589 671.592978
51.038245 669.665367
45.574209 683.935969
50.225879 674.986456
48.266495 683.296063
50.204150 679.114529
48.108826 681.004042
48.343124 684.402090
49.927683 698.862107
45.406663 688.016532
54.717110 696.510758
50.561199 689.762586
47.335650 686.345053
50.217047 692.720129
59.486675 93.851354
60.056535 96.378867
54.978863 100.069365
59.231879 102.221642
54.711127 101.307130
55.374489 95.280620
60.742485 695.720863
57.944589 691.609931
55.628868 698.413073
56.780444 694.804447
58.993090 694.994624
55.723656 695.356281
62.443979 102.761002
65.694615 102.034081
71.560024 104.802643
59.837253 101.759489
63.461830 103.550026
64.325205 104.613715
66.290544 691.698572
64.145979 688.405197
71.328954 688.702536
65.630585 683.596605
66.128736 691.226124
66.756830 693.461499
76.174878 104.597867
72.349102 106.424682
75.908223 107.538366
78.035916 111.633921
74.566575 100.184396
73.588311 106.134310
76.055051 684.213069
84.280457 685.010363
76.641800 682.727664
76.089108 685.607124
71.421216 685.674520
80.984047 681.935337
78.203230 111.985549
83.594706 115.579446
86.065826 117.997390
82.609441 117.563070
79.135872 118.111915
81.442157 114.162520
83.399767 675.657276
83.454342 676.932383
87.921466 674.040868
82.081966 671.587646
85.163303 674.860290
86.579405 677.435794
87.207783 124.913719
92.457810 116.747184
94.836647 121.754132
95.414963 124.347479
86.284681 126.165299
85.687459 127.241604
93.942437 676.214239
98.826487 671.923322
95.372732 670.658884
98.570167 673.033927
92.454233 673.779391
96.707903 667.882888
104.118693 127.180946
99.817286 130.656482
101.089409 132.810546
99.268310 127.487602
92.457557 130.202648
98.561039 134.378382
107.561007 662.379304
101.243141 670.676403
96.659662 664.215446
102.661173 660.718042
98.907053 669.630164
106.868044 668.081273
103.771625 140.040998
110.415091 129.448728
100.565387 130.581252
108.840575 132.493771
114.224246 133.657046
107.143902 137.983880
119.302149 657.387503
110.690899 657.779937
108.415235 659.208450
109.712146 659.344337
115.936905 664.330491
112.296184 661.886421
113.795162 141.830953
110.953253 145.830471
117.971897 141.581821
111.979503 136.017964
116.575636 145.172147
114.918751 142.854909
115.672494 147.539255
122.355560 148.833682
121.073610 152.062746
120.951381 148.317524
122.917340 149.060718
118.531989 147.369134
126.683315 654.691259
121.879719 653.611329
122.003746 654.012983
123.754730 655.080280
119.006920 650.683437
123.747219 648.880083
129.115915 645.817673
127.042675 651.864176
129.898158 645.070814
132.840289 643.142906
133.975744 644.390900
130.053418 644.679584
132.747756 157.209984
131.379308 158.061003
132.420018 153.715735
130.931392 151.856835
136.564001 158.966405
129.241102 154.172100
137.758973 160.570289
139.947807 159.931705
137.799316 158.516290
139.049617 160.555205
139.523967 162.015792
141.655911 156.705895
142.203278 645.386544
136.809029 637.572106
141.316538 635.609452
140.086104 639.693403
132.771781 638.176365
140.364173 644.472135
146.771256 166.763342
146.601416 164.491133
140.438751 172.337242
140.160157 165.297809
143.648714 169.028481
144.745434 166.518188
154.833228 633.041870
150.724368 634.352556
153.039862 634.694560
148.564079 636.159093
143.413701 637.675559
143.318398 633.242201
148.491007 169.265684
151.600628 179.542272
150.542057 176.945553
152.467144 176.650506
148.823110 177.435811
154.413540 178.490262
159.218800 621.998371
161.226071 627.391911
161.605139 629.692470
157.409828 629.318985
157.631019 630.091620
156.780535 629.122399
160.009726 174.304694
163.051574 176.166242
161.457478 177.843305
158.976684 184.413152
163.677154 180.199872
160.680243 178.851096
167.939847 617.591086
161.794904 623.211743
166.705412 623.512753
170.850805 624.070390
165.551799 625.940208
163.576877 617.639320
177.342260 187.309653
172.571344 191.220633
165.810188 189.799978
169.004037 188.779204
170.803474 185.746144
172.012053 192.017933
174.313482 614.914136
179.474570 611.637952
178.306777 613.912047
177.355916 615.335954
174.835831 619.377120
173.837230 622.328329
175.073363 201.646453
175.618556 193.743813
179.682313 192.622445
182.191365 197.306463
174.827202 197.143381
172.450611 189.126806
185.497232 203.084234
181.106180 205.285229
183.888335 198.130543
187.616973 198.653478
183.125574 208.172410
183.051339 202.746863
191.960846 608.790098
185.513951 609.918508
186.370809 610.597513
184.815173 609.935431
184.638004 613.907044
185.192372 617.451725
189.550432 212.286808
190.790143 213.437911
197.526340 204.789796
196.870163 211.661040
193.925979 216.003340
193.839825 210.664851
193.999507 606.324729
193.296424 606.731907
186.898507 603.592061
189.756611 609.349667
198.060881 603.036372
193.612777 606.048774
201.439739 213.311733
204.802659 212.901863
204.820110 215.370371
203.901400 209.927587
201.438842 213.918231
196.192214 210.220285
196.981698 596.638601
198.906890 605.055696
196.955430 601.096935
207.203471 602.863371
205.205576 596.030274
202.886163 600.207713
210.412539 216.112313
203.868735 219.577679
204.696514 226.574041
211.186162 217.449695
211.670890 220.578463
207.717025 228.560388
207.428868 595.581384
206.920504 595.414376
209.546828 591.617155
212.667199 591.670795
213.340561 595.719153
215.132941 588.128547
216.459198 229.621529
217.385742 229.139213
217.624847 232.887455
217.494341 224.166685
216.388792 229.221464
218.284073 227.668996
222.084434 589.095304
226.636675 587.324105
223.111849 596.052629
217.771861 583.608849
225.517755 588.648944
222.382945 587.962055
230.586550 239.101120
225.537838 234.178526
224.064346 234.242254
226.756701 227.684147
225.953821 234.261812
228.754074 232.679260
232.358990 579.886936
225.519290 584.694208
232.595192 585.939003
230.807200 579.980388
233.570624 582.415171
229.184400 578.077278
233.338572 246.283702
227.566525 243.729551
231.124084 240.014140
232.263824 240.511032
231.219097 237.011957
240.827379 243.083658
243.803289 247.858623
241.205812 249.080494
243.206605 255.663458
238.694996 249.995326
235.497966 249.097510
239.103889 242.096880
242.646769 574.088165
242.965295 571.985182
240.999798 567.715484
235.754222 576.938778
241.435849 573.193532
242.118332 578.738591
247.395059 255.594594
244.761118 258.617886
242.222552 252.896970
247.280350 259.718684
244.006914 257.102427
247.570497 257.029986
248.140520 570.577042
248.339127 568.847227
252.677801 565.738818
255.107136 566.598637
252.459349 574.679348
248.132041 574.417827
253.448062 255.218758
255.901656 264.931314
264.372632 260.698267
262.573620 256.581722
254.447197 260.475645
260.625571 261.777119
253.648783 567.440899
251.815915 565.174555
255.873487 565.288355
251.127659 560.508257
254.377333 569.162367
260.580298 559.138784
265.476275 267.781030
268.704907 268.849745
262.083297 272.321339
270.472955 265.382252
264.287015 267.619737
263.936686 260.024053
267.687808 559.503239
266.268824 558.727183
265.454805 562.331584
267.383803 559.619512
270.004339 561.242727
270.068639 561.567826
272.112604 275.075370
270.384690 270.164943
267.851715 269.690127
271.262213 277.664581
269.915069 276.455682
269.625993 272.324887
278.204370 545.865597
274.684845 550.394941
276.527790 555.126457
269.959756 550.322084
271.669735 553.954001
278.014779 547.954748
279.223025 277.425584
274.021491 282.315513
278.732377 284.953166
283.080204 286.140078
274.087650 282.162455
283.550924 279.177378
285.834517 542.598119
283.612212 551.610965
284.062798 545.508810
280.944477 546.730352
286.779700 542.803941
285.469846 547.096277
286.789813 280.470018
291.267827 293.024846
289.385357 287.259924
287.813588 289.307664
294.173950 291.680088
287.804202 284.236149
294.358812 539.929979
292.365957 539.749437
294.188267 544.371841
293.728636 542.843494
294.123404 540.166413
298.715347 545.693273
300.226887 292.987923
295.840566 297.234633
300.276926 295.584221
297.661444 294.887452
295.300996 295.622132
301.371550 294.051891
301.935315 533.947703
304.326743 530.839502
303.481997 534.647835
301.854437 530.422816
295.082653 535.303643
303.254829 535.210267
304.043033 301.697790
303.644296 300.908690
303.073387 301.493477
307.018546 305.160669
305.285308 300.489983
306.197878 294.962810
308.299337 306.219312
312.793268 309.180883
304.994041 309.142091
305.680401 310.965101
315.264151 306.092954
312.817232 310.519776
312.448580 527.833573
314.616513 527.358799
307.937374 530.149971
313.769198 530.085097
315.299054 533.947112
312.741724 534.720299
323.445891 525.738823
322.783529 521.764455
323.179873 523.830721
319.397528 520.519750
318.828010 520.367164
322.468883 525.197580
321.194497 316.477660
321.630230 319.266223
321.825692 319.234569
325.244765 315.708700
321.602267 312.344292
321.527873 321.431611
332.920004 326.235923
333.633100 317.488807
323.945866 322.262420
325.366538 323.959870
328.885813 316.957221
331.503322 319.033340
322.868801 515.570256
330.620330 512.499559
325.799307 516.278390
330.023455 514.993747
330.315410 522.052128
328.500083 511.559531
339.079412 323.313295
340.900420 326.642365
339.573679 322.272150
336.846616 325.510951
338.965942 324.201056
333.909846 325.913916
333.523098 517.745254
339.656979 513.969013
335.629122 513.982647
342.637555 512.913520
334.251940 511.755575
340.529707 514.041058
348.543227 320.368043
351.749074 317.770139
355.092851 328.076570
349.855732 324.968691
352.533328 322.698785
352.088313 321.304834
350.131068 510.266882
348.867341 512.790516
354.636814 511.835208
351.093648 513.657652
346.394138 509.292404
352.696834 513.329947
360.352699 321.724587
361.236022 330.690794
360.110925 324.543130
354.537667 322.403453
362.188180 330.302915
358.754198 324.471483
358.963459 505.522729
359.540185 510.204368
363.183151 511.970415
357.441774 512.237531
361.598921 508.966262
361.966601 514.099882
369.561938 325.632933
374.730706 319.446792
366.865046 322.519628
364.861884 328.001591
367.763427 321.492450
370.021535 324.104886
364.586843 508.863870
375.648812 507.446372
368.494341 502.974385
364.543465 512.735465
369.292555 513.342601
367.048372 513.347198
374.257144 329.033562
380.297038 324.186979
383.105604 319.575702
378.600511 324.527341
377.009460 328.728278
376.493594 330.275362
381.516422 505.532323
385.485600 509.728106
383.421993 510.472910
375.591643 506.261620
385.666796 504.645152
376.141478 507.240533
389.790883 324.224790
391.737658 324.127856
390.554244 318.748186
389.823559 324.705429
387.738018 322.903139
388.322189 319.607700
390.849396 507.862853
386.291691 502.050438
390.523102 504.968408
389.057783 502.953376
391.833043 503.663876
389.936510 506.446723
403.485964 320.075421
403.105046 325.262476
398.845371 323.668897
393.227378 321.615721
404.072792 324.395251
401.773366 327.790801
397.752318 508.640520
399.162714 503.472137
399.244751 503.985443
397.752805 501.044255
400.111260 504.821260
398.129680 511.797434
410.147490 320.802175
409.603434 322.434818
407.829836 320.616205
411.808913 319.660809
409.424073 322.388803
407.403840 321.794463
410.009572 501.432037
410.166573 500.012026
409.652354 500.896372
407.403523 499.904814
413.794889 496.542694
410.408038 506.136689
421.200539 320.900035
419.422188 317.636241
413.672052 319.663659
415.220019 322.819413
418.892911 317.014736
414.504555 312.172319
420.621938 502.744056
417.209102 496.137001
426.344586 503.815434
412.831080 501.762563
419.533494 499.953310
419.197577 500.942662
428.589423 310.330391
423.783905 310.518030
424.416971 317.122293
427.565879 314.154149
432.407129 309.297268
428.977040 311.809075
430.498831 498.588408
424.871749 501.909735
431.438632 504.857497
430.008757 503.447314
429.195801 498.294772
429.813976 499.569051
436.357235 309.537806
432.707088 303.358926
440.441278 300.079372
436.827316 304.038619
437.144487 303.726102
439.991265 305.210920
445.502042 498.269610
438.198940 490.630920
436.293024 494.072645
439.539640 498.325676
442.190526 496.518578
438.941557 498.561130
447.980618 298.362727
447.879316 299.403299
443.743750 294.740124
452.900733 301.348012
448.932784 294.198462
444.350655 297.446204
454.298030 490.485993
451.309511 497.472270
456.677985 493.807532
449.133385 491.343418
450.050465 495.060991
449.377987 494.670047
453.286397 289.082699
452.219378 290.245135
458.629872 294.288158
451.738388 297.086842
461.869076 297.135265
454.490817 287.405939
460.423634 494.635282
460.355632 494.215939
460.475159 494.920108
459.188412 495.102802
460.412229 500.335141
459.489710 489.739953
462.548547 287.371023
468.556289 286.059500
466.297041 287.875427
470.886565 284.987369
471.407718 288.825477
466.833066 293.109565
470.818531 489.732733
475.555524 491.885706
470.703567 490.044911
473.796851 486.085914
470.584779 497.204711
470.127300 489.885650
474.537969 283.993232
474.964801 283.813250
471.611390 289.014022
471.818055 282.199288
473.292653 286.202878
469.906584 289.676207
478.757482 493.315544
478.258896 490.436057
479.136107 489.070834
476.604281 491.717653
484.089425 490.342094
482.918466 484.748390
478.904309 278.823259
477.486998 273.963033
479.068757 277.202421
478.212844 281.626838
483.304975 278.930527
488.398439 277.724243
488.707091 487.990159
490.513579 483.146375
496.194671 488.294005
487.194867 490.786282
490.201644 491.072994
485.902961 486.873461
495.075218 276.181514
487.617347 272.128413
492.506161 274.656823
488.334069 268.105809
490.088191 275.131023
492.492116 274.117673
504.572695 491.368820
493.591085 491.500948
502.682346 494.642832
504.895682 492.493349
503.490929 486.441386
500.577090 485.873508
502.243970 275.393112
502.161044 277.755534
505.354918 273.817047
502.125680 277.763239
499.949485 280.041209
500.877045 279.365767
505.321917 483.987857
504.690607 484.879670
508.796493 483.720910
502.401250 481.692247
509.758206 485.792279
504.777068 479.421163
509.031370 286.968342
508.242560 281.171822
508.341796 279.795723
510.148339 283.180718
507.169933 279.799942
509.370818 284.335422
516.950635 489.215101
518.694758 481.409186
519.008238 484.996877
518.013977 484.685866
523.719973 480.108714
524.206528 485.374898
520.236107 286.251544
519.794794 279.545838
513.232194 284.835410
521.155727 280.039053
518.276891 289.252801
514.993539 290.078960
521.715934 292.057593
527.097665 289.546018
528.386016 292.562325
529.859849 296.415143
530.018019 292.181364
528.463168 291.478651
524.543979 481.420929
527.423468 485.587110
530.304622 479.034902
529.344183 485.424666
531.248179 481.898476
526.120711 480.647700
539.680443 482.411275
537.943268 477.022253
535.636594 475.619943
539.441667 478.837046
535.479500 473.155403
538.716192 481.423122
539.584613 296.190595
541.716392 294.073434
537.164139 298.874623
535.299462 292.707421
535.647684 296.305545
539.297089 297.079867
546.938227 303.587241
545.192665 310.407285
543.091929 301.319817
542.374282 305.155808
543.025577 307.724645
545.773257 305.244869
551.877947 480.476905
548.583735 478.198330
544.553672 478.329094
547.660554 473.108711
548.976282 483.687118
546.584037 478.576622
558.531574 313.075541
553.603540 303.506339
554.885174 306.890370
553.581852 305.762805
554.676395 308.570599
554.287045 304.086536
555.868733 479.989144
556.003935 480.188690
555.572441 478.330994
562.869862 475.131713
560.918645 483.374675
559.758542 479.336452
564.023015 309.798341
564.902180 307.211956
565.062480 308.874383
568.371928 309.718480
561.570225 306.619747
564.217130 311.708943
567.559331 477.638747
563.986235 477.025515
568.794185 480.121499
562.355826 472.030649
567.563377 474.839875
568.434804 468.405134
574.717508 322.221837
568.188068 321.597517
573.393982 315.973763
573.045075 321.648874
579.457668 318.491657
567.320252 320.148331
578.529212 473.105686
572.214339 473.603787
574.178618 469.893400
571.327158 475.203788
579.255223 474.983718
575.601904 468.754136
577.139882 321.503678
581.082721 321.353953
582.265825 321.570102
587.006359 321.722758
574.273589 326.525181
581.306638 324.356565
582.045366 473.262574
588.279948 475.857865
586.736635 477.045312
585.311195 471.637532
579.605965 475.812503
587.503216 474.304020
597.434590 324.958012
590.200711 319.914300
591.130405 325.946082
593.377350 328.584248
590.862144 323.842723
594.516751 327.324680
597.124758 462.940359
594.822958 470.199603
595.970211 470.021261
601.403538 465.416168
597.907329 476.977586
593.520683 468.151961
600.327248 320.130763
600.880344 324.253221
604.472422 323.299481
602.383130 323.498122
595.402583 323.867533
603.315144 324.059469
606.301605 469.822573
603.934906 463.112159
605.295638 476.821444
605.974235 469.900574
602.816360 469.525703
607.691487 463.546803
612.608295 329.069355
609.316528 323.040971
605.043420 322.005025
607.766526 323.945799
609.194220 320.338937
609.666069 325.636643
615.677415 476.990908
614.131307 476.032867
610.418466 469.912324
614.732472 475.542846
616.631567 472.003946
616.168442 473.667766
618.913538 320.379891
622.138767 324.160337
620.655841 322.627091
623.478289 320.918211
626.004346 318.491155
623.454782 325.649954
625.832972 478.457864
623.973867 479.984029
622.037274 477.981657
624.312459 480.126825
624.485545 481.496057
623.630026 479.322442
631.258965 489.076941
632.333159 485.998247
632.559734 489.846574
627.341943 492.786042
631.965505 487.792205
628.566911 489.667075
628.693881 324.109422
627.017339 318.500745
630.075671 326.392087
629.702835 323.860359
632.606114 323.959241
635.552936 325.772302
636.450469 495.949397
641.852549 493.363155
641.797408 491.552816
635.725959 498.306313
637.424566 500.680004
640.691147 492.039217
641.051026 324.965472
639.279430 327.936610
640.188621 322.696650
636.754049 322.537264
637.813912 325.509718
639.367714 328.982607
643.063887 497.197412
649.125783 499.894477
646.633287 505.052506
637.978800 502.923113
643.336580 509.229860
645.381075 503.089851
651.218179 324.212420
651.189451 322.877229
650.329601 321.223010
648.903474 324.166329
644.620286 324.701153
650.599451 323.872238
653.434306 510.664602
655.543643 508.201254
653.043730 510.011729
653.131139 510.831798
654.902095 508.321894
652.449007 509.529681
659.806147 517.820079
656.871725 517.383476
657.919833 520.144584
664.944233 522.495948
660.469930 518.059267
662.338971 517.853592
664.584204 321.616063
661.724575 319.349088
658.952118 320.295606
662.125166 319.038972
665.202337 320.719330
659.636996 313.194370
667.532863 524.875532
665.769264 523.799362
667.729535 523.416875
665.962752 526.080695
670.218239 525.666479
666.745155 527.359071
664.074356 307.406761
669.476590 314.418964
674.768527 313.333172
676.308342 312.034465
669.993061 309.455003
667.752729 313.671409
670.489662 535.224679
678.843129 533.452785
675.409715 531.215664
675.787262 538.879053
674.378527 533.608658
675.625919 534.166889
675.210121 300.061421
675.874751 304.075964
679.871203 303.442588
676.373615 302.700156
678.216930 301.385706
677.776389 304.310343
683.966567 538.955180
681.811087 542.304167
683.101724 543.258365
687.509017 542.030593
685.532523 536.841287
679.697408 536.264460
688.014348 299.474686
684.989952 294.348727
688.783226 300.956971
683.897580 302.127179
685.337117 289.978838
689.444402 297.062597
686.708242 552.762399
686.971156 547.714927
684.679151 549.296257
687.262332 549.889405
684.725817 550.628429
688.719728 549.529752
694.875923 289.218703
690.034163 289.866571
696.444159 290.540198
698.995859 288.915824
691.036818 290.607283
693.113556 289.081779
698.526679 557.439113
697.980095 555.276128
697.775076 555.194116
695.559806 561.410167
699.443920 550.506005
698.638543 555.661505
697.862794 278.151958
699.763048 281.790658
701.583373 281.895832
702.182121 279.394625
698.589807 288.269164
698.581261 282.567108
706.475072 561.998085
703.640781 564.768027
711.722220 563.909719
708.316254 564.691956
704.983529 556.411940
705.723548 558.619804
701.265511 274.835367
706.459634 278.432979
705.202211 275.250037
710.338604 270.465454
709.976842 273.103065
706.789571 271.274555
713.014245 570.001216
712.994866 571.212251
707.298884 566.516806
706.467245 566.990616
717.031930 574.749185
712.919065 569.412750
712.060953 264.991263
707.923234 263.534837
714.841993 265.292693
708.537780 268.726299
715.196928 266.764022
717.235914 271.704367
720.333925 580.018997
715.243400 583.118203
716.943318 578.947838
715.921506 575.599474
720.656723 577.951129
720.654950 578.469078
724.708398 253.976677
727.435116 254.572318
726.187265 256.492317
722.499002 258.284731
720.291114 262.811733
722.527200 261.931012
728.132499 584.804232
727.262000 585.056052
724.519460 582.138725
724.995382 582.030026
729.984708 587.581756
725.890867 583.722891
729.669100 253.100683
731.030041 251.007871
730.181025 251.107203
730.116217 251.206375
733.890933 255.446130
726.040983 248.035636
730.710529 598.104227
738.996801 591.163194
736.887122 591.484501
736.365203 599.964495
731.171100 591.849931
731.013857 594.188024
740.641680 244.172760
739.550300 238.578836
734.651426 243.929638
739.083666 243.692924
740.749751 242.300428
737.679913 243.201686
740.158454 601.513138
742.246356 601.297247
743.449125 599.371119
743.260932 597.923326
742.869939 601.951122
743.828443 595.064890
742.722677 242.197378
745.758573 233.277565
746.946083 239.285669
740.656559 236.040410
742.614164 235.604557
746.284078 237.812367
751.625518 606.502432
753.067971 612.392051
750.055679 608.033816
745.656102 604.741238
750.017122 607.995840
757.114737 607.048207
753.973760 221.725938
752.788260 228.811865
750.227517 224.452936
757.846020 231.846990
753.337888 229.478472
753.076091 229.527285
760.858070 610.627380
757.733511 607.518303
758.038855 616.774073
760.935012 614.229590
755.549874 608.473493
755.976130 617.148807
764.172108 215.694706
755.791575 222.767028
761.764988 218.456430
759.953300 221.118430
766.165050 223.385515
759.212274 222.821212
767.609006 628.008908
761.360907 627.143429
765.432918 622.908847
768.382801 622.242535
766.043741 630.392668
762.814551 620.869057
768.820380 216.067659
766.574104 213.837036
767.827629 221.221285
771.316481 219.848189
768.774940 211.435248
767.936927 207.714667
778.188748 628.542907
772.441786 622.637730
775.075159 626.219236
768.542379 625.085021
775.366232 627.265856
769.098551 626.141937
774.438958 203.376676
773.898343 205.906273
773.948725 212.450638
774.959436 206.087867
776.757305 203.977482
774.642004 203.393777
780.684785 645.072473
778.476127 630.811478
773.815790 635.824294
778.911141 643.894473
779.306594 640.344048
781.000839 637.231479
779.180846 194.321173
784.934243 198.358090
778.026625 201.314257
779.741401 203.881307
785.516383 198.767956
782.254168 196.777441
790.106607 650.969128
782.958580 642.377468
782.330877 643.420063
784.835115 649.727064
785.604839 650.424873
783.907411 642.746576
791.452524 191.515175
791.548410 190.612607
791.947589 188.211259
789.760791 193.091023
794.619244 193.471919
793.162009 194.099528
798.504745 651.271584
791.207054 657.157105
794.627171 653.131297
798.231865 655.383770
795.551139 654.664068
799.449038 648.007224
803.253947 182.426834
797.029478 179.582690
798.472000 190.820130
799.770894 185.131658
796.610459 184.926135
796.355790 184.625539
801.967583 662.022982
800.434054 656.855337
801.325423 662.335476
801.327383 653.738821
802.724255 660.828480
803.549510 654.548000
804.569875 181.685691
802.664350 177.087391
812.055185 175.601860
800.924381 170.708440
804.903929 182.452095
804.671274 177.893927
814.094259 674.055937
807.966681 672.734577
811.124733 668.276955
813.104023 669.015224
807.637370 668.556577
814.875830 672.737685
819.324479 166.957559
815.518432 174.564309
819.187455 170.599597
812.998584 165.280968
814.188618 170.717803
808.272576 166.155443
824.423932 671.922663
818.367321 677.892504
824.565278 672.216159
822.301742 677.028410
821.398822 677.772531
821.026483 673.392496
820.618430 161.532092
823.372563 156.801967
818.854348 154.406986
813.097889 161.242485
825.056010 163.910855
819.965341 161.635268
825.437377 682.446771
818.849563 682.869032
819.391353 682.697633
830.124670 682.778094
820.965355 681.588964
825.587119 683.883005
829.246404 152.867989
822.446097 156.471756
828.835968 149.714191
826.538133 149.121009
828.088449 153.228360
828.025530 153.446761
832.959395 693.006535
833.824634 689.815476
834.575827 683.091290
833.038272 690.014193
831.242765 692.875505
829.389567 684.526203
835.955354 148.792362
832.116728 146.098054
835.006706 145.963226
838.475900 147.176432
833.800634 148.534746
831.553687 150.769141
840.042045 698.465126
842.411778 696.276618
842.479323 696.271143
844.622911 695.139756
842.376358 695.492435
839.948969 699.217385
844.529139 132.384170
837.174521 136.303876
844.550934 137.683017
846.532741 138.756257
844.562489 144.127984
844.375217 143.319045
846.473468 706.513647
849.254634 701.018641
848.187677 704.822002
848.428805 704.843822
851.751861 704.170062
847.613421 705.678961
848.691116 131.373684
846.393457 128.857633
853.932745 129.476168
848.645998 136.230189
854.565971 132.598300
851.048348 135.103848
855.030677 713.528919
855.350639 715.214564
854.652504 713.628153
850.682174 714.620226
850.852194 711.281067
847.960131 714.186382
858.357425 124.099428
856.528648 124.431128
857.970212 129.982400
852.744012 126.563186
852.478617 123.204350
856.874240 122.657612
865.817033 726.530721
863.647734 722.834452
861.452883 717.314197
868.177673 715.947612
863.009862 719.952068
865.538533 714.385799
865.609633 115.513958
863.091490 118.797324
865.641943 116.633823
864.539910 115.002364
858.968013 111.671028
868.648281 111.548247
870.927842 727.669769
865.827695 723.826750
864.747680 730.953601
864.534751 732.244205
870.666918 728.365413
872.649026 724.560690
870.787724 107.880240
873.349242 109.428661
869.266672 110.422010
868.946406 104.313422
870.959808 108.041790
869.256453 115.431620
880.548399 732.850701
877.872602 737.020928
875.910704 736.027932
879.832747 739.639364
883.146884 737.425675
878.231915 734.715185
884.341740 107.067683
879.439570 100.845516
876.610912 105.720196
876.113373 106.350303
880.994445 100.560584
881.791248 98.277637
882.257563 745.698619
885.962246 747.794420
884.164406 743.659619
877.618586 742.964017
887.837557 739.558183
887.526399 736.049893
889.007674 96.235828
892.373198 93.421809
894.723111 92.825717
884.469469 97.389609
889.954867 94.228168
891.821958 94.170331
892.247149 755.345655
892.990453 751.881189
892.513049 749.262777
891.638897 742.783242
892.919653 748.963893
893.106849 747.964107
898.139014 103.763924
891.030826 98.800732
895.304311 101.888903
891.378922 96.008967
896.514626 107.742243
899.502902 106.454176
899.758755 117.175229
894.528128 109.517979
890.407882 108.693590
894.959610 112.889347
892.049586 109.976895
896.972566 109.711968
893.137730 119.444267
892.947367 128.023535
898.748669 122.617058
896.349528 116.580943
896.115628 115.371127
892.304431 127.492001
896.435601 124.815273
895.137423 132.515440
893.051278 132.774514
892.900984 131.720091
897.524760 127.766036
899.259142 136.977884
892.620505 137.335158
896.506045 141.501476
895.799808 143.538940
898.058525 138.269800
900.453368 137.388840
895.741829 144.040818
893.153838 151.489957
893.803297 149.882631
891.136870 153.819444
894.308904 151.395336
898.184125 148.146124
897.932763 151.656115
891.353043 161.594050
898.821626 166.218995
894.939391 161.987592
894.431552 161.966150
888.442457 161.694549
895.951501 160.903468
891.948896 174.576647
894.847610 171.065280
896.120057 175.016944
899.240768 175.827570
892.000142 166.714130
893.820551 174.776077
894.164770 183.444971
894.406829 180.677386
893.146026 179.878557
895.744724 181.538050
898.484410 180.855293
894.824326 189.247383
893.739794 193.791752
896.049975 192.105233
899.673901 189.364521
894.977566 192.061110
895.161079 193.646031
892.823362 192.171269
894.727989 201.544388
896.287960 199.751689
893.721927 201.041254
894.178188 202.928899
891.993901 202.144143
894.849163 201.828167
897.576056 206.445251
895.364548 211.204296
892.582970 209.306452
896.851638 217.016946
896.858875 209.709620
901.125273 213.186802
901.299287 224.750823
889.170101 220.212441
897.775245 222.316319
893.498325 223.213323
889.447447 220.707628
892.391352 224.573185
888.587963 230.589105
895.723237 232.291419
898.104539 230.631025
893.240111 225.351495
901.985009 234.293758
896.018932 232.444292
894.179686 240.062159
892.059757 241.308938
897.006391 247.329709
895.672283 239.916636
892.676059 245.804601
895.465215 246.466377
890.315186 252.018231
889.242709 249.613417
900.704881 255.763819
899.252390 256.358145
889.117731 256.164101
897.809189 254.369255
899.603323 261.725662
899.846892 258.078744
894.578670 257.002914
894.928130 261.516523
896.637471 264.633934
899.024526 265.981130
891.093477 271.158810
895.704839 272.893780
895.608461 269.318030
895.340803 272.446708
894.701703 266.791354
892.899153 275.180102
890.264084 282.189043
899.939202 279.489626
893.315587 278.870345
890.493111 286.142166
893.150673 286.095081
899.239825 276.423399
894.822215 287.921367
894.466769 294.856769
892.645436 295.319442
900.339743 296.940576
891.990046 289.316574
895.374603 292.125578
893.664460 302.795346
894.685568 300.883899
898.868783 300.736286
898.450745 306.119557
894.592813 302.772459
894.313389 300.406336
895.444804 311.368430
894.559947 313.550384
893.137550 314.334382
891.879192 312.467281
894.223700 311.771472
896.884161 310.851686
889.720799 324.803438
891.848867 327.735519
892.105784 316.465426
897.022384 325.283035
894.672741 322.159417
895.124456 323.218804
900.257610 337.137098
889.170048 336.345361
899.673390 330.148352
895.071778 332.679008
894.865358 329.312575
892.425860 331.132091
891.181069 348.420572
895.522773 342.672942
888.815589 343.803352
897.534077 340.937264
901.324528 341.585405
895.166413 343.631922
895.501909 348.272210
895.806331 354.116300
892.134740 350.872033
894.682254 347.558870
897.901811 353.312521
895.389656 350.504835
894.235056 368.090057
894.374038 363.031362
895.046225 360.307710
894.075620 357.522504
894.922479 369.199548
891.107529 361.971239
898.566776 370.616985
899.812239 368.511449
892.856826 375.783271
894.181702 366.079007
899.701745 376.335287
895.805506 376.977701
896.730873 376.657389
892.827713 381.683919
893.005563 381.006281
894.600431 379.135493
897.433741 376.523632
892.118758 383.361125
899.377020 392.288605
896.382591 386.849485
894.079938 392.349890
895.825261 394.461342
899.803801 386.636521
896.801987 384.920981
890.197209 405.558196
891.752170 405.434584
892.082080 401.114778
895.579023 397.280440
888.455351 404.358259
891.350442 406.834610
895.115230 411.770270
897.923219 413.078603
899.427288 417.627427
898.031765 414.946702
894.926940 411.870843
898.267657 407.010256
893.938747 424.209423
889.926432 421.661659
898.891111 427.884378
894.010162 420.635360
895.861081 417.150553
896.849874 421.762441
902.072710 430.583084
898.807167 430.889618
894.734118 431.926979
895.790779 433.537846
896.346493 431.634868
899.579503 436.551487
894.735649 441.651839
891.766456 439.612691
891.683783 441.111257
901.087555 439.670104
899.222168 444.204744
897.999321 438.837251
895.965982 450.547205
892.650376 451.414093
890.114159 449.242529
895.727413 450.077729
893.523127 451.246056
895.126018 451.131544
892.516601 463.804360
893.260736 460.617596
896.282372 463.016865
894.464797 460.838805
895.817008 458.867495
892.183438 455.538315
893.030170 468.554868
899.121696 476.861942
897.698125 476.153939
898.090226 476.715395
899.195112 468.190378
890.367002 473.117583
896.429002 482.251631
894.912532 481.885988
888.006819 481.190847
894.526995 482.745091
889.821942 479.715114
894.601280 482.308909
891.452312 494.902417
889.950001 486.599010
896.101681 494.172730
892.633533 490.760396
893.493656 489.867153
892.892310 489.684919
896.234513 502.364022
895.270452 501.555898
894.860590 502.950419
896.813419 498.602874
896.949655 502.515488
894.284875 496.980677
902.040943 514.529431
898.096681 514.193937
895.599411 511.794769
897.751506 515.545350
893.560678 506.042717
896.238620 512.496377
890.408968 523.061028
895.178983 522.257196
894.296310 527.635492
892.855248 522.472400
894.661358 520.202682
894.065591 522.076213
890.226478 528.244170
895.653125 535.306819
893.618196 532.171656
890.846484 528.311479
895.263201 531.387465
890.915591 533.519975
897.395432 546.191000
895.823848 540.667329
895.091871 541.865184
895.003096 538.092154
895.450732 548.149309
890.298339 537.966949
895.130112 551.886819
893.796308 554.512510
889.282747 555.052270
895.712859 554.559364
895.143121 551.163921
896.759983 551.763300
895.348487 564.928292
893.434199 561.342583
895.616732 563.557956
895.501724 562.199073
892.669888 564.694939
895.296875 561.231693
890.492361 572.945437
895.015823 572.033291
893.761174 573.587022
895.309169 572.415123
889.992778 569.875275
893.088563 564.777817
894.779774 581.833706
893.927642 580.648281
892.655717 585.703923
897.030384 583.517798
893.842133 579.726020
896.329456 576.247581
893.280108 595.584998
894.495052 589.349607
890.898335 588.113563
899.493913 587.584182
896.620283 592.456575
893.532287 597.593999
894.409294 605.025483
897.048341 605.514041
894.575641 601.386009
901.147738 598.367121
900.152190 598.384693
894.689096 601.736904
893.511763 605.731079
892.358052 615.460940
895.021068 607.326231
896.472269 605.896458
893.225229 613.585652
891.833866 608.303858
894.486367 619.349660
893.545078 621.151092
895.307268 622.036774
894.297908 626.834991
893.705611 617.716210
894.735619 622.412103
900.077526 636.216439
895.368263 631.527823
891.016794 625.913860
894.743347 631.689150
893.060844 635.877567
893.492100 633.620217
899.348091 641.637698
895.290076 642.485755
888.433250 640.272194
890.202971 647.627239
899.299146 638.822983
899.550847 643.511636
893.640270 649.828584
899.426334 657.542569
901.935207 649.339256
901.536363 650.234142
894.130796 653.104150
901.844595 649.784297
897.084027 664.591889
897.735114 668.074293
891.954239 655.539701
898.787108 656.408808
891.615031 661.271664
893.882859 660.970310
897.139298 666.898028
895.545905 668.988703
893.545881 667.633338
894.116925 678.614643
899.412928 670.540946
895.192006 672.074675
895.350565 682.474857
896.773276 683.569568
893.920710 678.216305
894.113894 676.017797
898.530064 675.459248
896.397765 684.289964
896.368270 690.237906
896.039982 692.801067
894.304137 692.998301
894.583878 691.803222
894.190449 697.141645
894.884039 691.991670
892.405116 700.085959
896.352525 701.026697
894.157825 701.303092
895.292861 704.228622
893.377353 703.007931
893.814365 703.353233
900.767339 715.374171
895.107589 712.623918
895.929275 711.867674
892.603151 716.481145
894.284217 712.582054
896.121689 717.719124
896.637253 720.086632
894.323357 721.405748
894.175785 726.497296
891.530161 722.028091
894.109413 726.325956
894.828293 727.034699
902.216791 730.973079
898.826001 730.989335
893.970680 726.318251
894.762739 731.749557
895.130889 732.192364
892.097612 733.086521
