12.574044 567.026539
15.561697 583.001765
16.345177 601.169515
-2.623397 609.806371
-2.067769 597.686467
-8.860555 631.153616
14.222319 640.432726
10.021995 567.115070
7.950897 629.156812
32.664371 556.105963
37.657524 636.905213
19.535018 676.963875
39.908864 675.256204
6.645920 533.047663
28.974895 674.857899
34.797271 672.746103
43.326381 696.055368
36.759389 523.591516
61.409275 710.465927
49.085184 510.160642
36.642653 699.538941
65.641493 535.608562
67.955837 723.680842
49.683846 512.651992
71.698834 726.315210
72.359325 510.969793
82.383375 743.657351
74.662328 488.198142
67.167823 727.763221
64.292884 743.848454
78.011471 488.669244
109.002452 729.847478
85.703510 491.411945
95.762585 758.565720
87.968616 472.764176
100.264680 770.066632
110.803144 478.337335
128.603986 766.991463
132.648457 488.295877
115.268527 773.447720
118.052553 468.460217
123.597939 774.959351
135.844663 448.230778
137.082611 804.022873
160.136362 452.963583
128.437377 800.697417
135.631700 444.347234
147.821190 825.366565
175.609199 815.805365
180.948578 440.117330
182.890852 837.680389
176.612193 438.054675
173.705847 813.007449
154.208405 415.498152
185.724134 882.424960
190.042929 854.491238
195.713458 427.279876
193.590390 843.268114
195.031173 435.247674
213.677474 863.776032
190.995084 397.665145
217.740679 856.451117
216.095949 407.576333
229.988822 897.210175
223.673950 392.310522
238.478104 875.476851
231.755933 409.365399
236.778564 905.500575
239.248565 373.712794
259.603072 904.804241
252.273780 907.126935
234.360374 393.377606
261.888673 898.834140
260.307612 364.816831
284.780260 910.619213
266.477138 385.324579
284.567693 908.844554
275.277958 380.335859
306.737696 916.248169
283.981832 358.995828
304.711270 906.086729
297.191470 363.306885
281.922550 940.312588
293.959687 947.108392
305.572238 341.130726
311.005108 945.286978
328.136735 329.152804
321.188340 955.461007
345.636626 346.799693
334.116109 953.515430
362.277850 331.646176
334.434137 951.558322
347.848940 322.694733
356.439603 990.714801
367.669232 339.805897
367.203246 995.002870
349.434043 344.315922
390.787882 987.097217
352.368173 325.128068
366.094730 975.624237
384.832707 321.381078
409.204371 994.491634
393.648331 311.725629
407.709831 989.339295
391.242263 305.448285
398.939956 1004.016144
429.153538 286.798077
422.063346 973.866332
436.335935 303.811035
438.232091 993.226855
427.010764 312.194545
447.084165 971.007787
425.422550 270.995860
449.519190 1032.809794
450.300690 1059.187491
420.513246 1064.486508
425.170401 1077.828177
431.218853 1025.722563
429.608966 1019.891507
448.599509 1086.647783
459.750532 970.353075
442.523575 295.577374
439.050800 998.207087
451.603854 992.426026
462.610934 1098.829520
447.992279 1464.184593
458.098507 262.405367
477.820578 1472.392204
463.088446 1454.405349
468.686566 1088.894559
458.011074 277.744834
460.927932 1457.003118
480.400217 1439.323499
468.360443 1484.203588
466.642942 260.875202
477.035890 1065.787309
476.032607 1103.292828
478.443324 1420.218366
487.049558 1482.980967
474.229426 252.827447
485.245612 1098.859021
491.139478 1395.002758
491.857053 1107.941707
490.748680 1459.038901
493.780775 239.858270
483.616962 1403.186303
513.696549 1115.463801
499.413899 244.370753
489.284424 1492.057997
521.516361 1375.916316
497.834178 1110.942616
494.571649 1401.961217
528.705238 220.983923
488.189032 1468.136469
510.240688 1118.055382
512.927548 1153.927653
516.509044 1366.261006
510.563724 1343.951273
529.803752 231.856022
514.939550 1474.904050
523.701658 1180.430608
527.515188 1353.098409
532.094028 217.445850
525.181475 1480.539919
513.470456 1339.150765
518.923720 1347.595781
533.748540 1150.100008
540.182682 1157.168643
520.068056 1321.432042
545.622457 1311.635888
546.180245 1331.005020
524.528748 220.136265
551.571583 1453.158004
537.307073 1154.775482
536.861235 1163.928397
511.886360 1187.904563
559.096859 1208.698351
550.397103 1221.076665
538.000998 1232.837464
528.080050 1254.555048
526.465350 1258.549819
548.975577 1259.025093
522.409167 1254.743136
540.388248 1290.629535
541.859710 1288.005201
529.094563 1190.837268
556.998590 1475.256651
559.253196 190.305967
556.923361 1441.279018
559.071878 220.852081
562.607258 1444.150766
551.003230 198.149678
566.632460 1417.747919
569.603995 1023.870839
560.624576 1040.042575
575.181644 1449.602011
583.569554 166.472209
590.754922 1006.256141
566.455160 1417.568638
583.518233 1033.894141
583.225159 1409.029143
577.783191 164.274605
584.486188 1031.150681
571.999703 1006.879949
593.557996 1379.103728
610.521538 1370.475096
588.048667 170.475787
609.190514 1373.939023
570.389467 204.227305
602.350356 1335.157213
608.413242 1322.898577
584.466469 1359.470901
590.209630 1347.378087
589.957512 1313.770384
604.380095 1290.737941
598.657581 1302.806244
605.746774 1366.202635
603.866749 193.311196
594.505006 1151.975754
589.548568 1189.049642
613.506996 1183.288804
615.415289 1206.240727
616.752391 1202.049741
622.319249 1206.512944
615.917052 1209.151841
631.767917 1244.930530
600.524370 1242.500661
612.633384 1252.914803
595.034213 1268.596317
590.750967 1267.541756
629.462728 1287.808254
581.088817 1117.420279
636.302061 1164.701572
624.689272 184.648512
613.011516 1112.218781
611.452204 1109.339229
630.641118 203.827153
615.701609 206.852693
639.739169 1114.391790
665.908124 238.942033
639.553214 1087.970891
632.419006 208.837799
674.316396 1089.323675
646.132135 238.684028
644.765160 1104.730046
677.403984 233.159503
669.452730 1068.117374
675.016323 227.390438
690.937684 1074.113345
691.904464 988.952494
683.891134 987.264747
692.097313 237.661997
679.690470 999.994809
685.531594 1021.316693
689.146644 1091.865223
689.279406 975.970981
674.326791 1026.680950
679.811106 1016.724679
687.323695 1049.735513
679.121221 1052.525162
691.228561 1080.490638
685.307249 255.923746
679.797389 243.522467
712.816763 982.886069
716.692422 295.590402
723.595197 282.774475
712.545229 976.314749
697.800827 234.477836
719.943694 1010.919846
716.586307 299.489945
731.315992 298.559282
727.710653 996.995260
754.234370 295.447379
734.141326 991.168807
742.752718 283.914793
762.231355 318.607386
755.547750 990.690473
771.154091 314.864793
750.517833 986.873379
783.502708 331.378472
788.255765 997.734775
760.183214 340.296180
775.673402 975.455116
782.481775 341.887070
772.513658 950.415869
779.521654 341.497871
804.836659 961.032898
792.382027 374.497083
821.179217 952.267115
812.216552 343.712025
829.944557 965.336254
831.443688 365.616548
826.317419 396.629912
811.264918 951.708290
828.056765 384.189607
826.634118 957.782661
851.911760 383.777787
849.749526 949.435088
844.558109 369.347203
866.796912 922.860296
861.128515 389.691881
860.522539 901.452254
879.531020 391.402835
870.701159 922.644645
877.265491 407.618346
896.335697 909.569284
879.611351 430.646955
882.713388 898.950818
895.923313 902.147820
917.139801 390.489099
924.160990 901.941617
915.622131 422.861079
932.247321 908.199432
933.809191 408.293409
914.336151 405.601732
919.079065 886.742137
936.424297 408.306772
928.596981 859.409812
968.862096 439.705931
931.078681 869.768514
956.203216 442.271170
957.181616 850.616595
960.394450 466.744135
957.873253 852.828743
962.454683 464.154965
973.842656 831.339438
988.796316 465.024230
970.070217 846.924298
992.086586 468.628807
995.324299 872.387528
979.143665 466.355413
1007.451751 860.704172
1006.538742 471.651531
996.322430 827.920334
1002.924862 497.799179
1001.997364 809.862696
1010.833443 517.431676
1013.958790 504.721943
1052.004038 822.480258
1037.241411 810.953258
1024.140171 499.214038
1027.911379 796.343979
1043.078334 508.731122
1038.648578 519.032845
1044.781133 780.944768
1058.127899 530.472278
1045.147620 794.567621
1068.606765 533.829025
1058.663881 804.724553
1062.901653 550.976917
1076.371739 751.843446
1064.920552 533.948301
1077.441363 568.004567
1064.366755 769.691730
1077.698235 764.673771
1086.942193 561.027084
1079.800585 596.465835
1085.801810 734.316992
1105.977209 744.491782
1091.160182 596.910078
1109.916720 606.498638
1125.770306 753.096899
1117.608612 608.809943
1115.823883 714.867540
1107.044623 592.670920
1109.859176 727.368432
1123.388955 723.967226
1124.870920 616.390457
1121.124331 708.315255
1124.176806 700.159318
1116.241436 616.898015
1124.369109 642.194794
1116.059018 658.263941
1128.211171 664.160072
1152.996947 676.927191
1136.455731 627.113844
1140.899035 628.463951
