24.216872 286.698533
24.476959 269.347447
17.778932 280.043463
1.695153 299.707953
26.904568 295.530833
10.673328 300.137939
18.794457 298.980393
22.854126 299.239835
25.788732 322.733153
16.694359 299.555689
32.796021 307.985890
22.145989 309.441570
26.206759 298.629739
34.809927 315.917777
28.861075 324.050185
30.451032 271.678388
37.220795 320.310253
40.642031 235.033939
30.967978 246.708802
29.501295 262.022344
42.081862 253.650464
22.618633 258.431608
26.299562 245.120359
32.204930 324.323788
16.322419 353.294539
43.137790 348.116691
39.415417 332.591353
33.591715 343.289477
42.902764 243.079857
37.686511 372.906376
28.729289 354.133621
30.869327 254.513209
43.610328 355.653215
42.019645 230.856423
44.532736 346.490392
38.640213 368.712609
61.941254 220.226445
64.093552 349.541121
50.660017 203.316312
44.524561 216.641193
28.277164 210.429188
54.168375 381.374493
32.607427 386.516030
48.956645 219.831050
56.602164 381.400549
46.302856 394.188205
61.586029 205.043263
62.915933 389.136326
56.886496 206.436942
71.528131 392.780135
66.291714 200.684690
56.467230 205.631467
58.611482 403.952290
58.766310 392.560172
54.934895 182.454288
65.552212 391.480854
70.017690 191.226760
57.982632 391.770589
91.058023 179.706421
60.092900 394.300987
72.217954 193.582224
60.594206 199.982746
86.907902 413.227896
94.658360 193.016197
67.367977 418.794263
87.818332 172.083162
98.487548 417.177439
94.503877 425.439667
87.500777 188.530672
92.554075 402.847337
102.220083 171.044917
99.884011 423.973158
92.513340 171.684853
91.451729 432.807365
94.630859 191.958067
114.659940 423.504438
106.803342 183.188353
98.610750 437.921260
105.598625 170.312587
107.796409 431.878389
122.137599 152.063139
102.782623 426.165622
102.259307 160.197443
122.231964 436.827540
100.750183 442.719538
123.752664 170.208577
108.011130 433.272591
117.723247 183.436767
118.321837 432.292646
134.785913 150.040051
125.176025 431.742530
125.035871 184.840232
141.655593 448.582469
139.272393 166.434086
130.127648 442.060035
129.087176 176.202029
134.232839 444.717927
152.959864 436.816226
151.502608 170.647197
139.027988 456.331984
145.948280 173.309754
159.332165 452.065176
152.228347 167.743820
149.103552 455.490596
175.284863 168.057036
166.196791 467.923443
165.728520 150.466886
151.574159 173.121732
151.078068 445.346741
169.977082 189.445051
166.101779 455.462810
164.825138 452.197577
168.427609 178.047690
173.719567 451.878191
167.683965 170.504305
160.198696 432.465487
171.511032 187.359265
173.295947 479.371781
175.149729 184.716782
185.082638 466.274014
188.473872 194.215528
177.768454 471.131757
188.580492 476.844123
183.873494 191.808921
193.041669 479.130148
192.306020 157.491554
198.043223 451.684337
195.044662 184.981559
210.089358 487.718407
187.120065 182.168177
203.843628 491.420179
201.308471 167.703057
205.202238 457.753621
197.638852 467.820689
200.464868 179.043230
221.991827 498.082011
222.583131 165.829609
201.578441 467.676587
212.974406 177.724212
217.633990 476.833350
213.220423 171.855192
231.661944 501.873818
227.799290 180.000276
231.501067 480.910932
228.729825 177.177133
216.537641 472.208623
221.448190 201.738339
228.949968 499.442268
235.792587 179.077911
239.264226 487.844609
243.249769 957.800282
224.862965 964.718844
239.640863 973.633485
215.874037 978.498430
241.340247 974.544000
214.243828 981.654837
232.366493 975.039989
233.684186 996.010654
224.493718 1006.300777
232.984134 994.367748
247.994194 517.362079
239.367783 183.409930
245.187605 963.432040
228.276145 990.221683
249.351348 519.349663
254.143854 893.933907
223.795833 880.875813
237.260198 897.108367
247.059473 923.654303
236.914959 914.445423
248.277468 911.657509
234.223218 935.776437
244.456104 948.085506
238.815399 937.690788
234.817469 927.649760
252.146330 934.564092
242.453969 933.624770
231.542237 947.928214
245.533761 1010.125058
247.953821 998.590904
218.040719 1034.210686
223.266368 1025.689261
259.823719 1026.061321
255.005525 1035.961237
238.455323 1035.532838
245.527618 1024.831000
239.582487 1038.059087
236.824205 1020.364573
251.649352 185.270492
243.232088 514.891096
254.951073 908.288700
241.901022 1044.915811
263.903840 200.860434
245.442177 519.217733
268.891590 903.180867
248.295198 1062.407558
251.939574 191.945547
252.389427 527.858473
252.728269 901.547916
246.422078 894.553680
257.207487 894.400958
261.749590 1040.282128
267.248157 178.685734
254.320812 520.872786
254.312286 886.003081
261.773615 1048.213109
258.062241 861.783876
274.903100 863.055166
258.164366 887.254393
250.704018 870.018502
255.042566 870.397159
249.952997 1043.954714
273.054217 1055.429427
245.395671 1069.476496
275.386686 1078.493288
255.201286 197.731148
253.634902 552.016667
253.160840 864.311011
250.248463 1066.599234
261.185579 175.643167
264.177062 527.833013
242.124675 515.396631
256.195671 533.591836
267.391386 858.491027
262.528641 1082.689618
287.114864 187.077478
274.001527 862.142677
268.884760 842.811113
274.598155 849.172517
282.353904 1081.885299
263.372809 524.895334
266.618584 212.549906
270.534067 836.342843
281.358106 1066.962158
267.421101 153.615387
267.494148 195.388205
276.106432 161.823512
273.016875 179.173485
265.651718 175.343867
274.655426 189.566128
262.615523 195.669422
272.276620 198.397132
285.984907 801.923556
267.823214 820.615743
278.125381 804.693431
252.110019 826.012342
280.946916 815.681552
272.728278 828.786910
256.364260 839.297926
281.828193 844.204612
259.816981 828.603450
263.692912 836.601370
257.241543 1073.827555
262.043156 1080.106379
274.080819 1090.357176
268.967229 1108.187734
277.411792 533.174979
269.881228 140.553590
280.134008 541.265879
273.265103 799.565341
257.182361 1088.948606
278.781705 177.006389
279.240468 535.528148
289.708321 813.806935
256.659964 1113.861003
276.889988 161.257500
265.427862 149.466906
285.152452 141.701973
273.267706 1101.763488
291.513570 800.461286
275.530581 531.277013
273.273706 129.832684
288.093107 1096.796509
298.772173 119.961571
286.003759 144.730859
281.685843 131.302843
293.244718 538.466530
292.542915 552.847894
283.819238 766.534442
287.936346 777.723221
284.510733 763.622501
295.160055 777.663705
288.894510 799.954763
288.694091 786.473687
279.772165 1114.917114
302.082170 138.578131
267.417427 543.043404
287.228575 772.606350
294.851944 549.710996
295.110023 1119.558215
293.864348 126.145868
292.744653 757.473652
295.204673 126.270054
290.358511 576.970409
294.673009 773.698201
303.056626 1103.307812
315.942243 126.831615
304.637315 563.044439
301.517956 754.546195
298.230868 1116.972757
310.013546 117.078687
297.260546 99.255143
307.036651 105.319708
291.747913 717.304144
291.464171 735.952380
303.145842 718.803451
284.453767 706.108210
313.844845 735.231213
302.025136 730.677332
292.438305 740.818062
311.155559 737.349616
303.809727 742.486449
298.580842 747.441068
304.740055 755.700172
308.779735 564.768120
309.164450 1117.938284
303.483100 102.871886
314.963784 706.037293
291.451250 560.784656
317.514495 1126.161283
320.252129 97.445449
307.424957 717.998039
317.747956 554.832509
291.338540 95.400390
300.342051 588.597243
327.745234 580.440003
317.924852 679.230741
308.190243 694.306782
329.440001 701.261758
313.732856 1100.548628
318.996588 106.606606
327.910869 583.705203
311.557549 690.294981
315.238636 65.356654
325.572933 71.308778
316.359580 86.323164
334.611258 609.626677
315.849890 608.259622
316.797454 588.870275
319.473923 609.459388
325.214024 617.945083
320.294024 593.336404
314.445768 603.633181
307.163437 612.010664
314.814639 626.068207
312.047668 616.084847
324.359862 634.074295
309.724630 648.245780
318.809746 640.140481
307.993069 634.626668
322.351319 642.244082
305.386282 619.408270
340.304491 647.865694
333.870302 658.689722
308.089373 653.941828
317.065794 664.594373
310.414328 664.751644
326.422699 663.446221
320.701278 660.887816
327.122793 684.445175
310.150192 684.591457
314.141197 1111.864770
321.546097 76.291408
307.716751 1101.119997
321.185373 57.986548
321.842808 1118.973226
340.912206 65.557975
330.270726 1120.854912
337.582842 42.170289
324.725175 1117.880862
342.998485 79.568027
334.349933 1096.701213
348.278507 62.128137
348.296929 1110.297646
343.499509 67.920097
353.513929 1099.541010
336.756906 43.224818
352.598880 1112.622886
334.165583 34.076136
343.495790 1091.792770
358.327090 40.263407
340.707817 44.360172
361.581839 1131.013405
348.355937 1081.876995
377.752666 35.982175
367.379029 1084.809429
349.490003 24.681910
377.716337 1086.859819
379.010747 48.517766
366.188886 1100.022460
377.425520 32.794156
365.954437 1083.071628
375.910463 29.682713
393.972032 1076.805043
366.683236 34.721972
371.653552 1091.026639
388.649188 50.872368
393.860088 1104.623074
403.314939 24.191684
372.843273 1087.077163
392.136617 1069.164866
391.069613 20.942098
395.107420 1069.276231
399.051306 28.888022
410.539690 1075.129623
412.222122 58.486878
404.016620 1055.673581
405.037720 1061.815973
402.809227 1069.823794
393.566207 32.960464
400.394553 1074.387214
406.416226 32.600455
434.956507 1047.162288
405.088246 27.330346
406.299466 1044.296053
407.967380 41.603113
424.746185 1062.149253
420.502916 46.413618
418.963388 1064.109870
435.912197 39.135696
432.570178 1062.358193
416.364715 8.748133
421.674679 1027.261615
431.600947 43.244200
436.859814 1054.615349
414.093572 1034.720916
440.070436 1026.916109
425.503886 37.381101
435.655154 1016.396325
437.348394 47.456591
441.767574 1028.027520
446.340732 455.127541
444.504790 480.487690
460.779536 494.241345
451.516598 489.234203
449.706623 507.572029
433.638661 501.050846
448.975217 502.374215
443.403795 525.406196
430.499571 512.379211
447.386373 508.960279
443.174154 519.351648
448.258854 526.647935
444.867332 36.259386
439.986817 1013.220580
447.231113 469.988362
434.708571 525.664460
442.443380 24.427791
436.972155 413.622264
445.373181 436.434870
446.677500 430.209885
455.808719 439.740530
454.789054 451.427930
455.491695 434.582244
453.227981 450.442563
430.848962 445.602180
454.972736 462.717183
458.517645 475.243723
458.100146 468.205350
456.972868 551.593232
425.607117 527.781764
447.576140 534.638822
451.858120 1004.069207
439.039416 1014.193772
446.385317 1024.614695
452.394692 1012.351686
457.959050 1010.642288
449.247479 39.852891
451.966423 409.290239
450.127335 559.891251
453.690671 992.617604
450.043937 364.440730
460.684458 374.234747
455.441335 372.531435
453.573319 375.313680
464.332698 377.426324
457.137491 379.810943
446.319163 388.559196
453.172329 400.346683
445.168743 392.308017
463.264750 424.771086
445.033640 421.402223
454.024530 391.461334
457.131726 424.482057
460.220087 423.647578
449.966174 406.075167
456.570934 544.249140
441.785423 526.766379
448.096821 40.525369
452.469000 1001.907423
447.086276 354.772543
468.390002 336.916235
456.706137 336.073199
462.694515 343.518763
449.066217 343.394683
446.113999 330.258386
469.863332 548.092659
450.181421 992.185700
477.562864 11.760414
466.417214 326.371277
455.690487 565.334095
450.268624 979.996174
466.330866 314.933588
463.265449 312.338626
467.663122 326.749147
449.626133 326.103705
450.564026 556.888200
459.414656 552.156555
463.497513 559.617067
452.065625 955.772594
455.587993 981.032694
465.230326 29.513751
465.916755 304.769723
470.823746 19.830471
471.517907 578.267140
464.661572 968.959506
479.219725 285.540085
462.665084 302.831373
477.552357 312.295178
461.889777 305.036913
462.868261 37.145151
484.514978 583.105362
472.083956 957.151622
461.354086 295.746834
478.588109 285.348673
476.215445 555.190735
480.246872 575.783690
451.437774 578.821301
483.870865 49.231116
460.028629 966.888302
479.251871 284.857163
461.688358 271.899759
461.603278 582.670076
475.644240 945.724361
481.567772 953.715296
472.164514 961.326470
488.105837 965.474513
471.975283 43.918076
485.969784 590.323241
470.577178 953.150363
477.020452 26.921457
480.510572 267.926848
498.774524 242.621811
489.749543 601.672035
482.624041 943.727806
483.806075 38.570830
477.176276 257.289323
493.336397 563.069097
492.624168 597.916678
489.508192 946.899948
489.367382 596.696202
494.457567 35.014488
486.891436 243.564030
482.751770 959.076274
476.042382 20.925006
487.823842 57.565853
493.091724 239.781256
501.193224 619.623301
483.812885 940.227087
498.238733 932.447327
483.701084 957.179959
494.924601 600.121139
490.176109 68.194444
495.503210 233.811526
489.227364 921.665591
489.308326 598.597484
496.290686 230.117346
496.114878 55.224415
477.537337 912.256784
510.967530 226.056471
507.637237 219.204009
507.208138 226.225871
479.930154 617.440663
514.436119 926.672876
514.584542 80.712144
502.115014 221.996901
495.721992 628.800105
498.259060 903.311226
504.552453 71.528161
508.779453 69.667983
501.571423 205.706610
515.443751 221.777720
506.898819 606.836394
520.262154 901.862216
511.606770 894.673904
512.785973 622.366468
513.249572 77.171569
513.777519 190.944164
516.057553 910.066440
530.191225 206.442956
502.909502 623.952764
513.275645 72.445922
510.069200 870.322401
525.048939 188.037709
513.707713 615.295826
510.194346 193.441530
520.476074 215.235906
518.383521 98.819262
521.384150 615.290080
529.618891 886.616220
514.788650 184.782846
524.227656 906.633461
510.511512 78.514160
530.068155 83.714433
523.389872 80.853674
515.613222 180.892175
526.043034 160.396317
518.941294 622.076450
516.187300 76.183479
528.024582 901.991461
535.520470 181.177807
519.113600 159.180345
534.970273 162.056508
538.680589 149.835059
539.525057 606.579369
533.441186 94.633115
524.458122 904.595042
544.293317 142.100080
523.834218 641.591010
526.904814 102.789443
540.191743 93.269513
520.137844 110.525497
524.128478 113.430365
527.875180 79.978322
529.826502 114.323031
526.883123 118.014931
536.932999 109.978680
528.836954 131.525736
528.268741 130.600592
546.449296 133.673629
530.736137 143.524430
530.995458 906.071375
532.851295 626.932222
539.894959 644.656948
535.729580 903.138760
546.111061 634.673306
536.055488 905.665481
544.319233 635.618693
551.321212 922.910451
565.331771 631.419377
551.561037 924.444486
538.596595 629.044589
548.478691 903.621927
552.690740 605.632669
532.307032 917.629001
569.520167 633.958207
566.979705 925.415662
559.688478 628.325717
573.357562 925.243885
570.934321 655.440168
573.331951 928.407282
581.427589 637.778044
571.853751 921.676931
567.525027 658.131081
593.106139 933.175778
582.128241 629.362801
580.178431 917.462360
570.967005 664.429948
569.647741 910.240975
582.289257 650.155597
597.175065 933.195377
571.852491 650.924880
589.645714 931.749522
578.738352 633.197861
600.983205 920.043785
589.789119 653.480602
596.154524 933.845713
585.561778 665.416866
592.573103 926.204121
615.569592 636.995247
609.692118 929.425234
602.823639 650.657651
603.904078 917.119833
612.177586 647.463532
621.756006 934.806955
607.518844 655.567948
615.281786 944.227918
611.743174 665.178217
617.428642 946.522692
622.232768 650.286588
627.979772 933.744646
619.929805 663.903501
632.819194 939.337491
629.570815 678.117955
625.110846 927.953196
635.692931 664.685673
636.323137 941.067772
630.985839 663.517701
633.739867 930.345375
641.526861 673.957039
626.918702 951.044637
656.240669 680.318713
647.305314 917.245036
647.599256 677.411483
651.341643 941.605578
635.405390 675.800633
640.742224 934.970094
651.765324 670.140189
647.169256 923.560587
655.313351 665.428085
653.823934 927.790159
661.831828 679.361180
661.663765 941.915770
675.589908 661.966887
663.243470 937.668917
660.679344 690.717592
668.495432 948.057906
674.981198 690.441423
679.895215 947.854059
678.240080 696.374930
675.188010 947.219583
693.173496 708.164127
674.124754 958.161283
686.106072 677.745381
693.955198 943.019671
687.856628 699.023187
688.406406 702.704753
690.146455 938.224147
695.456715 689.900999
683.216214 958.353329
712.376502 713.493576
693.353752 957.234556
702.921249 716.447541
703.850031 960.206446
710.946241 957.438210
711.925125 707.781673
717.569356 944.633147
704.324739 727.384416
719.281872 950.243424
719.938517 681.776156
725.055428 705.885906
714.675292 946.359980
723.716567 707.628363
728.966819 955.565116
729.936455 699.145597
713.672145 948.173329
723.690965 709.108218
741.626727 724.601891
728.583712 940.775021
730.418175 735.368039
743.312716 962.733798
740.827592 725.987030
747.382910 963.649169
738.930379 730.808256
745.687996 959.986861
746.808544 730.462187
739.965414 957.980120
744.281020 736.957378
755.428549 946.350405
736.697923 739.959098
761.149351 938.832360
747.869233 739.218343
758.696064 968.004241
779.598964 714.667008
765.146547 949.804489
760.203720 772.126998
770.067659 968.003055
771.192580 746.272201
774.114684 939.004025
764.158486 761.518470
768.078309 956.787657
773.151459 757.286972
785.134677 941.540962
770.804110 743.302845
781.865482 745.259246
794.511412 941.270935
799.288288 752.621869
777.128092 952.496691
779.432914 743.735120
788.420124 957.553473
792.393972 763.466399
796.095015 963.933803
802.726746 788.743605
800.607131 948.113990
805.176040 768.025019
809.972092 946.803999
804.144516 772.695272
792.778624 791.537414
816.606757 966.059494
809.267669 767.987337
811.929837 778.397363
805.226282 790.222124
822.208178 952.150357
813.687229 773.089072
803.588385 952.010447
802.766060 784.230812
808.598922 802.034137
817.018150 960.352363
809.369113 783.962646
836.571334 953.838783
827.716067 779.399619
823.867635 808.163014
835.412564 949.689095
829.067940 809.185227
834.090984 945.036365
834.368204 784.780917
834.162443 935.491959
839.016134 799.897707
846.399692 798.804340
824.846775 820.376954
831.279157 820.799572
843.990625 930.791705
840.913394 815.174299
863.525044 941.890345
842.389432 831.911459
853.124954 938.033662
857.462484 832.630648
834.598095 940.999438
855.629564 816.272904
863.068451 835.670258
847.663263 852.052172
841.979297 940.712868
878.431485 829.399249
853.208938 938.961795
847.645454 836.895223
855.790297 941.107049
856.689489 838.453214
868.079069 858.741532
879.501616 836.647687
856.954078 949.824254
871.023547 857.301761
870.036268 833.164584
871.902818 858.902178
875.448976 916.945984
866.110015 859.740280
876.500682 914.050582
882.692062 879.070509
874.145519 910.895594
872.332874 873.807143
886.580007 875.816500
875.913725 867.389334
879.689552 907.219894
878.969562 879.331683
879.956216 908.796573
897.308119 903.525692
876.819467 885.290757
875.622219 879.511317
882.587335 907.036275
862.361286 883.806150
891.336658 911.308362
880.285484 903.128696
