27.382640 389.029032
22.483764 365.398575
7.879990 388.108786
33.646259 392.024439
15.610021 403.912627
2.409301 375.803669
30.286339 433.702173
17.882503 398.878958
16.200697 401.611333
6.181609 413.474255
2.721097 427.556112
3.647782 436.753098
42.100467 452.072528
9.101309 441.827327
9.928581 464.044118
21.013926 455.772895
-3.960322 420.884341
18.997253 482.806053
19.433751 444.744220
11.774544 353.549335
9.831663 458.031868
31.359672 358.974469
4.304480 388.634162
56.070102 481.078319
33.920871 393.166233
46.625090 344.661936
17.381086 351.625223
37.873110 350.183718
26.728113 380.767348
47.260357 372.929128
33.261485 438.267867
38.199101 322.303697
41.786405 295.366504
26.642549 333.321880
16.010243 449.897862
38.624517 325.561738
70.124227 444.424050
25.959604 330.900645
78.672903 342.198266
34.272893 456.284378
68.626999 303.110115
72.622336 463.500235
47.517630 289.283361
38.373197 474.496270
56.327144 279.346098
64.535939 310.929530
67.471039 458.794459
72.235978 296.224531
64.300913 300.550742
57.629815 487.466392
46.540683 446.973788
66.485986 291.042652
64.610863 606.848897
60.896416 648.669005
48.237255 636.106135
71.512885 664.880471
44.486970 653.495898
83.574698 676.195233
85.666434 677.414017
58.959622 688.698655
60.842766 649.080740
48.936679 631.491917
36.512947 465.314315
32.139210 270.307192
88.395474 612.880786
72.282273 681.649978
80.729920 255.243697
78.909357 613.947266
64.805207 597.118772
73.682535 622.019098
57.118629 723.862727
65.620906 677.729934
78.302532 666.246546
88.731262 453.790430
77.894316 293.725438
62.616097 611.060120
91.216167 670.143092
73.480458 451.938771
72.538195 580.694586
73.417790 672.145698
60.750883 265.579735
101.246943 459.405631
98.307659 613.652441
85.765501 665.009550
89.806281 244.523758
81.666538 452.369730
71.871026 594.718168
91.259709 709.793561
91.835793 224.660371
82.893208 567.485065
116.484997 710.725944
88.661496 444.852181
100.461776 263.823981
85.267451 587.160985
86.253730 571.283381
96.304994 699.760296
91.935910 440.520956
87.010600 242.587924
88.085061 452.507693
106.205269 563.908393
77.532015 671.716184
100.258783 256.469331
97.456266 407.161430
84.199059 580.752989
102.048431 692.412332
90.050813 250.747724
123.630495 215.447261
99.831325 602.267534
105.659561 443.147627
108.229268 703.870701
143.438951 268.469184
126.586203 561.151908
104.824135 719.899880
100.291535 448.698571
111.964703 219.782603
102.292456 552.709638
100.346057 706.877252
120.369798 225.904167
103.129127 435.452195
130.087303 579.582385
116.033432 707.789973
127.618441 245.360461
124.224314 456.173845
98.357938 527.728067
129.031683 710.183435
126.181532 233.621206
93.946251 389.448724
122.198719 547.861918
105.238568 693.731973
126.835394 222.869855
115.632340 440.646342
118.924412 532.394916
124.680190 192.409252
126.273130 221.575625
142.623565 673.755907
133.990670 424.248200
119.519735 538.430577
133.062259 201.929182
125.423817 718.797602
140.095940 432.068838
136.682038 525.365373
150.288286 198.490064
152.059031 709.351116
138.370101 385.414166
134.959045 587.205503
138.377223 193.426704
122.485458 694.175093
139.382769 444.752122
124.778365 527.169909
137.711648 201.069692
132.551553 697.410942
150.446826 437.813950
123.138185 533.985324
154.891589 200.101547
152.340759 724.161158
151.703828 397.279533
148.205087 556.540160
123.330443 208.204192
149.756941 446.137747
152.998124 685.864293
155.519019 180.281632
156.668763 528.229303
162.903520 428.057110
170.258658 708.213613
179.590602 166.037963
144.707904 511.245270
162.961334 318.218101
162.064103 323.369746
170.163458 325.514855
147.045947 324.118065
145.492563 328.461627
145.397703 312.308370
161.117134 347.562665
167.931810 418.920366
148.841648 729.526011
133.427110 153.996684
166.022792 356.885813
141.541039 528.057353
144.774041 428.789208
154.539325 327.114698
143.392915 674.819228
180.624712 298.705111
166.713314 324.389742
193.836129 360.919789
163.174221 171.485594
163.006969 365.221178
140.464147 541.888983
185.337259 445.728720
134.812157 468.952180
165.033045 438.156603
199.977878 428.127229
167.918008 462.222223
155.723035 431.411198
160.308464 468.726670
166.214647 438.131467
168.957400 488.961297
172.545234 493.441073
180.587680 489.217096
162.854924 472.266248
162.899579 498.280606
159.640434 499.277382
164.912526 491.965894
151.133494 500.132038
151.443555 497.138445
172.095160 717.186790
151.609969 184.734203
178.963296 311.824420
185.548886 288.292147
160.031661 277.336007
188.125868 305.694173
184.735656 312.025820
153.568926 333.476362
168.730253 510.462141
180.336411 449.709193
173.898509 516.540816
165.076362 365.213433
181.396548 445.706613
180.892702 682.427358
176.434715 176.442276
156.866046 438.279452
170.455517 416.015892
178.467577 497.497808
166.865793 541.412874
193.276369 282.537777
179.774944 557.874113
191.734687 285.457009
186.063953 369.152730
189.101681 680.148693
169.942002 171.225759
193.259129 502.386716
180.209397 539.063426
189.050098 277.433294
150.052350 531.886041
162.779821 248.208483
193.047193 256.010793
160.140135 373.403126
157.246787 689.743070
193.529130 177.346254
192.475590 556.457213
167.723190 510.836298
170.813802 238.137714
171.810106 368.927889
185.087082 719.279175
187.719478 201.049674
183.276783 245.472921
198.968553 374.278654
225.947334 702.868267
188.220361 169.201261
167.257503 253.682080
160.757675 258.891676
201.031364 386.680610
176.047343 676.413292
194.331784 172.480750
207.306014 243.633084
200.876397 236.878397
194.661081 225.524703
211.680837 381.582392
192.223988 703.772765
194.666518 148.816319
191.071725 255.552750
196.989764 338.259663
186.170363 667.829445
210.891877 150.688608
199.995773 233.493895
169.391136 344.404599
215.357978 658.231247
210.887232 167.697480
192.401199 227.486802
230.297193 208.065610
188.670423 209.213161
204.732361 196.252942
187.606282 354.965824
216.892906 700.202742
208.576633 149.561103
187.940921 228.558579
214.574466 194.282795
221.429845 188.179202
219.299263 377.225252
202.607773 693.315505
199.979387 156.941436
229.147503 223.256601
203.233873 356.131406
234.170806 675.774523
219.730047 144.804640
215.853386 164.993022
190.275312 334.212036
229.156907 659.791282
212.217971 99.526342
210.094384 150.414425
224.655780 173.303501
202.385971 175.269562
248.742047 156.533276
242.384455 168.890205
190.782317 343.582859
203.489642 642.145042
225.577520 183.307535
240.001090 143.328002
204.418409 166.821380
243.729618 328.781234
243.020417 669.744268
231.539524 347.460337
232.824093 635.718818
211.404121 638.850868
231.058099 660.534945
229.393790 304.588463
223.550254 861.207929
216.489611 835.545815
233.079772 877.128345
210.947566 873.835161
226.845984 866.896297
196.179088 882.062583
238.493997 636.176692
232.707676 615.411025
227.230290 600.086450
236.186102 613.523179
227.454893 655.483609
217.247738 633.858629
232.889290 642.190879
237.129128 877.424797
232.320530 346.849294
249.782361 821.756161
268.472447 852.538490
250.263242 618.316001
233.887326 916.956166
272.264098 321.384423
265.472315 602.973964
221.166018 847.512753
250.667685 329.662229
211.880347 877.710445
255.050491 622.550634
239.605861 862.797819
236.250677 308.809159
240.720096 868.772707
246.394106 843.402015
250.930071 601.290651
248.875584 300.583777
249.898434 886.935211
241.081957 637.317334
229.208149 786.762319
232.134614 895.292378
244.831525 301.028407
243.243065 618.029183
276.039456 852.004942
251.903295 908.059654
262.491597 299.011822
270.176816 634.686199
252.647769 818.387716
256.825349 911.961088
278.539379 335.913381
272.228670 623.963182
252.563871 806.417251
270.068505 887.732382
276.383842 284.844293
254.514763 639.937259
268.980857 809.784226
263.879226 910.846387
273.666857 319.151171
260.463162 614.391698
270.727872 751.732457
294.178990 625.408571
275.458146 243.999127
281.563233 808.579500
281.257396 851.349287
291.504009 631.069029
273.457078 266.148269
275.656764 808.808277
280.944771 877.682071
302.584046 631.550931
272.422246 294.223821
270.053743 775.659618
259.152696 904.175452
265.872633 815.137908
284.203500 615.178078
276.008089 270.759626
283.527287 907.326018
297.123207 801.673463
283.083061 663.516048
285.405530 793.393015
296.944192 296.445265
294.419893 855.611203
283.504517 600.863455
283.332750 779.008967
295.127165 -15.585175
288.827699 22.368997
268.414081 55.555581
247.860819 38.121962
325.274357 -37.828896
287.212697 16.343179
300.444427 -1.788807
313.613006 54.360652
299.988262 47.714445
286.501857 68.025072
299.511539 278.135725
293.755071 779.850402
325.119263 752.134789
283.101474 765.034260
294.579518 766.968572
306.820583 775.976699
295.656517 749.073482
289.144600 755.075573
298.726539 882.196573
292.490727 671.107752
301.567235 22.675053
305.189095 77.120704
280.010101 246.647440
296.990785 742.824876
303.562552 43.586799
278.628007 81.678653
319.497008 64.525029
298.634875 83.008634
289.717180 83.564200
294.267358 680.040172
276.321277 733.301531
321.681776 910.674243
305.565580 83.571361
294.898002 627.668930
309.527787 25.228988
328.869785 259.080544
313.966347 723.416801
300.790341 888.007804
304.678918 49.933699
296.454573 115.478983
310.776008 751.260655
283.673000 237.741334
282.439449 637.262789
305.040191 37.843287
298.601008 99.211233
291.791449 900.842655
316.396247 689.939342
289.659188 90.910666
276.907838 116.788125
298.920842 120.531829
334.432699 104.007008
288.132545 100.764215
306.103503 125.796794
318.438479 106.659272
277.763240 232.469605
305.685067 652.841280
308.537486 686.711553
296.374206 14.449442
314.093123 912.852243
310.254399 116.207699
329.575691 219.969017
303.102023 660.654043
329.642193 722.016792
318.318482 30.843470
326.775555 109.591853
341.104702 140.039481
303.451315 139.031959
315.524618 142.303726
308.869428 676.371790
320.602568 925.668202
305.273013 154.356018
318.604747 268.442946
307.640527 661.578805
313.629786 5.617233
320.976807 696.997170
312.262497 895.655855
313.490679 133.790516
331.446371 156.193772
309.162106 153.893714
330.514225 167.555801
336.237566 162.353239
302.441486 180.849309
327.457706 181.720999
311.182074 212.597435
305.038080 183.816657
335.762507 195.415430
311.764507 190.429490
309.966575 172.296699
316.738655 678.613713
307.865842 263.025643
307.112052 627.498376
300.056355 17.002323
318.523749 865.885539
336.690265 180.898371
328.488765 683.628803
324.785729 17.762435
318.638749 193.757579
323.931709 229.463250
326.707857 610.884525
318.022930 892.814783
304.146306 691.485814
322.343795 33.835363
329.019020 191.439202
330.099940 246.199530
335.161261 620.299991
312.358003 691.718789
332.846979 876.923996
328.184638 16.202223
339.315413 223.580836
329.014692 231.510190
336.041954 642.985798
333.526434 864.026000
341.488558 662.020907
343.967136 684.799539
334.612343 9.632812
336.567025 201.506397
342.081467 261.274192
341.196697 610.096037
322.099364 889.301578
303.218380 693.726889
336.437116 644.961999
335.252396 57.658539
344.596011 214.024891
335.271987 225.850736
338.858156 631.448236
316.588300 895.426484
334.230226 52.837697
332.208314 659.763643
346.421987 244.780694
342.875223 660.771104
343.974279 222.645550
342.757116 653.103049
352.394236 846.737706
334.561521 38.443160
351.870616 246.706244
329.304844 638.807388
375.754327 650.455577
324.847142 889.194589
336.675326 190.258551
342.738835 643.330936
356.328747 66.976034
348.842794 223.161558
332.101456 900.466619
359.331151 69.531971
347.974367 188.848463
333.499619 225.847828
365.293955 54.681068
363.359366 819.150853
340.120915 81.251721
344.173208 176.754353
357.033013 195.211423
356.073622 862.809761
350.361114 96.757707
356.618486 214.413674
343.232016 62.056505
397.375865 221.537811
364.372312 846.655540
376.625755 210.270382
356.928746 101.386337
368.534999 222.394831
375.506922 838.136193
374.056026 162.905747
370.723992 43.383866
371.786632 209.526277
350.802006 847.813770
349.660218 97.711478
355.163941 214.936985
369.239333 879.090747
374.523876 238.644461
385.943772 108.529118
372.117503 70.072102
386.143978 194.864933
364.618674 802.992492
376.595166 208.359363
377.752551 82.264464
377.513526 113.289246
357.487066 229.142900
384.534576 835.609423
383.469434 831.556741
372.585570 125.754248
392.518069 177.920655
406.768189 820.234983
374.479242 92.614597
408.307449 94.741252
403.733085 827.968401
379.719367 106.629788
405.697543 830.047151
379.419866 90.760254
401.071076 122.543206
386.874745 139.916125
396.997326 790.936952
394.105685 848.328752
400.701415 168.718649
379.833016 789.396729
401.123597 133.332818
389.140143 139.435046
401.092568 118.249528
405.850738 774.682151
414.033140 131.717806
382.980633 126.667726
416.105907 780.329400
424.892379 836.467059
413.165348 786.876908
382.193470 136.420704
432.733152 790.677327
390.795436 134.767139
411.821847 146.002943
412.702117 752.928739
435.773583 143.338305
440.518133 149.419997
404.660597 777.297653
423.555414 175.611352
398.422887 616.014173
410.916862 615.145442
416.934002 679.101402
416.519523 692.227860
401.787555 667.992140
416.217144 640.557752
421.251807 750.177049
411.928557 750.218983
440.783573 803.953652
435.648499 153.736107
382.114049 647.293775
445.034691 673.746461
436.104624 755.084669
414.919128 615.967506
407.571431 753.002562
434.716490 181.295595
429.685940 667.088428
439.663626 181.245157
419.135453 635.710319
450.689042 743.889333
422.784242 640.126940
460.964065 730.647080
431.566605 669.951377
423.405343 178.232124
420.387554 604.380760
412.630947 733.229951
445.408737 622.018129
427.631425 715.089803
428.039790 694.598659
464.797534 706.047808
427.041508 177.096942
449.652961 595.814537
445.695516 695.921712
441.077128 596.211237
438.605550 673.966460
410.749803 708.671598
435.785898 713.869729
409.131534 183.161463
436.074781 686.792641
435.059381 583.955615
422.233579 172.441435
441.793061 708.402992
434.822464 648.753839
465.425273 687.639539
418.454698 686.367846
442.366185 715.890452
447.509762 703.372424
425.237206 694.268191
431.438178 703.772411
446.186680 692.120390
428.134202 616.747146
429.513359 164.122228
456.649523 585.904251
440.657100 191.101296
450.947131 595.205986
446.131720 184.747976
464.617495 584.349925
439.861122 190.590651
457.036835 558.081684
459.825895 166.190364
468.322518 572.125118
437.973380 204.036962
484.624216 544.619249
450.735917 179.512235
480.937813 558.343428
476.514337 159.751867
490.261298 192.366748
462.800991 536.805178
464.333680 180.623530
470.448735 581.507374
476.537788 192.471271
472.949658 558.790952
468.357643 201.905919
490.862221 544.814462
521.004752 201.669167
471.636838 550.110218
466.426528 218.368474
515.282675 557.875529
504.301635 185.013194
464.763708 569.134475
499.711305 189.130108
533.953655 549.227356
500.497144 205.615007
502.227795 559.101020
488.989650 204.701289
508.612905 573.474958
514.497904 192.198876
529.000146 522.679232
532.912245 196.269459
503.335244 546.043813
528.700075 215.484101
530.578705 514.195572
496.634272 187.336725
518.000875 558.634714
532.879896 169.909310
519.318822 537.579884
546.604326 222.151379
531.660028 545.107884
521.498819 208.075615
540.724279 516.989338
543.286452 207.480650
563.917998 476.096445
543.308012 193.332405
556.287639 519.387717
546.491694 524.250066
546.441822 158.803913
542.947252 494.764268
527.713528 497.943230
537.642078 218.250574
575.467327 512.054284
535.477750 169.661261
566.171934 501.016028
559.351426 530.524670
555.693617 179.967626
552.476828 487.722973
553.966998 168.273681
561.619023 470.668479
552.883770 157.952543
537.383072 462.889575
565.451936 476.253924
554.855072 184.011556
579.175951 446.860443
569.056496 456.504178
580.479774 169.851119
564.302788 192.855042
593.352366 453.712332
567.605246 186.097491
577.895020 191.053029
593.788273 199.947291
561.016044 235.930345
560.797492 242.937371
580.534057 237.766926
571.679927 211.437082
577.993628 245.544925
569.756881 237.529923
593.850116 257.341609
564.679479 256.877150
572.900749 230.900726
588.240059 223.706938
598.349810 223.311201
595.653614 237.619098
583.464677 243.024746
586.960170 238.364613
582.328138 251.904444
570.452624 278.418214
571.470324 251.852685
571.609856 265.525526
575.868295 276.862009
567.239951 263.890100
575.229539 281.620480
566.738315 479.844134
580.877718 429.795065
567.240072 196.553355
568.193936 313.742194
568.495819 180.675773
573.684733 428.385259
588.433349 168.940831
593.007215 155.158205
615.953344 181.784509
579.714398 440.787828
586.596534 460.955017
598.002760 303.765136
576.085425 138.010415
575.439209 218.385935
600.526117 303.811390
568.656933 425.733512
577.718253 198.783119
580.028918 172.955467
615.557831 321.287544
595.279131 292.453168
582.614105 439.072996
600.439667 145.339882
582.340725 320.457830
601.129100 164.335534
618.312798 442.609035
588.244333 157.302130
578.186441 160.784770
598.218080 321.890710
586.005109 302.050464
589.016844 328.330031
577.512802 422.232368
590.254636 320.510458
599.029559 436.953838
606.147778 335.041241
590.791052 432.289573
609.404597 329.260859
593.836446 408.984014
594.015096 323.080306
641.539687 456.268522
611.710481 315.497994
607.364863 394.627075
608.129892 337.625962
617.933486 430.956037
603.574046 344.900623
617.270157 429.254432
605.391545 326.688121
652.439536 423.691330
625.020792 353.907457
634.486677 437.448544
639.688540 325.917760
606.219709 414.958541
637.454130 315.404907
630.114900 367.129596
636.206922 417.288484
636.435503 317.440200
639.585956 408.445692
639.428174 308.051868
643.718396 407.542201
638.802381 331.637914
661.635218 430.793465
653.221427 294.338271
652.398982 423.792584
641.360747 333.735744
665.333960 425.260565
662.969464 422.851413
676.942172 332.723087
673.901156 390.866661
654.507966 327.949768
651.189718 276.116428
677.538587 439.763598
664.005997 408.178816
660.564872 298.267536
677.787565 399.817456
672.626010 283.635812
670.488052 400.079749
661.890979 395.660267
689.648527 299.060608
696.282550 354.543227
685.868098 301.241111
673.617333 397.065584
690.465400 280.797072
709.112536 369.757565
697.321634 266.279814
693.554669 343.424616
711.862311 313.945387
691.394502 384.719387
707.754088 261.134662
705.038851 347.832888
722.455300 291.778864
700.977807 389.469683
714.983956 371.958259
698.971776 266.305123
716.492893 330.666849
716.439371 323.982991
711.427382 350.556636
723.594512 258.083112
721.769095 337.557420
708.925411 307.399699
720.255965 263.307506
693.794698 329.185436
723.102430 262.421863
712.987706 298.514554
741.749216 320.866849
728.283373 328.199709
703.778419 321.341703
710.257309 349.746261
730.807707 309.252957
705.411890 352.564819
702.597433 289.513243
730.152441 302.847534
721.882611 238.040862
724.379559 265.825621
728.996564 264.041725
728.162946 273.342414
720.467561 272.368048
732.822756 261.938401
740.923271 285.327742
719.493767 292.853303
