118.512018 324.013725
127.859447 330.347520
129.310382 330.356503
132.270037 261.437877
134.163714 261.833122
122.259837 269.738875
129.662837 270.228968
132.639156 278.729606
130.701828 274.262286
128.660527 334.106830
131.077074 337.103380
128.693305 336.739090
127.211254 346.475519
128.638375 344.174950
128.732501 348.877569
128.952366 355.110559
127.286987 356.788777
122.486636 353.200084
138.410510 288.350444
132.498911 285.918500
135.230024 284.542780
128.889271 315.343552
134.844708 310.665105
127.232873 313.157710
136.259485 320.551570
131.208305 316.683950
138.888729 325.848756
134.415827 369.580552
134.716209 367.898492
131.236201 371.637641
141.296532 276.485169
138.470776 270.361352
140.029319 278.879706
141.335601 292.249173
136.897889 299.481934
135.805917 294.879015
140.231777 372.476185
140.836514 372.715416
146.391483 370.806605
144.129289 262.275453
140.027518 267.339337
141.126886 267.314564
144.752188 286.714573
144.239149 282.753932
147.831905 289.353049
149.127538 382.844031
143.220315 378.783467
148.018889 378.851710
147.038359 263.543138
154.784562 272.690026
149.826475 265.691774
158.299310 393.082299
156.149139 389.595123
155.350517 392.755199
159.076662 261.721232
162.711682 259.953621
155.904636 262.556777
165.165027 391.827261
168.155380 390.564952
164.396232 387.738399
161.246669 401.191854
165.962545 398.635993
164.206478 400.044369
170.612095 262.412273
171.631000 267.729656
163.903116 268.844800
175.991286 395.062465
180.034972 398.474417
178.376607 398.415826
169.882907 250.631771
172.055462 253.970542
173.149296 262.207581
181.905938 395.621408
181.195670 390.898507
183.340973 395.486702
184.088838 167.033679
184.040172 172.252494
188.815934 171.491791
189.732924 184.548546
183.925400 181.791172
184.108492 182.946417
184.045882 191.895704
185.352586 190.748294
176.875360 190.034037
183.702038 195.471427
177.626566 205.770760
178.073694 204.727989
189.279520 405.145429
183.887292 406.279019
185.558224 411.155597
185.021710 251.630340
178.242675 251.468447
187.956227 248.193466
186.943217 155.778265
191.072273 155.346846
188.933252 156.326840
189.564051 217.167413
183.996039 210.880938
182.763234 212.568349
186.782835 219.014501
188.711537 228.275831
184.171646 219.610184
193.923862 394.460651
189.549985 397.544898
189.203743 392.454935
197.161826 240.142666
191.461367 244.615381
194.419027 245.049923
198.963276 147.839721
192.767482 144.592281
191.609625 151.836447
195.048102 229.440948
193.064328 230.214610
189.213664 228.854396
200.250361 397.296758
203.542304 395.807491
200.193760 400.297556
200.395661 140.996836
201.721027 135.454854
203.299416 146.178599
208.383089 406.860218
213.414166 408.575699
215.738607 404.416714
211.343441 131.310715
213.600492 131.627764
213.312704 137.459229
218.811152 400.889633
217.758243 398.496961
212.523829 400.695081
220.083372 474.329162
221.076044 472.246819
217.974856 469.976553
220.609867 132.542270
224.541004 138.253116
223.100551 135.370476
223.464373 407.478921
224.319764 411.150585
228.105192 407.158848
223.457044 467.563678
232.473277 460.779267
227.752668 462.278321
225.334036 477.535469
224.781914 479.119760
226.783426 477.134222
231.709035 138.258378
229.012138 136.189651
229.799589 138.574282
231.630532 411.295481
234.934980 415.079383
235.512779 411.611980
236.072262 463.157843
238.609549 459.663806
234.041839 459.000655
236.409166 486.074194
232.930597 484.918296
231.938336 488.117669
236.343059 140.514082
238.731231 135.887526
241.734087 140.206725
236.137174 418.304579
236.908148 421.267703
242.843248 417.622587
248.078611 449.413480
239.352954 457.386458
247.874418 449.153026
245.839591 487.170770
243.201998 480.347334
244.379472 491.015910
250.723349 134.640387
247.622730 134.311711
250.944717 133.181146
247.801295 419.143103
245.425787 427.796463
250.207050 426.487240
255.014990 454.388421
256.228435 455.403086
255.232323 454.560559
258.252615 485.864189
249.903615 481.305909
257.437047 476.630834
257.149182 430.927425
262.258954 424.442302
258.906200 425.560731
260.663006 135.989275
260.870777 142.390918
254.579951 141.391320
267.298214 436.947489
260.741655 444.251126
265.013239 433.545796
263.545159 211.028220
266.363106 211.670786
271.862017 215.137447
264.732406 227.183211
266.079595 223.085843
263.121819 230.978991
262.189261 446.611422
263.768038 450.285525
263.972237 451.728260
264.839930 479.842430
265.231581 487.379570
262.634915 477.888423
266.182460 145.140273
272.881038 147.804603
265.545267 147.863161
274.661055 157.602765
266.226203 153.136234
270.349944 153.160518
270.943116 164.763780
271.313661 160.464866
272.128450 168.671540
270.899045 171.720470
270.639740 181.606229
267.479869 170.270331
272.416359 184.648098
269.714276 185.069185
270.364050 187.332923
267.809836 200.956887
270.569718 204.530042
270.110282 208.274384
265.157160 233.279347
270.788101 232.750029
270.166751 234.050436
274.042965 192.929876
273.010201 191.712784
273.345214 193.943504
276.586977 476.022785
271.539427 468.906524
280.125790 470.311837
281.474133 236.535916
282.205998 239.887873
278.919929 233.826360
282.804101 468.074585
281.731813 467.305407
284.892975 469.624683
291.300087 239.276853
292.644784 236.782367
287.054168 233.112337
294.026289 466.596929
288.455905 460.437565
296.573906 465.987242
305.332406 232.780307
303.337904 233.648547
299.004990 230.750134
302.572270 464.540120
300.588168 462.427577
304.468038 464.102103
310.429139 221.714363
310.005331 223.321553
311.199244 225.013161
314.580833 463.692403
314.986022 457.930668
306.335882 461.941775
317.871548 221.267172
317.419618 219.882123
318.485190 221.735881
319.533755 454.936376
322.236338 467.180253
327.300726 461.476687
324.359390 214.220879
329.444883 207.158121
327.396526 210.355012
334.519020 464.782446
326.618623 456.676718
329.211499 458.179939
337.507216 204.353272
336.805621 209.833474
334.544069 209.715319
343.014258 453.775028
343.164748 463.809142
342.662506 453.867841
342.718460 209.644892
344.438700 207.543191
346.976224 209.493249
351.357040 471.008558
347.641982 467.626164
342.797365 468.470916
347.567764 482.058390
352.190287 477.463190
354.223404 478.352589
355.516722 460.739393
357.046389 461.761002
354.329699 453.030139
360.280080 206.825606
363.462242 211.785538
363.489210 210.081504
359.327214 486.339474
359.611386 477.360852
360.330937 481.251120
369.532673 204.161124
368.575829 204.607755
366.560567 197.099248
364.036590 483.790611
374.730474 487.090667
372.798202 483.786393
377.226698 203.969929
377.859809 209.532154
376.554681 207.650052
386.717052 486.610706
379.768392 483.531049
379.881411 486.495353
383.707287 213.834497
378.986254 210.888155
384.234079 203.168663
392.456199 486.501346
392.639126 486.375773
390.217071 484.885185
398.285428 211.270249
396.964235 207.746069
390.298620 207.946646
406.039634 482.764901
398.593555 488.950445
399.616518 489.259869
410.822176 209.520849
407.947878 208.157981
401.549503 218.901064
405.079053 486.794302
406.125269 482.493870
410.538972 482.913735
412.753197 212.217513
413.565360 210.730799
421.286337 210.512118
422.757452 488.845017
422.158281 487.342516
419.864472 484.941448
427.302011 214.285298
428.198045 210.161567
426.095487 217.273351
430.662454 488.070568
432.853697 484.037011
431.427078 485.664865
438.610994 223.200609
431.454077 216.717643
440.060338 217.646537
436.446321 485.836430
443.851395 479.794727
442.324733 486.775565
449.616973 218.120709
445.892621 218.141929
447.515686 218.792322
451.509356 481.457624
447.865720 479.612546
452.236947 475.214178
455.735613 230.339792
453.925659 223.571340
451.672737 224.733971
461.273035 477.322832
463.786214 477.438750
454.091365 483.729095
459.304541 225.832933
460.299501 229.476875
465.622726 226.669511
472.565795 480.288296
473.630094 471.935997
473.620828 475.972003
474.167289 232.202366
478.671240 230.716820
472.909793 231.125567
475.328049 474.075876
484.584630 475.464078
486.978541 473.513487
481.712019 239.555654
477.736470 230.469224
480.633388 235.716952
486.150764 244.554374
489.984021 247.975794
490.887657 246.703763
492.266543 465.679437
484.830256 474.112110
488.041410 470.474798
503.075104 468.856849
498.774161 464.925845
501.646130 464.347668
495.818756 248.790306
503.343243 245.647049
501.085254 240.450375
511.059565 254.630642
508.320992 252.120543
506.920686 254.974174
515.096114 468.862976
504.348662 460.746240
503.494538 464.542085
510.678175 257.672124
519.849517 257.073939
520.266335 258.108595
518.745799 456.437594
512.332637 456.856251
518.014127 453.378370
525.818369 270.742087
523.249579 266.650979
525.466728 266.530854
524.382057 462.533699
527.946304 461.337355
528.972467 459.230076
527.999741 271.196289
527.755683 274.882793
529.210540 274.791923
535.166413 277.022869
533.281207 289.548999
536.885970 283.341059
536.027091 458.092924
541.438049 460.986997
536.516269 465.725017
543.232930 292.815888
540.995847 293.327997
541.708486 290.300123
549.996534 298.892967
543.969288 300.982211
541.272762 299.096508
548.198072 464.223484
547.994147 457.948488
546.240606 455.888322
552.382619 312.560697
547.417807 308.142187
549.838302 311.173059
548.112773 321.834968
553.697666 315.526431
547.238512 324.712624
550.774794 331.637380
563.063165 331.346306
558.007932 330.368377
557.223380 453.887811
558.792071 456.202140
562.234426 451.480936
562.962769 346.417745
566.364817 341.563766
557.040129 338.759589
568.428842 355.511413
560.343554 347.634174
562.803137 347.692507
564.651376 357.095282
563.900663 355.671151
562.150452 359.843121
568.880055 442.046712
566.020915 444.914640
563.702084 446.616188
566.626292 361.976048
569.511232 363.826158
567.247722 365.934041
565.181685 376.293832
570.952482 378.437642
567.601373 375.790043
570.713416 393.320914
570.738428 385.615337
571.074246 389.604644
569.446206 402.003313
564.913521 398.836752
575.212961 402.726704
577.050090 432.973852
570.092925 438.975670
566.414584 437.897459
577.383033 429.247732
578.495098 428.244477
578.274845 429.630069
578.354775 399.155263
581.823791 401.124862
578.245796 399.799679
579.232181 414.672893
581.349844 412.051993
581.696077 411.900699
