129.029068 256.114211
13.251251 284.504891
65.162949 288.794902
58.742606 274.110162
6.075007 303.408436
52.726930 252.237486
60.770961 296.246386
76.187730 299.073466
69.891854 236.758193
-12.403420 246.951923
40.136644 290.919934
85.258216 246.183515
112.157634 291.110881
75.135544 239.946174
113.007664 287.982635
75.621980 249.853224
-1.910128 278.524404
62.902310 247.510081
74.606819 282.489835
86.212094 251.005145
80.029229 288.972326
73.893350 243.516920
96.588576 301.185730
96.305890 227.793866
57.461410 301.007667
102.203901 231.968483
85.394529 298.836420
105.389901 232.552798
56.166405 308.861258
132.645745 231.319352
137.598557 313.090604
122.722984 211.149059
64.905064 285.006731
112.928205 257.301636
95.342264 309.396177
71.077739 221.638747
122.995531 294.082217
139.927513 300.296212
141.705834 247.039173
147.424136 312.947024
99.508183 232.374313
140.894893 285.316225
110.908336 222.255764
111.187224 310.675573
139.783366 235.746761
93.210671 297.364438
113.656444 231.703376
184.188121 324.303359
112.822612 227.335439
106.207925 314.086402
100.227973 215.429612
159.517024 309.712306
192.087324 218.178307
66.276618 322.319632
154.053797 215.328576
134.687924 327.435173
104.977757 231.546872
113.192108 304.908342
110.652961 225.004344
148.101119 304.300240
165.364388 207.112536
163.629603 308.662812
180.496731 210.705111
272.142681 329.069145
139.312747 223.708928
159.298530 307.735540
105.638837 216.988018
190.182643 307.104597
163.971043 226.229301
149.329931 328.109276
138.427197 206.458907
211.690188 215.497787
143.533251 331.495283
227.262838 216.834689
261.980011 317.710911
183.081000 329.038118
178.299698 224.478065
147.349501 310.316185
218.899710 217.198432
204.767833 321.675294
196.031586 213.078079
245.956231 341.181245
246.796425 212.510455
199.940233 330.888991
179.929254 243.258216
207.453179 325.888667
180.952094 338.154639
267.120878 232.033133
122.258843 244.337335
250.757186 337.549870
253.923190 235.029245
259.787040 327.066077
176.054647 237.112741
211.059602 323.992385
245.165135 245.168876
186.921657 353.945726
225.534439 231.132069
245.338014 342.383372
200.570336 235.269978
208.018151 332.192776
221.789158 235.851627
274.545767 335.448323
219.994723 234.650717
241.738659 221.137710
211.036720 317.059647
226.137372 217.749365
249.088784 319.508911
200.486057 226.992988
313.565868 342.276798
287.133603 246.593953
260.298374 305.981432
290.024681 236.653874
227.640179 331.596121
246.714759 227.766163
250.972521 320.802636
289.540875 204.544052
239.191578 316.069814
216.251854 227.928983
292.713892 328.066351
212.431031 248.545350
269.126247 337.280234
203.265564 203.867203
274.504906 318.208908
338.198790 229.732301
322.254443 337.105445
272.993899 229.940019
240.314349 334.875297
287.381000 208.121159
266.950813 337.565747
284.992640 223.222493
326.235449 347.843216
270.070932 201.072391
313.790014 214.742857
243.092997 324.431279
310.820659 206.972380
335.661001 318.687146
326.474403 206.686017
320.575254 319.255586
314.441066 237.777045
312.886367 342.718246
286.115313 173.301575
279.973797 362.222674
298.653859 200.317187
308.456141 346.542358
347.139871 207.493191
357.835248 356.707380
325.711004 211.183977
302.865271 358.871224
281.371595 185.593090
380.666531 354.268478
274.900993 204.397851
315.899525 328.908260
381.979716 212.731753
337.701578 358.153606
361.236341 238.103238
330.918127 347.395951
296.742858 206.546281
335.518163 336.507278
339.477541 339.483055
379.159079 206.438795
376.645272 358.070067
279.474473 213.425358
334.246041 361.227717
282.773742 224.298459
408.744844 339.585916
343.005437 222.315318
351.539497 361.220387
344.332977 216.728878
345.509042 373.717210
376.649567 227.783558
343.344427 214.860019
345.440127 207.038180
290.720165 362.113092
372.041125 204.199220
377.612812 366.171960
408.385755 200.997097
426.317792 382.925069
368.121171 391.144875
388.297899 240.840467
408.253334 233.945413
379.580938 385.098181
345.378884 212.037079
355.195855 384.703783
403.134845 196.700044
406.732123 371.488888
368.684749 219.525925
398.406674 369.779431
437.692213 218.687919
408.836466 391.240530
427.525707 233.000435
416.905614 378.010311
399.004147 211.298302
409.604788 195.160717
409.006774 206.245330
487.172888 380.804188
395.840555 204.852829
438.861347 495.753926
406.032397 526.340079
444.594587 546.210299
466.864783 511.459050
410.318988 395.282370
399.493588 209.594226
432.588648 397.889448
397.727145 511.004701
443.953998 544.086264
464.678657 480.970286
434.071736 487.380699
412.085740 451.363256
416.886174 468.725632
399.336753 480.277788
403.456331 482.868421
415.846799 493.305695
447.080027 496.780448
418.131238 497.468384
408.522459 501.625735
427.281279 536.530406
405.578318 520.168742
386.578192 528.144264
412.555015 549.821207
443.648780 571.346257
388.992066 576.297720
386.330881 543.034274
427.310916 589.942021
392.108124 585.473936
456.490804 597.992215
369.314875 585.076791
437.737675 595.774866
427.677357 600.482982
393.181246 191.801229
408.015967 374.557473
379.079177 604.918782
424.631472 188.081718
451.282102 461.173145
402.527866 538.233877
380.391785 593.627133
324.306583 445.342728
426.423634 455.908833
372.941602 447.525354
431.120543 450.281784
425.766371 483.806055
351.762946 455.926059
437.763043 561.829980
444.702868 552.709363
394.129421 575.057980
343.606568 597.723070
398.320621 586.971424
390.223196 617.592304
444.663854 377.899619
429.078603 201.735900
467.554380 410.523004
432.760208 619.417729
390.507724 393.106168
423.896660 444.657212
437.569802 609.986642
313.340981 642.987354
437.694584 227.927949
407.891036 396.509662
364.239853 414.302979
362.925966 617.070931
448.485290 219.248736
416.608903 394.139181
432.033453 416.842816
377.677448 389.324834
463.058180 624.517635
439.644950 210.651788
433.216404 417.509178
414.226949 434.955990
465.651995 634.707663
424.009143 390.022835
391.410134 202.181897
462.729387 415.944311
421.616779 612.653903
451.916326 195.839831
464.177946 199.924814
431.863605 198.483141
426.820787 645.813513
499.702205 187.835711
426.757388 633.267119
458.223553 194.158064
451.677073 637.294960
434.544897 197.604790
485.348427 207.120683
441.962230 608.033076
422.397963 200.866614
445.543216 640.724032
445.271543 194.199029
499.023554 632.869185
450.348369 209.775658
453.005602 637.503954
524.262414 221.313802
438.855870 204.151722
467.524084 637.856069
389.905092 189.992758
448.269980 652.683797
421.656933 182.665691
412.040440 633.204653
512.966930 207.124023
500.728300 642.307151
427.612550 204.974406
445.889722 651.153138
512.757669 207.705676
464.006499 632.549884
471.519291 203.244915
520.347933 652.023298
482.450165 227.546161
514.303151 642.242874
537.863817 184.777643
465.882648 642.520971
500.684047 215.459930
529.789762 645.769603
547.885331 213.692470
465.619438 645.649747
481.417995 213.930914
573.656357 624.628354
524.842356 213.897549
506.241117 631.675606
515.695121 484.720361
467.910776 516.696186
456.765518 212.529017
489.922773 494.240917
488.523385 630.929322
519.522736 494.292761
493.053663 223.834043
507.717031 519.711468
480.639100 519.560032
456.488896 638.288341
486.726245 503.911673
499.051925 217.784198
545.390780 518.491635
521.282875 496.249252
544.393083 546.348829
549.566502 526.801108
544.748213 533.903062
598.360247 657.877144
543.514139 498.601550
597.243467 216.075875
503.493984 544.080184
558.358901 643.905417
472.277891 484.195558
508.139614 521.471082
523.048761 212.299065
543.278956 546.846164
498.799061 481.845946
484.617068 634.871220
458.423489 210.008376
459.259745 540.623655
559.127725 539.240882
511.691207 543.352893
547.486128 438.713353
546.114558 639.291086
555.422467 233.692811
468.838658 559.508049
517.144177 478.625687
553.417743 659.311806
520.233561 542.861283
534.747681 205.985530
558.272337 502.524921
583.462812 620.358623
457.528277 558.564308
517.866099 204.821208
530.310943 488.103177
518.570987 552.135613
541.116324 657.155325
494.990227 199.421568
583.829569 460.456675
545.967282 573.759682
617.410768 609.641389
539.879400 231.609661
618.252737 645.118617
587.665232 479.960206
563.053884 577.828199
591.552887 211.606555
595.120048 207.429598
523.576710 219.752458
488.069847 500.418262
592.017613 570.021973
498.664939 633.190926
486.153707 185.820229
614.089695 498.338348
598.392496 560.222088
533.030789 627.333087
571.154146 214.571589
613.931616 503.598807
561.617417 575.560695
570.279847 634.468782
588.386567 575.783098
517.773413 215.112727
653.272858 517.124781
580.346088 596.478350
540.909505 587.823192
522.771616 594.655344
614.149773 623.686759
608.755695 495.895472
581.702098 195.555384
513.012974 596.985456
539.248823 605.310237
547.272806 603.203977
536.497652 592.639956
587.264600 517.593649
557.505339 207.118060
575.031519 631.227523
542.890683 508.739036
606.279572 610.728524
576.067443 622.058391
599.044046 213.926255
527.536091 623.423378
552.276381 533.992805
581.145857 618.202913
558.754464 202.898286
568.794188 601.753974
549.769871 497.038774
594.696093 606.544871
570.213792 642.826014
558.559520 208.253312
569.646208 511.847555
556.449665 209.872053
599.470084 622.301729
564.451697 518.656903
563.423351 211.010665
569.840667 220.171822
621.020270 499.736696
598.406004 185.131523
599.530173 511.965375
577.625686 190.576891
585.973263 500.206075
570.535203 514.420681
618.355350 205.149133
629.113828 526.590738
661.258918 194.948142
579.163982 524.329591
598.413075 213.065102
645.894503 553.287939
633.893986 183.092481
600.949508 528.918030
614.585321 548.839643
616.033608 199.942103
601.204198 553.826425
579.142796 191.598369
598.247714 558.342344
613.579028 542.338771
687.505278 560.992110
642.997032 210.526299
657.877395 563.342491
582.258045 199.759670
630.028238 553.021117
603.528836 210.503992
598.582568 544.287218
667.651811 201.206594
647.057058 574.954836
648.371779 186.237565
645.753015 560.289287
699.923215 204.345277
626.622474 545.744897
664.327558 203.197051
644.111933 546.051668
664.512094 165.006873
671.727943 559.732886
673.489791 201.254508
637.151665 575.501286
663.707722 572.329027
636.181032 178.610300
678.576296 570.416481
680.774564 188.682716
667.039116 586.888503
751.882763 186.134237
637.633042 578.703818
657.199800 167.649376
727.617764 577.207902
716.188546 201.582782
658.937990 581.809042
681.810351 205.120948
739.070434 586.953016
598.652399 198.212164
767.662421 578.777804
636.584556 184.088439
684.461544 588.546529
678.040245 186.082233
726.410948 565.649385
650.184577 188.132174
700.768443 602.729544
693.784509 185.338435
715.224993 588.790608
777.434089 188.064968
728.428572 589.212786
758.945746 188.268373
652.844930 585.524678
712.917047 197.283625
730.578168 210.541445
740.877301 596.968041
749.941462 196.181567
750.786323 607.155955
749.932363 212.346099
695.782485 570.252834
726.108203 214.017866
832.427563 610.292592
770.442762 239.960573
686.494605 603.433888
750.620442 213.224565
710.206893 619.705642
733.288594 619.088563
721.744369 221.505256
741.486081 617.828721
737.314895 221.990557
775.513410 604.635410
775.124952 201.683025
758.169854 622.849448
739.578347 195.786649
760.565361 634.723716
742.476348 624.417398
781.884005 218.026085
811.968055 616.745879
731.198496 210.522220
782.694634 620.733085
731.676251 194.779788
781.367389 644.018202
734.995671 211.684269
745.668742 637.516986
737.804465 199.832893
749.755057 614.859629
776.123039 220.492531
795.390165 209.053522
722.646491 593.786822
805.436715 223.974094
838.309353 634.623602
751.988534 213.383003
837.769478 601.664604
822.972978 201.581786
819.668901 627.521180
805.238251 209.963810
845.126267 601.138081
790.069271 232.691029
783.505639 625.248287
811.905109 209.878309
825.234832 632.657327
797.855308 221.017556
778.607358 639.277417
805.133405 238.432434
842.952691 637.353141
808.462022 225.637027
859.733676 620.641973
805.318841 225.577509
818.493343 635.428870
867.584676 231.095619
821.067376 625.837044
768.073384 623.599100
800.887900 670.497410
779.442100 728.970728
809.974398 717.020902
777.587302 717.598086
871.459867 714.976650
771.273145 722.761586
785.643274 733.562501
798.817207 748.354369
785.972596 739.594199
792.748538 754.888203
815.015899 640.957287
818.656589 677.360694
811.652953 222.147562
845.009669 677.591247
769.497686 700.059608
840.782866 745.639418
797.631745 641.930988
835.688304 666.687938
801.059683 656.962761
870.003617 664.205139
834.444190 659.210227
851.190859 663.268050
826.910067 687.371073
844.173288 707.889321
790.901457 686.905928
812.522707 687.103087
806.061597 712.483868
845.311013 704.678157
784.322514 755.934948
793.423170 743.498587
819.655936 745.753415
790.469254 779.193463
873.501034 762.357665
817.663463 778.720761
830.346825 774.372937
790.239400 244.390669
846.396649 780.904840
816.668574 217.770155
872.681912 794.883279
784.493749 240.222327
840.963919 789.555979
802.292855 225.208538
862.412629 782.603732
814.372598 796.691224
865.791102 215.565571
791.501595 800.488098
889.224901 225.467088
890.190667 779.236047
875.759422 237.691081
845.747366 809.087403
890.091952 214.859427
807.981922 799.058618
826.140659 242.608863
899.729584 794.079742
827.929450 243.774744
890.631598 797.347165
843.648364 212.431675
756.655865 233.955600
915.316999 792.565629
866.584155 248.899713
885.467207 784.732891
894.509694 812.582283
869.473602 233.836547
850.307075 233.605130
844.182815 807.823429
882.187708 258.902523
930.981127 811.184912
888.127286 244.876597
911.098720 799.677128
893.183371 241.072455
892.761341 792.563941
875.684293 226.131647
876.248145 783.279610
927.082837 287.563367
938.755134 813.547945
867.833678 282.323671
883.189578 801.642690
872.883995 276.494152
953.119906 801.176649
923.518943 271.451359
906.865012 812.054430
906.056468 238.886964
883.464613 797.669188
895.935263 273.172902
939.554890 821.128071
926.768100 281.748966
881.929515 815.587968
919.167756 253.316082
935.151743 826.015628
919.060037 263.724406
904.633465 824.313991
955.771735 291.442538
905.367964 817.621215
965.254293 249.383488
868.008497 801.912925
937.139588 269.028362
964.395196 807.321130
910.052290 265.487725
988.060832 276.810620
927.424896 792.348304
937.283684 284.531406
984.025618 812.276343
917.283559 262.199028
959.719665 301.189809
880.950010 804.027606
872.155620 278.671227
971.834830 797.568544
925.599383 269.968980
1008.090816 699.264598
973.746620 810.546259
999.896888 266.561804
959.687978 700.172068
980.899512 696.516024
911.452796 678.026220
1032.146247 692.762638
974.658829 717.019272
967.143698 797.023853
932.523889 725.404430
1010.979582 286.073402
1018.767407 693.266007
985.851242 788.817449
990.870368 651.185840
974.303813 684.981279
959.500147 711.041131
914.283157 734.123922
1004.476500 711.304545
987.993669 703.756320
1004.899587 266.832674
1007.774261 788.117194
1014.324391 631.700006
907.551834 646.563258
942.283130 682.840973
1019.286758 714.750078
979.581302 280.933323
982.105391 806.634167
975.949381 681.854364
976.336187 736.064539
962.735042 650.607812
1051.842990 274.887773
953.263220 803.951724
957.611153 752.730097
991.231589 267.897924
975.511978 646.438764
988.150158 729.971377
964.299888 801.491007
1024.144718 299.622645
958.595562 651.901694
931.754369 742.853210
989.063332 786.257531
973.422746 298.264497
982.560281 664.390395
1067.224390 762.385646
992.694024 764.845262
975.323874 321.960470
1054.986938 771.687075
976.422228 635.136842
1029.552865 738.346657
949.347528 308.664465
1000.383357 785.939567
1026.263884 654.105996
1025.266630 313.096485
1034.654341 759.189053
1039.005116 749.765895
1027.354844 775.160122
948.387559 782.943514
993.783696 776.437361
1058.231456 768.326555
987.573438 769.741665
968.099891 766.964623
988.202008 785.764903
955.902100 802.988959
891.309648 782.673779
1001.042229 649.680624
990.868866 301.169796
1013.044673 620.578432
1018.577780 325.882614
968.602310 662.175467
1008.304343 282.477401
1019.955482 623.347010
981.034386 296.443562
1065.635099 297.883867
1048.628459 643.971269
1029.729502 298.910043
948.206993 641.849700
1007.631685 305.604253
1059.695658 641.710858
1031.743614 326.871396
1012.584042 631.179748
990.858864 312.688969
1037.639522 629.808880
1002.706944 335.803217
1032.546857 639.168399
1074.312131 324.620764
1046.401565 650.101194
1035.557807 312.459139
1074.997235 636.457468
1000.245996 297.930462
1104.475416 622.255499
1022.766704 306.101924
1122.809244 642.889534
1042.714347 309.055472
1050.530018 639.436467
1047.289535 315.058726
1067.603470 639.812898
1045.653521 319.181512
1118.171804 626.763012
1052.970357 328.596639
1123.804232 635.505271
1086.837567 325.375146
1091.542349 620.792698
1152.164453 340.406116
1053.765567 302.735548
1076.995851 654.836399
1161.336687 332.547089
1049.801425 641.327773
1100.172614 310.252819
1138.210375 647.905415
1129.015465 306.502087
1093.371579 665.215446
1117.314774 325.010076
1066.792106 650.305008
1117.734633 340.827734
1095.583052 650.627201
1112.446459 315.545663
1119.660469 630.378288
1089.779476 306.594147
1147.511909 648.582984
1070.914369 308.921349
1167.802096 644.812845
1129.025983 318.081712
1082.377925 637.603434
1063.667379 334.662601
1106.268302 647.847009
1096.295446 318.430236
1058.826442 651.611310
1172.519878 317.050991
1122.406354 663.993486
1104.507850 338.857552
1099.840070 668.754570
1113.501161 327.432687
1167.148920 353.937995
1138.490179 642.704028
1132.334066 323.079178
1129.655896 655.585158
1079.985595 337.362195
1121.022731 670.762717
1119.177964 645.317643
1135.918186 357.600826
1147.442808 341.406092
1160.757330 669.201495
1144.293941 353.016587
1159.996816 657.464750
1107.814553 357.623795
1123.656239 649.182409
1145.125340 355.526916
1243.829745 657.359921
1158.532263 360.990461
1099.140899 642.702760
1181.554462 342.065879
1153.212174 370.722964
1204.363411 645.949540
1191.369414 357.905841
1138.445682 641.597030
1210.250478 353.556208
1140.094672 660.696756
1216.887361 356.101969
1168.445754 646.323580
1160.811733 356.858184
1126.086599 649.787384
1160.144263 374.112777
1164.364017 664.994764
1143.911711 351.170111
1173.505288 642.784256
1201.696357 375.409001
1147.265311 650.676670
1177.149013 361.456487
1183.405048 646.270910
1191.457046 335.888779
1128.351677 673.275617
1194.838687 377.573116
1231.590043 642.365159
1205.115661 394.982948
1294.058209 392.197403
1164.165895 676.764168
1207.808835 361.130956
1166.210483 663.719554
1182.779582 400.488124
1264.589632 673.476779
1237.002785 403.974565
1249.824070 650.484934
1208.596135 395.663903
1247.761026 667.073485
1209.800786 397.044222
1252.121866 675.600497
1196.491164 392.981427
1206.359930 667.400195
1198.213663 387.736938
1255.177233 682.279406
1249.286287 381.015276
1216.487502 669.712652
1233.251638 378.717545
1202.954013 687.308512
1285.352323 386.234670
1219.456568 675.227812
1241.043765 388.233623
1250.591852 650.421281
1244.118269 661.495221
1240.695333 379.964881
1277.400370 390.001516
1264.087809 655.204414
1248.879052 389.835970
1293.776908 689.373983
1213.539453 664.739530
1255.927095 399.457963
1268.628577 393.567259
1260.857422 674.806698
1283.093108 404.469025
1202.399047 681.294352
1229.274562 405.256735
1260.468597 693.613699
1292.553908 402.770288
1318.783889 676.386001
1282.359943 396.664917
1332.760069 689.125221
1323.591130 402.865961
1354.652642 647.601232
1279.292982 408.571506
1311.210689 690.989286
1319.087072 411.484960
1259.461272 693.953012
1322.845649 427.827758
1270.139257 692.198171
1285.239086 411.986556
1267.177937 695.260399
1288.318814 411.704480
1302.287058 683.722827
1310.894278 421.778474
1374.923008 703.140049
1277.943186 438.529793
1351.150154 711.461708
1277.242732 425.757852
1293.496199 723.662862
1314.251715 439.343894
1285.112811 689.062094
1359.794748 409.486491
1344.544310 675.847026
1311.100550 427.478446
1313.891372 681.894558
1312.231198 421.399223
1356.714208 682.024045
1373.945844 429.609901
1266.963782 697.078156
1355.430853 432.646661
1352.794274 697.189580
1318.380005 426.805691
1324.467723 672.260855
1307.349520 420.034281
1414.806808 687.736370
1333.526753 402.704978
1343.140281 690.713933
1303.601321 419.844179
1332.021697 667.128934
1327.603969 391.250503
1291.997343 686.503414
1380.153532 403.558754
1404.496920 680.968838
1359.075325 421.820214
1356.585104 674.630033
1371.950902 405.346242
1303.889670 679.074105
1351.357990 407.518123
1312.625097 705.550657
1402.093115 408.913369
1408.968811 673.475337
1403.386272 406.203715
1413.145999 709.319727
1393.957359 399.731970
1431.533811 692.431609
1305.265155 398.700499
1446.724799 672.161515
1420.248227 418.350280
1397.784450 686.103355
1350.125471 406.371551
1377.912251 693.108362
1395.924965 411.208572
1453.711188 679.106541
1381.748215 420.271958
1373.733976 680.124609
1461.552724 397.722475
1391.529130 683.171892
1364.732688 400.499572
1415.203241 693.313621
1452.191874 440.029720
1394.952812 677.502556
1375.877353 434.696406
1419.770136 668.249209
1434.888077 406.317171
1447.156519 655.284543
1431.223871 421.806348
1440.961752 655.715800
1414.392087 416.905085
1408.272084 669.454973
1450.443706 406.183637
1450.662366 663.031670
1414.651710 396.985657
1436.999778 668.534860
1450.949046 410.312202
1403.551051 665.928480
1455.841446 408.220571
1389.038303 653.430331
1434.118618 403.686394
1440.263420 678.510616
1508.168527 419.011454
1466.930176 655.498428
1420.119483 400.183357
1439.705404 667.290651
1422.100904 400.105707
1440.328001 651.334688
1507.427686 405.386628
1397.146357 662.863590
1459.037491 409.050358
1508.864971 663.281711
1450.222615 405.492809
1497.274481 670.765517
1466.636755 405.445239
1445.946403 655.194390
1510.846464 409.206554
1518.324980 661.816220
1483.955681 416.853268
1452.999292 666.124589
1438.939637 397.666762
1513.859540 650.695528
1435.808040 407.282466
1561.393334 675.329747
1488.340211 414.051602
1513.884180 654.827668
1446.141465 397.777037
1479.387200 656.892420
1445.695468 416.873255
1524.682222 638.395257
1533.146268 412.035788
1507.386823 420.815110
1496.688434 672.962920
1496.170462 397.366345
1508.825416 662.679584
1558.859278 424.876246
1571.870811 454.021530
1550.967548 640.683545
1542.690675 431.823490
1584.403710 661.369461
1506.081082 437.167692
1511.317632 653.562757
1488.186308 460.771842
1523.157153 668.116766
1517.045434 452.091890
1439.329902 528.333296
1518.051115 517.873515
1539.831067 661.282446
1528.669183 440.089199
1546.182435 548.811231
1545.596357 529.758173
1565.434493 656.616776
1549.610156 428.440788
1525.208233 531.184367
1502.483051 520.593885
1536.188236 550.277855
1505.889761 661.298706
1503.243737 437.883738
1604.646324 520.010762
1552.119218 541.059378
1549.979635 655.903589
1515.051389 447.534191
1542.213612 536.626797
1609.259198 561.077838
1559.178300 634.068326
1536.015336 449.763339
1597.489267 523.506337
1601.348525 558.337484
1537.539742 642.734147
1546.125927 438.376885
1521.518960 525.356136
1562.459825 530.738489
1530.881069 689.385280
1558.608773 428.897170
1598.071376 524.768979
1528.960760 549.650535
1574.485352 662.380276
1523.645913 430.134449
1615.033574 516.966089
1556.441345 572.242447
1615.411403 526.134178
1554.516092 539.941149
1536.876173 673.757462
1645.978750 451.863334
1536.277477 638.626415
1617.260354 520.579597
1599.799053 548.702366
1560.787861 447.880634
1621.398020 651.273901
1616.934182 522.630328
1691.564553 530.258317
1560.327683 433.594851
1575.078363 544.417935
1562.367895 645.496948
1633.380921 512.590822
1520.330291 424.230491
1590.335122 563.812118
1521.099375 627.708880
1535.247455 532.181875
1618.766093 448.803243
1605.330623 560.108710
1608.404628 636.632830
1587.968055 534.650635
1579.722106 436.302695
1607.897461 572.871529
1610.977641 663.066413
1589.147829 521.863813
1586.868222 407.041493
1615.375606 554.986984
1593.599050 603.073937
1572.857018 525.281679
1583.109854 437.641452
1576.038710 539.465831
1705.228073 640.682191
1645.577406 511.196135
1553.905205 443.320942
1585.766304 534.747103
1664.461744 643.740177
1581.165910 409.084274
1589.608104 491.433500
1595.485605 553.165972
1603.197756 655.567737
1581.800276 413.995334
1621.800003 512.461578
1623.621895 563.898821
1659.361726 655.758903
1580.185270 414.546804
1630.080629 521.849241
1574.006012 536.424702
1590.575326 647.797824
1544.564603 435.095094
1612.315120 518.486451
1657.408354 568.477022
1573.802979 417.425161
1651.457977 645.011865
1572.707806 526.134214
1610.181699 571.128135
1687.127308 560.813916
1580.000614 409.554760
1586.545402 646.008346
1694.446432 518.443060
1573.886612 567.174115
1627.097534 384.036639
1545.372766 490.076763
1614.998021 666.108067
1607.992835 561.760626
1625.188567 413.638070
1617.938935 494.668672
1632.870478 645.583363
1646.607999 580.658954
1629.910860 395.486095
1658.436069 521.175444
1651.120405 621.770985
1637.213430 537.147113
1619.733396 531.729787
1629.186957 403.136978
1628.653621 564.535669
1606.089897 652.068602
1659.496364 509.459299
1610.533425 581.159380
1567.154283 389.589655
1658.984850 623.744396
1650.461733 517.297776
1664.585589 573.991596
1670.625041 396.289656
1695.313021 650.868014
1647.704049 542.394500
1655.517799 558.363908
1686.312781 392.098518
1696.176348 660.654115
1669.762986 559.518190
1621.119370 534.005171
1661.617290 404.345517
1645.231663 642.322803
1661.967622 563.127469
1667.060598 490.755189
1651.406638 410.445487
1636.239770 654.329863
1658.432134 566.808562
1673.532665 512.829442
1649.243073 388.553590
1659.634375 640.467233
1671.900539 554.465816
1677.372821 511.686841
1743.469683 395.434794
1661.767813 635.240413
1649.830047 504.998216
1667.613052 560.989317
1617.953236 377.568236
1665.881897 658.683696
1634.030921 509.095363
1666.203439 535.091441
1666.935466 393.356762
1675.262133 646.663205
1627.362711 501.011998
1668.681279 573.854002
1657.270691 404.158457
1724.963476 667.761656
1665.026216 517.809182
1679.035822 563.554757
1688.606656 387.428349
1714.799112 562.245015
1679.051111 643.713253
1689.527789 507.309918
1647.541748 406.027160
1701.972145 488.508240
1691.468071 546.174696
1680.558715 642.880836
1676.330880 404.168763
1702.438708 497.689128
1672.722208 575.427469
1705.714175 633.627783
1791.395565 495.794975
1746.512384 409.923689
1745.666075 570.705833
1749.539809 636.104849
1718.434948 406.745257
1724.785789 506.996864
1760.165375 578.901285
1701.718310 639.905417
1656.108132 503.671554
1735.782947 507.059276
1722.994196 390.275081
1660.666039 578.512740
1724.792622 646.003921
1693.774527 476.767074
1725.448743 397.692292
1717.868916 490.582059
1728.292333 563.200824
1675.984050 571.793884
1749.453439 414.184542
1711.978810 552.476718
1654.421553 559.001849
1791.431669 632.209035
1714.764435 464.265006
1720.124675 576.757447
1705.808125 586.804899
1699.500356 596.096852
1713.730162 613.931304
1706.685162 423.374017
1757.982687 464.889084
1643.884780 422.734759
1658.379212 602.903698
1718.955730 631.145849
1722.646897 417.245950
1715.037912 468.856923
1692.477435 603.697061
1731.590758 610.601907
1772.278615 437.761413
1733.146648 597.431036
1747.608964 600.299030
1695.170949 462.885253
1712.051174 405.141035
1762.403735 444.815162
1715.945034 441.751367
1725.000508 450.923012
1740.194247 577.083386
1685.842125 595.056659
1748.746066 592.293674
1791.734612 455.687654
1720.067987 439.516410
1720.129978 449.896909
