212.490077 133.790983
208.282758 116.596870
211.866348 132.657603
209.565948 133.204394
210.009524 132.325206
212.460929 136.344660
213.651842 137.964390
212.055901 153.544515
212.770601 145.954045
211.275932 136.210262
211.986688 153.082512
210.190231 155.329271
216.230019 120.521507
215.106824 151.721053
214.657277 117.787654
213.353437 122.815207
215.259158 150.701000
214.980670 152.799006
215.001651 117.724926
216.249965 113.660168
216.204884 107.400321
214.626874 108.035091
214.471967 114.544400
214.359137 155.213262
214.157748 155.942895
215.647271 158.496252
217.273619 164.489827
214.808017 155.478853
216.646150 163.330944
215.704911 161.159008
216.540024 167.306929
216.817395 110.423533
216.441873 169.230533
217.854976 111.682081
221.970689 125.841210
218.604574 176.958222
217.495773 166.581916
223.176597 168.087782
220.674356 178.730881
220.817266 177.977981
223.977103 109.733643
225.424733 179.471812
221.840999 120.331981
223.975641 185.928983
224.554598 186.555459
229.085447 125.410990
227.159618 181.668772
226.407737 114.281613
232.376562 112.635501
231.890562 113.816980
226.827391 135.198571
228.485305 126.688455
226.122164 132.403662
227.256015 136.041117
228.313877 123.241132
226.721334 134.245673
229.906273 131.410042
229.064608 181.044789
230.281555 181.322120
231.887542 135.159420
229.293858 189.799832
233.338949 127.678986
232.176628 135.939454
234.050504 133.047411
231.374771 140.497335
233.799652 192.573566
237.533032 147.290631
235.392205 193.429803
231.782143 186.289359
234.772592 142.696136
236.446954 191.982237
235.092150 190.256584
233.228318 203.144086
237.608540 205.683721
233.700641 202.963646
237.817158 151.357639
239.171052 195.746648
240.282449 151.813635
239.397304 198.458358
243.456504 149.366110
244.656717 201.798570
242.212867 147.651850
245.383822 196.829231
244.787888 210.507523
246.325025 142.289890
247.304985 189.944685
246.710008 213.755854
244.930686 216.244069
247.809484 214.336507
247.484234 221.409653
242.476587 216.937625
247.482876 221.678230
245.487724 224.398992
247.010897 222.693704
248.066598 222.378011
244.678587 222.963868
247.131871 227.291703
245.784703 236.649464
248.108361 239.991421
246.947634 245.880879
248.387657 238.965683
244.273106 230.059130
246.524375 235.744953
247.116862 243.317355
247.706764 147.939812
250.208601 146.354776
249.249141 247.004795
253.596678 156.336189
249.643479 248.661204
249.898174 254.764838
252.883409 247.215132
252.629474 256.869551
250.107437 247.168631
251.785272 250.877060
251.570321 256.862293
251.378206 253.060432
249.903026 265.371930
251.749093 268.210088
249.663066 263.498486
253.406599 261.163572
252.046753 270.707431
252.132988 268.267457
249.441706 278.714693
250.443874 281.065022
250.119097 268.417229
251.083183 286.363077
250.508347 273.243093
252.095559 280.079452
252.509969 285.428765
249.927045 297.036735
249.854587 295.699023
251.467148 299.914293
253.979921 291.993674
249.841678 290.188400
250.790462 290.244325
250.745713 301.702780
251.642040 305.047969
250.866890 305.728178
251.394470 310.436731
254.420631 305.549582
251.629369 317.910743
253.227960 311.472575
252.493085 147.396066
252.862756 311.564543
253.741614 140.395286
254.561966 320.263957
252.933870 319.045681
251.663879 152.517991
256.435175 312.316544
254.398641 314.186403
257.486917 317.585192
256.048253 311.670743
254.989218 329.171868
257.168265 323.320919
254.632268 333.354301
255.010222 332.659019
257.127905 326.807000
255.660515 328.309543
257.567230 348.659830
255.589481 338.431105
258.279201 331.749214
257.454143 335.826525
258.576375 364.042449
254.324175 343.873637
256.009013 357.941285
257.240744 355.069441
256.257471 437.108965
252.219181 438.010312
259.331754 430.175861
256.912509 449.486373
257.346788 453.556182
252.643783 450.941392
256.691364 458.799812
257.329972 449.354894
254.965727 458.367088
254.919439 454.108148
256.813598 459.286546
256.513758 465.959412
254.837763 450.607291
254.845135 471.941614
256.850043 158.489725
258.784476 351.187625
259.545818 440.944367
258.203804 470.402392
258.448766 153.266202
261.555302 353.947120
260.884019 446.592513
259.264220 465.140585
263.450897 152.958216
263.466965 358.473731
261.241707 439.316158
264.247407 472.199522
264.664453 147.067783
265.408909 352.423681
265.429646 446.967610
262.632428 470.990613
264.719379 357.855031
267.092636 470.879346
269.606424 153.850923
263.002093 363.377169
262.308865 357.636082
264.545277 370.739562
264.636638 356.903891
265.775951 358.194453
267.339998 365.930354
265.530549 371.730309
268.543096 360.878571
265.322560 380.125955
266.733792 379.866460
267.218413 386.712393
267.704545 383.829063
266.714347 371.273315
263.868863 382.604188
266.528012 382.823797
265.231562 399.112895
265.523325 378.234360
268.799589 395.595637
265.868057 422.641544
266.872739 427.627808
265.124234 419.679709
264.836793 419.767139
265.077826 425.171304
268.254138 418.331199
264.755759 425.618042
267.585577 434.459010
268.733968 448.797671
266.369771 472.402562
266.173758 469.497443
267.835902 466.292701
263.776296 482.002499
265.865340 481.464740
263.695075 489.288269
267.579529 386.453263
267.484604 149.069381
266.506146 416.378543
269.267170 484.225625
271.396304 394.638700
269.398523 143.672110
268.938446 145.064818
269.182318 392.082411
269.222817 419.264413
272.879972 418.992958
272.127406 489.250361
268.904102 491.833566
270.113201 108.949185
271.275167 102.493903
271.942549 94.334919
269.514648 104.010132
271.838174 95.760938
271.812543 106.720178
272.489075 108.608262
271.699225 106.759306
270.443219 111.609676
270.621044 114.614210
270.375958 114.817474
275.646151 116.800721
275.412074 111.764035
273.100303 116.743609
268.507850 146.921418
272.907616 143.393678
270.922912 398.413490
270.435717 406.639354
269.558285 399.520765
272.476410 410.610538
268.336012 403.430780
269.909557 420.915199
270.503651 415.502463
268.480584 417.592451
268.358719 423.361987
274.145540 488.331224
270.946110 500.072927
271.466508 500.551256
272.211584 88.541839
274.754658 124.095422
267.666745 152.010011
273.748593 492.447513
275.530014 96.248882
275.684968 125.157665
272.431175 145.202227
275.150883 502.469208
273.583205 99.114758
275.274449 110.894933
273.112936 135.431467
275.844801 502.100691
276.911781 208.653307
278.364761 214.357117
280.595345 217.817600
277.311653 224.673792
280.251744 226.999306
279.691000 207.560128
277.328896 217.816905
280.561651 225.023650
277.531756 221.949917
279.231960 230.685246
277.828308 231.459142
279.704137 228.028174
278.456409 239.847541
278.953126 230.147112
279.030283 242.732428
275.166954 239.735039
280.901857 243.736523
277.654378 243.213538
280.501580 97.384056
281.365140 126.343324
280.149911 139.837436
277.410145 244.237851
278.238563 499.589039
276.306666 122.188590
278.466602 204.977625
280.486356 247.855040
277.898417 99.402080
278.568166 119.937530
280.890576 128.657821
280.832812 141.197651
282.379104 132.840997
283.670482 145.850434
283.968376 495.771029
278.398502 195.243067
281.830368 246.081018
282.610636 86.197399
286.467406 96.321139
278.654661 100.223259
283.296775 90.947303
284.240845 195.272878
284.957468 199.799378
283.385397 200.784632
280.791519 210.340369
283.511347 208.747338
282.219500 252.237276
282.573359 248.467993
281.185521 249.877810
280.990505 252.521007
282.378916 253.628542
284.609217 258.908163
282.498549 260.835129
280.771747 256.972691
283.687313 263.231964
285.477707 262.865885
281.329844 261.025562
283.123511 263.969289
287.064460 284.142498
283.685691 266.354220
285.562834 281.218136
283.578370 277.407290
282.934312 270.904790
283.964745 283.511613
281.242432 287.769884
283.936377 283.258160
286.306135 277.605285
283.565936 301.318929
280.721915 290.656824
284.742529 283.281523
283.368624 295.755778
285.757836 302.833406
281.748465 299.372834
279.267494 299.136863
281.717117 309.300419
283.853015 311.203602
282.749112 300.884417
282.153312 448.707523
281.695374 453.221600
282.860369 469.001834
275.909783 470.783489
281.764615 461.676672
282.764630 467.042945
277.378577 476.639722
283.876488 467.178638
282.085606 491.883360
284.529086 110.532302
283.584239 304.618792
284.048966 479.406234
283.398884 188.169070
283.468184 456.094619
283.739325 480.957134
284.238258 489.490505
288.767322 100.483007
283.821944 312.448017
287.608316 188.230349
283.133320 457.691261
286.892058 477.045153
284.098392 501.856855
286.662456 100.395433
291.173952 176.860590
291.042876 190.854630
285.804661 312.004972
285.807824 320.172767
286.671211 312.574096
289.681523 328.863250
287.616580 315.057810
289.947051 317.237759
289.401107 330.301648
289.096624 336.390027
287.369874 318.736808
284.311850 328.645201
286.034068 322.249433
283.880795 333.745569
289.683979 339.118063
288.510465 329.214649
289.733790 343.969976
284.896825 340.185470
291.276378 346.457370
287.968018 353.801664
288.067476 334.360997
288.984482 352.507007
287.839515 353.774876
290.092353 482.233904
288.249924 486.211246
285.779950 479.370535
286.982931 496.887665
286.905127 488.171171
286.277659 120.505473
287.120953 349.622967
290.841096 469.557975
290.320053 114.811540
289.976739 170.604215
291.427711 355.439656
292.663741 464.168397
291.762219 118.054012
291.662077 187.651323
291.809470 352.252485
294.562162 117.069944
296.763011 350.292212
291.989436 360.227244
289.966478 365.964444
294.571480 362.739790
292.081613 376.198778
295.140143 361.836594
292.102638 380.550512
292.078894 367.335044
293.602020 371.955193
293.716179 376.775520
294.205256 378.056144
295.986935 384.806617
293.108853 373.994682
294.235583 392.649639
293.310501 375.124621
292.012147 385.259007
292.498719 386.123568
295.682108 392.869503
292.632703 396.334971
294.270392 394.968988
295.545294 392.858978
292.469890 450.209380
293.109727 109.598156
294.664892 178.433466
295.219020 174.887757
291.873779 390.630695
297.771961 465.575697
296.209433 108.996701
294.382656 175.850285
296.868763 399.070139
297.278901 466.807538
297.137557 116.047971
299.973262 175.672662
297.322067 406.217040
299.394291 467.642267
300.450790 123.639079
299.141024 177.983443
301.010438 399.818657
303.032455 458.348294
301.708628 120.367389
302.756827 170.404992
301.238543 399.502642
304.991777 124.155160
301.827985 105.580920
301.093180 112.117591
305.378941 119.423046
303.330361 139.962320
302.504846 162.934272
304.636435 166.559344
303.295381 405.374699
305.288610 413.231958
303.678462 394.606263
304.486659 457.171445
304.676911 128.044283
305.952776 416.685267
304.889418 131.824057
305.785462 160.190477
304.027918 467.978185
304.423976 465.316741
307.163037 407.476108
307.833823 131.176233
309.267670 159.517856
304.076719 469.352732
306.958409 136.890029
310.717213 135.200827
306.925145 134.457183
309.965920 131.811986
307.417995 149.994728
305.633149 140.464184
302.977160 137.957210
308.879791 151.706380
305.822279 151.390174
305.372549 155.364737
305.634262 152.191125
308.963885 164.015285
309.434754 156.295862
308.142534 153.896805
309.294543 156.179073
307.010970 405.795019
309.950065 406.337288
307.847090 410.927447
307.673006 428.810279
308.461566 419.176725
309.373628 419.642250
306.962882 428.352739
308.679073 461.769420
312.131055 413.503500
309.619340 467.056981
313.414252 473.665629
310.555438 481.690020
311.503940 473.820560
312.488146 472.008526
312.134144 475.377789
308.423840 472.813238
311.208561 473.331097
312.261235 482.766013
306.702735 480.488405
308.930042 490.552805
311.981126 496.239477
312.245400 430.345031
309.249910 485.208459
312.728403 431.487576
313.906907 482.133015
316.685866 433.880281
316.664062 496.966048
318.728545 427.155121
318.508929 421.960824
318.535095 489.140901
320.354611 428.491900
318.158079 489.728754
321.078672 484.600512
320.548281 435.500758
323.060765 425.348122
322.881438 423.181632
321.726137 443.849378
326.384655 445.274990
323.910320 428.593051
323.309566 437.654304
326.993335 488.228126
322.947960 437.241731
322.976234 475.895015
328.833186 436.771249
329.454452 479.459960
326.561040 439.623358
328.884961 440.414481
327.504090 451.660456
331.615520 449.182164
328.250921 452.718627
331.325298 463.555038
327.603558 450.052855
328.229955 468.995957
329.591026 456.491234
327.565299 461.864564
329.474220 470.436854
328.844011 471.793350
329.150964 466.058152
330.942571 477.787338
327.149044 460.282383
328.320639 481.700459
328.104263 479.037153
326.011007 489.168821
325.959852 466.407382
328.104196 488.914308
