24.278857 151.619992
8.286848 130.483129
8.729351 151.444813
21.157777 154.505133
52.545928 177.025111
34.054636 213.621236
47.328512 153.508234
28.016544 171.188552
43.468889 143.816257
22.299185 170.367160
32.130732 138.011197
45.346918 176.538821
24.341038 173.023240
55.430739 133.944908
42.907834 154.301338
31.938818 162.810963
58.581542 167.092719
84.030515 140.623745
74.371060 195.854139
42.054037 127.487888
48.940204 218.360024
49.074438 117.682017
46.995645 215.678849
78.417133 171.205401
51.506442 183.741178
52.085587 147.744982
59.366064 178.744248
79.758857 147.344358
62.552782 173.767936
94.324568 146.143553
60.023919 198.081916
73.469753 144.658602
70.396554 208.848628
65.807829 161.933748
71.746178 206.537936
85.167704 168.085086
62.841650 219.199555
91.606402 140.821065
93.553123 189.712667
97.231521 124.861524
96.247318 216.450807
73.410187 235.342804
126.836137 88.661394
108.621887 216.440045
85.749655 138.509246
117.518773 211.254675
109.911289 129.680603
99.953405 232.545122
120.954040 136.665733
124.923492 203.642783
120.855187 96.570622
94.511907 196.315148
128.468221 67.858086
96.041733 222.548653
108.402533 701.389035
120.342081 707.198948
122.164948 724.530007
118.194833 707.699321
142.945089 749.898250
140.020253 146.448249
100.444570 234.419615
128.226416 703.701628
105.833262 740.744389
134.560795 90.760090
115.451841 221.486073
93.988438 671.669799
128.423459 728.892601
140.682904 131.760616
121.800611 214.322322
120.841040 704.529233
145.679488 747.345408
144.735704 97.898088
130.113084 214.634227
129.720474 721.331469
146.267791 759.616080
133.509094 720.759876
154.856684 124.207166
138.398792 228.394264
135.932571 736.480150
132.804141 737.762228
122.065595 123.918429
139.035196 201.355145
119.945527 698.874942
165.943288 762.307708
144.799147 110.827597
153.894988 205.678932
129.813590 741.393144
155.992423 753.971569
158.808103 115.712110
143.522954 248.880556
123.674711 730.495265
137.703846 104.018044
164.385543 747.672061
139.048674 236.739801
157.200858 687.581674
163.957100 117.430475
147.292120 745.453356
178.677127 74.850647
143.075208 91.650520
150.305835 105.982849
150.873206 101.724082
139.687784 268.555907
138.133624 703.842625
151.931052 109.737931
146.738967 754.555407
169.835407 91.043350
167.318233 242.394870
161.503109 691.804046
183.486692 757.216425
171.268561 59.965808
140.921344 260.000219
149.014156 702.859533
156.856663 239.608824
197.541388 736.944207
160.341127 74.689945
179.287417 732.853194
163.250820 658.613338
151.281633 234.192835
157.850296 245.771912
170.208815 266.867377
207.046057 63.852145
192.360950 664.249902
197.761107 753.379862
164.789271 247.222616
178.343413 258.915182
197.656814 70.840534
151.985317 254.610779
184.590014 762.399053
194.404216 391.731659
191.583776 356.823415
182.713162 359.852048
162.049477 403.420184
186.701602 398.021558
178.378883 410.692007
168.967484 440.325113
177.386678 440.382341
184.611478 438.640470
172.050168 467.164475
144.090711 473.052263
190.899135 650.013713
182.178894 655.385324
195.293485 276.380762
157.516043 378.035027
194.500560 431.875255
163.445289 83.324871
172.732229 393.326793
188.605537 448.415230
175.314191 748.264502
181.117509 382.444992
203.423269 380.599891
169.164460 437.318494
157.232900 438.036897
196.836166 684.858643
190.832951 262.755118
179.513336 268.826762
202.206220 301.631757
174.617792 309.815752
163.020759 297.862442
188.781502 298.948223
158.815770 327.305507
197.318059 343.290239
181.706665 364.980121
157.825171 375.195676
164.336330 422.474916
160.807882 382.724333
175.013257 421.143438
206.190432 417.950686
208.010333 453.306979
182.560818 471.308632
207.536168 475.803917
209.638248 518.504940
186.541717 529.755170
202.616763 522.438392
176.680135 559.567060
162.427409 510.399197
185.826334 666.463755
179.399136 258.412403
158.754797 81.385349
192.847328 741.744055
170.245097 342.403301
174.190249 523.948851
194.113240 273.387700
181.793194 297.812594
176.462439 338.854932
196.459055 376.281761
174.730125 479.086493
209.297765 492.735733
165.653351 535.737954
183.332458 534.214072
175.910308 651.044797
186.973320 309.070640
186.365257 292.934813
178.357127 341.541037
157.421754 304.651244
183.918400 316.348126
183.442502 333.571734
195.132501 485.100040
177.685550 466.161297
165.231492 490.748059
182.418986 493.978110
196.809232 488.941393
190.545387 526.283683
191.721152 525.893475
188.592869 563.549089
202.351375 551.716691
208.290721 57.288389
195.015018 761.972806
214.440958 641.636411
189.010580 103.064060
191.369168 519.140168
192.155820 745.145107
196.756624 516.090357
198.904201 650.638868
193.643296 96.992440
225.383689 721.926943
191.548501 553.059621
179.063795 659.676918
214.722975 648.683827
199.836268 663.898553
183.275078 681.102899
175.505395 664.617798
218.088115 80.366034
204.886205 730.626507
209.331724 737.780145
200.702742 743.323712
164.807498 720.131901
168.790032 538.845871
195.107674 635.311698
185.763460 54.994561
209.202538 62.248036
190.632938 39.218705
184.055882 61.737888
202.303439 68.369549
187.909930 64.159203
201.776529 110.613926
195.785704 97.202253
192.418919 659.234159
196.696857 607.686997
177.330466 70.408490
200.481843 545.012608
194.636142 741.277144
209.431691 50.605292
228.554875 76.670113
233.470147 626.885789
204.320206 759.324529
175.701881 70.885874
205.182156 582.763895
231.464988 569.446293
188.717375 636.135225
207.388987 619.083936
207.894816 737.319336
228.144281 41.092190
205.818984 577.494649
222.680907 573.663958
210.720899 700.145351
200.856806 46.352925
236.586637 590.083693
227.397590 603.759127
204.274267 572.599176
205.045072 606.863257
218.595685 546.848239
211.930713 600.965960
211.595136 30.953981
225.931420 714.557330
190.910970 677.408949
231.660745 697.303792
209.457998 704.647872
227.103522 722.078820
207.919885 728.083533
220.540093 570.001435
193.079447 557.536513
224.362369 680.081351
228.929035 -0.754881
220.190343 709.398251
227.407415 685.286139
214.627551 728.516122
202.180612 14.653178
240.322138 673.849800
216.523010 16.448890
230.199105 41.202309
237.963838 50.389444
221.974139 61.740194
230.571062 661.737325
238.732288 41.212454
236.547612 61.966841
227.090391 86.084411
234.130214 36.024950
226.833018 83.921398
222.765726 698.660013
237.044265 36.908346
237.620282 26.409857
199.492586 43.514204
221.751535 41.432257
226.172359 79.873390
244.223316 662.368436
236.649467 72.929896
255.419551 682.289741
205.029849 89.680867
226.262649 663.763116
239.667969 104.207165
224.721200 665.144558
234.407802 92.032162
247.745235 85.507254
243.368006 109.308812
239.208466 664.718011
259.279586 105.257243
290.221953 115.345836
260.301836 95.948730
254.071660 637.157794
237.766696 106.887854
261.983323 104.112515
260.600415 652.890012
228.812986 145.538612
257.258215 622.856885
286.569069 105.486464
262.934406 119.997281
271.120016 117.187396
259.102051 619.596897
254.192455 176.048689
235.963753 613.456632
252.515690 146.744062
258.626753 582.790263
264.188856 163.634019
274.651721 621.382628
245.483020 143.355625
266.787181 620.854977
286.220557 150.674662
295.823771 149.504872
264.710935 620.831568
284.238873 136.791552
289.848153 593.477966
263.137456 603.466308
299.829394 645.123931
284.318189 155.096894
267.827338 176.678887
264.467718 577.891200
293.967686 139.906724
270.387786 601.059675
296.160674 583.751455
260.251701 141.501094
285.075870 195.937678
287.895834 575.360544
294.279156 186.665068
308.356395 609.571926
301.213564 162.570211
294.971631 602.962423
290.124547 172.455035
301.811787 639.473887
272.911015 191.701837
322.881404 587.822554
311.713682 614.190105
267.738214 637.213761
323.064318 171.059222
295.742960 180.717168
319.673280 628.025124
313.002655 623.828116
314.377391 187.885432
337.634465 626.830578
320.867404 187.947342
331.789175 204.672288
298.796304 645.182854
303.665039 635.495118
343.187602 227.477066
310.733486 641.558536
322.532325 654.441637
337.232990 191.223359
348.871353 640.963428
322.728311 223.536386
321.954430 635.802783
306.384438 652.857838
328.300340 648.078884
323.605523 181.958463
327.760369 667.902940
302.304993 194.868902
337.881095 646.832798
323.416629 193.367915
343.036983 636.149611
345.749628 676.611704
333.461311 195.991288
322.077572 666.596595
333.724844 697.875320
343.908379 724.256805
375.637816 237.170535
342.740457 697.317593
356.368553 204.997291
385.140857 704.237603
351.144034 219.490714
345.490449 700.995399
362.961765 202.985920
357.588048 694.769356
370.609860 690.847657
385.815553 213.785720
397.466253 678.641688
371.580061 211.788589
379.883538 239.584351
374.528916 697.765452
372.297199 216.792756
382.856961 705.248050
360.024065 721.997239
382.433214 680.535683
382.200687 238.007698
369.264703 188.792481
394.459079 726.840610
392.484975 717.606513
383.766041 759.340023
363.432936 244.996275
403.128930 715.947027
393.107585 239.969278
403.083090 718.303644
402.528928 262.112501
385.307456 729.665031
405.422207 258.559018
411.203585 750.287101
393.041293 749.044874
394.565483 201.822386
398.650352 727.995174
429.088975 743.890790
402.049989 270.821456
411.297266 230.347644
382.274668 731.822335
408.938917 265.809609
439.810200 716.053159
430.823574 772.873290
424.479397 753.905263
437.379945 243.094250
404.824423 240.251615
411.062579 740.221023
432.611473 745.323609
404.401393 759.068281
437.591340 302.856981
424.072143 736.975243
439.264551 247.075312
421.695498 772.036745
433.135999 287.675311
424.084975 748.769910
428.973010 250.641051
420.579128 762.955756
426.810986 776.057998
434.528659 260.707686
427.593325 788.309830
424.167126 267.258372
432.729306 827.703771
462.829458 262.191417
416.813537 806.430188
438.978800 218.591087
436.694727 781.325386
469.216633 298.210668
431.678495 824.088943
443.960649 275.152200
424.354700 822.933866
460.468976 264.443517
449.702584 783.258803
491.809681 273.622586
458.220207 799.465272
490.556792 279.947810
462.905867 810.012535
473.896736 278.261798
455.127546 802.485330
475.232903 269.442683
488.005379 798.857885
460.272445 281.651232
517.744227 787.433633
497.690477 293.097242
481.696929 807.852041
470.904587 823.193518
462.163261 805.412455
490.716111 293.734987
480.128941 327.225044
507.678055 794.883151
486.904548 816.885383
479.200307 328.034401
489.273859 808.726785
522.505282 280.978244
461.874504 330.027174
480.691264 814.693494
499.541930 841.189591
475.323014 340.757285
495.447596 817.299910
479.533875 1007.643958
491.794143 990.604040
512.643269 300.252690
489.390638 963.785442
491.227533 326.239705
501.143235 851.826437
515.387013 994.013466
513.763170 1000.426051
501.693019 319.289006
499.869594 820.942339
512.814327 1003.893119
512.858818 1044.096373
517.446624 355.208945
519.275747 999.870533
522.950937 988.484371
496.931468 847.459611
538.455530 326.738374
512.635528 817.720753
511.767378 1011.325804
513.908546 1014.050270
501.782416 373.627456
515.138046 819.997657
531.079293 993.716226
537.451884 1039.001721
521.336220 328.208549
516.961512 854.225482
534.931004 946.592130
523.176008 974.092769
538.750112 348.707542
520.073114 837.756695
526.865526 975.017968
541.249430 1026.072975
532.899085 360.618801
527.525586 804.707075
537.965096 1032.012701
521.479714 341.219337
541.626668 981.870251
534.362203 847.715996
536.533784 1000.195651
553.762793 373.127501
543.875937 999.618009
534.174354 845.082125
558.130751 1035.204632
548.474184 359.628499
545.702864 972.066954
526.990688 845.583047
562.500981 1040.907128
550.851481 359.449920
537.690681 975.268844
540.816562 837.687198
545.976159 352.525528
558.315506 1045.560241
571.696160 993.585731
525.047945 851.622979
546.216095 377.728944
535.190640 1043.371707
567.964404 839.853016
531.084161 880.656324
538.597510 969.056374
552.249813 850.759825
528.125261 356.277952
550.658922 1007.826973
531.944343 863.891093
543.647683 857.769633
565.811626 1003.369868
566.597783 352.421190
572.038812 1008.604196
552.221296 876.553937
540.287426 370.287166
558.779263 978.783781
542.424991 1077.453658
574.743284 992.680410
562.524279 853.338786
553.698890 367.580618
562.911053 985.846888
551.108579 1085.138558
562.255256 1011.982583
551.632951 841.801869
572.524204 1076.265744
592.442712 1099.499351
546.585401 1094.961132
564.825978 1022.116822
536.616365 1094.964173
547.300082 399.780863
584.358084 1018.156637
560.121613 333.778992
587.098784 869.591035
562.798038 1085.743928
537.769704 942.298828
589.441971 1050.408514
570.984979 1108.980474
574.413228 1038.615111
568.468410 334.881161
568.766116 888.097573
566.197649 971.227942
582.951315 1067.051654
592.116296 891.547712
564.995544 872.485131
563.478027 1069.032573
540.935781 376.095016
589.941236 1019.789046
594.255898 971.822364
574.292962 1081.383195
586.629659 361.863644
566.024215 903.898063
601.197201 1003.960464
579.170567 1109.864985
553.906815 884.106247
595.790403 948.898615
582.821662 989.162693
580.181167 1075.439908
579.089387 383.081369
568.185362 1133.302113
577.664442 881.503900
590.523550 919.864253
575.957616 934.941948
576.603845 973.244721
584.555024 1101.334365
576.382834 941.632494
586.866832 396.970593
593.522010 1119.964714
619.357245 990.076819
582.286673 367.432944
607.320352 887.325159
568.953354 932.077344
586.323722 931.104238
596.368331 1092.395255
576.223441 893.226752
588.062046 923.418904
610.155604 889.177700
586.219696 936.620096
581.756272 1104.894785
577.057421 1005.610826
579.712142 412.622306
594.326779 933.106148
583.225536 1101.737427
581.240062 944.462502
609.211620 1101.227535
573.156342 905.785662
602.102023 944.641894
599.206260 980.347906
597.328026 1109.157323
581.935726 382.995687
608.691001 1109.926771
621.320818 399.531412
590.652230 954.154280
578.940202 960.998578
614.991232 980.783438
604.249457 1084.252438
604.245894 1101.162992
592.720372 419.696394
624.801890 953.544829
627.326507 934.968604
612.620714 1002.271674
601.575412 1048.980088
595.675872 911.380590
616.243217 1113.733802
617.737554 407.302400
595.210337 910.161412
606.964532 970.433431
599.366812 1079.944250
610.396373 437.069588
571.271256 935.739838
598.609471 1130.193716
625.986769 1052.864983
621.555540 890.904640
633.646068 995.613546
599.507105 1131.005221
620.041872 387.665632
608.844674 950.896725
600.225181 958.513096
617.647164 1067.548688
611.084318 1132.574898
649.343221 408.870089
602.674312 970.885446
624.470641 1016.983093
632.803254 397.774095
623.405255 1132.365388
637.105187 973.789593
628.231359 976.602257
624.106792 1084.495383
617.070813 405.786583
640.634288 960.672698
648.616004 963.589012
623.440066 1099.197937
627.072996 994.426139
602.772106 418.019608
623.097400 1034.005627
636.994653 982.789051
635.136421 1107.349565
631.295018 439.439145
650.220703 1070.834481
621.062279 1006.280327
622.730487 1125.411031
606.580674 421.444993
636.812157 973.181414
625.075866 1033.579489
636.951118 1055.704596
648.980156 1129.032714
640.683259 426.839799
645.038486 973.264243
673.651431 1061.394505
630.912679 1112.353852
639.018718 1002.993529
658.773511 1043.075180
663.851838 419.023943
643.965920 1121.489874
638.135392 426.469512
631.624681 965.195537
636.708747 1047.669467
640.474916 1046.509522
647.970759 1142.295830
636.018780 431.361012
646.861297 946.961293
647.162938 1006.343884
661.335834 1137.070102
650.675251 1008.150419
640.257026 982.644382
657.760337 435.266205
691.069537 962.025516
637.192020 1152.678464
662.146218 452.681395
631.636594 1024.325117
673.491354 1010.490841
647.303677 1015.868961
662.159470 974.743947
657.894779 1108.618109
674.089038 452.053229
660.986523 982.661703
683.778395 982.766223
664.101084 960.752097
645.448166 976.274153
641.154099 957.419487
669.637554 975.822710
660.301310 488.630961
663.801286 1098.207993
671.346717 1100.149187
663.936545 978.367397
683.919434 986.254432
657.137691 433.582413
660.688245 1132.783459
653.305248 439.754659
685.693970 1108.784871
679.866742 470.288955
671.920028 1110.311836
667.253590 464.401864
703.743677 1084.272902
674.688224 438.743591
684.816374 1082.322515
678.887677 397.690103
680.045903 1093.322084
685.756274 459.035418
675.000038 1073.292597
675.184472 467.828989
671.969509 1077.394703
671.458574 457.316903
683.109481 1073.358525
701.639137 478.902167
701.062137 1057.790131
701.480103 473.607808
726.379346 1076.940629
708.227461 456.812209
714.695092 1052.561042
722.851349 1077.840027
691.296096 1065.060845
711.555897 1068.011951
708.362190 1083.568464
679.779271 455.204092
692.362460 476.311883
716.659651 1067.198112
728.307134 487.348207
748.702832 1097.819883
712.188685 486.748830
759.287762 1045.501670
694.799538 506.899854
752.204271 1048.186921
703.404943 1061.174747
730.052008 477.261230
729.212085 1024.540234
700.793433 1037.408715
728.808586 474.105351
725.150648 1059.453144
733.016664 1056.420822
731.662218 1045.406049
714.766065 493.679679
772.622989 507.444401
739.536192 1058.531317
723.827305 501.151593
743.778730 1021.010633
769.366164 489.464013
729.533337 1027.477602
752.070455 500.734692
777.544243 1043.422700
761.287212 500.534837
757.039139 503.625269
774.574033 1033.202553
761.145574 1000.664730
783.559332 1010.442192
750.860560 479.558162
753.880321 1023.398250
767.690018 1034.331352
754.303418 539.776414
778.277874 976.755124
753.734931 494.283002
786.650070 979.823637
793.923713 522.679129
757.220297 501.580160
779.525755 976.717794
772.810474 980.376787
784.949247 497.447771
763.644189 978.636967
779.070468 543.163586
767.437471 985.564312
749.227448 488.993748
775.913953 968.698047
766.514442 521.139787
776.644151 957.149864
792.369439 545.475345
796.816093 974.909418
771.174415 511.897431
766.888019 953.311956
791.241529 544.344273
797.372949 949.925093
773.514023 949.322555
792.828342 522.551921
788.745519 948.592089
767.963689 514.493620
801.405857 519.919860
778.479608 957.296126
798.028964 522.687709
814.646519 945.255970
818.640247 546.318842
790.777043 956.314036
838.131497 515.805450
805.641843 916.969734
845.172248 549.175976
822.476117 904.073274
821.349878 916.703912
819.724318 556.363854
847.504751 913.142655
814.664413 558.656300
821.139685 917.962380
841.240491 527.118086
831.415897 917.094563
835.043069 539.910985
847.199680 925.243825
839.880970 922.003579
821.856308 524.999607
855.484326 921.936385
849.264193 574.019787
852.024072 899.698692
843.651742 560.699063
845.331458 878.767950
845.833491 569.999050
864.352133 914.750802
874.446500 900.103937
849.487509 536.536344
850.075537 873.585493
847.024843 552.544040
867.310582 894.328097
842.661321 580.131679
866.670157 861.105454
827.408841 554.954762
866.642834 853.576662
880.587008 570.913795
882.868745 878.678639
844.907079 572.515858
868.375381 876.520860
855.571924 589.958298
883.557922 828.558207
905.141912 580.769302
888.124982 845.996588
897.520351 863.444444
899.991378 562.782735
899.862350 867.292862
891.321056 554.426179
877.164429 579.624458
874.129418 828.967053
885.335189 582.747516
903.905145 842.462239
887.907949 582.953059
894.375030 826.633166
889.590419 793.187465
885.668740 583.471336
873.814048 842.673654
903.272280 590.878011
904.333343 855.698777
899.899651 584.774539
896.892102 805.331467
894.454395 599.368188
929.547869 814.831513
911.844578 587.964869
886.745666 811.682589
916.342255 602.316058
924.946373 807.282952
930.897390 772.558230
916.407490 604.021409
908.045643 791.043848
936.459849 631.053886
920.561413 784.037043
940.036033 616.892195
944.799206 786.964221
954.479771 596.161734
933.688651 794.167353
943.719288 612.568046
910.286091 780.167190
938.233611 622.655854
930.307388 776.449571
958.736558 633.734687
927.273597 762.651086
938.310670 620.650828
927.357725 643.529448
951.589963 791.054053
951.721080 766.056550
953.349681 624.446857
940.950173 735.538886
936.030726 619.144919
955.999754 748.162969
977.153478 582.324081
967.908487 771.396756
957.148847 620.216342
960.684082 737.673838
951.220766 645.060248
954.237132 641.959738
983.129431 761.785385
976.033652 649.998507
981.200426 764.802625
975.069081 619.173832
971.048815 667.336922
992.932224 733.472678
958.927678 651.727259
967.689492 703.249880
978.934413 708.677859
992.348931 738.522214
992.258463 660.535446
961.368113 658.877973
952.735363 657.671750
964.151862 692.878032
968.926350 632.412144
954.144321 701.126534
959.351875 696.570717
982.975100 668.838395
963.153184 714.124856
957.229655 690.662474
950.474986 699.790785
982.417965 700.691805
958.072645 712.208137
964.123478 746.207730
963.681579 747.743805
965.915254 755.256306
973.625562 752.300573
957.623877 645.110133
973.464615 709.147679
