30.888283 391.139944
33.322725 390.235783
26.255298 364.633166
34.589023 420.600667
20.208257 421.766907
36.908314 409.302433
48.499807 408.962557
19.787637 448.040459
20.854425 407.818604
12.762232 433.229472
30.017600 426.185633
38.548136 451.788387
47.177745 436.907162
30.872858 444.246712
28.841422 451.680231
36.615045 391.838076
43.091081 453.162054
38.930850 374.748656
39.296926 350.863767
33.915876 376.436306
50.745019 392.961746
39.057017 479.851396
48.998345 461.390928
41.961112 477.795425
27.307365 351.205893
37.257983 457.104332
45.366455 332.669315
58.982701 356.009934
32.255057 373.582750
65.907105 473.585659
35.458779 471.322476
31.448331 481.192946
58.318888 339.531400
67.509905 478.975918
73.240767 348.336528
54.106724 498.558222
71.778992 483.777934
33.640887 359.859609
74.258236 486.545323
59.438272 335.894615
74.669557 493.006470
54.966236 501.362705
78.532224 341.275089
39.279636 512.437601
77.815937 320.839805
49.461484 506.093444
63.913135 345.227882
73.732781 490.261723
62.942169 513.216895
70.085845 317.444686
51.839902 503.080821
76.418549 303.354587
79.314781 523.713802
83.081653 294.191353
49.479770 536.067448
97.157093 294.884680
59.194157 496.018283
76.657750 514.039056
96.824634 313.757763
88.141442 540.363793
78.240300 537.604530
87.576888 306.948623
80.190968 538.486817
102.326458 282.579558
105.429314 544.191118
92.451036 314.703144
97.995622 527.821962
109.303400 280.638660
119.186205 529.258761
80.721776 307.217273
88.679181 550.477231
112.531850 292.507149
112.253711 579.118637
119.108643 299.879781
86.692700 573.870248
145.619112 569.050929
128.058621 266.883656
123.536324 561.577553
95.625158 279.471243
116.165249 560.163799
133.579315 304.863979
143.147478 303.418751
116.738337 545.895215
138.999016 260.400048
110.443764 573.225659
129.858954 490.812858
152.003769 494.179816
133.401847 289.080290
114.849819 500.987395
146.676831 574.839739
119.878937 259.074812
138.565613 483.384332
144.674313 474.675748
138.081826 484.364576
137.243127 471.066450
139.351327 498.345028
134.377868 473.592735
156.989051 492.839859
157.720623 496.108702
130.121297 490.626921
127.325595 521.446278
138.132686 524.702730
115.219010 530.391593
158.831167 506.967820
121.745752 541.721352
135.912479 606.749729
166.149321 275.571734
135.244776 450.248423
152.775510 519.709894
128.649587 557.789052
139.431668 538.244141
125.263491 570.937282
127.584039 280.351101
150.203210 550.418365
155.984882 464.049341
132.732330 583.985922
129.559756 257.379238
139.647978 566.198243
180.755733 574.766399
132.337567 549.589656
127.784556 467.168198
148.048671 580.248818
149.219049 586.645092
156.212296 283.981361
168.169806 451.965075
169.546072 559.350580
144.476596 581.433633
181.459746 569.027940
153.982086 264.941687
156.828591 467.386338
117.107096 270.153475
154.545671 453.594565
156.724303 261.229725
150.613491 458.247193
155.697308 283.818073
183.338160 451.163217
150.165726 265.622308
172.668124 454.168582
155.123526 268.422308
180.779639 454.524212
200.065402 262.701432
184.974497 443.882143
199.483751 258.954449
176.788938 462.950668
224.663329 265.357839
182.964272 459.180645
203.401642 282.523064
200.339490 492.007497
182.233135 277.420814
166.980646 473.578338
175.749631 279.920219
225.119878 489.446594
191.990955 483.259115
195.601678 268.801079
200.992372 465.606410
205.967088 273.397677
181.228373 492.109564
180.231058 293.979360
186.729155 466.791464
236.147465 278.270853
192.146784 473.128922
225.623761 508.251785
203.447184 488.599730
223.964080 260.819230
222.847674 282.227784
213.380620 312.178039
221.201347 527.875482
209.369982 485.633826
189.477424 261.583727
251.638022 499.639258
232.167878 521.480214
240.224792 283.231588
245.338290 513.022701
230.812771 304.396451
232.009231 523.841574
260.358034 550.437876
213.567359 524.440467
216.063009 529.147194
221.134635 506.941867
224.341950 517.175311
210.269605 514.363211
207.061355 550.464264
215.478765 522.986661
221.675802 563.782352
226.350228 559.311625
229.313652 566.762881
258.349719 570.340662
215.188842 552.917139
237.466655 578.288192
247.769524 562.231988
198.530350 544.494664
222.972054 289.718941
249.603563 578.693549
226.010134 578.349076
240.579672 599.294785
221.115284 592.678581
256.546311 598.288177
243.544266 601.701534
244.062830 604.698763
251.517674 317.488972
234.416243 298.898046
238.188021 615.348170
222.114309 601.872846
220.026075 296.804790
227.913589 620.702958
246.195621 621.991005
221.370503 604.583815
247.962343 316.548104
240.033797 636.100944
222.099579 286.418455
244.569574 604.390580
245.336814 640.166092
242.984949 309.563710
242.533312 315.689971
249.836895 638.144773
238.816697 644.277450
257.350812 644.553838
246.652226 629.090323
254.076657 645.402929
254.804063 665.348221
256.908009 672.584604
265.029572 650.680513
237.388847 668.240190
236.963289 637.550038
228.500021 686.954646
242.506315 687.965946
256.157630 315.668462
241.164748 322.660643
248.205206 666.240241
223.270612 693.971656
276.231538 683.584249
248.518986 687.877391
250.647802 696.660022
260.695523 327.991053
253.316252 679.640468
234.399600 703.078918
269.823747 717.815589
247.877933 739.168140
253.830716 723.563339
275.174891 323.881347
257.974218 736.495550
287.980744 332.474604
269.980327 721.945260
289.059995 728.977715
262.879479 320.557682
248.511367 716.054022
302.285191 719.187230
252.961793 734.106142
264.134333 340.834496
252.595618 333.986755
268.874318 729.796523
271.733050 736.117199
253.215961 732.318182
278.636176 351.685491
261.334644 327.667887
287.367175 770.148440
257.782417 753.344814
275.859345 763.720558
282.778311 353.455956
283.473809 391.915640
290.535672 762.491839
273.744043 749.843233
258.006208 760.181577
283.168236 372.828772
275.672320 758.141081
270.866638 370.008970
280.606760 776.017854
293.237500 359.634961
314.774338 770.273508
314.067264 764.060060
302.038662 366.897191
304.919540 376.683942
306.326449 789.736433
306.484804 794.163597
311.556475 373.638695
308.509368 386.416125
301.126999 774.987611
293.738940 786.827853
291.145556 370.498581
284.364357 373.018419
297.781991 778.683301
297.628120 403.929777
300.642780 791.792071
340.273870 389.580455
316.717562 806.817490
344.784850 801.291308
299.258394 404.174309
319.111123 402.944478
325.213506 829.972555
324.340603 802.241148
340.163654 820.063049
327.246988 824.604677
329.131073 406.104525
303.162922 414.490345
319.946191 412.729984
329.939435 833.358434
311.931597 816.333061
326.066102 425.243287
335.381397 407.771494
312.677311 417.309748
331.910566 829.367726
350.306414 445.857304
320.321601 431.549772
331.637757 422.251572
336.440158 816.357745
322.947805 429.203007
350.289573 431.723609
308.761871 429.669495
327.857639 440.363316
320.192314 820.943191
350.766475 824.218835
344.634606 457.591449
342.567474 449.532383
332.910276 477.857260
319.507492 854.468242
362.478032 825.968029
322.446095 465.505549
350.432929 472.715455
348.317469 438.556780
365.718006 487.282736
352.039800 848.296754
362.685507 495.822563
360.520979 479.088246
343.245365 513.154676
339.880916 858.015665
364.799432 491.470872
373.916571 487.248944
325.071174 514.294702
374.530608 490.746620
376.178598 491.847495
343.580150 506.118533
360.734454 864.249196
361.448062 503.422506
342.272221 496.314087
335.629016 520.877417
367.926016 520.933900
357.858987 508.084750
373.878703 515.452246
352.606592 539.167241
375.368022 546.104720
354.442353 551.189849
367.097617 560.219779
361.815228 536.089732
369.800241 575.584350
376.739047 558.032576
353.904438 574.118216
377.157660 563.140884
377.327968 576.110469
377.498749 856.943752
354.183859 542.178879
362.867062 570.330609
348.209659 836.174737
381.100688 596.401204
374.113627 585.296582
396.959351 588.236785
367.991356 607.949489
374.493095 584.778582
388.300505 613.211720
365.726965 572.256321
352.783204 595.043997
356.227152 638.391504
382.045506 614.010759
372.802598 630.795864
378.816858 631.951652
367.997564 826.507402
384.216881 611.229085
360.059369 614.474633
399.263958 613.029034
427.677295 833.126434
373.989568 664.450942
395.751236 657.119015
356.707494 640.999064
378.566577 639.714723
396.544786 864.488752
403.483754 643.310910
395.398878 829.133744
393.975890 567.420372
384.166908 586.159145
384.449082 579.980047
379.313822 580.144766
412.110969 596.278655
384.767043 587.830481
382.898886 605.181949
393.875560 598.058492
387.915618 590.799922
386.027235 611.160355
385.583391 620.436008
390.254791 630.105594
364.382616 616.659412
396.962049 625.649447
367.790407 625.804832
397.226186 656.234629
389.658186 641.147002
363.885108 638.385282
379.714139 667.664583
370.738348 862.115949
375.388448 548.811787
392.947930 842.796925
380.869504 569.933392
392.062158 830.092839
412.859595 548.365624
366.939815 543.576443
403.274350 566.268384
396.771587 835.771735
426.112652 550.006031
394.988100 846.539129
384.674722 554.748800
429.247177 828.164676
379.199386 552.451915
411.445514 815.611955
410.751601 537.827172
446.145139 844.571901
437.481735 533.269820
445.883840 522.597291
419.356733 832.810954
403.643536 513.643269
435.099902 813.399640
397.642905 516.384084
448.143028 833.119168
432.853376 511.568664
463.637643 819.356859
459.716906 512.673824
468.089134 502.369069
437.012519 510.720274
424.622062 833.320749
442.087838 483.274933
436.443666 835.822842
433.975749 480.587562
428.041780 841.100356
432.688389 499.551335
441.164058 837.229558
423.374376 870.909625
434.318071 500.333719
437.783366 839.686404
463.345899 462.540201
457.298832 852.358096
428.353812 480.668904
435.423634 850.729395
433.976573 834.632543
433.099516 471.100653
443.742943 849.089240
447.821501 490.335973
440.287496 861.759635
444.280337 469.191536
464.063605 866.767873
474.542078 857.809443
485.119326 862.666414
478.200302 447.722686
444.991099 876.397464
457.863971 452.328135
488.077533 874.383793
459.229296 453.087939
502.525508 447.646485
481.002074 866.590987
468.176852 434.321414
494.772833 878.153491
488.834834 418.613151
483.114493 875.678706
471.850151 451.559765
455.658491 872.370177
482.004553 420.896043
506.660820 881.921954
461.089372 897.983330
487.586244 404.626150
473.120174 884.150596
461.079992 432.301988
489.855030 902.098034
507.764670 895.572397
487.583845 395.848728
479.649964 902.141510
491.875658 910.871798
479.426501 901.133666
491.743320 918.392660
504.026714 912.726445
491.288479 920.830302
497.523887 935.046991
525.679923 964.076866
489.476664 941.480224
499.702312 441.866533
530.860365 952.218224
518.913555 928.125288
474.990514 941.558721
492.092072 945.414098
510.408582 966.114056
481.830860 950.960699
490.310743 394.454137
490.108942 956.746350
492.160400 402.451879
513.198772 961.102458
527.130539 389.123659
521.717681 971.410842
506.694896 407.875242
506.453016 976.316064
498.949335 387.129095
526.340424 956.472423
487.262599 373.971581
493.653460 985.634445
551.318600 374.330384
496.435972 395.391423
549.526119 969.133611
529.413420 368.509648
518.717387 971.368572
491.437965 390.026903
559.037496 997.845957
543.296298 989.824732
518.883236 352.096945
540.322121 976.653922
547.620920 368.282525
566.228912 981.822711
554.842267 371.647687
535.565423 971.536065
580.665438 350.116916
565.310804 1005.765666
553.571178 343.584505
566.514157 961.907387
575.172782 330.184331
568.683408 968.445722
549.083963 374.626880
527.742066 999.725489
558.577165 334.949870
566.711534 995.589957
535.599753 978.501892
571.638943 335.140781
570.822294 997.196945
575.542262 323.944225
580.922282 987.530559
590.497723 328.571149
601.016473 1020.860836
586.785082 1000.761012
546.418261 361.804376
582.057701 990.651720
563.720655 1025.465665
577.656248 1016.100050
576.914952 333.998040
583.263164 1029.010736
597.641195 325.572050
612.177437 1024.223395
577.013216 312.215285
605.331969 1028.083794
587.753727 313.003421
610.465204 1013.965685
581.170791 938.563026
599.785043 935.208074
594.495662 325.427789
583.889003 1001.059765
624.920335 935.528264
609.782309 959.515905
621.159265 357.453463
593.421907 1011.982934
621.158833 932.073754
591.711652 910.844916
596.496862 330.140212
605.174988 1013.384497
603.463689 943.863887
598.515528 321.853491
600.315916 955.628876
612.723358 1012.281261
649.880099 913.773693
640.257664 313.511919
609.843933 933.130405
627.929170 1011.169947
615.820296 693.861536
640.405895 722.877707
618.043387 922.667304
617.501589 904.515699
601.975727 318.514467
620.303237 930.270450
610.537383 729.886805
599.106299 1033.963855
618.295374 719.482470
631.983802 920.901488
628.654898 922.545260
597.992926 316.409143
622.021230 737.122829
615.552938 740.856594
599.733673 936.466145
595.732981 1005.542694
624.933099 723.510776
642.537037 976.588828
631.527997 328.714803
618.012724 717.649423
667.857841 887.095379
609.171602 707.709944
608.493628 1033.261681
647.538530 753.001181
642.146063 958.891299
643.954622 334.908075
640.406707 892.325052
645.816981 703.715789
630.870973 743.201955
598.551094 921.788136
640.831140 1038.622703
651.485704 752.200976
631.579966 944.257772
635.274929 340.174104
615.523049 721.415681
629.725960 877.750836
642.600388 1019.022841
647.355811 713.899916
644.106496 731.851843
642.655902 755.977964
649.471317 786.735282
663.957375 886.702246
638.666291 934.728813
661.469603 311.600064
618.010865 789.476539
633.424607 935.544158
634.552993 999.865698
649.355289 680.601385
644.561184 888.288410
619.413874 303.568436
652.417123 778.188494
653.718810 780.606859
637.360930 864.836445
634.301847 861.445184
625.722337 847.424625
651.550040 761.829355
652.738815 955.844543
635.535494 1016.767458
650.444079 693.426224
641.642944 888.701434
661.793052 300.993559
663.380401 762.001331
664.145370 800.134261
621.667201 806.638727
654.683535 798.679629
665.701166 794.293061
639.102343 853.654850
650.956384 846.026462
642.689558 843.196324
643.139092 954.067241
631.471904 1007.725373
634.037281 703.898234
630.346229 945.717300
651.138423 323.485874
659.417709 837.174637
663.879317 813.212356
668.304206 792.468919
647.483547 817.301815
654.648987 806.220871
641.159607 832.484684
646.939865 835.854844
616.141961 836.688400
652.036759 820.803685
670.320315 823.824571
669.465044 1002.076068
642.056995 710.544530
660.467151 966.837257
634.056642 337.693496
656.664094 1019.370486
667.194522 685.068749
648.916967 978.172138
680.632296 323.401957
659.666408 956.407144
661.294208 1005.795317
668.477087 693.721878
647.121480 323.211291
669.619522 684.543398
642.357246 947.852568
652.743931 997.634057
669.991002 322.132256
655.255564 692.227225
638.381527 664.817223
689.569485 952.745253
681.580216 1003.440829
665.987728 983.902812
707.526447 323.028800
679.516227 681.381225
677.004739 1016.268729
681.072871 965.820001
645.697854 338.929072
660.406232 692.850860
683.454752 964.249311
699.115371 1019.863497
657.637712 308.624520
679.956599 677.467911
657.410567 1004.618825
645.025979 1041.262450
694.710887 292.999051
681.223291 979.723957
688.277976 988.836859
670.398099 995.170064
685.425405 659.694670
689.218284 1020.774966
715.669763 311.696469
701.201629 1002.579197
691.682291 646.837066
654.610435 632.018490
674.940556 1006.848221
712.279985 1003.746517
680.709966 991.703681
701.271522 1034.494492
696.378879 297.773818
670.335127 644.604609
709.728137 324.196002
683.287913 647.175476
709.756542 643.855160
720.407912 333.491735
705.492148 630.244262
728.203299 305.925670
725.388322 660.854706
679.502779 305.743946
716.258280 625.008725
694.589658 321.226086
706.033552 628.977717
733.136887 318.151912
702.172223 640.490864
695.169161 336.065662
727.507883 622.407020
717.887904 304.434328
709.970768 637.872965
725.877817 335.051836
697.498688 665.377262
711.852934 314.100305
758.029512 620.125183
729.574271 300.592153
752.285654 631.108520
745.662463 309.368908
720.255512 626.227463
762.108121 306.181534
747.172062 620.998240
735.133611 316.069296
754.940042 610.305665
769.863069 307.313256
757.220245 630.638577
738.562842 294.703061
788.985779 285.129651
747.838734 606.079922
743.899840 296.096119
737.587906 635.562126
764.548485 305.569176
761.696878 611.432290
758.372166 297.858702
758.544667 605.063643
733.707100 298.774053
744.489885 635.743837
793.572319 272.687075
765.883100 619.866184
777.362031 299.742830
771.566286 609.441704
770.796506 275.468349
779.453458 596.777550
810.960897 264.807452
790.596567 594.491038
788.144697 271.824828
778.618623 289.500764
792.653184 575.210619
817.813569 277.188371
782.554788 581.607308
817.083793 263.811919
802.140182 585.775962
816.825866 265.839980
777.367884 588.899309
813.070695 250.966281
810.569535 585.928158
806.211039 255.572807
760.269081 578.880989
814.147286 238.290275
833.865832 573.425705
817.146252 223.652403
838.366182 580.449145
822.650089 241.334319
824.189240 554.925611
825.233617 227.694784
808.789336 539.789098
831.587515 185.768073
819.356667 205.136693
828.952607 221.036490
825.560081 190.674770
817.493847 229.863502
823.970163 564.744021
795.349343 187.778466
827.737892 220.816546
825.856323 164.045791
820.299743 167.336669
852.085181 167.498428
822.727953 218.481079
832.432656 211.516573
823.892590 221.785409
794.200194 233.325456
822.147839 239.003188
837.700740 566.421840
831.995741 557.953770
807.915536 223.972898
839.838663 160.369745
835.286823 157.936965
855.981490 226.537992
856.527255 561.639338
847.180808 130.129721
842.281317 552.910515
821.913960 168.987731
849.423047 537.262854
827.788725 147.612127
858.495571 542.428201
848.814335 151.835017
855.593403 536.266989
848.138543 158.983394
867.888699 570.312002
869.877645 147.201288
853.982028 542.956805
844.544985 173.629134
859.815309 544.571388
849.547215 158.001631
875.299351 568.189724
868.554440 143.273258
883.854930 149.444448
897.353568 555.685704
869.108673 150.451225
869.402857 567.754229
867.006141 159.787626
838.427714 544.212997
882.962945 146.111009
868.859776 563.015357
871.777295 144.429185
880.165079 544.803007
881.713064 165.060549
891.230153 551.967167
883.079396 153.850870
852.677660 554.946932
887.608769 157.644061
903.569306 469.548977
895.637381 545.364035
937.654586 161.205879
891.208450 457.295770
897.735960 478.894151
903.091531 567.920268
899.053913 159.624678
898.888982 450.542980
904.379831 486.055945
943.471732 535.361598
903.822414 147.467724
893.814050 461.090084
915.360082 143.853135
914.793081 471.905090
880.693181 541.316368
915.472627 433.327079
926.599778 169.084713
907.185539 497.571295
907.297605 522.041109
903.907892 420.112633
922.706207 152.475135
901.511536 174.794727
927.131663 459.796456
873.548143 494.803739
905.566867 534.446652
905.650786 146.375867
930.469831 460.705313
923.320562 452.358113
913.006239 472.526645
936.927812 525.652956
922.968555 164.341611
925.958043 181.560545
937.786074 174.219523
920.622544 436.145716
924.795516 456.230178
915.413906 541.637288
926.028962 195.347768
918.246763 169.977457
934.193933 433.640405
919.988542 419.819229
949.165907 184.626036
927.097181 415.321376
947.639692 441.785816
935.674185 550.108284
944.207077 458.656222
942.216207 193.741025
929.965092 177.788916
915.152986 216.618519
910.220583 395.420207
952.886699 540.529634
950.387961 462.974651
928.685318 196.307059
951.152637 424.752294
940.390516 532.381232
929.128848 426.225695
963.482204 208.364066
929.101528 412.410921
954.263001 469.844797
923.923099 535.400706
956.902663 201.359568
946.979004 203.770413
965.477193 414.296688
957.325179 462.403661
958.519792 511.004538
947.075536 244.967298
948.746399 226.893020
938.034349 426.430185
927.912926 442.185947
948.838457 525.919511
952.874471 541.745161
959.652881 211.406883
962.383176 423.166188
952.199593 452.862126
950.713162 541.901989
955.143263 529.625005
962.702164 242.022011
945.918223 417.783101
942.923240 434.829506
947.297294 554.821845
951.133759 245.392533
948.337021 406.500518
949.249084 432.172873
949.837242 549.243866
942.890360 246.508494
968.211102 418.466884
953.439081 430.666005
957.528794 557.583274
968.980554 233.700260
965.938985 426.796728
970.767680 232.275597
956.122829 425.295637
969.466483 565.386234
949.705236 435.095741
980.301058 242.893449
976.116964 455.198108
963.916456 547.715135
955.948513 563.691431
959.883320 374.623988
995.125828 227.188487
956.258264 447.040862
965.935801 229.133286
973.933245 563.435400
974.752681 399.711576
978.610047 443.146763
968.851668 283.121969
1000.153067 564.844594
1002.005399 422.654177
1007.847866 418.898434
992.904888 586.491679
987.167317 244.700593
994.775906 396.224138
1006.568052 447.246962
1004.003780 561.576709
979.590394 225.686905
1005.675208 422.669178
989.259186 420.385440
1024.733650 569.764601
997.599394 248.210972
994.333156 413.260936
997.398234 440.132571
997.084904 557.252527
971.156251 260.367360
1033.975514 396.687191
975.607218 245.729747
992.403327 426.963831
1031.982933 571.659276
1021.297053 282.235837
1001.243792 398.949246
979.130378 427.804741
1012.617499 563.778385
1021.687928 267.074787
1001.549637 407.788342
1005.576657 420.925252
1015.713669 573.260763
1013.145587 268.286463
1013.412005 408.236111
1023.894159 434.525956
1026.824926 572.935368
995.996074 279.335916
1015.026876 399.506789
1030.202113 273.594228
1032.197683 430.184045
1014.376906 548.302147
1010.524964 279.696073
1031.495800 436.319923
1010.821530 413.253391
1008.622008 559.104331
1023.588898 283.340058
1034.672136 446.418277
1024.654804 543.104542
1006.179720 303.050824
1040.308755 401.076405
1027.304623 270.026350
1041.906213 424.948634
1030.330034 522.517352
1022.102333 298.565794
1031.523728 399.063019
1013.772722 440.458790
1037.728248 546.059020
1044.161607 295.476103
1026.040080 291.571420
1022.609844 389.504080
1036.250407 538.945550
1050.183927 320.995928
1019.218396 446.147153
1039.006819 391.019599
1051.109154 546.367104
1043.552846 303.026924
1041.677168 320.784260
1032.694852 513.008570
1031.492340 552.572804
1038.460690 326.981829
1043.835709 465.123627
1007.120458 398.998115
1032.535912 495.710115
1034.694720 321.541617
1040.359218 311.363340
1012.617141 485.942766
1053.822063 460.843765
1038.597677 511.738949
1037.218908 510.302957
1072.346818 512.083433
1030.023819 509.100413
1036.830962 321.844766
1022.933295 445.919152
1031.044548 506.123812
1038.858925 386.817980
1053.290330 444.503329
1025.877841 486.205695
1035.860341 334.221051
1069.924356 327.648877
1049.378674 304.447151
1042.452130 487.911751
1060.809280 347.812579
1064.232594 386.941901
1059.505895 457.058231
1062.081516 468.114960
1059.263469 351.439765
1053.473561 334.876946
1054.627891 357.485178
1027.566817 344.232879
1054.082378 341.695681
1041.015138 395.106434
1055.833966 387.164558
1076.942195 475.540637
1063.310963 451.779007
1039.199711 473.716914
1061.165886 469.316379
1053.215627 476.787556
1049.454162 363.249848
1049.419845 393.946861
1081.106982 352.435574
1084.830344 383.926321
1076.270264 349.698670
1030.983422 357.688008
