106 201
106 205
106 209
106 213
106 217
106 221
109 225
110 197
111 181
111 185
111 189
111 229
111 233
111 237
111 241
114 245
115 177
116 161
116 165
116 169
116 249
116 253
120 157
120 255
121 259
121 263
124 154
125 265
127 150
127 269
131 136
131 140
131 144
131 272
131 276
134 280
135 132
136 284
136 288
139 129
140 290
141 121
142 294
145 121
146 297
146 301
149 119
149 305
151 106
151 110
151 114
151 309
151 313
151 691
151 695
151 699
151 703
151 707
151 711
151 715
151 719
151 723
151 727
151 731
151 735
151 739
151 743
151 747
151 751
151 755
151 759
151 763
151 767
155 102
155 315
155 687
155 770
156 671
156 675
156 679
156 774
156 778
156 782
156 786
156 790
157 794
159 99
159 318
160 667
161 656
161 660
161 797
161 801
162 95
163 319
164 805
165 652
166 91
166 323
166 327
166 809
166 813
169 649
170 87
170 330
170 815
171 81
171 819
171 823
171 827
172 334
172 645
175 81
175 830
176 337
176 636
176 640
176 834
176 838
178 162
178 166
178 170
178 174
178 178
178 182
179 79
180 340
180 636
180 840
182 158
182 185
182 344
182 844
183 76
183 147
183 151
184 189
184 634
186 347
186 847
186 851
187 75
187 143
187 630
188 137
188 191
188 195
189 199
189 855
190 350
191 71
191 626
191 859
191 863
192 133
193 201
193 205
194 209
194 353
195 67
195 129
195 626
195 865
196 869
196 873
198 211
198 215
198 354
199 66
199 125
199 219
199 624
200 875
201 358
201 879
201 883
202 620
203 65
203 123
203 221
205 225
205 360
205 885
206 61
206 119
206 616
206 889
206 893
206 897
206 901
206 905
207 364
207 909
208 229
209 233
210 57
210 118
210 612
211 367
211 912
211 916
213 112
213 236
214 54
214 240
214 244
214 609
214 920
215 370
217 50
217 108
217 605
217 924
218 246
219 373
220 104
221 46
221 601
221 927
221 931
221 935
221 939
221 943
221 947
222 246
223 373
224 103
225 46
225 250
225 597
225 950
226 954
226 958
227 373
228 102
229 44
229 252
229 594
230 377
230 960
231 381
231 964
231 968
232 98
232 256
232 590
233 41
234 385
235 94
235 968
236 256
236 389
236 393
236 397
236 586
237 41
238 747
238 751
238 755
238 759
238 763
238 767
238 771
238 780
239 90
239 775
239 784
239 969
240 259
240 400
240 586
241 41
241 404
241 408
241 412
241 416
241 973
242 743
243 87
243 712
243 716
243 720
243 724
243 728
243 732
243 736
243 786
243 790
243 794
244 261
244 420
244 584
244 798
245 41
245 973
246 424
246 428
246 432
246 436
247 83
247 709
248 261
248 581
248 692
248 696
248 700
248 704
248 801
248 805
249 39
249 440
249 809
249 973
251 83
251 444
251 448
251 452
251 456
252 35
252 261
252 580
252 688
253 811
253 815
253 973
254 460
254 819
255 79
256 31
256 261
256 464
256 468
256 472
256 476
256 480
256 484
256 488
256 492
256 576
256 688
257 973
258 682
258 821
258 825
259 75
259 829
260 31
260 261
260 495
260 572
261 499
261 503
261 507
261 511
261 515
261 519
261 523
261 527
261 531
261 535
261 539
261 543
261 547
261 551
261 555
261 559
261 563
261 567
261 973
262 678
263 72
263 831
263 835
263 839
264 31
264 261
264 843
265 969
266 678
267 68
268 31
268 261
268 846
268 850
268 854
268 858
268 862
268 866
268 870
268 874
268 878
269 882
269 968
270 64
270 674
272 31
272 260
272 886
273 890
273 895
273 899
273 962
273 966
274 63
274 673
274 903
276 31
276 246
276 250
276 254
277 958
278 62
278 673
278 906
278 910
278 914
278 918
278 922
278 926
278 930
278 934
278 938
278 942
278 946
278 950
280 34
280 242
281 161
281 165
281 169
281 173
281 177
281 181
281 185
281 189
281 193
281 197
281 201
281 205
281 209
281 213
281 217
281 221
281 225
281 229
281 233
281 237
282 58
282 673
283 38
283 42
283 52
285 157
286 151
286 673
287 45
287 49
290 147
290 673
294 146
294 670
298 145
298 669
301 141
301 673
305 137
305 673
309 136
309 673
313 135
313 673
316 131
317 673
320 131
320 677
324 129
324 678
328 126
328 677
332 126
332 673
335 677
336 126
339 679
340 126
341 683
344 126
345 685
346 689
346 693
348 126
350 695
352 126
352 699
356 126
356 702
356 706
359 710
360 129
361 714
361 718
364 132
365 720
367 136
367 724
370 140
371 727
371 731
371 735
371 739
371 743
374 142
375 745
376 749
376 753
377 146
380 150
380 755
381 759
381 763
384 152
385 765
386 769
386 773
386 777
386 781
387 156
388 160
389 164
389 785
391 789
391 793
393 166
393 170
394 174
395 795
396 799
396 803
396 807
396 811
396 815
396 819
396 823
396 827
396 831
398 176
398 180
398 184
398 188
398 192
398 196
399 835
400 200
401 839
401 843
401 847
401 851
401 855
402 859
403 204
403 208
403 212
403 220
403 224
404 228
406 862
406 866
406 870
406 874
406 878
406 882
406 886
406 890
406 894
406 898
406 902
408 231
408 235
408 239
408 243
408 247
408 251
410 255
410 905
411 909
411 913
411 917
411 921
411 925
412 929
413 259
414 263
416 932
416 936
416 940
416 944
416 948
416 952
416 956
416 960
416 964
416 968
416 972
416 976
416 980
416 984
416 988
416 992
416 996
416 1000
416 1004
416 1008
416 1012
418 266
420 1015
421 1019
421 1023
422 266
425 270
425 1023
429 271
429 1024
431 1028
433 271
435 275
435 1028
438 507
438 511
438 515
438 519
438 523
438 527
438 562
438 566
438 570
438 574
438 578
438 582
438 586
438 590
438 594
438 598
438 602
439 276
439 1028
442 503
442 530
442 558
442 605
443 276
443 488
443 492
443 496
443 534
443 538
443 542
443 546
443 550
443 609
443 613
443 617
443 621
443 625
443 1028
444 629
445 280
446 484
447 1028
448 467
448 471
448 475
448 479
448 631
448 635
448 639
449 281
449 643
450 1024
452 463
453 281
453 438
453 443
453 447
453 451
453 455
453 646
453 650
454 654
454 1023
455 285
456 434
458 417
458 421
458 425
458 429
458 656
458 660
458 664
458 1017
458 1021
459 286
459 668
462 413
462 1013
463 286
463 671
463 675
463 679
463 683
463 687
463 691
465 417
465 695
465 1009
467 286
468 699
468 703
468 707
468 711
468 715
468 1003
469 419
469 719
470 290
471 423
471 427
471 431
471 999
473 721
473 725
473 729
473 733
473 737
473 741
473 745
473 749
473 753
473 757
473 761
473 765
473 769
473 773
473 777
473 781
473 785
473 789
473 793
473 797
473 801
473 805
473 809
473 813
473 817
473 821
473 825
473 829
473 833
473 837
473 841
473 845
473 849
473 853
473 857
473 861
473 865
473 869
473 873
473 877
473 881
473 885
473 889
473 893
473 897
473 901
473 905
473 909
473 913
473 917
473 921
473 925
473 929
473 933
473 937
473 941
473 945
473 949
473 953
473 957
473 961
473 965
473 969
473 973
473 977
473 981
473 985
473 989
473 993
474 292
474 435
476 439
476 443
477 296
478 300
479 304
480 445
481 449
481 453
481 457
481 461
483 306
483 310
484 314
484 465
486 469
486 473
486 477
488 316
490 320
490 480
491 484
491 488
491 492
491 496
491 500
491 504
491 508
491 512
491 516
491 520
491 524
491 528
491 532
491 536
491 540
491 544
491 548
491 552
491 556
491 560
491 564
491 568
491 572
491 576
491 580
492 584
493 324
494 328
496 587
496 591
498 331
498 335
499 339
499 595
501 599
501 603
501 607
503 341
505 345
505 610
506 614
506 618
509 347
510 620
512 351
514 623
515 355
518 359
518 363
518 367
518 622
522 370
522 618
523 374
523 378
523 382
526 618
527 385
529 389
530 614
533 391
533 607
535 395
537 603
538 399
538 403
538 407
538 411
538 415
538 419
538 597
539 423
542 593
543 426
543 430
543 434
543 441
543 445
543 449
543 453
543 457
543 461
543 465
543 469
543 473
543 477
543 481
543 485
543 489
543 493
543 497
543 501
543 505
543 509
543 513
543 517
543 521
543 525
543 529
543 533
543 537
543 541
543 545
543 549
543 553
543 557
543 561
543 565
543 569
543 573
543 584
543 588
544 577
