24.033710 150.760358
33.818262 167.184536
13.414762 162.235376
-7.862897 134.563487
30.565894 142.963792
37.864493 151.112267
36.872417 171.796568
22.588536 165.968065
28.204329 152.463009
13.549241 165.871319
43.131567 181.621323
52.690799 122.521588
40.871966 186.395193
40.700045 139.043770
43.331099 203.651512
28.995562 602.559693
55.011401 575.807291
26.759719 127.918089
55.618825 599.898720
34.297998 188.794894
51.180390 577.886734
46.809880 138.978658
63.840725 613.976414
18.825624 200.098605
58.696924 560.120813
59.846430 128.983394
61.101117 565.473935
71.952044 206.922600
71.109937 173.811771
45.465296 610.119204
66.283551 585.107808
60.889618 118.844097
51.485253 196.805565
67.434903 572.294172
65.491576 596.385180
53.052089 133.320762
61.357381 211.261714
39.873411 569.517851
54.594095 607.788003
54.107503 223.227754
61.892263 127.367641
59.015948 577.599085
82.785156 598.338263
59.765822 186.598118
60.242544 130.547560
77.869502 545.553418
47.493382 607.859230
64.036776 215.056679
71.160836 122.164923
61.184825 210.966788
72.686114 221.789279
60.392381 571.780034
59.795860 618.638908
61.968194 97.545110
64.917687 222.967838
74.406596 614.276062
91.139450 219.189188
65.716027 217.923320
73.527623 228.544248
69.722738 551.288951
75.872440 127.374544
81.240069 623.048836
72.682291 208.891987
74.620569 557.081859
72.220151 121.690705
77.290747 255.856368
91.393318 251.921256
80.711078 603.091042
104.770701 542.061066
90.849049 101.617607
86.625888 232.958032
94.152561 232.639098
98.436220 615.987940
85.031931 573.817866
79.902566 114.606600
83.676615 262.274370
93.409550 568.385391
96.008983 624.126989
82.245831 114.352613
105.331284 241.430768
115.186481 544.714160
90.129227 623.928613
97.278227 83.446221
107.214047 94.517515
86.673286 252.789813
86.108835 265.451311
113.648113 263.510139
80.497990 274.983972
105.990579 257.720171
94.711388 254.732495
91.394442 259.738390
94.003577 294.269213
103.951671 264.217289
80.969401 286.655288
96.758005 297.690618
80.531148 302.623610
96.957792 303.576627
89.517700 544.252922
96.243240 616.107747
102.831096 83.800789
109.568636 309.409623
105.937342 76.302591
110.115702 618.314512
94.496280 644.456996
104.519810 321.309101
98.148612 543.690431
83.759287 78.140728
109.979083 636.894892
99.261832 302.724195
107.639090 377.837237
108.771209 377.803303
117.171438 368.787513
114.413376 377.429416
110.233125 360.833350
135.862948 392.780671
109.518103 579.317157
120.826737 71.404598
125.877067 376.794201
111.269482 628.019142
114.727219 309.975960
100.865887 330.277380
109.504276 548.503861
127.257586 72.448499
102.600493 59.930390
95.879830 75.841056
126.782005 322.730619
96.334972 311.157564
115.880231 351.397884
107.140462 329.880402
111.872328 349.947140
106.171197 333.333051
110.925375 338.994369
96.880988 394.589523
103.108332 372.976089
122.281261 394.915717
117.975012 405.280424
120.561321 599.152437
116.398107 416.106257
129.496406 545.944782
142.467597 70.005653
112.800462 323.700993
102.179638 338.619983
110.993123 405.164461
119.313536 564.165869
141.965294 604.266149
137.837174 72.000845
115.515049 401.937565
122.937883 390.943193
120.421387 536.869233
112.066098 554.671661
134.517515 646.808905
111.348852 69.345268
127.481789 433.149780
137.450715 501.984816
135.534462 614.031161
142.481040 412.533706
129.449874 416.741449
111.129809 527.839687
101.878458 517.412820
124.588909 68.494116
132.380934 623.174143
124.525927 454.785375
129.204461 509.070344
130.639132 80.012326
131.830806 432.849419
129.066343 416.246316
132.288349 439.536246
138.675421 528.333271
125.297697 598.340777
146.022966 66.547760
127.603502 467.671307
137.007019 494.539918
130.516354 593.911252
103.282058 464.584211
135.869078 509.765422
120.379909 446.085912
123.912655 61.938657
142.857921 458.365994
145.953521 598.581484
137.377487 468.714297
138.314664 499.709558
134.670694 441.093382
119.678586 430.736950
153.418272 64.707784
144.556892 617.290369
146.571992 477.237569
149.170141 465.044525
158.390796 488.133656
141.873259 78.953087
151.031298 483.172898
118.328086 602.266954
139.593166 505.287061
140.676684 596.006314
140.539771 63.886902
142.091494 474.637676
150.726576 602.046246
152.750817 470.928152
158.380435 50.212737
161.992126 16.022085
154.731618 19.540549
142.677731 31.896451
145.792729 46.541007
155.035747 52.768811
150.334164 36.687641
184.019804 595.574700
181.585384 575.350753
174.012787 16.752715
163.960317 589.639830
175.423127 571.363680
150.471128 31.447448
170.680123 34.495827
157.448713 580.281478
179.102332 24.054061
171.401013 566.693494
158.519909 45.105643
169.068298 570.256390
190.289309 48.070174
173.780539 48.511736
186.949487 543.169508
179.041549 34.965369
176.552977 572.789343
173.895661 44.264535
189.123615 521.078423
193.488552 28.078176
200.001230 549.251358
194.798788 37.875011
187.192205 540.133796
212.536468 38.585910
206.424183 540.828950
190.147676 38.377463
211.867699 531.915754
204.892798 534.408652
203.453379 30.154498
200.373163 540.341516
227.535839 40.119624
216.417217 538.486883
207.921702 57.078298
211.017275 508.676297
209.103722 61.706370
228.202879 55.519910
205.308136 499.035583
205.540663 62.782382
211.362333 516.444137
242.113083 48.632162
232.226955 494.055705
222.227500 91.352466
211.538368 501.452120
222.770180 45.136903
209.021088 522.441490
236.870117 64.642097
232.416203 95.604194
229.377778 98.797709
237.143162 498.691415
229.442352 522.037408
231.984494 102.852608
227.095306 82.582555
240.669198 98.879660
226.502312 94.044923
242.389396 96.556388
225.048185 82.110234
237.502160 91.324644
234.282970 485.677614
242.539492 81.978480
236.053235 500.147332
240.694758 111.421973
244.959416 523.799145
231.740571 497.115340
249.980928 110.045241
241.145967 508.845164
250.103432 113.768460
254.521366 483.849773
266.549108 103.258563
254.469282 132.884575
261.373858 142.348488
263.566355 110.197881
275.161078 104.363023
249.420900 524.627243
251.625126 136.811350
251.693708 110.590078
239.479787 117.071294
275.660378 120.528728
252.169180 520.510749
278.117268 88.764292
251.506325 141.269540
272.159954 107.246854
236.927586 528.071984
271.043460 100.277512
273.392396 97.676575
264.222661 135.387098
249.662278 532.017557
263.245716 128.723291
265.276746 512.083847
273.414829 129.065722
274.409447 545.506502
259.875790 133.528257
269.036480 133.303233
284.244128 551.006578
264.245784 522.365490
271.898382 139.855012
282.534289 537.093110
289.347354 150.311371
292.518580 557.031222
283.776481 160.350516
302.155823 544.217868
267.973593 581.489733
295.138291 638.301651
294.688025 631.059042
285.464073 138.272986
285.698040 550.666596
294.282897 601.264627
310.079080 648.324508
268.959852 614.236054
294.926963 563.493340
306.812088 162.570526
298.261817 603.168768
299.486947 145.925239
286.211793 605.661622
290.838038 558.566609
303.862292 624.407371
296.569440 167.396840
297.365709 618.547725
305.261890 586.001501
305.246697 563.879568
274.944868 569.789446
306.135552 172.652279
321.664210 609.400366
288.379586 601.533030
290.169795 160.653388
311.473579 588.273233
301.620564 627.706001
289.894183 596.612362
301.201201 189.518776
295.134873 577.009373
314.310017 628.937235
311.170569 618.091103
305.013957 604.634852
317.779787 615.259986
313.287916 741.809029
301.743924 768.945277
325.342680 766.806753
310.374526 768.303747
325.099781 184.966246
303.966878 600.678042
296.612161 603.232039
311.750125 614.276931
321.380416 769.695774
333.754289 783.066600
314.536458 175.689718
331.249635 577.208562
302.392059 627.177283
299.018609 786.542960
319.434002 638.226690
294.701123 787.172341
322.923655 202.845153
316.026274 631.288406
332.501417 581.066596
324.552648 796.691930
325.238583 633.515232
319.486488 792.662213
339.227740 204.830912
327.572207 792.925169
301.553459 741.371699
321.597418 213.486050
326.950644 627.739879
328.997467 796.675331
324.549470 777.150267
350.199949 173.830064
334.785029 636.203309
348.124267 786.755207
329.631673 772.922257
348.453685 184.700522
316.566075 608.311226
332.856741 769.382246
345.333142 789.644389
347.450889 751.912686
337.455180 209.985262
352.697017 621.773997
334.911557 796.704871
340.323561 207.418588
344.517367 740.804941
352.862797 644.205545
355.128851 824.043233
347.545854 197.228308
354.297652 755.619110
348.586108 839.299496
360.539913 834.261886
338.726054 828.240667
361.629812 832.703523
340.261062 626.900810
342.973599 793.449112
353.999012 182.775037
363.046964 758.705168
348.677744 850.314255
346.463538 871.398297
356.840218 634.708161
347.305703 815.006711
354.288173 862.741957
346.888404 199.079771
363.733510 217.175148
373.677755 771.317402
355.359508 830.677522
343.326818 621.498934
340.764491 806.620385
337.104332 826.816626
365.195488 194.475049
363.715256 783.074991
370.701617 837.730600
358.399287 630.551338
382.596758 826.313464
363.826563 854.683442
371.680755 186.745642
366.231877 734.662701
389.180651 837.887478
354.874100 856.932650
369.255370 619.878134
362.374996 828.787679
376.811408 195.650199
357.264028 749.214157
365.463422 620.171975
365.263527 839.337943
347.556556 860.426764
353.502080 795.789735
371.401518 189.454920
351.951290 772.380488
350.605063 602.019044
370.966630 776.173701
366.308708 817.664512
351.946341 874.928841
367.850200 197.345061
375.832303 752.154907
362.715994 225.657714
363.174650 220.125761
383.850115 633.074110
376.999546 792.132172
369.266677 828.535716
380.712432 859.051746
388.519317 763.523722
368.787962 795.519198
383.433481 222.899844
386.242050 621.601390
379.500172 852.151707
365.126628 879.279117
389.121441 769.358068
366.535748 804.819145
375.830534 648.721214
369.322093 888.455254
374.091587 230.503608
391.360899 839.468631
383.294644 722.601511
376.021723 804.129130
393.630075 643.336521
393.405127 890.114572
391.576722 196.666577
395.964055 823.629604
384.660274 218.978104
378.312461 750.793329
386.283894 793.113947
384.146878 243.406473
395.172652 631.662414
376.372768 871.496904
400.892357 835.672623
387.991606 642.827449
390.320764 748.099282
384.906083 790.891552
405.080614 232.217778
397.075495 876.782189
407.635399 831.809860
385.747021 228.446832
397.748925 625.576968
406.303697 743.005045
404.293382 796.823563
403.723542 865.436821
404.980263 783.767747
420.050430 823.592361
402.952587 243.984633
392.364517 630.465943
381.957698 741.309835
411.633594 894.589016
391.255831 839.692130
385.306190 246.865066
404.676469 796.876745
403.671789 224.710158
396.185322 643.353053
393.436489 245.023920
398.063182 744.877577
405.084211 874.922905
393.454207 816.438395
407.741342 792.853745
404.868634 619.377675
413.263775 255.343692
400.469952 261.767289
412.747161 734.864025
389.004061 860.874034
409.728565 275.693264
407.744318 830.469270
400.422863 802.126015
410.575330 634.193708
404.197680 731.639743
405.991362 854.034003
401.518438 883.685119
390.042358 228.970192
406.195411 283.076859
423.699377 239.556332
401.038998 816.618378
409.274207 270.189710
409.304370 779.738358
413.336403 632.496208
408.379979 741.906046
407.664832 886.600822
403.485300 827.201123
426.886121 273.301688
428.338446 258.093632
425.088722 250.143576
425.018818 784.123449
395.939050 261.260086
439.168816 638.242006
402.345892 718.567685
421.233234 859.311784
417.363382 834.704180
417.972551 650.284289
435.766235 769.078957
447.572655 283.403446
433.342158 302.822172
427.988148 715.294939
426.594429 879.256456
418.524172 286.246218
424.589570 816.615024
436.643364 650.346260
421.335767 779.587037
428.204497 730.996836
433.425000 797.578469
416.354877 872.422453
427.066328 275.775040
450.602605 659.757999
446.035037 775.172411
418.029416 297.442759
432.468666 720.891663
438.317222 811.676369
431.326848 868.504489
439.082141 297.387058
425.273544 651.969144
431.938231 765.985693
437.024224 846.996446
454.410244 322.127723
448.790268 711.288760
418.769199 811.792157
453.831090 646.094315
450.983096 683.095526
441.706292 749.029931
433.862482 846.085739
436.964090 314.478379
445.191678 708.384196
423.166910 694.899420
445.731229 821.223042
445.991767 655.113152
435.832440 671.567505
454.763531 756.345582
435.699097 670.613872
452.172111 711.279449
437.326786 699.660018
430.644808 866.583015
440.571991 324.921772
441.363100 701.253678
455.936037 771.778272
451.734719 301.581370
455.440995 862.172594
419.695586 306.751240
445.118616 659.858303
465.961941 682.286353
430.326654 754.033431
432.856994 710.599871
443.474588 667.492816
449.156879 712.139932
449.144410 708.030168
446.545094 704.445760
432.587856 808.338573
432.885104 788.890425
470.362020 689.049555
433.214517 855.849725
450.767851 317.522552
445.442078 764.885250
459.792214 314.054151
444.050937 655.515432
446.176366 764.403611
461.669791 838.613927
460.559389 655.335602
462.470636 664.946160
459.918239 756.202145
442.389292 323.501358
440.694160 784.351419
450.182362 843.671790
430.534705 671.017335
475.145704 751.343224
482.461057 770.161929
464.247279 767.164540
463.455471 778.097021
471.242775 772.941756
457.511162 851.497720
460.095936 339.046276
460.857288 836.358192
455.075088 336.626661
455.113053 747.592428
459.958894 777.529942
472.072167 850.348066
462.347314 854.137710
460.649726 836.948142
480.695963 322.997686
491.838042 870.925904
462.111743 882.639770
464.201907 830.372019
456.591063 827.512487
456.587707 874.161307
468.683178 857.212057
461.409154 340.237916
469.178444 871.981411
485.588682 864.142677
469.547491 337.565631
469.460364 821.115807
484.465092 854.566857
462.959578 852.444762
481.378969 352.532967
476.798937 870.320406
493.839123 344.971323
504.047497 840.947184
471.683638 333.734674
476.295700 825.127660
476.634639 344.413423
489.854538 810.157460
498.359415 340.049223
496.553694 362.025921
481.001876 854.443028
476.830781 346.286573
491.390387 794.026431
484.376178 357.566115
502.484299 818.505665
484.100589 366.153476
491.425773 817.425241
501.297426 370.109346
519.001360 803.463818
503.626176 367.712272
499.143635 832.000513
517.496589 354.829843
525.249317 820.280107
523.351028 364.274509
513.251979 803.843400
512.222190 377.977291
518.804700 386.300016
515.944291 794.251502
538.814751 362.553347
519.906961 804.850739
504.579684 387.620982
528.119133 802.989371
525.556773 373.312816
523.452015 806.050005
514.335333 415.592247
520.249415 778.636528
534.262605 798.003629
542.170695 416.157948
527.945086 775.293628
543.142150 374.411585
530.312302 759.342973
528.053784 380.688036
540.001701 752.775874
532.555028 407.189338
540.038200 769.777341
545.419769 760.553556
543.985041 411.236767
541.209986 408.651599
545.924839 776.431620
564.792005 736.973906
561.240308 749.120220
557.097371 411.091728
537.072818 725.075959
554.347331 739.261851
569.576709 411.996422
569.143503 744.145668
568.391590 692.959945
563.006854 435.726635
582.933656 722.719017
564.066545 410.538603
580.284028 412.284024
561.237449 699.005686
571.151571 724.959131
574.005157 426.729836
586.211333 696.980988
591.344445 400.947990
590.150370 700.708585
594.430481 413.710260
577.978377 693.668989
575.383954 424.355851
599.026772 702.476113
591.949350 413.784443
595.851607 689.369549
570.072303 423.745870
610.309851 687.483003
567.592213 414.562190
591.923326 686.003784
586.882057 689.449199
596.384701 454.782169
605.978278 673.307517
586.082080 451.336013
589.589739 431.896316
590.663100 655.284007
609.102612 443.713667
625.698652 672.015653
607.796891 429.646952
640.486921 682.628022
613.731111 435.295620
614.272069 663.521883
627.374016 438.886119
618.349285 657.559749
617.364214 422.151531
628.713883 651.004497
643.250139 456.874287
633.114771 659.675642
631.756504 445.974890
627.224610 668.803081
633.022085 416.554728
648.883040 424.223643
624.423584 654.274588
645.460023 649.397747
640.329347 449.698819
644.625799 648.708167
633.378212 443.236690
646.265829 637.250296
661.955542 464.530782
663.418714 456.164359
636.614611 655.136352
641.588541 636.507169
661.705118 491.978046
670.122642 470.599541
654.281651 476.337885
672.084882 624.828936
667.728185 467.490850
652.395406 625.263715
679.761343 488.194934
653.598084 647.863030
646.410406 642.420827
678.898538 453.671604
694.479772 613.140478
662.449557 471.065726
673.104532 458.435307
665.385881 632.756695
675.373929 481.877585
677.787773 611.445430
671.504953 473.260918
674.315776 621.065147
682.770707 483.224404
691.689947 589.193683
696.777377 512.379961
692.113433 612.922136
689.237354 496.692771
688.531474 607.113866
718.938545 506.312369
701.591227 594.237111
717.075072 472.968070
707.700091 597.662559
701.306341 576.328173
712.133032 495.079983
719.467409 506.979196
694.667179 576.251187
709.134291 517.024975
700.407694 562.542986
717.439192 497.441433
713.008116 591.863963
718.177442 510.989078
710.511156 585.635892
707.398057 518.117240
717.201616 566.977624
726.380231 523.928842
722.958331 579.135423
738.458135 502.761350
736.461765 537.675909
720.878630 536.155551
722.075360 552.390661
728.037922 543.398115
727.875529 569.100820
733.944736 565.933556
718.152728 576.339500
736.665275 544.678152
738.935181 509.439030
724.228101 540.142671
743.013380 542.456624
