46 266
46 270
46 274
46 278
46 282
46 286
46 290
46 294
46 298
46 302
46 306
46 310
46 314
46 318
46 322
46 326
46 330
46 334
46 338
46 342
46 346
46 350
47 354
50 262
51 357
51 361
51 365
52 369
54 259
56 372
57 255
60 375
61 251
64 378
65 247
68 378
69 244
72 240
72 379
76 236
76 378
80 236
80 378
84 234
84 378
87 230
88 378
91 221
91 225
91 374
95 217
95 373
99 214
99 373
102 210
103 373
106 206
107 374
110 202
111 373
114 201
115 369
118 200
119 368
121 196
123 368
125 192
127 368
129 189
131 368
132 185
135 368
136 71
136 75
136 79
136 83
136 87
136 91
136 95
136 99
136 103
136 107
136 111
136 115
136 119
136 123
136 127
136 131
136 135
136 139
136 143
136 147
136 151
136 155
136 159
136 163
136 167
136 171
136 175
136 179
139 365
140 67
143 363
144 64
146 56
147 363
150 52
150 359
154 49
154 358
158 46
158 358
162 46
162 358
166 46
166 358
170 46
170 358
174 46
174 358
178 46
178 357
182 46
182 353
186 46
186 353
190 46
190 353
194 46
194 353
198 46
198 353
202 46
202 353
206 46
206 353
210 46
210 353
214 46
214 353
218 46
218 353
222 46
222 353
226 46
226 353
230 46
230 355
231 359
231 363
234 46
235 363
238 46
239 364
241 368
242 46
245 370
246 46
249 373
250 46
253 374
254 46
256 378
258 46
260 378
262 46
264 379
266 46
268 379
270 46
271 383
271 387
274 46
275 390
278 46
279 393
282 46
283 394
286 46
286 398
290 49
290 400
294 51
294 403
298 51
298 404
300 55
301 408
304 56
305 408
308 56
309 408
310 60
313 64
313 409
314 68
316 413
318 71
320 415
322 71
322 419
325 75
326 422
329 77
330 423
332 81
333 85
334 89
334 423
338 91
338 424
341 428
342 91
343 95
344 99
345 428
348 101
349 428
350 105
353 428
354 107
357 111
357 428
360 432
361 111
364 433
365 111
368 433
369 111
372 433
373 111
376 433
377 111
380 435
381 111
384 438
385 111
388 438
389 111
392 438
393 111
396 438
397 111
400 438
401 111
404 438
405 111
408 438
409 111
412 438
413 110
416 106
416 438
420 106
420 438
424 106
424 438
428 106
428 438
432 105
432 438
436 101
436 438
440 101
440 438
444 99
444 435
448 96
448 433
452 95
452 434
456 91
456 433
460 91
460 429
464 91
464 428
468 91
468 428
472 91
472 428
475 424
476 91
479 423
480 91
483 423
484 91
487 423
488 91
491 423
492 90
495 423
496 86
499 420
500 86
503 418
504 86
507 418
508 86
511 418
512 86
515 418
516 86
519 418
520 86
523 418
524 86
527 418
528 86
530 414
532 86
534 413
536 86
538 412
540 86
542 408
544 86
546 408
548 86
550 408
552 85
554 408
556 81
558 407
560 81
562 403
564 81
566 403
568 81
570 403
572 81
574 404
576 81
578 402
580 81
582 398
584 81
586 398
588 81
590 398
592 81
594 398
596 81
598 398
600 81
602 398
604 81
606 398
608 81
610 394
612 81
614 393
616 81
618 393
620 81
622 393
624 81
626 393
628 81
630 389
632 81
634 388
636 81
638 388
640 81
642 388
644 81
646 388
648 81
650 388
652 81
654 388
656 81
658 388
660 81
663 388
664 81
667 389
668 81
671 392
672 81
675 395
676 81
679 398
680 81
683 399
684 82
686 403
687 86
690 405
691 86
691 409
691 413
695 86
695 413
699 87
699 414
701 418
702 91
705 420
706 91
709 423
710 91
713 424
714 91
716 428
718 91
720 428
722 91
724 429
725 95
726 433
729 96
730 433
733 96
733 100
734 104
734 434
736 438
738 106
740 440
742 106
744 443
745 110
748 444
749 112
752 116
752 443
756 116
756 443
760 119
760 443
764 122
764 444
766 448
767 126
770 130
770 448
774 131
774 448
778 131
778 449
780 135
781 453
784 136
785 453
788 136
789 453
790 140
793 454
794 141
796 458
798 141
800 458
802 141
804 458
806 141
808 458
810 141
812 458
814 141
816 458
818 141
820 458
822 141
824 458
826 141
828 458
830 141
832 458
834 141
836 458
838 141
840 458
842 141
844 458
846 141
848 458
850 141
852 458
854 141
856 458
858 141
860 458
862 141
864 458
866 141
868 458
870 141
872 458
874 141
876 458
878 141
880 458
882 141
884 458
886 141
888 458
890 141
892 458
894 141
896 458
898 141
900 454
902 141
903 312
903 316
903 320
903 324
903 328
903 332
903 336
903 340
903 344
903 348
903 352
903 356
904 453
905 360
906 141
907 308
908 302
908 364
908 368
908 372
908 376
908 452
910 141
910 380
912 298
912 448
913 292
913 384
913 388
913 392
913 396
913 400
914 141
914 404
915 444
917 288
918 141
918 406
918 410
919 414
919 443
920 284
922 141
923 416
923 443
924 280
925 145
925 420
926 439
928 277
928 433
929 146
929 422
931 429
932 273
933 146
935 150
935 269
939 152
939 268
942 156
943 267
946 156
947 263
948 257
950 159
952 253
953 163
953 167
953 247
957 170
957 243
958 174
958 178
958 182
958 186
958 190
958 194
958 198
958 202
958 206
958 210
958 214
958 218
958 222
958 226
958 230
958 234
958 238
