27.534264 413.696955
15.848602 392.984392
21.525166 423.206790
20.792478 396.860749
11.704494 402.006573
16.531751 435.826265
14.633116 404.273645
20.971731 428.170309
27.458840 434.608682
25.819244 438.147883
33.011669 440.607042
4.760248 409.242704
25.012901 446.282997
16.258164 381.695467
26.730576 371.493922
14.265744 383.815618
33.025013 468.667260
29.290928 362.794659
42.457731 380.482880
41.156580 424.812380
37.748792 370.364107
41.949782 363.682425
42.751541 380.174147
32.931682 431.424580
33.624651 336.081467
54.567484 331.001326
46.146788 342.505959
26.580981 445.041651
59.004408 359.169708
44.952490 436.452731
45.407539 345.134365
39.622335 442.191148
45.921966 325.660055
60.491344 439.765976
57.827168 314.498068
48.891522 327.266400
52.979151 425.518939
57.818182 323.580696
51.423000 461.481247
57.717640 276.310847
77.080523 430.700116
73.057474 288.178404
72.353066 417.972114
58.516599 327.978463
67.788879 297.119698
67.751610 433.114228
78.083137 417.593682
98.494444 290.022201
68.091073 307.899842
79.233037 398.774339
56.892298 305.908290
85.899961 421.691433
83.415467 268.741196
87.012492 266.194840
74.655834 401.766130
97.887797 426.828606
67.079549 272.571020
80.649086 410.483906
97.919350 263.556412
89.343327 864.082615
108.451002 874.507117
78.498023 904.686446
96.239902 873.522582
89.982020 887.999880
93.805872 913.364742
101.172374 905.521622
87.070541 905.364178
101.570155 903.846162
101.009823 920.474182
85.133618 383.681720
99.671590 277.889180
117.003702 881.239166
94.689116 915.965007
111.414598 844.232130
100.124659 839.370250
103.294145 853.738639
100.059747 852.864997
110.507047 883.528819
107.414623 271.950345
82.599628 388.181193
102.424780 930.781203
115.621916 375.813891
105.268912 844.941990
99.469607 250.465686
115.888890 832.585675
92.974047 916.340485
104.177960 392.256063
110.500803 261.932024
90.896543 833.866947
112.755427 818.891731
98.832085 837.093533
112.313366 802.066038
118.164137 826.110294
106.023699 860.730223
97.660612 898.963977
112.187699 370.783537
111.994926 257.564440
120.390465 827.250486
119.455160 394.005274
108.515628 915.900072
108.980007 231.838739
137.332646 385.734733
105.377752 820.041238
106.844672 910.656144
119.611686 249.163523
116.733678 806.895844
117.865504 348.224688
140.410195 894.314429
135.389896 243.176223
120.236659 801.030508
107.721365 796.608346
140.050505 368.615536
120.198936 338.215684
118.361737 888.350217
111.539746 223.391719
129.836300 762.702863
110.069367 787.259552
132.956676 366.221185
153.941750 897.352836
138.161223 241.953652
137.113643 355.416203
149.006128 782.214994
129.944901 782.113433
121.834960 898.313987
143.120985 223.373457
146.542389 352.044054
141.048916 755.272814
153.582027 898.443665
145.931372 248.642599
140.048179 779.582885
128.188759 353.903266
126.646307 889.671055
158.246057 224.678469
146.389878 751.850422
145.343916 337.197130
166.942514 869.948394
152.320245 209.461076
157.864575 755.454148
144.148305 346.746180
140.118658 733.682748
151.612236 873.472011
154.816779 244.476394
136.240157 329.846789
139.360896 904.236627
169.083336 216.274453
143.010433 757.132676
170.799008 754.352673
160.904002 327.211981
163.755330 893.356673
147.495585 217.261653
158.993844 739.622868
145.860059 742.227413
159.208968 331.617290
181.344859 879.705406
150.985616 194.507021
158.890821 760.151423
174.600567 323.252832
163.431419 199.523656
175.896436 862.339658
160.154007 727.213423
178.498873 313.053011
156.427415 221.129788
168.902540 722.480202
159.085697 888.503174
157.457890 363.660654
164.646442 193.285752
167.165138 702.918317
154.260065 873.310389
175.689778 339.407990
177.538491 198.122495
185.666549 705.253495
189.286377 887.289274
189.736750 719.113784
172.538899 326.065129
172.724876 223.698499
201.174813 854.526515
183.451757 694.843863
193.934334 303.635846
198.195940 682.323843
184.125845 209.335835
183.437256 856.389641
205.458132 310.281928
198.416642 701.675744
179.883456 852.263831
179.862948 207.769843
196.039496 298.319053
196.400975 694.366037
172.283296 855.718063
202.133872 211.132235
196.660045 668.774334
189.597246 303.818709
190.651772 851.727110
183.282605 175.074663
198.038957 682.467049
204.583199 304.898967
207.970097 828.827697
220.150043 178.719443
199.191568 666.326272
209.811057 840.897722
202.128627 302.763279
205.770736 675.704757
218.682586 684.025909
208.249119 184.860493
212.405918 850.203931
212.922794 313.589693
225.386678 668.319973
216.437413 198.461736
215.220134 821.335280
202.140840 309.374643
225.806338 653.474714
215.303375 197.576535
203.483580 337.275922
208.412212 642.667712
224.087320 821.819641
217.157834 192.166250
226.239943 322.146626
215.356356 625.098834
224.054184 798.062535
221.353546 313.192030
214.207977 190.663176
229.739497 651.108633
224.940856 803.457820
224.847977 346.494773
222.428284 309.104261
232.277194 356.003739
219.693600 651.661432
243.775383 211.247176
234.432066 819.738047
235.290611 338.351454
225.229086 349.645038
230.246088 338.330884
236.975515 651.347840
244.543082 195.140232
237.357571 356.834102
227.084176 349.532296
219.605437 336.172638
204.373121 611.180694
225.967542 808.852524
232.615796 182.662679
242.575897 339.407716
256.826360 621.335272
233.632615 834.139760
237.345206 351.886036
216.207261 366.032188
244.138875 353.532243
233.297024 610.244917
237.876282 805.385548
249.347626 199.926568
240.584991 357.925914
233.497618 604.733835
252.028203 381.460607
237.304680 365.906529
235.410334 397.673707
257.919655 781.041648
228.295637 190.258985
241.006641 628.076003
235.538902 379.731950
231.457908 781.282648
253.500820 386.617787
230.137454 400.654369
260.134407 596.940998
246.148399 185.066803
261.385456 782.439359
268.810710 376.458681
269.397604 582.967081
251.345357 168.528635
228.834666 409.077348
267.272462 406.629509
256.582209 401.547968
259.746577 403.928596
270.620163 416.634902
272.765078 583.617204
260.139739 584.661053
256.386428 424.922958
251.734188 787.297945
249.965766 771.787105
248.300645 152.780939
257.340333 584.958287
265.028203 426.384847
263.139680 409.196891
253.183351 428.916528
254.181116 571.894093
261.671201 442.362034
264.651694 769.553844
249.213466 158.676526
267.978674 543.112467
274.908649 419.635988
268.138947 433.478488
256.322820 460.714603
271.783936 574.376816
261.569083 539.163413
281.995739 786.824832
237.218532 457.941399
274.125602 199.593704
251.270107 557.365881
259.983061 782.295313
265.402015 450.207409
254.556303 480.382084
255.931864 468.916317
276.720565 543.994084
258.971583 560.008026
248.776219 186.374191
256.017233 451.076814
287.933291 758.864364
272.295396 528.363325
260.306264 180.453205
267.333544 474.235513
253.697885 461.164745
272.557457 508.458674
261.634691 500.384823
292.072423 542.328299
272.657494 772.362248
268.732456 490.750290
278.958390 774.122072
271.859692 174.325458
274.422479 538.127798
265.629817 484.110399
264.799897 482.938517
279.535861 503.454053
280.818821 482.053968
254.061040 508.262187
272.451347 474.525848
282.381110 503.084328
259.278625 505.315706
257.533301 510.492302
252.111830 741.027106
297.200148 162.515091
288.681524 752.828247
267.697676 166.267390
311.267539 768.462843
284.480691 59.015120
279.172297 80.620016
280.955455 73.749035
269.704785 68.759870
269.860126 92.576063
293.977914 87.043072
292.167111 89.105444
293.646172 91.158902
277.463430 101.350810
292.559855 117.200304
287.989906 118.347188
283.475403 105.439882
283.783765 105.615494
272.061837 91.481311
300.291589 108.815450
278.168914 133.296875
267.034127 105.196663
293.237487 131.179310
283.608971 128.686259
282.650225 149.424110
294.026236 138.838179
277.337320 147.641228
292.265499 153.968729
304.046379 170.064030
289.651318 152.092540
283.595503 149.518579
279.459748 749.718929
301.241525 80.939986
299.886730 742.237859
285.148121 735.982170
299.383171 36.742594
305.024854 50.537118
290.581331 743.315778
297.547423 713.890657
308.514991 31.910518
298.970059 713.559246
299.754089 37.001212
311.563030 703.483137
287.648059 711.145399
300.772979 51.959450
311.278527 713.930977
320.481055 45.011718
315.421187 678.085842
320.150475 51.920609
317.510558 691.341058
327.744128 47.050426
334.120735 691.301092
323.843284 710.392035
341.245566 28.595046
315.577371 698.366376
323.788341 41.907922
343.925083 688.205528
338.090477 14.687953
343.261652 696.952343
321.915072 12.719783
349.560298 677.524034
326.208569 24.992113
333.451725 670.415302
348.268916 15.248013
355.042746 655.549536
332.180404 -2.761518
366.653289 668.260444
352.264686 18.181503
346.786728 640.839119
364.141637 44.868364
347.279740 645.273560
374.059907 19.898255
359.445700 667.991204
347.024157 24.161542
347.205931 649.568345
370.164128 8.538047
351.841444 686.178982
368.350374 49.310848
375.467296 662.469762
381.380283 25.475467
379.721655 641.458029
388.677900 8.592239
375.496537 650.297464
403.839768 648.298811
363.257907 34.644137
380.681199 31.653171
406.881671 644.818360
375.886919 654.613747
399.014579 5.527173
378.198490 678.993777
413.050651 681.654004
398.699181 18.229837
406.114807 695.958545
389.082912 42.756803
406.702981 683.219495
411.910078 47.724907
397.288282 688.376690
405.778175 697.179197
394.664078 16.702247
403.624223 51.424713
392.918620 31.461248
386.544985 701.843530
411.319060 677.669252
388.734279 48.898717
411.627242 76.955795
417.995239 50.603038
395.623422 700.658327
412.223525 33.397088
412.210663 64.673511
406.513684 72.910550
407.285893 715.131887
407.134801 701.064930
433.467306 711.401207
441.526408 67.084392
418.706844 45.095597
436.676450 61.342253
402.811570 69.674194
421.037597 702.337937
424.732282 709.786086
432.586816 728.547378
416.393072 87.385466
412.018920 81.391123
434.978478 95.751224
417.121129 87.917270
416.265506 75.576842
425.902135 724.975577
420.733799 81.484076
434.939370 85.478822
430.006132 739.952980
432.180609 111.964416
428.308484 113.275312
453.964104 99.448310
437.237722 113.158218
422.372509 137.015477
431.260063 152.244226
438.386711 139.815668
422.336187 702.729569
424.249888 724.274046
414.709426 127.842660
413.337356 148.300151
439.517465 142.759965
417.972827 113.643593
428.991585 153.078262
432.344120 175.546553
422.836149 151.769749
431.718018 164.906625
449.307935 723.183475
440.043773 729.151801
436.567284 169.331397
442.823301 188.670385
451.990282 736.803357
455.972707 744.232227
444.137568 738.969885
443.942834 771.307446
455.750312 170.042665
439.111363 755.989336
442.233728 188.647940
450.809463 462.462583
446.798716 482.911881
454.290825 480.882513
426.061074 485.006441
451.719568 474.681857
444.073259 490.484467
430.420031 521.601847
463.714317 519.711707
456.226963 498.945265
458.393118 507.891083
456.385374 523.380742
460.121614 527.189244
436.634626 524.529343
454.626462 535.702036
452.492202 761.734749
455.895222 175.316267
455.041200 745.759151
443.345940 761.703383
436.073870 481.092991
441.335441 440.818844
462.109033 485.295854
467.288130 525.215287
438.748028 530.869200
452.569333 545.290189
460.108766 531.558123
447.921490 553.713132
453.633488 153.332338
441.700624 769.540096
457.869186 442.359530
461.679304 545.727120
433.463928 438.479085
467.641310 436.399891
444.739929 436.201944
453.432596 438.455728
461.232452 528.190981
458.436263 543.802597
472.783264 550.848673
462.454408 580.782443
457.131965 169.565509
458.793476 757.295050
468.651744 546.423440
462.948818 777.944420
457.629785 800.141405
452.987764 174.075560
465.781228 421.831596
474.799536 405.484889
463.615621 408.393944
454.245931 416.533202
466.832046 564.189813
471.585166 543.642586
459.278088 783.177523
478.266543 185.529304
459.454697 789.488538
460.359229 780.779083
462.210483 416.656730
453.681734 391.732852
478.127897 567.411533
466.828053 599.236620
488.569293 589.970383
464.819810 396.383013
454.354532 593.185646
473.557770 187.230216
462.910010 781.230604
492.686355 407.845283
495.603031 789.670476
481.524194 368.049668
481.503795 379.748438
463.327514 388.300454
462.183353 368.898152
471.153795 385.948240
461.208158 419.737418
479.287802 565.703115
470.108269 601.425362
473.339200 604.656397
467.864336 603.778248
474.095663 625.945970
466.445178 169.317644
471.177359 801.228060
462.898048 809.031497
484.433337 367.411043
472.664714 603.225215
488.484926 176.816842
492.698707 329.870018
482.385524 340.047831
474.874758 372.187988
486.696193 619.522477
466.690266 773.343054
467.471731 189.500090
493.900172 342.091967
483.613775 789.332506
484.172154 337.810033
473.669965 364.941068
488.737181 627.214342
484.055755 608.645054
487.601857 609.518346
487.794514 177.835890
501.363808 819.282464
496.487972 314.521130
495.100722 313.466441
503.392134 326.171241
489.985465 340.116592
493.303044 625.613940
500.383031 611.871214
493.916082 647.063305
491.197260 207.874630
487.248182 301.578014
497.607037 826.400284
514.442553 811.871010
476.906148 800.145852
484.384868 645.086412
505.084582 629.199421
490.290490 187.912437
494.951622 310.389120
499.762266 646.556469
501.419165 829.804465
504.143248 827.433776
510.112631 180.732768
483.819280 308.386646
482.981119 635.582500
486.641458 643.857753
518.811393 665.103958
503.994330 849.553582
499.320503 184.308876
484.376909 320.451280
508.509614 680.634805
518.306469 658.224245
486.305233 674.235535
498.736855 851.846418
478.498953 178.586324
494.441342 328.554028
526.704414 830.277021
530.252737 837.990718
506.450820 666.681782
524.363364 167.615706
478.352606 318.624889
507.804529 682.332708
510.480010 834.353134
504.195585 853.588863
508.509376 656.590857
520.281596 189.429387
510.788746 315.137745
516.120060 684.182907
495.575075 843.752336
511.003053 197.268776
506.631210 309.314681
525.332843 683.712133
527.233946 699.734134
508.699946 697.862888
500.596548 861.228029
499.053243 168.099622
532.780421 324.103924
538.524446 839.737967
529.062591 712.142339
542.712110 718.465778
501.358901 695.699287
538.382549 217.954734
533.791067 302.258938
538.540202 854.844399
531.108420 708.525752
543.400567 715.528893
529.103641 189.535692
526.547197 310.248453
532.298431 718.324929
541.064444 884.142292
539.411236 305.903731
538.119819 169.710148
539.716564 888.800843
531.496706 738.418266
528.923250 335.424118
519.283196 705.242171
546.123670 192.821238
530.430565 876.975804
547.929911 309.724387
504.827551 710.999884
550.206228 206.658319
534.933090 899.062045
528.231583 329.379889
540.343202 738.746209
533.115265 701.242078
534.895007 741.857815
550.026592 209.980003
560.593762 715.374301
544.103526 875.089889
550.455676 320.237564
561.414926 922.855461
560.627687 192.586137
576.051905 736.696865
543.286352 729.868075
568.082738 332.718077
528.260155 766.392737
549.970550 198.486616
532.416020 891.978097
560.502773 328.186454
540.033554 881.267702
540.942695 766.844159
561.933321 185.933672
551.380878 317.970593
567.228237 732.167915
533.026869 895.938568
547.945859 314.033350
548.190968 222.468548
562.044802 220.958072
547.310615 737.402737
564.857422 193.946399
561.724537 735.219284
551.387635 883.861227
571.416535 334.063000
560.310460 217.498432
551.463224 753.022026
543.899460 781.326735
571.120069 765.177132
565.209412 858.318702
554.261083 244.064796
583.545793 316.155481
546.868884 881.491537
579.675905 326.134070
564.687473 763.769837
550.119134 782.861289
561.679267 225.717733
566.668300 756.580027
573.098324 880.844774
556.815154 335.794707
570.343638 253.632196
549.575581 783.042594
574.168060 809.840837
585.615292 791.565147
576.188016 890.290402
564.778238 249.889785
581.872443 359.053247
590.806257 868.352116
557.978285 365.242699
585.651501 791.994889
557.943198 230.869822
583.496092 776.685431
574.070469 892.817501
586.408639 335.601002
575.672607 252.468933
596.370756 232.496457
579.551745 801.210724
596.386774 250.076567
576.638917 784.739257
582.486303 894.561772
597.535966 340.752769
594.560027 901.140781
587.014935 368.576288
596.974333 250.180948
601.292164 783.942507
587.983792 792.567662
579.270475 827.931856
581.205551 263.515671
598.358256 889.178759
571.338875 347.100974
610.796515 815.510305
588.472139 814.461570
596.366537 825.542280
594.992813 257.225594
603.436132 837.444835
606.445445 920.071312
609.008176 377.989438
583.997819 914.009146
606.019270 248.569636
595.231694 341.190358
603.950077 848.087720
600.838390 829.932464
598.461986 839.819741
589.346775 826.209562
599.264832 253.610055
589.240063 926.829050
583.934026 360.003905
609.240621 837.849185
601.467250 838.838384
615.722304 253.110543
596.162755 852.472706
599.508825 917.196482
600.729513 368.979937
590.117834 914.791486
592.276645 361.233563
601.323089 246.036288
609.998949 280.083592
634.989266 864.440982
613.143627 836.289821
608.940449 854.993049
612.820063 288.157915
616.537016 883.156188
608.023572 896.782921
608.016395 377.504177
626.570792 382.217422
606.515480 266.343567
617.675198 894.964050
596.489856 866.339179
589.565877 872.656494
608.954688 921.054036
606.866299 913.005637
595.758663 388.879626
615.296325 897.640922
618.846219 918.478826
611.499538 280.945063
608.176466 887.382808
609.977346 413.828295
615.086647 896.360927
635.804206 881.901867
622.688600 895.198094
598.990443 906.524240
627.013953 278.411427
623.089348 402.237589
625.609875 282.518281
620.104144 293.180381
631.462880 394.456300
637.799098 413.478327
638.074731 273.329980
622.167322 427.131979
633.851420 409.281363
632.919485 274.070206
637.651998 271.107246
634.689832 279.675042
641.452150 429.768299
637.194149 416.602264
640.556380 273.472897
653.056486 337.246190
663.631636 409.808743
637.537303 304.015443
641.499800 326.221972
647.366533 421.004389
637.661511 428.757853
642.695220 333.455377
636.541214 326.986231
652.779565 431.362257
644.393345 344.442981
648.154079 341.281685
667.966858 444.233784
638.668658 439.693150
658.563395 309.953859
668.294370 333.108863
650.824588 437.928459
647.918512 340.677352
661.821772 352.057676
663.354470 445.503016
676.673616 359.520990
689.664345 361.981956
667.716090 357.245873
671.805706 461.798137
670.230447 347.687345
659.423838 436.280870
663.353656 447.412430
678.923031 356.342489
712.979003 372.269471
673.113113 368.126949
682.839746 447.626940
681.465580 373.233022
682.027075 362.849498
687.201245 372.659939
669.027836 459.638494
671.779952 456.787064
673.107141 385.191154
662.303556 374.905497
680.298442 378.837937
701.429613 447.054526
684.276522 375.034627
704.825553 379.872642
702.338935 427.377654
700.375299 473.696056
695.579575 405.320298
707.995795 396.726337
704.121268 488.314155
696.197922 411.702221
688.325903 506.246246
692.026098 389.646740
708.719093 397.855644
725.503497 447.893342
723.905869 375.106373
711.901780 419.381515
703.600278 426.416108
732.336334 447.887345
706.325939 426.301802
715.527897 471.071072
709.227679 430.715172
713.876846 495.011400
723.058268 430.169292
726.747467 444.519785
705.249231 421.344989
708.478582 458.422835
724.963001 443.760735
706.201244 476.667746
728.262424 462.018715
730.046247 456.781869
726.067306 466.236344
715.644828 460.356796
723.271614 477.496059
