142.719291 431.837321
133.308213 430.973388
143.751984 409.864309
131.596083 424.575655
135.585093 406.216218
148.112976 418.250429
134.254007 407.554859
137.719938 414.621563
149.694351 428.766214
136.017028 432.782077
141.509205 439.951483
149.823718 427.738470
141.087059 432.956694
137.259340 436.564351
135.705686 436.509285
144.431999 442.172021
135.658795 443.656789
144.951895 452.536262
148.120303 445.524791
142.590015 407.012382
146.677383 443.193141
148.169235 403.572000
145.647179 460.428376
149.294123 437.857825
138.766188 447.312765
149.060705 441.388826
153.926754 445.427517
151.093187 400.911378
140.350074 454.386017
146.709111 405.162498
149.373010 401.727788
155.786641 458.223613
137.579373 447.102695
145.882159 454.448356
145.321870 397.433945
146.072013 456.868044
146.503247 411.308931
147.966301 467.460262
160.746675 465.691763
149.823729 406.252449
158.140398 462.396808
156.356272 389.263980
163.530219 467.679272
157.665833 393.713756
165.656512 399.912937
160.760228 458.215378
172.272865 389.095410
172.005890 464.929541
166.981475 392.720141
167.774322 474.172391
165.994959 380.916772
177.974219 454.264051
161.347411 384.650321
166.115606 470.735437
171.544528 389.995702
169.654199 393.541927
171.303856 459.201286
175.418281 462.899509
179.626853 394.530404
181.581300 470.345128
160.806385 382.462140
181.890232 463.010100
182.337155 384.486444
171.069888 470.664058
175.978655 395.368708
184.081191 474.328693
171.181041 253.437964
178.047807 245.350103
191.753078 250.423888
176.602902 249.068744
183.365234 247.814586
181.080490 260.452317
184.051436 261.702580
172.184835 253.587976
175.729753 389.003228
178.395737 393.742543
188.437832 470.616547
183.551517 255.763198
173.482619 258.333627
176.687335 378.427327
183.691401 473.248095
184.502473 256.294631
179.219827 265.215721
186.861050 386.452293
182.436155 471.875116
185.273227 134.557197
183.482803 127.083702
184.005445 129.595708
184.340332 145.098164
185.726277 142.888433
175.012893 128.542124
176.547351 219.085307
183.687042 236.073411
193.080408 248.259219
178.356096 255.127758
180.407303 257.939012
189.215801 267.254934
186.958151 478.725837
184.054508 475.116850
188.208344 137.674578
182.542685 368.966063
189.560801 129.409327
187.518701 229.742626
195.709856 268.602766
193.607506 462.545267
174.906466 131.679508
190.421971 378.887778
197.046073 148.527412
190.318061 240.909661
187.060071 262.952305
190.567353 472.593965
196.059717 126.886638
181.618023 121.061532
185.714903 151.254859
199.877930 149.639214
180.210115 222.316657
193.633481 276.920651
189.932739 268.295557
187.267646 379.536149
182.352454 387.021591
187.914320 466.777493
200.617645 121.369090
187.113507 136.751221
194.525890 226.036422
198.929193 268.712559
187.016119 378.984678
202.356680 469.386144
189.517480 123.212879
191.898305 145.459379
198.200207 215.871501
190.222142 266.638273
191.667053 372.314449
186.123343 147.091954
198.392878 159.486805
198.283698 218.886856
203.378733 346.354686
195.859008 344.336613
194.297118 352.064050
204.294570 352.159235
198.256914 338.656229
193.165122 338.130347
196.487635 378.131044
198.005822 363.898485
198.132562 371.970064
198.069699 359.302194
202.262901 362.216157
185.114534 369.408519
191.537985 356.347414
186.943490 371.123581
183.056075 459.227093
193.060384 133.096621
201.698533 264.465488
203.976712 321.612447
188.598016 344.710172
201.824235 333.667772
192.856001 334.402755
197.972828 330.570364
203.493741 342.105483
186.988112 151.326525
208.188991 222.231440
202.111011 466.419076
188.808651 114.795542
188.595465 271.993361
201.571765 332.678323
204.064629 166.754039
199.495994 223.905919
200.012499 469.330073
201.370417 118.655919
199.364361 149.008213
202.580453 148.013924
209.974237 269.936982
202.623688 271.196347
192.578492 316.637083
200.737148 319.498417
202.841550 236.562398
212.682900 472.282574
195.797226 128.687525
196.149748 155.711815
209.746436 281.383877
193.354312 325.113565
203.168959 236.821288
207.948894 478.830341
211.895526 133.846681
198.478863 152.701972
193.450483 286.406142
185.104955 317.210822
202.520303 153.718384
200.928779 151.530264
198.717117 212.389036
199.343506 323.484448
194.330643 306.982381
197.518518 476.777907
209.398833 133.505772
210.872583 271.499886
213.406995 150.210095
206.890212 220.651584
209.218670 324.278892
207.801859 466.921472
212.280194 122.545920
206.108089 273.050178
201.382818 169.617387
214.191847 232.112124
200.060325 313.332775
202.566179 480.122216
228.100790 124.613763
208.372873 160.746206
209.288736 158.510495
203.512010 230.384494
218.655761 272.201174
223.220975 300.933445
209.568899 312.911949
213.078191 478.216992
203.424140 116.447300
213.062581 166.805336
213.412403 216.853465
214.564024 286.408349
206.761411 310.468545
213.899790 476.758381
221.189178 135.505788
218.383164 120.816211
220.130075 172.637162
210.957975 215.032135
215.763153 276.479040
204.968555 135.997418
224.969244 168.903792
224.242403 291.814126
215.022032 268.041570
222.660073 299.816482
210.353830 306.555139
219.573015 303.796146
217.927503 312.723377
224.790242 482.270610
212.884660 182.382923
215.568625 215.273939
215.650998 123.615547
217.305589 277.826104
218.779664 276.304327
215.323544 464.038908
215.848240 160.767126
225.222198 210.637107
218.713270 124.671194
224.579282 286.800835
216.912106 304.222170
212.978893 478.248212
228.487145 171.816990
208.756353 214.326566
220.645582 136.614873
223.271064 285.697335
226.366703 288.827967
230.512710 290.051659
217.688499 454.505065
226.071072 174.638548
224.181270 223.597462
215.340335 132.363390
228.246000 278.697224
230.036409 289.568728
215.647399 485.004838
221.049236 170.019190
222.105979 229.758179
225.285136 130.725951
230.752826 196.157922
224.218301 193.420987
242.547690 222.851760
218.165079 279.414396
216.536481 281.630068
236.469203 284.280152
220.965794 476.645717
223.161157 479.360622
229.453825 132.040863
226.010032 184.208243
224.201115 204.926454
233.195457 294.817046
223.749536 284.487755
228.666173 474.955013
218.325698 129.339462
228.510536 166.095451
231.553672 218.391375
230.195264 270.896646
227.926987 282.794185
235.585722 470.896736
225.449028 194.272420
228.435345 184.081298
240.046562 292.484849
237.340915 494.930861
239.211455 125.668012
236.795585 213.502411
231.691114 486.471803
238.517269 181.022819
229.626229 134.737259
233.457532 236.023115
235.904648 478.873581
238.397636 125.990214
225.210420 178.594349
241.463257 132.491781
239.330296 185.812947
230.551103 211.646382
253.017386 224.774149
233.922300 479.378452
236.105866 490.456270
239.448239 507.861495
235.205323 498.662606
241.786458 513.619038
235.254295 507.168853
238.341078 520.941048
243.101127 504.744065
239.092827 508.271784
231.718090 528.009615
235.447255 521.469074
228.899099 526.847067
234.878200 526.017324
234.666469 192.228302
236.718769 189.714919
230.025744 210.391771
241.626593 218.863638
234.690181 203.801090
238.305643 200.015616
241.221698 496.172997
241.450940 497.560592
238.332820 503.156101
235.792998 503.301157
232.148484 502.510855
232.892935 520.732670
234.273296 530.032075
244.279494 539.138867
228.126973 536.025426
240.452172 530.275249
235.546909 535.859636
235.852722 539.842709
244.047254 554.123681
235.739946 547.052473
227.991083 541.471315
237.039750 138.757871
247.191981 189.666366
242.023950 184.674148
240.426954 501.818798
237.906493 488.337069
238.897566 548.880846
227.466872 131.539862
237.298259 194.183729
240.149159 194.913955
244.016079 191.395790
231.374622 193.276781
250.931721 186.226655
241.027248 496.422003
236.776493 491.255559
236.868255 496.694143
246.773221 538.157917
241.568160 553.997359
241.298733 541.043898
236.773615 550.372730
237.979495 552.911631
244.510215 138.968782
242.622875 570.726968
248.170592 117.319603
250.552713 552.436735
245.677069 127.389455
244.998579 571.816442
250.871043 566.728057
254.905295 547.827537
248.727910 549.416118
254.048671 576.477315
248.701894 134.300247
255.239842 563.162642
247.771451 133.643291
242.059007 555.312672
253.266918 577.655933
249.159300 135.456928
250.211060 568.380050
256.384897 144.830293
256.778578 559.984671
245.205712 146.837106
245.317494 567.009272
251.354673 577.513651
258.639358 583.625725
262.932311 571.429296
256.568877 569.581518
263.948797 142.412499
250.402886 576.785619
260.171610 125.181124
255.678909 143.766677
273.809114 132.365039
259.914689 584.146807
260.597770 582.034831
264.105635 135.207835
253.770431 593.670148
273.064245 137.435182
272.747853 578.652082
251.757693 119.394031
265.557769 588.541512
263.916283 128.094791
266.799674 583.652226
265.162442 139.461730
269.157587 596.472243
260.231793 583.004306
279.452278 136.669376
274.598865 598.868937
268.857778 148.814521
279.104944 574.706191
284.707084 584.271289
279.552201 138.068015
288.614494 584.350798
276.464665 141.049778
288.330936 594.781102
272.473458 126.906697
286.152022 136.051358
266.903059 588.935870
283.860993 141.069703
284.330514 593.939692
280.533773 143.810910
284.195008 607.929646
287.000264 594.240314
286.848626 601.940724
279.835404 131.607958
285.921616 602.204643
290.734544 129.279265
277.873196 582.641015
283.705450 138.622502
290.400395 128.957880
291.479511 602.658674
291.078741 125.739083
289.958832 614.125271
294.855490 120.126175
297.694482 596.757246
289.808180 110.138363
293.346788 603.499097
297.743370 131.945862
305.823528 592.406667
294.137790 118.759494
301.308408 122.022829
301.886903 598.085028
303.563061 118.579059
299.225654 606.252390
303.809103 124.204526
304.579491 595.959971
294.679676 604.110596
306.682004 122.104374
314.036767 588.965222
304.600357 119.665964
304.594542 609.586454
308.969185 122.712734
299.187335 108.371571
303.515524 611.701972
307.863223 108.550093
312.601159 602.966174
310.853304 108.549706
311.495443 600.503760
313.498857 105.043839
316.131123 595.194713
318.440128 109.533316
319.844354 598.390228
323.998593 110.483563
318.703621 115.354522
315.713578 592.480791
324.623288 97.149176
331.153104 590.046916
328.987239 109.509928
334.451528 604.863192
327.078763 109.624082
325.533551 603.189154
333.251111 112.853742
323.445740 601.730600
333.762031 115.392301
333.051338 598.851036
331.381872 113.841479
331.400387 599.395196
339.107775 116.519924
340.972345 602.069818
341.427455 112.443374
332.998831 604.905999
344.437189 107.060624
350.813504 600.615519
335.845827 124.439281
339.659485 603.874363
347.072004 111.770831
329.166638 596.755009
344.539119 110.481220
346.627458 596.718377
348.083688 115.413573
347.484077 607.851824
350.219070 103.299404
345.713644 623.544638
348.643905 105.696226
345.050151 619.317540
353.447059 110.167760
353.772430 603.323160
365.493450 117.078059
346.708605 594.335069
358.428923 118.604300
360.725730 610.853093
361.212221 111.211397
358.203509 602.591152
357.043181 606.950863
363.016165 102.932115
356.533171 587.052876
362.139082 109.101199
377.562400 601.782537
352.251879 111.146877
369.565578 607.845100
364.017538 111.634442
374.164521 595.335060
382.957379 94.036429
368.118106 598.278164
363.665008 104.367457
377.339678 589.932220
373.718615 109.731422
375.115787 602.586013
374.092351 120.320588
379.390183 594.549129
380.053011 105.991418
366.118085 596.586261
382.230248 100.243023
371.629300 585.964758
388.224756 607.377898
386.993996 116.971108
380.934962 590.154285
376.379132 106.131649
387.829112 584.808146
379.750113 114.718165
379.584921 122.058772
367.210411 114.806572
379.401620 580.456169
391.664675 120.992202
395.118734 590.042650
397.805413 131.393392
390.059149 578.244025
392.806682 588.828882
384.764649 116.775376
389.985443 600.722761
383.785668 114.141259
388.617532 586.640842
398.491538 128.510803
390.624694 585.674661
404.758139 111.074848
390.021153 589.778539
398.818055 105.047776
393.957806 124.538858
402.467711 597.604962
395.822421 594.695224
392.568190 111.795025
402.935636 580.321991
393.571801 110.410809
403.709849 578.947722
407.302936 128.291625
408.382786 588.738956
419.184092 122.067374
403.722578 581.777397
401.595160 126.428616
395.267098 127.870572
411.352819 578.534688
411.889492 580.148772
404.779469 117.905503
413.742526 583.092060
406.217776 129.013031
409.672481 576.963655
411.471922 139.058419
415.235353 581.663912
411.914445 132.231270
410.694625 568.790593
409.869979 124.538363
420.116448 572.065559
426.673864 134.958175
417.260505 568.094823
424.840653 127.733589
421.519004 575.461191
432.942089 129.758039
421.938196 558.042796
424.784192 136.613755
431.578609 571.871545
430.482681 131.211599
428.078128 576.889141
429.267804 147.746743
431.540327 141.867851
423.465605 567.544127
420.473225 136.148321
432.927841 140.478974
429.978179 137.859974
420.473922 552.188338
426.108558 159.894307
422.148263 558.196131
440.953790 144.096425
430.052254 550.461335
433.763607 149.958864
433.365566 145.197654
433.505682 558.806569
432.979361 152.975277
435.609527 555.891502
421.985801 136.856499
438.575137 565.384939
433.328790 569.832548
448.549749 145.049480
435.060207 151.742289
438.847853 550.931976
437.299510 555.584962
438.047983 548.782505
444.691255 158.699959
445.238729 527.538876
433.941817 151.991242
447.175809 164.754430
442.636186 547.118443
445.193988 155.683748
435.020591 151.616837
443.214479 167.194852
440.541008 251.431291
444.370751 258.384284
439.812520 534.131925
444.405944 159.757272
449.877911 263.666587
446.285225 251.530031
449.612987 522.941434
446.676032 160.596732
460.497551 264.438319
449.224832 172.952461
444.855053 249.565294
446.594447 253.507383
456.055288 260.227948
448.304439 269.698844
449.823345 258.034890
454.956288 529.088133
447.570592 530.882153
449.082623 539.634249
450.600062 544.897341
447.458984 162.930870
448.154034 231.475720
456.007168 241.987843
454.292641 255.175894
452.323570 252.381404
457.294472 241.327923
460.827256 256.254348
450.513787 528.992515
436.629810 524.315393
458.139848 525.400292
446.912954 177.122259
443.330460 239.430573
454.739815 265.340558
446.191186 527.297019
460.478413 171.217850
458.973865 237.256215
461.234365 239.413450
457.859773 264.867791
450.207279 467.799730
453.486920 480.486974
459.042511 486.667566
454.538763 491.561979
451.593187 475.740054
462.717391 471.919755
441.164096 502.435147
450.345576 518.780118
454.843780 526.773625
443.693334 509.443801
447.436462 527.350161
451.665798 517.974539
445.427357 513.759092
450.415262 170.535827
454.883188 221.759000
449.205966 228.680498
450.215349 234.608221
467.142961 272.428653
455.998927 471.660377
462.293226 474.640272
447.841289 469.942808
451.584641 479.271352
454.484280 485.357225
456.944281 492.037220
450.766168 473.117304
456.064117 497.102527
454.856256 504.523216
455.914648 501.355892
460.010231 506.456926
453.499119 501.958812
455.245571 505.699743
457.313632 508.220049
451.518645 171.619649
446.912367 266.403096
465.092383 226.433992
455.433060 458.623606
445.008985 507.951375
463.056888 498.436620
453.244581 177.462778
458.016905 275.691433
456.768723 217.056202
465.563811 458.582047
452.666947 475.235588
458.330647 495.729479
454.234938 493.749156
456.526280 491.133826
459.085980 179.088242
460.169422 271.795504
462.112909 268.234570
452.670649 444.720466
457.776249 469.655602
464.138824 450.301164
456.847805 231.972078
464.104001 273.393305
457.285506 174.381474
458.685462 452.340190
463.883146 227.231964
463.533034 265.925921
454.650064 177.645105
466.442834 452.898431
458.401724 239.062160
455.371868 268.673565
458.500165 282.179207
463.099833 445.862863
454.278965 171.524790
459.220282 278.895804
470.588302 230.362287
455.036190 454.116345
464.936727 183.090195
468.387773 276.293449
466.088584 226.982549
472.956542 451.374471
465.990311 437.082391
467.992909 438.969051
465.935838 447.946877
469.126396 177.433026
471.827801 281.822784
474.655671 289.754587
465.153877 444.699019
471.303720 438.774426
471.869121 435.366752
471.151590 227.311185
463.079574 276.134910
468.372693 182.175219
478.221218 430.027417
468.035575 224.869001
483.534296 273.759388
470.863607 174.238397
463.320078 287.275828
476.036257 430.180690
470.059268 440.264053
473.074157 424.270773
480.263783 220.716919
472.506455 284.820818
471.072956 439.488360
482.048875 422.154478
479.206066 416.399897
472.561883 420.351815
471.268816 174.842620
482.567519 207.982673
470.956320 291.715993
474.635796 425.340161
486.404740 179.929330
479.438256 227.459548
481.420569 287.357208
479.190697 399.555793
474.555835 419.080142
477.785935 414.206703
474.363827 428.285041
476.820487 413.178744
478.578810 182.647606
477.715901 299.472525
483.551364 286.403763
488.146934 311.250700
486.454910 301.113196
492.082955 393.809059
477.641533 401.811358
473.271208 403.760935
489.243497 414.474012
471.662907 410.374313
482.701451 206.136021
478.964969 161.773564
485.549270 297.022987
489.977225 407.378124
478.700727 229.075321
475.153597 174.677705
481.866176 296.011326
492.058995 309.247944
484.191934 375.816394
482.662989 396.203528
485.497153 384.044300
483.847172 387.375028
474.684109 393.363988
479.950818 403.770596
483.377941 390.789092
476.435023 232.917917
480.352342 309.333621
476.260456 299.767395
482.873071 300.728342
483.820852 378.913123
479.359837 386.036309
482.412482 378.852572
481.960216 394.799957
483.602807 396.121827
482.960856 174.957715
488.676428 298.114357
483.440507 209.134778
496.823911 388.466568
497.814886 179.902854
487.442998 317.452071
490.281732 234.646666
481.617758 313.459676
494.064792 311.290437
495.216509 323.481481
491.562830 354.668274
477.672633 352.211559
488.902901 363.150077
482.701079 367.289110
489.059103 352.765460
492.991724 363.126302
493.067089 356.747479
487.980569 362.576565
480.991287 357.647036
488.845806 364.949147
494.897410 371.086127
483.377780 366.410887
497.761340 171.101415
481.042137 220.315683
487.367647 326.167055
485.793104 321.484594
495.308070 321.215616
489.667732 322.527084
483.034371 343.658201
488.307422 350.763704
489.561913 358.836021
490.104956 355.126695
496.792249 353.872437
483.380704 185.156254
500.542713 222.891019
485.118741 325.361465
500.984124 343.325809
489.552172 178.504875
497.161798 217.729980
488.711261 324.475400
485.134016 331.853080
487.769803 324.356681
490.315165 332.435095
491.831275 333.162909
497.049590 338.458286
498.939917 342.279080
486.881850 344.356360
499.828835 169.839677
499.322012 207.190627
503.695474 165.957933
495.231337 220.625636
497.869967 177.110676
506.814389 175.215640
496.491872 204.335417
495.417730 173.312282
502.378167 209.342462
500.417653 182.851119
503.793030 224.206501
503.698479 182.733984
502.865398 218.762848
504.252688 172.922573
501.263815 218.064941
510.776264 191.390638
506.301954 214.005653
506.398170 191.389508
513.075249 207.066353
502.697574 184.975265
507.203286 215.744355
520.010640 179.306866
509.510107 208.468306
521.178798 195.247935
508.401941 215.920314
517.761176 160.566735
518.159211 215.782716
520.110953 185.342577
527.214051 196.788375
526.552090 197.724001
544.668198 206.731192
536.323288 183.358384
526.650334 184.889187
523.708357 209.878990
517.321354 200.533484
518.428495 213.326297
531.005071 191.748297
517.084848 190.768596
534.242259 184.217438
532.061685 195.396967
522.965826 209.998490
517.637791 178.285801
528.074882 183.055392
531.875238 195.441857
531.807279 173.476379
523.097633 201.501992
524.458756 191.559827
