72.225875 262.267725
62.049174 264.585207
61.290579 272.278519
57.246134 278.387549
55.729078 281.760503
39.319810 283.749433
56.071496 289.659109
33.013103 290.503962
61.460727 290.501213
57.240211 302.094424
60.514664 309.128907
67.091003 313.136671
80.128703 314.007096
59.016607 315.689647
47.591892 323.213100
55.329589 327.011264
43.439161 328.495905
44.078645 327.218627
50.870117 342.523102
35.745294 339.695193
38.205945 258.906409
47.090755 347.507896
85.429099 254.729977
70.912093 348.807584
50.989005 354.180494
68.304957 354.857253
53.176193 354.159573
58.761629 263.501292
61.705001 357.147313
63.468464 237.664489
63.446085 248.999261
77.454337 252.430663
82.039534 355.915529
74.294370 366.060148
74.456767 370.885343
80.172689 231.534655
73.238722 359.741425
87.148246 373.094730
72.871963 235.061750
84.678475 376.599469
72.421568 227.383882
87.814326 382.737010
84.635207 228.233949
82.165683 385.245403
96.211804 223.984208
102.563820 386.877990
94.356512 225.941710
93.475101 385.461988
108.209987 232.674606
106.465493 381.970116
102.888126 221.369084
94.837567 395.171014
100.384461 219.041736
101.083244 389.003097
111.842181 210.842255
124.665977 402.320774
114.526529 408.439704
123.596810 292.704889
115.298955 311.059199
109.045652 212.512478
117.573104 309.153562
139.166341 410.940192
109.992713 287.128244
134.568231 215.785166
118.392698 309.387576
122.058386 291.098417
120.981937 407.664850
130.630401 202.439235
111.405544 305.351717
112.604087 284.059885
123.696995 412.803062
131.419217 311.159429
122.927734 217.334096
134.453708 285.164860
146.417874 404.126781
148.952994 310.485881
127.785243 215.771921
107.806361 269.275040
134.046928 401.076598
106.144347 317.518509
133.681190 209.621611
139.728316 412.202451
147.727668 281.127407
134.244870 313.890342
117.198028 205.802760
137.613820 422.518043
131.767765 276.733018
149.339520 304.072039
129.485261 414.299008
161.454564 204.453231
159.318681 274.969624
149.302898 316.485198
141.561675 416.854820
140.498799 202.360730
126.295646 269.578473
154.198091 310.693483
149.979514 411.029849
153.898248 204.270294
140.841555 259.780822
151.677999 312.103460
153.579754 414.628976
151.872531 206.707821
180.169541 272.697326
154.013916 420.267301
179.742117 307.992275
141.006949 203.792703
152.961412 274.897791
163.210924 416.124624
182.675074 203.838987
163.545864 305.637752
174.060654 268.894020
171.725168 422.908512
156.383722 200.238402
162.915474 312.504702
174.886960 259.679857
172.387740 421.245411
182.689015 194.342118
157.888444 305.864547
165.772898 263.306767
167.975443 418.761268
189.108380 194.310283
178.437803 317.694925
171.900727 195.754887
178.851683 261.724234
178.995104 422.232809
183.590191 310.433523
168.213215 206.068557
183.991509 253.027047
177.551509 425.871099
169.887145 314.322944
175.734022 430.119774
191.810159 207.357735
178.686676 260.731805
194.739396 208.159855
182.510035 309.220336
159.610719 437.665444
192.926499 265.526830
181.441935 195.849502
171.914183 316.472099
175.712919 428.625099
197.972799 257.576010
188.316601 198.774313
169.652953 315.080453
180.720813 438.297950
194.518970 259.304984
187.001785 197.198164
197.053799 309.557441
185.908986 438.167267
195.691735 252.219276
194.328125 197.066591
213.402949 299.707381
198.471459 439.701406
194.079639 254.903747
199.968661 193.659041
208.425137 245.296080
200.540330 302.713268
209.792362 434.640689
202.576375 197.564727
222.576776 244.089448
226.600065 291.417625
203.259000 426.303100
206.476858 192.578082
203.156016 238.108716
210.349605 297.448339
216.140166 438.501188
216.694441 193.017711
200.451052 230.117691
222.604094 301.255979
210.757198 437.378137
221.797231 227.668168
230.934711 435.316437
206.967957 181.175039
208.981609 284.483840
221.145001 229.139102
244.253239 434.555312
238.018002 190.382578
227.067418 296.938777
234.301133 435.853759
221.212666 450.921705
240.268778 236.389092
229.265299 190.312782
228.398403 295.231149
218.306525 458.451043
219.958457 453.029637
226.564952 447.415582
256.736119 232.913960
232.643115 455.441454
209.830242 185.068227
241.304092 293.885623
232.271344 235.742692
242.724687 461.050138
228.794025 185.265852
240.025306 292.102120
222.893685 227.035488
231.842649 469.029411
225.742823 187.152402
251.248782 288.737087
251.595374 233.640688
247.115774 465.170208
259.410722 185.942130
245.286164 290.042351
251.936879 227.279872
237.298700 457.759960
270.230589 185.388586
241.834773 287.119551
243.986871 471.861735
251.669094 223.671761
263.048954 283.135241
257.535462 184.736960
254.969612 467.870383
250.476741 174.548211
269.269213 225.574017
251.927219 276.998215
260.286161 471.718316
254.822634 178.144037
261.152835 223.982179
269.123055 280.519586
243.046402 478.245185
266.055701 180.066761
262.942863 225.806658
255.339355 271.170024
270.902271 480.894505
269.090675 277.621396
264.940925 181.431930
249.354828 210.787003
270.281115 273.875954
281.357020 478.703949
276.812360 185.823794
279.305720 215.875215
252.292527 269.934682
272.007058 480.801720
277.049491 213.704840
268.349775 175.714950
281.122596 274.658683
284.923297 478.883012
271.976199 203.682464
279.120269 169.398698
278.262995 271.407668
299.918927 489.033427
284.641257 213.941039
283.145862 165.295924
279.875534 277.772324
278.970594 484.804492
264.782293 199.271406
283.929595 165.787026
299.019079 201.854017
293.751845 278.086753
294.227360 487.104113
305.881569 171.609589
290.333095 176.497086
274.036667 175.086317
306.481261 185.911494
292.185761 186.359516
291.728085 192.682767
306.890596 204.563138
303.153159 275.818529
304.030715 480.999799
303.897532 275.474475
300.293185 479.963048
293.784465 275.688133
304.246523 487.341735
305.797029 441.172592
287.632558 443.970324
319.695814 448.618660
301.971086 261.725554
314.713964 481.086363
299.407817 444.183012
305.576482 450.407872
327.183859 276.749426
323.504692 454.358077
289.736413 483.661441
302.469225 454.508038
308.891799 276.545506
333.671742 446.830617
304.181278 476.240947
325.487581 464.085685
316.741547 271.059922
309.770772 442.840292
322.099270 487.546998
307.479165 457.132380
321.904629 271.333817
334.719344 439.548933
333.238370 472.541799
328.680428 486.680388
308.138312 465.906136
320.722042 481.349727
339.610451 269.642829
328.752935 439.426783
336.141191 480.845211
330.499125 261.836025
323.485942 441.503102
330.732110 261.323597
339.124464 437.684085
326.787791 259.354707
341.656977 446.581184
349.377184 260.397526
352.230058 444.240862
355.201610 255.651272
361.152609 443.404193
350.270738 258.174479
358.007735 444.235857
338.422080 251.372359
352.171958 443.929932
373.668069 266.861968
342.216716 436.530393
350.730129 260.990558
346.953071 448.558957
375.196327 263.393380
374.825448 449.929382
382.695155 262.258408
371.968718 442.339164
364.581173 260.378113
392.009645 444.068667
372.426561 247.759243
394.052306 445.968512
372.876878 264.626849
372.967760 446.133643
383.941410 264.296460
397.960671 455.898692
393.115415 431.267654
381.048718 259.579972
404.239814 437.824794
393.792136 255.084131
390.255954 446.299250
418.412198 263.634866
388.623632 449.255740
401.195864 448.424862
393.580721 258.838144
400.038692 447.156121
422.634429 261.409692
423.236090 458.857816
416.192378 262.760847
418.994068 446.556821
414.828938 260.722466
428.842087 456.180275
429.039041 255.985685
427.972465 458.643118
427.647936 259.047743
421.257943 461.439320
436.515694 259.517367
433.933851 456.907486
442.780368 258.800050
431.716704 467.396486
428.169928 260.481612
442.199700 466.299392
467.956359 264.855866
441.215308 469.882708
452.104605 256.153375
435.583605 468.507629
447.622623 470.909828
447.437669 250.352606
454.590180 472.137367
445.505926 257.611610
437.568148 474.207123
458.678510 265.981134
475.014639 472.612601
464.054646 272.426111
469.215433 273.816171
463.038677 477.775733
483.279042 270.313961
448.416867 467.909598
466.043567 275.732251
476.583218 467.970895
482.523785 429.746367
486.754906 433.028295
480.132033 271.926211
451.488004 470.754845
462.210075 430.941285
470.473091 278.137560
485.220678 429.178966
469.470149 474.394041
507.116200 446.798617
485.568612 416.948798
461.956941 273.784159
493.562358 441.410329
481.158242 469.834134
489.635860 445.197705
505.464156 414.734000
493.316758 455.496086
463.907015 280.547039
473.005777 476.213810
468.971350 406.696386
507.450909 455.212370
477.180621 278.420516
469.268433 458.770728
476.778810 465.779014
499.122997 291.464223
481.581402 415.793144
502.922054 457.564314
501.669157 467.636053
492.982649 287.350410
468.049795 399.400284
499.655131 455.208084
496.770846 467.136153
503.580948 474.430082
493.775378 463.052985
516.576130 289.482869
513.788304 414.079145
500.646138 294.245895
506.604199 408.337378
517.993727 283.690536
516.734671 407.755427
499.386860 281.639286
510.431610 399.545398
519.738323 408.383584
512.955818 283.239071
520.885735 405.405052
535.233676 282.666835
542.522779 400.423346
514.451009 279.682454
538.047874 397.072946
546.926011 281.661790
542.122056 388.333654
515.793548 278.850638
529.921886 405.422399
517.020184 280.241131
527.539226 397.087818
544.908361 287.004383
534.103702 399.459384
560.782634 280.601218
519.073604 287.695171
557.984455 395.667553
561.420386 263.890009
551.472946 385.837382
574.758028 271.074946
563.853242 389.362803
567.788064 275.498312
545.134777 389.483197
562.108347 268.607393
558.642258 391.100206
547.108054 261.231525
571.456932 379.423744
576.874737 274.256748
569.057064 386.398638
576.662222 265.304350
579.191524 383.660885
591.819723 266.648307
571.195447 387.678233
578.293520 392.766448
593.461393 268.848560
573.845115 396.789825
608.200202 270.636855
587.469673 397.858499
590.122646 266.722707
591.300482 388.945706
583.923306 274.363376
592.650096 397.175310
605.155593 270.984982
614.428172 385.368993
629.215982 275.632904
604.844199 398.421922
592.997765 271.382413
613.494715 387.299567
609.917261 264.393541
607.108834 397.846762
615.670243 271.364974
616.415766 393.296715
617.199135 274.873328
625.012959 387.774745
631.148784 276.112357
609.956240 389.778813
614.188847 274.725367
632.462078 391.296722
645.950634 271.369361
616.613520 388.485043
636.549123 272.433240
637.925215 284.653861
627.993479 391.825453
619.825075 340.391012
655.352342 333.252772
637.940286 350.623230
648.987130 285.284647
631.713688 388.004969
650.995012 339.506209
643.325969 340.479590
642.124283 285.113512
657.851180 329.078424
637.632837 398.322130
656.057106 339.755536
643.848701 278.774709
657.156870 320.460940
643.696283 391.343896
659.591129 278.761372
656.915202 352.767535
676.237400 329.733469
656.037025 385.237676
677.842479 356.485207
638.602368 270.025676
682.098013 320.565413
659.137501 390.379368
663.267683 351.311016
659.732367 267.916394
669.837742 315.357956
672.066940 392.336747
656.796263 341.678683
669.987311 266.348572
641.521032 322.698551
674.396143 398.455650
688.787714 350.600426
658.306674 267.941047
671.904900 313.415252
670.504780 401.956542
661.580784 352.883049
664.901899 268.995738
679.243571 311.555791
663.770990 397.596725
670.760554 355.168116
656.609095 263.001472
668.401533 315.716072
678.523201 386.475625
687.235478 305.299260
695.814287 351.908167
686.841748 256.241075
677.472048 400.994598
683.265771 313.528420
685.852901 344.007132
677.925537 271.058638
679.871054 399.526271
703.533157 310.910355
681.137928 351.920544
687.275673 269.746210
688.486453 395.338712
685.445549 311.172951
693.612340 348.857790
704.582586 272.446517
691.741972 356.642393
697.085174 392.346092
694.364246 314.633441
711.217134 357.011025
703.683990 258.853336
699.137225 398.748023
725.670519 301.946230
695.609205 357.184881
704.698431 260.592178
711.612420 386.906851
696.358125 303.189929
703.271582 357.766289
689.978861 261.242876
712.967953 294.304957
709.683669 389.424949
702.734181 364.423799
691.799254 258.858890
695.801376 298.329747
714.482130 394.105303
694.228926 355.828172
716.167229 249.690329
717.477949 294.092367
705.107425 388.472803
715.490781 378.747933
699.296774 267.946496
712.230640 298.956458
717.184970 391.090262
714.776150 368.957946
720.488402 261.251661
710.612566 294.760180
725.819604 399.642048
726.955669 363.774476
710.279700 269.621035
732.598373 289.139981
726.101805 393.912990
717.142315 371.660237
724.069373 258.752969
725.911022 293.693209
709.780112 396.836030
728.690963 361.997339
731.478607 247.799489
730.962289 284.892800
735.415708 389.741538
738.842547 362.797983
740.650136 259.944901
733.506995 280.240028
758.610712 395.435090
732.713365 366.659310
749.809833 254.823318
735.469186 286.237594
731.964736 402.437356
736.495757 364.363913
746.179079 260.146718
731.238494 283.117950
737.284696 393.584633
739.450889 370.941307
748.505672 263.615306
734.137283 282.756983
764.217294 271.710860
742.183035 397.097374
753.208431 367.726371
740.913712 257.092852
761.450275 267.250355
747.447316 393.754669
753.115234 363.436753
770.361753 254.691368
747.135687 276.678557
770.329800 385.650100
756.581023 364.715542
747.841441 250.900188
750.314676 255.591217
765.437192 370.654329
785.226121 392.941917
758.458328 259.017134
766.556703 269.616719
772.450495 367.203848
772.604945 387.274505
768.644330 258.993037
760.886280 258.937359
776.898129 375.519596
776.934273 394.125501
752.653613 255.065590
762.633121 260.241171
758.219625 370.948733
744.367988 388.906761
798.341196 368.286472
764.406993 390.858646
795.558812 361.919719
770.599124 385.748380
799.436222 369.439326
784.494672 386.922538
