419.836124 844.843035
431.712723 848.506849
425.554618 848.197138
430.296418 843.100613
430.253837 847.557831
427.916706 843.221098
427.596440 844.071613
420.892325 849.770967
426.037465 865.776072
428.986994 856.510835
434.614118 861.509518
428.975321 856.981723
432.311965 853.005749
429.341323 850.779866
429.422401 857.767231
437.379043 858.755715
429.440380 868.532608
424.344596 862.051874
424.040294 862.356542
427.767805 869.748330
428.376645 865.714309
429.549605 867.391242
424.455924 861.020452
430.747806 858.689729
435.685407 877.249162
423.957977 869.035530
436.689858 880.093174
426.854154 868.690638
429.148108 870.409301
421.014448 875.963334
436.015385 884.092644
428.106611 877.225797
430.397869 880.702981
428.863242 886.920141
429.592724 886.033264
429.532936 888.183387
435.493031 883.796716
433.658747 890.537689
423.366182 886.813008
428.402141 885.234462
426.998501 903.603778
437.343992 893.629009
428.185810 899.485530
422.757529 901.158683
433.730260 905.319953
430.652657 896.852827
435.618046 896.481217
434.823061 896.602412
433.718507 909.033285
426.393021 904.061734
423.434845 915.016289
429.917434 906.909350
424.353845 898.442430
423.081113 905.889562
436.152978 903.585835
434.009803 908.799735
428.844488 919.960655
426.966288 915.147733
427.836295 918.142149
434.273033 915.301787
428.453227 916.390419
433.132829 918.390108
429.839107 916.413078
429.012853 917.708258
430.691633 929.464293
434.127712 929.372437
430.435821 924.746742
430.139441 927.646638
437.853145 922.951548
428.237835 922.261570
428.985106 934.593636
423.278952 932.302831
426.831771 937.421312
429.892562 932.552487
430.707330 937.964733
423.900708 935.178600
431.200524 934.973890
434.185745 941.271442
430.533936 940.039649
432.360933 939.227618
424.249174 1046.432057
427.304795 1041.212374
428.542042 1047.523594
427.207182 1053.508874
430.458438 1049.148441
420.905972 1042.810685
429.203508 1046.956127
421.849706 1050.590478
431.010353 1064.047832
428.782601 1055.954365
428.235600 1051.513025
425.783185 1047.680664
429.978213 1056.484487
431.946250 1061.126843
429.740813 1056.576565
436.270810 1053.516429
429.054510 1065.289932
432.317584 1061.940491
428.599937 1067.271018
427.187268 1066.535025
428.543098 1066.919081
437.360280 1071.495613
422.440675 1059.852901
427.136320 1065.918803
429.440806 828.278487
433.712484 820.573828
433.341157 822.485185
436.818234 822.848816
431.182469 824.882510
433.620004 821.480783
432.569822 821.830216
433.608975 821.716293
432.737449 832.267935
433.689280 827.168108
430.916780 830.926739
432.039969 831.082182
437.786671 833.261167
441.910462 831.851719
429.370875 838.250982
433.356985 831.492291
441.233576 948.385305
439.007251 949.539553
431.991926 951.141918
435.281715 949.806735
439.223028 940.140453
429.309647 952.393421
434.771833 945.177295
439.779461 944.823695
431.407052 1044.253825
439.703642 1044.623739
438.900489 1037.370329
432.577358 1035.566809
427.211066 1034.739396
440.698572 1041.940661
434.921286 1037.109818
433.534597 1044.081189
433.448463 1077.339669
437.490127 1075.327604
438.340898 1074.797059
438.705479 1079.880975
436.788444 1081.293293
431.422923 1069.643155
434.975192 1076.867898
433.033728 1070.705878
439.527269 796.174732
433.788726 805.428076
440.049114 796.759047
437.916210 801.484276
438.305454 799.518985
431.054035 799.778279
438.297903 797.589249
439.881328 789.358477
440.389229 805.270333
445.429289 807.649970
445.248530 814.631509
436.805686 804.862414
438.268174 812.618870
433.289143 809.665527
442.140478 797.801461
440.945037 810.411711
433.750174 956.600148
440.057654 953.049661
436.368859 955.959693
444.906632 954.110533
438.798555 954.912060
438.833804 952.741934
440.841759 956.185046
438.122166 959.920176
438.546816 1080.273945
431.148454 1084.259948
436.153033 1079.217664
445.140622 1083.433828
432.452408 1086.320014
441.922936 1082.647182
439.743505 1084.202406
444.071759 1078.861523
445.454087 965.872564
442.243858 964.891414
436.123529 965.211526
446.579371 963.267741
441.677044 960.806080
442.041079 963.523724
437.498557 966.810244
440.826325 965.001882
442.091739 1029.381528
438.414042 1026.264856
437.648255 1025.760975
438.920520 1026.828839
441.888068 1029.834335
442.006914 1033.909602
440.341080 1024.722812
443.964801 1025.435124
440.555393 780.191919
447.110085 784.370393
437.398433 786.631200
444.030600 781.563233
436.466564 785.936940
442.978748 782.203968
435.919201 786.448281
451.286969 781.342589
447.596873 1095.958013
452.877269 1096.044376
444.180894 1086.010448
443.934192 1092.796955
443.522257 1093.133990
446.452790 1098.322163
446.099759 1089.993244
441.932087 1097.255430
450.321780 761.608235
458.050347 769.563607
449.740017 769.560971
450.111167 770.045336
448.729867 770.539479
448.984111 757.020554
441.910642 763.642881
450.820034 761.579315
446.543627 969.250099
452.332456 972.309902
447.671515 972.336594
454.038794 969.352171
444.475511 976.595857
447.423394 976.427816
456.148260 973.038520
451.294491 972.457936
451.255021 1023.360962
450.677131 1023.253570
442.611932 1025.432381
453.622003 1016.951162
450.760188 1023.656658
450.276745 1022.819692
452.581814 1031.101299
458.893215 1028.880190
453.926045 751.949500
457.562167 753.001847
458.722262 754.694242
459.163630 751.244882
453.948763 751.866031
455.595571 748.163479
463.889714 752.123170
445.906630 754.902073
455.303227 1094.844593
451.501874 1098.652880
449.319509 1100.826981
464.547799 1095.530955
457.379834 1102.126995
455.117996 1094.888872
454.668276 1092.782751
455.094740 1095.200376
458.034526 737.656366
461.737967 749.038529
457.936398 742.467448
459.250267 742.927924
461.235401 746.219319
455.580308 737.869839
461.348010 738.609587
458.766949 741.881440
462.607622 974.874235
458.657396 975.724985
458.278997 980.479908
463.039449 978.218366
455.525886 973.883888
465.361951 979.230945
459.394549 982.751601
462.914953 973.936242
459.623330 1022.713019
466.122006 1030.639684
461.734058 1027.260947
461.234098 1022.939068
461.846156 1029.342083
462.311610 1030.159405
461.185125 1031.217072
465.039180 1021.710392
463.562203 737.631067
462.912511 732.666217
472.756680 732.425473
455.244751 729.704247
466.806515 740.488190
464.129565 731.989228
464.999245 731.635774
464.838766 732.666017
460.992971 1099.466504
468.049378 1100.407131
470.481674 1087.861164
465.513578 1101.443791
462.895295 1094.138425
465.189263 1094.876385
465.176791 1094.982476
469.598288 1090.282000
473.365085 722.409220
470.298154 718.569638
469.970623 731.883139
467.939450 723.289917
470.402120 731.786538
475.959852 719.463265
465.685875 722.107160
473.934809 720.119154
476.745387 978.394989
462.338038 973.014604
469.692359 979.958228
469.075090 979.944190
468.621266 980.348520
469.283650 980.251770
469.130785 981.597430
473.761568 980.941341
469.044319 1026.951342
475.589553 1035.908948
469.987102 1028.781085
475.841090 1030.423186
470.828436 1029.436465
466.273386 1024.849531
476.708473 1029.413136
472.522454 1035.533525
473.959674 1092.841745
482.748441 1090.093606
475.051963 1094.973806
470.123654 1089.851505
467.984041 1089.267044
474.502957 1098.565689
478.543220 1087.997338
473.692265 1090.853896
474.339783 712.564304
478.348200 712.641933
474.734637 715.566979
475.079383 715.576208
480.740598 717.337517
472.122866 710.892096
480.196585 722.767045
479.788416 709.295436
481.427032 982.189914
481.683982 981.697604
473.425224 983.049421
474.393291 976.328335
477.447346 979.386641
475.629490 984.973085
475.425040 984.512611
477.403201 982.258779
477.763511 1031.738029
478.523045 1031.845486
483.412631 1027.437379
479.697885 1031.961860
479.340122 1026.644720
478.341382 1033.134313
481.858102 1032.975724
475.974521 1028.732884
481.184591 1098.702307
486.304554 1099.045070
487.893483 1093.803640
481.169689 1094.732821
476.167110 1094.011997
484.209547 1094.925590
476.719588 1099.112042
486.335478 1091.638562
494.798177 703.502496
494.304166 709.574372
490.953078 712.852538
486.658545 708.650194
495.694447 707.977350
479.562731 713.768552
491.571206 710.489861
491.085590 710.047215
486.804907 990.010781
481.742052 993.394329
488.456688 981.054809
486.401673 989.881569
486.792150 991.407411
479.902519 988.989158
490.984109 983.281657
477.277729 990.445144
490.578252 1035.624176
490.275912 1037.757527
489.539778 1041.239006
489.283371 1040.689902
488.284459 1039.042563
480.923907 1033.238243
486.567537 1040.626852
486.498774 1041.681501
483.220488 698.788708
492.581314 698.015179
487.862512 700.094289
492.846830 698.781822
491.340094 701.255720
487.824771 691.120776
489.598074 700.057317
491.218764 699.625887
489.878736 1102.401717
493.633474 1095.217530
496.423689 1101.633620
488.617655 1101.913971
500.572775 1096.195296
497.017420 1102.597149
493.115117 1097.505446
495.145804 1094.952937
500.139815 993.343497
495.905799 994.981013
494.752295 995.389009
490.941087 999.212024
498.358833 996.501607
494.534717 992.116353
496.501678 993.322339
493.951034 987.503442
498.016682 1034.474750
504.143987 1048.459899
498.942238 1047.456331
498.421879 1046.775052
496.257093 1049.720252
497.300508 1045.952842
499.408778 1043.693512
499.316133 1043.070981
500.826452 691.050472
500.856172 698.226982
503.131946 687.504057
501.319741 689.775153
504.715193 703.053959
502.030694 700.653438
507.658557 695.921555
507.289415 694.422589
504.164886 1094.768860
507.577903 1096.615100
504.948644 1095.017265
504.571844 1096.274503
502.611334 1094.442014
499.092308 1087.593138
502.642824 1096.581458
502.073210 1096.823133
503.861752 996.679198
507.726025 994.626472
506.501674 994.219872
505.688297 995.728073
506.086653 994.906098
502.634762 990.173971
512.111045 989.912313
509.106984 987.124026
497.867338 1042.171028
505.684674 1036.772415
499.859518 1049.547440
513.843549 1049.996402
508.601449 1042.386017
504.352989 1053.174465
511.450855 1035.771607
498.555471 1042.948285
508.623408 683.078552
512.874726 691.278037
512.044949 685.717235
510.118927 688.968528
510.991835 687.757498
510.653351 689.158102
503.800521 692.705917
502.362494 688.184430
515.200617 1095.386270
515.213680 1102.046121
515.076944 1092.325816
524.502480 1098.095766
509.185826 1097.292447
520.066759 1100.974318
508.102974 1091.888702
508.786011 1102.013987
515.988684 1000.013268
516.939910 998.960228
522.016784 992.972418
516.892749 999.124663
510.813010 1001.742868
513.097559 998.108714
521.738844 1002.616022
518.928842 999.668810
512.295449 1046.884058
516.309258 1047.304926
511.841800 1043.671577
525.648513 1041.474692
519.285475 1051.971435
523.285121 1039.903612
522.002628 1042.022701
516.381487 1046.753700
514.196299 682.562075
517.947999 690.352835
525.653980 685.271687
515.635390 682.155243
527.888337 676.220448
519.877113 681.407625
520.378650 679.965382
514.810464 686.479791
526.459722 1092.498330
526.300442 1098.393226
521.579558 1092.490442
525.632565 1093.318720
520.558164 1090.060985
529.480566 1096.741760
521.519433 1095.309027
524.457176 1094.705312
525.972962 998.139149
526.612167 1007.419265
531.063067 992.217094
525.405330 1004.345341
528.841179 1006.945215
530.779467 1001.388729
519.627497 1000.373230
531.161582 998.438165
523.884474 1050.635985
531.121775 1043.930967
526.515486 1043.680040
526.193753 1043.634694
534.217035 1039.904023
533.518794 1041.119111
531.155906 1040.768165
529.857302 1040.372264
524.514193 682.121468
523.711758 683.519602
531.467816 677.988807
528.915509 675.607328
531.508198 675.727489
534.123366 680.874217
531.153720 677.734357
530.422741 675.410273
534.733753 1095.839100
534.426423 1093.356256
527.180784 1094.440513
528.505096 1096.698710
538.725561 1096.938189
526.051939 1091.811094
535.389529 1090.155607
539.232484 1098.290849
533.257785 1000.036175
537.776245 1003.916326
536.872655 999.165073
536.377301 1001.146512
535.893069 1001.827502
534.964162 998.507442
536.608326 1009.406297
529.016535 1009.245604
535.395999 1039.821197
540.787520 1052.662615
539.008951 1044.151626
534.778805 1043.161931
532.273912 1046.986577
544.194675 1041.794534
537.373138 1044.007731
543.428670 1042.318552
537.665713 669.218690
536.429290 667.025592
539.676619 659.367085
542.076160 664.847910
540.618694 671.419582
544.776086 670.394693
532.069513 666.814469
537.909859 668.878961
545.608955 1095.782525
545.501629 1095.539435
545.707745 1097.124873
551.199267 1088.482408
540.520353 1087.997640
542.861032 1094.010003
544.255092 1099.751869
544.306076 1096.207692
546.152294 1005.288855
552.879967 1009.014274
543.285961 1006.536008
545.795990 1001.599043
547.680102 1012.851909
554.020143 1008.831017
552.353305 999.940089
547.975898 1006.677960
554.961549 668.586752
541.128659 667.023057
556.414024 661.996524
547.243232 664.473510
544.904083 664.985734
554.828433 660.525168
542.179446 667.330167
547.736145 665.005148
545.432653 1037.650485
555.229800 1045.402913
545.936070 1047.923818
545.121778 1039.431966
546.906826 1043.992285
547.165103 1053.340418
549.520188 1044.197014
546.903889 1044.099993
548.338333 654.878641
554.847408 652.472813
561.616047 659.018120
556.642519 664.512984
547.544713 661.290724
554.673113 652.315732
558.954877 650.123601
559.453239 660.376513
556.729659 1086.380579
556.745070 1101.552315
555.740347 1099.208259
555.332341 1094.830439
550.275679 1092.457208
553.527830 1089.693125
560.363412 1095.718076
550.101989 1094.505704
553.801961 1006.092257
556.274499 1012.052437
552.405332 1014.098853
559.447357 999.169585
557.257167 1011.081975
557.256606 1012.507306
558.072711 1002.557192
561.440158 1006.954737
556.971602 1044.034939
555.551945 1042.709901
561.218994 1044.890497
556.215759 1042.380554
551.244730 1040.971113
559.347620 1040.079331
560.025310 1038.566473
558.548423 1036.488912
559.946728 659.586706
558.451886 645.859700
557.311765 657.390344
571.671308 646.446446
564.982967 650.790959
563.711916 652.240248
569.128484 646.403658
565.009532 651.087772
565.153824 1010.123121
558.374255 1014.779344
555.306863 1009.240721
562.542093 1010.526026
562.284163 1006.104358
559.827444 1004.480247
563.349954 1019.015777
565.959292 1011.779280
561.692608 1085.712416
563.580754 1091.448709
561.215635 1099.371169
567.698520 1093.130606
568.952732 1099.535042
564.649494 1098.146505
572.062465 1093.035789
565.912896 1097.844007
565.195443 1039.882467
573.747367 1041.668665
571.026412 1037.138981
566.236818 1043.232313
572.149044 1043.932257
574.406481 1047.239266
567.897174 1044.407845
565.150050 1046.108232
581.132674 652.448928
567.882371 645.606945
565.398792 645.793185
582.657175 643.463937
566.593418 648.781931
576.807451 636.302254
576.200605 641.006966
571.834931 645.018989
580.823894 1013.164971
579.787636 1014.873844
580.452144 1015.530853
573.590681 1015.550256
576.604821 1019.672645
573.685173 1009.039682
578.405370 1019.174985
574.282346 1012.674914
566.441488 1093.321782
570.157837 1099.601401
571.293249 1097.157333
579.315445 1098.014161
575.220424 1094.893661
582.560798 1099.799657
572.491897 1097.192008
577.973593 1088.627135
577.402397 1046.448701
573.139605 1040.845877
570.144622 1037.206649
581.614666 1047.934025
579.164331 1051.192129
571.660756 1048.620854
576.450807 1043.977258
577.797367 1042.083350
582.748225 639.370840
582.109028 636.805871
583.729773 646.653350
582.707164 638.832184
583.905800 630.300432
577.765919 642.539241
581.668930 640.059818
581.390302 638.894470
577.366222 1011.951853
591.306804 1009.873993
581.121029 1010.564877
584.908427 1010.061936
582.091259 1012.292069
579.368692 1016.242132
586.913823 1008.376678
584.480079 1017.398361
587.902691 1085.625757
592.748767 1091.180246
583.884451 1093.398423
591.939369 1090.325706
580.741244 1095.408642
582.666058 1091.386459
585.849350 1096.874450
581.937814 1093.731633
592.869669 1036.360641
587.740405 1042.267337
585.252273 1045.696964
594.867980 1040.109046
587.919549 1043.435321
586.989223 1043.885214
581.619624 1037.269897
583.967373 1043.755280
590.755023 632.725855
595.118385 632.557564
591.118592 630.653002
591.689632 633.058630
597.789393 631.992052
588.041402 641.207533
596.053162 634.877868
584.347708 636.029787
593.462387 1098.970775
594.986116 1088.696758
593.257894 1080.933872
597.656041 1099.163382
595.189111 1089.987083
592.095413 1083.862179
593.976120 1089.989375
595.424398 1088.875092
597.926444 1001.008671
594.049280 1007.784165
599.439620 1004.186500
596.920815 1008.018786
597.375930 1009.144643
595.564167 1005.776373
600.528857 1009.286882
596.319004 1008.817546
602.969238 1040.906199
600.196303 1039.478842
596.327776 1043.234702
592.145969 1045.302364
597.178646 1041.129088
595.759114 1047.191481
599.253147 1041.586712
589.519433 1047.803153
592.776108 626.226571
601.275852 637.344950
599.803187 623.433914
602.017575 627.713963
599.211504 633.879359
597.709682 637.830709
606.616112 634.769124
599.093407 623.703274
598.163915 1019.845168
606.321069 1014.584050
596.825155 1015.428002
611.095033 1010.693193
608.705344 1021.390502
601.797998 1018.060261
599.617866 1023.015392
610.896718 1017.408644
607.167355 1091.469922
605.553670 1088.307006
604.405987 1090.410667
599.957971 1087.347421
602.299370 1096.534504
610.010407 1085.765318
606.314464 1093.038625
612.520489 1091.489500
604.827833 1041.291304
608.729013 1041.140010
607.919296 1043.036337
614.583581 1037.938522
606.713596 1041.225261
601.139850 1047.972208
611.502497 1041.475724
609.908174 1049.469909
604.795220 619.128970
602.196226 625.121484
610.221437 627.364898
612.759962 625.063136
603.682774 623.677408
606.365638 632.968004
616.924709 623.341162
609.480015 629.579073
617.066498 1016.386780
623.254469 1016.958845
614.622376 1016.469317
611.845603 1010.328673
617.723122 1017.212366
613.154372 1015.086305
606.705253 1008.313096
614.756250 1014.149343
609.289630 1092.635839
607.304237 1094.510823
605.986782 1091.837373
616.041131 1085.500832
614.122711 1090.077226
615.570638 1091.608396
614.136105 1091.529597
621.722166 1085.096888
624.289405 1047.608955
616.897525 1042.987098
621.576589 1050.445959
612.718171 1047.602494
619.558127 1043.675768
616.855439 1044.430887
616.363968 1036.776747
622.294615 1037.668378
620.009111 622.984947
619.821686 619.121512
616.009355 620.364805
610.333779 621.975013
615.685565 612.197129
618.812817 619.047923
616.508922 619.388890
620.660758 618.596627
625.471860 1013.455621
619.048649 1014.295314
630.247368 1017.540539
615.622927 1019.338131
633.895717 1014.568006
619.979814 1011.659948
625.721946 1013.741334
624.066696 1014.979635
619.887715 1095.174026
618.780411 1091.401962
624.700130 1092.903095
620.174304 1085.790684
627.907741 1093.195091
627.150954 1085.582511
625.274790 1090.894689
620.056344 1088.186524
622.321507 1035.914729
622.666597 1037.749736
624.644091 1042.689073
624.643739 1038.433110
621.973160 1044.381782
629.416176 1047.854080
628.775816 1044.900081
625.697227 1047.651254
627.904678 614.029591
631.552637 620.469163
622.352087 621.384248
628.356264 614.956307
628.223096 613.746165
633.428370 610.216374
628.114710 614.547138
627.961445 613.101947
635.857337 1016.698014
635.250172 1018.262305
638.087431 1013.814536
625.213137 1018.158697
640.974159 1020.534449
629.003489 1017.619349
632.342570 1008.868935
637.002086 1009.020076
639.941007 1085.797268
637.810861 1083.401224
642.531084 1087.277974
625.288400 1091.454535
630.711188 1087.347438
630.665218 1085.600484
640.113585 1094.834737
635.212744 1089.989444
637.524346 609.297082
641.585327 610.409784
637.709703 608.618672
636.781500 607.123077
640.586458 612.566385
634.389391 603.163575
631.735287 606.500321
641.340317 604.881065
634.074146 1035.394107
629.383553 1037.651537
632.425575 1047.647649
638.144993 1044.999416
631.599812 1035.618687
637.125430 1043.853364
637.766609 1036.744920
636.401214 1036.908397
643.706574 1015.045066
635.888030 1016.493212
647.062790 1023.856969
645.215314 1021.286957
645.239081 1009.955698
646.942512 1020.901479
639.610056 1006.666181
645.928732 1024.236448
638.634781 1098.430211
642.547461 1085.881620
642.901859 1088.950616
643.444890 1085.979704
643.326347 1092.451777
642.863122 1085.022812
634.924421 1086.881518
639.137846 1087.115288
644.308482 610.474148
646.527783 610.012619
647.008741 607.106895
644.533623 609.837645
639.336538 605.413049
654.606371 605.235660
649.756114 609.803088
645.798866 606.404283
651.301958 1040.556243
643.679475 1039.247033
648.596036 1040.084287
647.202503 1035.623955
648.829892 1048.735275
655.758375 1040.364695
647.990018 1037.956369
643.298672 1037.244624
661.434349 1012.566289
655.767064 1022.912338
661.354572 1018.541662
654.073290 1014.656370
658.099202 1011.296290
646.236598 1019.609310
651.186437 1019.109046
658.830897 1008.968324
653.643369 1089.166239
653.920056 1089.158305
655.464266 1086.492342
653.278017 1090.444586
649.226030 1095.251397
655.267672 1088.668947
656.745748 1095.680560
654.131974 1089.946237
657.695219 606.501910
646.634810 606.636647
652.692726 607.818963
652.745257 604.544553
660.097879 602.062969
657.400563 604.682517
659.398133 599.384403
653.904372 603.842506
654.552441 1043.625782
658.185586 1039.207566
655.984758 1038.044303
657.456227 1034.418117
656.985149 1038.952235
660.556037 1040.414423
660.269287 1038.151624
659.364546 1047.475267
663.753976 1014.598550
659.730753 1007.825457
664.252671 1016.156316
655.416502 1017.608000
658.666690 1012.079836
663.333202 1010.066803
667.749560 1020.856567
664.317967 1012.932983
669.345129 1092.371094
661.024815 1087.836184
656.285600 1093.511049
662.540430 1083.834392
659.260439 1090.162308
672.609934 1091.964520
668.164992 1088.065237
664.846250 1080.164311
659.241090 605.141702
664.470843 599.160217
662.292440 594.575728
657.790065 600.983206
669.732877 596.479204
663.806147 607.094023
664.499434 608.578739
669.132213 597.946608
672.838171 1038.542853
667.009909 1032.647965
657.615306 1036.444895
662.789863 1040.428618
659.884587 1030.947445
672.825748 1031.306210
661.698330 1041.849765
670.343566 1027.938922
677.674634 1083.027307
674.298082 1085.735777
680.436110 1087.277417
670.777749 1083.338172
673.020148 1093.988980
672.009215 1080.523113
674.139769 1083.405356
680.978460 1084.831390
669.655831 1012.955694
673.521151 1013.300622
674.005130 1015.567487
674.928287 1014.638961
674.758558 1015.368598
673.647395 1015.203623
667.793810 1013.506557
672.784960 1015.516690
676.564706 602.595333
680.633402 602.367599
671.193337 604.234841
667.604789 597.696312
676.407381 600.727257
671.576914 591.516143
674.693873 592.378436
677.253591 598.085512
675.931430 1034.019996
675.975007 1027.861474
673.818833 1029.029024
685.898650 1030.740147
674.668501 1033.110130
676.826732 1030.939605
673.771418 1030.752218
678.938958 1033.420867
682.439449 1078.217467
683.019833 1085.729826
684.895473 1085.165759
686.883494 1087.067543
686.914537 1092.109120
685.798373 1086.112444
682.408259 1086.361196
684.117853 1084.420251
682.177225 1018.323414
680.896809 1014.308729
684.069743 1013.670328
690.413288 1013.924781
679.548598 1020.563693
675.512585 1010.924081
679.812686 1006.506525
679.855475 1010.190031
684.430029 1026.362311
675.677874 1022.785580
679.543999 1032.816256
692.597985 1020.106581
684.041411 1025.467884
681.872072 1023.267442
683.676860 1025.515909
684.163742 1029.850015
681.678096 585.636921
677.839758 587.908502
692.105123 597.338017
686.066166 590.009650
684.676528 600.922470
686.513361 593.402172
689.971076 589.039621
686.071384 594.939368
693.281796 1086.234590
697.072721 1085.046124
688.953248 1082.048690
700.415216 1082.256509
694.139247 1087.640237
690.559602 1092.634798
692.987092 1085.830858
699.154077 1091.293257
696.787230 603.682978
697.775687 590.875856
695.859534 593.040410
693.494162 596.291576
702.878990 593.928820
686.986281 595.947822
695.689304 598.937061
698.090498 594.037738
699.970622 1079.410797
698.429268 1081.414480
700.576740 1078.372129
708.700622 1075.970599
697.109235 1074.441237
703.291234 1077.156970
705.235496 1081.027408
696.093092 1076.034273
701.102371 583.260987
704.836869 592.514292
710.286941 582.895417
703.851236 591.353312
705.354852 595.099223
706.382099 591.701113
704.528559 589.117139
709.391669 590.014819
708.675058 1081.582312
706.955996 1073.968088
710.647820 1080.403086
710.166057 1072.269340
712.204006 1086.291700
716.772946 1088.138742
712.172627 1078.072618
706.223264 1080.847517
715.004768 588.960822
721.307418 592.981325
717.026646 590.197818
714.678432 587.873413
721.158534 596.219631
716.522798 582.097989
709.386804 594.677656
708.160493 583.840455
728.791457 1077.962766
724.821867 1079.065437
722.270077 1072.405432
722.029506 1072.913471
724.620117 1078.676046
721.185474 1075.033277
721.945968 1079.059709
725.049931 1074.542638
726.175056 590.955623
725.334057 588.995826
722.514157 590.330327
725.150034 581.234409
729.654389 585.900784
723.964555 582.441331
724.920686 596.624618
719.694532 585.238859
726.591184 1074.461813
731.010787 1076.891849
733.685898 1074.469304
730.561184 1075.272041
734.266772 1075.873247
735.014040 1082.443538
724.845972 1070.768228
728.758838 1075.101911
734.024835 583.963103
735.040237 585.130608
729.192448 587.316982
735.993320 581.307427
736.616918 578.314055
735.094154 575.529022
739.169649 580.722319
732.812422 584.087649
734.676956 1072.465329
744.894806 1076.984284
743.277082 1082.170168
743.327849 1074.544454
742.119390 1078.069725
745.343570 1079.779621
735.266739 1076.079210
742.322904 1073.923754
746.248019 578.102375
745.439534 583.881173
752.118027 584.271938
742.011728 579.957489
738.720538 583.193088
745.388126 582.634310
745.356739 587.068079
743.112551 584.063546
751.148015 1078.532762
750.578817 1073.747767
755.912976 1074.526697
747.261367 1065.885269
755.950960 1082.775382
748.574675 1076.387280
752.342116 1075.180787
748.715396 1070.327354
755.221298 584.705629
755.373613 585.645604
755.083290 585.292912
752.866143 580.701782
753.620822 583.792712
758.077865 582.921318
750.972990 581.332564
753.750982 591.743507
760.957414 1073.927042
759.853348 1067.379391
763.331108 1072.306736
767.820497 1072.812341
754.271506 1073.447696
760.122035 1076.796263
762.869775 1068.010200
762.032695 1069.988009
765.481014 590.078641
764.389286 581.562767
758.703653 590.401955
761.707261 587.682411
761.768650 579.510532
757.397616 579.883508
767.432828 585.593548
763.814857 584.083501
769.589547 1072.719678
765.541685 1072.417411
773.311425 1074.811317
772.748112 1068.982807
767.556009 1065.585451
765.282939 1075.149894
772.976186 1071.323828
771.855232 1069.903173
769.303705 586.141737
773.047184 580.534015
777.476118 581.808407
774.061305 588.625329
778.221849 589.274403
768.035309 580.463215
771.598896 588.118991
773.770328 581.943130
782.109776 462.058341
779.368444 459.681494
777.495221 459.583117
778.050174 460.313214
777.734480 463.322303
777.110300 461.120510
779.646246 454.393283
783.040058 460.480133
776.653349 475.829121
772.898937 471.365071
783.201159 464.112241
786.653034 473.580611
782.227521 470.865567
780.781128 470.545539
777.384891 474.609264
772.798558 466.550839
777.335013 477.903686
780.192728 482.554223
781.931846 482.201291
778.008491 483.347971
782.846035 486.417146
779.660614 473.881006
784.804449 485.247498
776.419646 489.082756
786.689572 1070.950844
787.742127 1068.562774
780.776680 1073.951755
775.622354 1068.923222
790.451285 1067.938795
785.719737 1061.534457
785.609842 1071.358326
777.120450 1061.745133
784.600196 452.171114
784.217816 452.247734
790.800506 452.128217
784.727092 450.644206
783.962219 452.078839
781.156802 452.397274
792.676617 456.103872
784.941673 450.601747
791.908240 495.385251
781.134738 493.924130
785.809186 489.410197
782.891445 491.762603
777.236005 485.587111
792.319848 486.048604
784.874276 490.666439
779.527219 492.240662
776.064192 589.511232
788.283095 575.521553
781.762315 579.893645
785.188152 589.739103
784.096618 577.477031
782.284068 584.730987
779.792068 589.758066
781.560770 584.057345
784.818857 436.199355
780.735349 436.937308
786.415216 439.518849
789.356964 441.320760
787.175700 442.452031
792.580920 441.854297
788.564350 442.618786
787.748179 442.737170
785.509512 504.048751
787.715329 497.800755
793.585711 504.948541
791.732231 508.285677
791.387424 506.671332
796.558745 495.861242
792.944708 498.287105
789.787029 502.747093
789.005893 1061.235223
792.718844 1065.427097
799.212075 1067.126715
795.483625 1068.780758
787.401285 1071.978745
788.391111 1066.287270
792.295723 1064.921854
786.860264 1056.535975
796.017152 580.563619
793.254482 574.626511
793.386201 593.194450
794.050504 583.908915
789.109736 581.132890
795.212602 589.285295
793.986640 583.906515
793.152562 584.012585
797.450586 433.441031
802.240565 436.816969
796.138116 428.718965
804.403700 431.110543
792.253250 437.237744
798.684707 432.853974
802.747189 430.727004
800.635083 431.258027
790.868595 501.580973
798.071902 505.045020
792.326388 504.947443
797.998328 501.790668
805.249676 499.108872
794.175431 505.725572
794.107167 513.984252
796.451451 509.556841
798.279947 1060.375991
803.244639 1064.355776
809.732024 1063.878638
804.555790 1064.953119
804.728928 1056.455300
794.945596 1062.594859
802.118995 1063.140493
799.911540 1067.523404
798.236219 588.755592
801.733884 586.010439
800.258492 578.093520
803.779679 584.696558
804.950468 591.966640
803.517720 584.320913
801.066685 584.921106
810.375000 585.798009
802.423173 426.637622
798.385996 433.027840
811.105536 434.885865
806.658077 428.811818
804.013482 422.077670
805.225828 429.468855
809.133790 428.020436
799.551112 425.401098
806.519984 510.506241
804.176415 503.880598
804.684309 508.544313
813.371556 511.205334
804.854207 504.496347
803.580702 516.638456
802.057893 512.020458
813.783368 512.090244
808.440548 1069.064625
810.631554 1060.278580
806.822416 1063.778107
814.321724 1062.954625
815.776126 1054.639079
811.972441 1060.232665
815.184555 1062.299572
810.982563 1058.602472
816.858723 584.544683
812.863946 582.989883
821.097652 588.455193
811.915665 583.827227
822.639380 586.604554
815.828426 587.790215
819.351245 577.502927
810.167818 581.773272
818.957894 434.277247
807.562135 428.228040
810.333804 433.252505
819.761626 428.434263
812.716483 431.495952
817.635090 429.304565
819.963954 431.589965
816.749775 433.675728
813.129902 506.224944
823.975598 510.931754
813.917418 515.814103
822.309352 516.067999
818.691714 506.427160
816.051401 512.362650
823.407326 509.943053
824.542407 507.905342
818.314838 533.360590
813.448118 532.437762
820.507858 527.476971
814.497526 538.915469
818.478430 529.248452
809.176488 530.469596
819.342269 535.880429
816.172789 531.075549
820.201001 1062.122159
820.108701 1061.587840
820.812954 1049.279296
831.495342 1055.890361
819.880663 1060.289052
827.426196 1057.523642
814.742606 1059.177844
821.001872 1057.456562
823.266194 524.963699
828.551635 521.085602
820.091521 524.499029
832.176733 520.808016
816.758797 515.651267
817.545117 525.423659
820.524957 523.001899
824.281852 523.459436
822.494038 543.661970
827.613594 538.860997
831.940342 540.298455
824.680001 539.813380
817.990526 539.917402
831.160434 544.171658
817.199758 539.898890
821.975207 539.837593
824.034146 583.963881
818.071543 590.408491
824.812027 581.933715
823.252070 584.626315
823.112851 589.455581
822.845380 582.764909
827.749655 579.281434
828.797860 589.497985
829.141292 435.360981
824.348765 433.153613
824.094284 433.950718
829.071176 428.381428
823.536465 420.708341
818.818537 427.971201
827.575585 427.188189
824.524403 433.245260
826.869138 511.005502
826.948335 508.899527
820.015165 513.573698
834.939904 505.201226
829.119203 516.669580
829.324254 509.147309
820.715989 507.201294
830.591528 504.628320
833.894798 1062.387758
830.661285 1055.754924
836.158914 1051.153583
829.462669 1051.358533
829.042680 1055.472971
831.671975 1054.848049
829.789508 1054.556783
832.132628 1052.726238
831.410335 547.301923
834.388480 544.718698
840.174036 537.608935
833.408768 541.801990
834.100657 548.167485
839.168370 540.711743
830.656468 543.597256
834.352084 549.554193
834.728737 587.503925
836.770429 582.724327
832.897145 583.561353
829.304921 588.534160
829.078750 578.938236
834.116457 574.605583
835.114582 582.222429
840.694433 579.220423
843.516677 430.938623
833.887428 430.904461
836.781210 429.613919
832.546676 434.422745
842.194566 429.088984
837.121954 436.113285
845.224647 429.842130
832.287610 426.355533
838.152732 1059.458234
843.827032 1050.980673
847.764383 1042.664923
840.858503 1048.846058
843.658256 1044.893064
841.345057 1049.789155
843.961890 1052.645176
835.119048 1055.230002
846.605182 551.498816
843.094304 554.352809
833.301219 549.005160
840.465865 548.976178
840.782207 541.344647
839.175756 555.654259
843.257137 545.578592
851.724841 547.835979
843.227654 593.731829
842.621460 588.865863
850.112019 587.543348
845.857531 583.634121
853.421907 586.540792
841.611137 590.640533
853.716627 582.514317
845.483336 581.933312
853.272400 426.446354
838.930054 423.377216
848.509003 432.794372
848.138817 422.411712
846.964118 428.345799
843.015223 437.590032
854.204728 425.050710
844.962679 426.359064
854.483478 557.161182
847.493603 554.361595
842.116128 559.114804
848.738733 566.932523
849.136666 563.493711
847.395628 557.319027
841.313678 556.493073
854.523598 555.893466
843.763143 561.484398
843.814988 573.586752
848.989673 559.944272
852.932502 566.500124
857.801972 572.355196
844.552349 574.416115
852.827994 567.457779
845.447326 570.439442
850.142875 1049.425293
850.769899 1040.755285
859.942308 1051.724760
850.260842 1041.938724
852.551966 1050.562387
845.138174 1054.470701
853.727515 1044.363194
852.002898 1041.973060
856.819710 428.472794
864.838386 423.597675
855.942314 428.212377
864.441013 430.840793
857.698533 429.923232
856.027619 438.914634
861.190482 431.929996
861.082010 434.103111
856.669026 1046.910281
869.508959 1050.774495
859.899918 1057.470320
865.674900 1054.699159
859.012522 1046.678025
857.284027 1056.788729
858.569333 1059.144109
862.863793 1045.950152
869.249315 428.292934
869.151356 434.643038
871.184469 425.045777
865.877133 430.323291
868.611465 438.609800
868.956557 435.098786
868.632810 432.243914
862.883307 437.925759
873.105161 1047.521866
878.167522 1047.606092
867.244469 1052.522744
861.677303 1047.289613
864.983049 1040.259878
868.718308 1045.765573
866.880383 1045.858237
860.700113 1048.373983
875.342209 433.727951
882.822228 425.107206
875.252363 427.222750
872.190192 425.988208
881.106471 430.748984
875.788713 429.086991
876.943151 425.279766
880.282986 437.098402
880.613182 1045.547215
876.152695 1038.567556
879.949272 1045.249222
882.285163 1046.060444
871.629942 1044.438369
880.806407 1042.670092
885.880118 1048.645117
882.473058 1051.277094
887.911575 426.776010
890.128146 435.654820
881.168465 434.907596
881.424555 427.559585
893.782546 432.436307
881.733754 424.507890
886.828679 429.012591
896.147448 428.983233
890.918964 484.878808
889.762976 483.902246
892.941046 492.373176
885.752255 493.746317
890.832815 475.988541
889.469417 484.286647
893.367133 493.373002
887.791552 486.127089
893.699850 490.457549
890.225499 491.334945
890.708122 497.473841
886.697812 491.723692
885.871640 486.098349
891.921873 493.042777
884.956491 495.702206
890.186487 495.098456
890.194634 1036.578686
891.072055 1033.580876
892.425255 1039.913196
895.108449 1046.531229
888.119937 1039.704595
885.869192 1038.435658
890.501557 1039.613817
890.280024 1040.512964
894.879607 502.975814
894.835821 504.000547
897.323874 496.344735
890.059217 503.747097
893.460041 504.504875
898.859546 509.766085
891.388895 506.354369
893.350029 504.214088
898.626123 536.544314
893.195660 539.451079
893.724153 529.225331
894.877735 529.837137
888.586172 532.418686
897.479039 531.106522
894.845084 530.026435
900.788132 537.554871
893.013610 541.458235
892.283299 542.706402
896.393664 541.463486
894.848052 540.062385
886.117120 538.198887
894.889065 539.953263
901.949208 536.887187
890.689419 535.294856
889.992237 548.288211
893.233361 550.332384
892.442861 547.602631
897.767709 558.400542
897.323543 557.906659
904.419712 551.448587
890.951914 553.221586
895.670637 543.769060
895.770757 429.227015
896.757235 428.973040
897.748307 426.863058
894.677370 431.423961
899.131629 429.702438
894.380858 427.465961
892.347108 429.294488
898.899892 426.963270
895.893859 556.995272
899.600708 562.971192
896.545642 560.332784
897.416318 559.647628
897.347919 560.048487
894.761711 560.079540
896.230670 564.870542
895.154192 559.274406
896.609781 492.854794
899.710228 489.482486
897.599678 488.770111
904.247032 491.774097
901.489124 491.284710
900.311196 489.494391
894.574763 487.376404
898.687413 490.061617
907.145017 1036.184443
896.336316 1039.303517
901.590206 1037.104732
898.327670 1042.589782
896.026618 1047.789396
901.767459 1036.268467
897.713769 1040.467496
896.198660 1047.904557
896.642139 560.799466
903.080152 565.424594
908.148648 566.978475
899.965609 568.256757
907.929295 561.773074
896.062261 576.697609
908.840972 575.155036
895.827772 563.930154
895.195326 510.177723
902.345788 511.297463
905.889529 507.995342
897.890487 505.106695
909.049393 501.888138
904.048552 509.060181
905.041872 508.025232
903.545163 507.375850
898.118744 531.017059
909.429440 523.428017
911.690410 526.978541
901.526699 521.412237
905.111954 524.872769
905.300903 515.549462
898.924233 517.793935
911.159321 525.241036
907.250910 433.864344
906.656598 435.666932
912.862031 428.759116
908.079688 437.848409
909.955427 427.098831
910.611248 424.388821
914.275149 432.764648
909.292052 437.115866
916.432122 485.094382
909.216712 493.476706
907.776301 489.110446
910.866376 493.044025
913.870103 487.179710
904.654680 486.515842
911.368520 498.137647
910.189743 486.459390
912.594407 1032.449369
911.685501 1041.803549
913.316946 1044.375795
904.974960 1037.170477
908.605851 1034.037685
908.882960 1028.025970
907.060212 1043.877597
901.471184 1036.745077
912.981453 576.063298
911.547255 574.576646
911.789410 564.826009
911.520703 567.743782
914.227207 577.323864
908.985935 573.746753
916.891537 577.055099
909.894973 564.502487
917.522825 431.115955
915.365326 428.837473
917.781802 420.925943
911.290192 421.872022
921.666456 428.761490
921.216786 430.259143
916.791834 426.300790
913.635541 428.495832
922.210566 485.063019
924.412998 481.922252
922.859507 485.138502
925.042492 481.750235
916.945684 480.085173
921.023025 487.662219
908.923128 487.415078
920.182374 479.110495
917.992331 574.584605
913.198521 573.188311
917.497430 574.017185
920.175821 579.822817
923.635868 580.316984
914.836273 587.172572
924.052005 585.901702
918.589522 573.413292
920.244148 1034.898368
926.247619 1038.377332
923.159227 1034.085145
917.362931 1032.779562
914.772081 1039.997609
919.179184 1030.060849
919.697329 1035.158947
913.301987 1037.501144
927.002611 430.192684
924.242380 428.108587
927.507062 431.033178
934.900433 425.682528
922.912780 426.882295
932.666630 426.594099
934.656231 426.371291
919.723341 432.825740
936.028809 484.802085
932.287399 481.731274
927.246841 484.058468
933.853116 484.460681
929.436098 483.219866
934.362034 482.899179
923.975604 483.423935
928.782516 480.031850
923.531930 581.922407
920.385001 576.488690
930.645000 577.848524
930.355390 587.379342
936.199693 584.328529
929.933317 578.578854
928.171676 579.080544
926.494755 575.498429
935.572368 1040.092609
930.754278 1028.031255
928.578419 1029.159638
937.875586 1038.848486
929.981324 1041.679406
922.245322 1038.433250
929.679662 1033.411381
927.721434 1037.137801
930.571089 428.109838
939.230525 432.063507
941.509271 432.346362
933.364920 436.037889
935.892081 429.535849
934.688365 437.762289
935.697023 432.135837
928.527002 426.376804
935.417090 478.301622
944.771622 485.050822
944.188863 472.600408
931.020351 483.877793
933.739090 477.995817
929.544910 474.352894
937.450581 476.672097
938.140194 486.915193
940.748348 585.414872
940.431862 575.754944
940.572005 578.725303
940.323684 578.875293
938.538986 588.666750
943.318605 584.444137
939.280630 578.281564
936.245548 578.481116
938.894507 1028.240721
940.154612 1024.811936
941.449755 1030.438557
938.831424 1026.636651
944.585486 1029.092413
947.616281 1024.389947
936.217946 1026.038877
941.339021 1029.475823
948.900804 471.322650
950.414594 471.853726
945.010066 469.319502
938.443152 477.098990
949.908397 469.244076
943.904963 479.368557
951.978777 465.495179
946.401412 473.199522
942.203201 432.306106
953.108243 431.699144
949.220958 442.730603
950.826160 438.225500
954.706749 429.882051
949.475732 430.068826
951.679507 428.867792
939.537052 435.284568
952.494408 465.119492
949.011801 455.333362
945.408110 453.140813
952.189130 469.165336
949.763870 464.355722
949.931828 460.000073
950.499400 466.365898
950.602976 457.797552
947.269475 583.100181
953.112225 581.738683
957.153357 579.416588
954.962322 579.432294
949.214270 579.967435
949.987869 578.533281
947.275498 580.483420
940.744138 578.340314
949.945268 1025.632039
955.640060 1017.178005
943.829813 1030.300190
947.350421 1024.446457
949.385483 1025.095000
949.469327 1018.248827
957.722081 1024.488818
949.538324 1024.356737
953.466721 441.525322
952.859132 438.431077
947.400483 444.538187
949.700205 444.772087
955.106160 441.756713
962.922370 445.265341
961.606613 441.794599
954.482150 440.077108
960.268776 453.857612
958.005360 452.354306
961.547418 452.261063
952.816763 452.142106
958.463151 448.407497
949.326390 458.006259
953.947034 451.306857
962.483660 450.603590
948.820677 1018.737729
960.631238 1024.718313
959.400753 1008.144573
960.396378 1013.537014
956.938585 1017.812075
958.218968 1017.572929
966.875076 1018.090092
957.045558 1012.168898
955.057863 572.924512
958.002081 573.846983
959.002380 573.998605
959.630631 573.653580
959.793349 575.398367
961.366435 572.448623
952.029097 578.098898
958.359901 570.737989
965.620474 980.982072
962.117134 979.757799
964.753246 977.747369
957.646296 986.470073
958.265429 983.058013
956.734406 974.157047
967.925926 978.735504
965.437142 980.078655
959.261072 991.173847
969.143363 989.037514
965.381769 985.759426
965.097199 989.676206
955.130732 989.106124
962.396336 992.723828
959.144293 987.309168
955.114073 990.550033
960.949684 1001.128877
960.407938 1003.127812
956.265083 1000.823685
959.366366 999.714638
964.531999 1000.262126
955.182895 993.830666
956.547723 997.348066
963.463261 992.746790
970.625668 571.519369
966.891820 565.841833
963.949494 564.000043
960.123229 561.891008
964.263828 558.545503
956.578017 569.622265
965.132671 559.148848
966.467125 565.481368
975.463557 973.013590
969.827592 976.311518
968.506262 967.405845
970.726434 981.060856
979.003106 975.465058
968.212505 974.567522
965.333665 971.657399
972.119235 976.348225
974.238721 555.848028
980.109045 563.167310
974.965979 563.524455
972.996502 559.087417
974.349062 568.577726
969.412741 566.823208
973.163071 561.237819
975.222824 566.248387
987.539317 969.554771
975.254513 978.964779
975.808802 977.529201
976.268941 980.005656
979.356061 973.712477
974.569555 966.667784
975.483527 967.609039
980.051085 974.707729
982.556850 555.368915
983.644136 553.126905
981.260696 549.949513
977.586976 553.113893
982.163845 557.047828
985.408391 550.984623
984.077679 554.284010
981.346452 552.875536
997.689056 971.014868
986.430344 979.927270
991.314049 969.887200
987.022872 971.147995
987.367452 971.325106
989.484663 978.115683
991.644074 972.851636
987.906811 969.692250
994.166222 550.341472
990.858201 555.995949
988.081960 552.268671
994.327416 547.828957
982.742529 552.072288
993.441465 551.204842
990.949301 548.992480
992.875869 548.976774
1005.213200 978.699368
1006.489698 967.685023
993.408441 979.159434
999.070863 974.118613
996.707949 967.411831
994.132663 973.580813
1001.572875 978.703801
997.013691 974.262785
997.047707 549.772702
1001.456046 550.170297
1003.575968 544.688463
1005.685221 549.253615
999.209120 558.307483
991.361079 549.520106
1002.507753 552.240100
1000.821402 548.504465
1010.234506 982.673822
1013.171418 982.817904
1005.823805 978.327778
1013.486312 982.954794
1009.648216 970.051954
1008.997194 980.851491
1011.856409 984.703587
1009.606310 976.476171
1010.853549 556.375577
1017.213408 551.038748
1018.891457 553.143659
1010.556139 543.434416
1011.322396 545.988397
1012.292902 551.301644
1018.575591 543.424479
1012.641774 540.080686
1019.172000 972.704710
1020.775808 966.318772
1018.832410 972.199166
1019.145754 969.183633
1025.533914 977.750225
1024.091147 972.105922
1019.870041 977.020599
1013.446012 981.418213
1021.749790 548.193229
1022.572143 554.982163
1018.942937 543.919892
1021.005517 549.346649
1021.517012 554.001962
1018.750746 549.787212
1016.782786 553.783091
1027.974246 550.789297
1028.309434 555.641675
1024.521621 552.236695
1027.502584 555.131766
1023.083427 555.074005
1031.744517 551.491190
1023.491012 555.041737
1031.768875 561.102246
1027.810961 558.569134
1023.883963 969.039093
1033.089062 971.095320
1029.523630 973.796219
1034.058687 972.600109
1033.287905 968.930647
1020.531514 978.103369
1032.369258 972.845120
1021.517598 979.900694
1037.707542 553.280852
1038.619237 558.146088
1039.421803 555.303901
1034.255732 552.460901
1039.942370 555.536532
1042.540501 548.411706
1036.308902 558.780303
1036.753340 558.158523
1043.444930 973.314202
1038.704705 969.149906
1033.777280 974.822753
1040.329287 979.011681
1042.970104 968.502430
1036.651041 978.503886
1041.467359 974.089577
1039.225063 972.590279
1049.620243 561.819822
1055.622339 565.898821
1041.457511 566.214385
1048.214927 553.731863
1044.932510 563.129036
1048.805557 562.087477
1051.812982 557.486108
1047.867337 568.070054
1050.549038 975.038967
1045.670103 974.515860
1049.683685 978.366081
1055.963201 968.087028
1051.440746 979.283905
1047.008289 980.184251
1047.838203 973.766994
1054.487435 977.990771
1059.686151 568.216830
1052.475970 565.551163
1051.112064 560.869030
1056.210953 574.095119
1056.688780 563.312307
1061.904106 562.062311
1059.237683 571.667291
1059.799688 561.267795
1059.922202 978.951350
1060.633284 973.744732
1057.889168 975.864334
1053.775721 976.654633
1058.198386 973.727884
1061.083191 979.521890
1051.411414 972.651220
1051.844065 974.525399
1076.045329 567.560875
1066.107656 569.137200
1064.825068 564.440648
1067.949627 571.351648
1071.096353 571.979191
1066.080560 564.432939
1065.722212 575.630954
1069.032129 567.861639
1074.210905 976.777665
1066.300647 973.266806
1071.959324 973.072411
1070.280223 972.583266
1075.890255 971.916368
1070.303299 970.714298
1071.405724 969.187569
1065.586737 980.939430
1073.217040 580.241418
1074.487502 579.450378
1073.639279 576.533491
1083.102279 574.007918
1081.791178 576.523053
1074.314382 576.775791
1073.148043 578.376859
1073.007521 579.621842
1080.863618 977.942522
1089.785997 974.866845
1080.651657 979.382784
1078.393545 970.153399
1081.865330 975.960042
1080.530600 974.473145
1073.820987 981.625990
1071.777011 974.771156
1091.415938 578.379705
1087.979248 582.147873
1082.731868 580.192083
1091.874555 585.235453
1091.952973 586.890325
1084.659915 583.981360
1085.105068 581.513146
1084.275719 584.477165
1092.846002 655.851176
1087.548148 656.774883
1090.055834 659.948690
1093.532553 658.339625
1092.412448 668.723734
1084.786472 661.901434
1091.343453 658.484939
1096.076838 656.838202
1088.388534 666.101442
1088.861718 668.538469
1085.120738 675.524055
1087.222700 676.317072
1090.279787 660.096922
1092.293054 668.509493
1089.591015 663.668135
1090.710914 668.297508
1095.704186 676.630293
1087.654734 685.560989
1089.482351 688.844750
1087.913540 683.460335
1087.369207 678.646055
1088.527982 686.850811
1096.906109 674.870060
1085.969103 684.177257
1085.247969 983.774902
1089.572074 976.133040
1081.873101 976.310727
1088.162100 967.978901
1089.871326 973.153067
1091.916932 981.535063
1093.283210 971.169593
1086.681161 974.707012
1095.557280 586.059661
1100.876073 584.730558
1093.137335 592.360527
1095.894405 585.238131
1102.642196 589.540493
1096.988131 581.292734
1088.519453 584.485340
1094.141795 588.569793
1095.489261 668.064691
1103.554784 663.286767
1092.548330 659.485373
1101.846690 654.423981
1099.832056 663.647503
1107.294949 665.831886
1099.095390 660.017473
1098.563161 664.927703
1093.291191 686.226606
1103.547837 683.702906
1102.776979 691.538231
1106.790419 688.888607
1094.896816 683.312849
1099.901521 681.790296
1108.941429 681.243755
1097.010019 682.023644
1098.839061 975.938226
1101.854935 977.512418
1100.508414 972.544701
1101.051903 974.936924
1097.795048 972.803455
1105.803366 970.958972
1105.922839 973.677309
1097.538119 969.767852
1113.252135 592.790170
1099.661645 589.102228
1105.880654 579.609339
1107.988163 586.921573
1100.442732 590.498060
1111.613780 584.560788
1103.594229 588.127773
1113.906565 588.535893
1105.164179 660.755082
1117.241650 661.060270
1115.866395 653.478884
1102.210619 654.029917
1109.504561 660.461888
1105.538087 654.561885
1110.079658 660.678434
1109.021412 662.752784
1110.069192 685.610241
1113.983562 683.519094
1115.077369 686.563686
1109.105032 685.865513
1111.189694 687.375491
1110.215315 684.672687
1106.488127 681.948541
1117.070876 686.669787
1117.333974 973.185198
1105.034905 972.651521
1109.961761 975.092119
1112.055456 972.912553
1116.110019 982.206948
1102.721602 968.569733
1105.514103 977.934428
1108.394418 984.467064
1120.635003 583.096357
1112.802275 582.680871
1120.398914 587.908428
1113.456553 589.591114
1112.185494 581.954540
1112.856413 590.520747
1113.133414 591.990385
1116.749717 594.019233
1116.840508 652.763791
1119.787868 659.139569
1116.874615 656.246141
1119.670697 660.045959
1118.690414 660.691814
1119.366309 661.156219
1118.015875 659.377457
1119.959101 659.861319
1115.534150 680.731131
1120.924260 684.048157
1118.805611 690.188120
1121.133896 685.719924
1121.271776 684.986127
1128.549836 685.757713
1112.111381 689.563842
1118.990989 678.392043
1124.848990 849.111737
1119.094743 844.620246
1129.009382 842.053598
1115.998803 847.952203
1111.539047 840.163550
1119.515955 849.093287
1111.886348 841.405774
1121.302001 844.048076
1115.002181 861.439881
1117.446910 849.393910
1120.965978 856.467812
1118.594028 854.431407
1117.390576 854.644666
1124.774102 850.162853
1121.654405 856.852838
1122.399774 852.676371
1126.467422 866.800198
1119.799075 865.124932
1125.246440 862.676122
1116.699041 855.657939
1118.390378 869.521414
1126.069049 859.742767
1115.915512 864.908202
1119.606462 862.633049
1113.550334 873.455566
1120.410597 875.298243
1123.382288 879.257367
1118.205077 877.557328
1122.707330 868.536110
1119.920523 880.844745
1121.140474 874.161012
1124.737770 880.711639
1116.594433 979.724199
1120.273566 976.118732
1127.776884 980.752631
1124.085126 970.287502
1116.263181 972.508012
1113.408184 969.646654
1118.967078 972.263015
1127.683620 978.567969
1129.064385 589.687336
1124.880319 588.989669
1123.415163 585.026845
1122.088200 590.352562
1122.871008 586.721689
1116.703497 584.158455
1125.138826 580.655585
1127.823122 587.315461
1124.773555 877.996834
1121.945939 886.568028
1124.680238 884.573656
1129.783474 886.418876
1133.248645 880.362143
1117.249804 889.391196
1125.111578 878.769821
1124.769174 888.139983
1136.179890 652.332329
1126.029742 651.948539
1121.510013 654.051837
1131.640542 663.821641
1128.251945 657.536523
1127.999998 655.282175
1130.974576 659.326239
1137.542898 651.013854
1129.027413 835.870153
1134.123072 832.894003
1128.191481 836.099303
1125.355917 839.704806
1130.945892 837.213643
1125.644314 836.600310
1132.139071 835.820825
1130.864997 841.500710
1130.464107 681.469972
1131.053687 682.833197
1131.987221 685.171548
1137.251521 688.860856
1124.848428 688.648513
1127.334129 691.879943
1133.196105 683.070560
1130.653780 684.744919
1130.469811 974.901271
1125.585430 975.224684
1138.811213 973.202243
1132.716890 977.473309
1125.719344 974.416260
1124.890074 972.605412
1131.964479 983.723262
1129.170181 977.493498
1141.210194 594.316210
1133.093099 590.698385
1138.486642 581.988472
1130.932761 585.226000
1135.932042 588.487387
1133.542572 590.340778
1137.513080 596.881885
1139.536000 587.186578
1138.815351 882.113122
1126.364337 881.195557
1138.065676 877.460762
1131.933754 880.177779
1132.046194 880.474698
1138.349329 875.412077
1135.848660 883.680962
1135.343474 886.229316
1131.567946 652.922511
1140.947713 649.331706
1135.698083 653.704280
1142.209472 653.034051
1143.681947 648.081611
1134.080423 656.214360
1139.901631 652.248491
1145.800092 657.335555
1133.629541 843.999720
1138.658778 839.359218
1139.238066 836.670235
1140.489067 833.781006
1134.383936 844.874151
1140.847901 837.684107
1135.950844 833.334416
1140.151350 837.664549
1142.673658 677.891728
1140.097110 679.286644
1147.945837 680.919950
1141.175468 692.626331
1135.719178 690.689679
1133.305660 683.051320
1137.805353 685.228589
1141.332272 685.052122
1141.211957 969.649175
1147.501514 966.371306
1147.186980 972.419447
1134.343419 971.198091
1140.472440 964.971588
1146.109455 966.393726
1140.495924 972.111038
1137.906603 976.267690
1141.630822 873.513134
1133.982756 876.074367
1142.815048 873.818592
1133.480466 874.096399
1135.239448 875.325259
1136.905409 874.807321
1141.848653 864.517759
1135.873774 868.186110
1144.084126 588.938117
1137.378922 582.010991
1142.820856 596.322521
1153.453717 588.071976
1144.106009 581.547590
1151.944863 584.527501
1151.130142 582.964016
1146.119895 585.030945
1149.418784 655.377499
1150.529280 654.447836
1149.097358 654.762301
1150.158420 654.582879
1157.539852 651.425084
1150.734865 654.219205
1147.981423 654.843260
1150.726594 653.567161
1148.504499 679.161985
1154.937232 673.866290
1152.769038 679.286312
1150.934498 678.798235
1157.588542 683.979247
1153.879667 675.622903
1149.274588 678.920443
1148.726595 679.601877
1150.407385 841.744170
1154.705242 842.392368
1148.111246 830.940641
1150.800030 834.776112
1149.683479 835.791045
1156.050821 833.823461
1153.741503 834.032570
1149.027566 834.150811
1149.819967 960.959695
1147.717286 968.794303
1146.673544 968.038507
1148.334450 966.083431
1146.532363 971.002343
1147.832047 969.614512
1142.394025 972.217964
1152.741438 967.867433
1149.350819 870.499257
1151.252511 869.705081
1153.001500 873.953270
1157.651316 874.795567
1152.310886 875.029507
1146.004600 872.887534
1155.023981 871.737316
1148.850170 873.350655
1152.346284 585.735635
1162.610430 590.682314
1154.101889 596.210350
1156.313426 595.465048
1155.907336 589.955725
1153.254900 593.660067
1151.851886 588.522945
1154.467032 590.633561
1157.894584 653.070044
1159.867459 652.738135
1157.145249 661.402254
1159.962494 654.407610
1165.734953 656.135824
1154.926601 658.174232
1166.650821 655.818593
1164.069862 649.851367
1162.303089 677.583404
1157.445626 676.814831
1151.190162 677.384504
1159.672006 675.002052
1155.434513 678.814405
1162.310913 677.289751
1155.709156 675.955964
1159.683821 677.953739
1154.817257 839.414430
1161.339542 832.769103
1160.750246 839.953786
1155.704632 835.361877
1163.255417 834.953814
1164.497509 832.732576
1156.020204 832.354131
1162.197217 837.132301
1163.143705 968.261608
1165.667177 958.868674
1165.777096 969.829361
1161.979578 960.890546
1155.216108 972.386022
1164.824948 959.449714
1153.310866 970.436725
1159.565001 966.412923
1171.141883 869.066648
1162.325075 869.222135
1166.755077 868.759045
1158.279552 875.736741
1155.777135 868.116370
1167.216492 872.368466
1158.387490 862.543754
1155.456667 871.137148
1164.222330 589.187237
1165.918586 597.467162
1163.834597 588.908007
1162.997157 595.818578
1163.625132 598.209907
1169.314547 581.882255
1168.949560 590.130891
1166.131067 584.623650
1171.980974 642.817760
1166.059721 651.358334
1169.046146 651.775810
1165.347343 652.147834
1165.964851 642.603376
1171.325668 653.300098
1168.969478 653.269421
1173.308721 647.402663
1173.738360 677.748318
1166.162276 679.465229
1168.809792 687.076709
1174.956400 685.114420
1163.034828 675.453927
1171.386736 675.545439
1173.143270 682.221659
1167.180064 680.471360
1162.466380 829.571442
1169.625621 823.468801
1166.346820 820.803402
1178.431949 830.926451
1166.476174 829.612003
1175.497065 835.005932
1160.283827 833.067511
1168.553918 825.426725
1171.021955 960.037697
1175.370998 958.524292
1175.793789 965.217369
1171.099301 957.931263
1161.496816 954.898836
1166.210437 958.018398
1169.818057 961.005594
1167.531123 967.338230
1164.326411 873.400498
1174.684585 861.085777
1171.161363 868.266169
1173.051406 863.343395
1174.286551 873.123734
1172.012553 869.175974
1178.297585 864.164832
1172.147225 867.370338
1172.005637 588.613975
1182.827237 587.723774
1171.417773 590.340453
1172.580179 590.265176
1174.545415 579.138126
1173.068756 588.709987
1177.147542 579.968392
1172.700804 589.234403
1184.199771 648.213154
1177.658250 640.951127
1187.432601 648.990519
1179.542028 649.723033
1182.999979 646.554711
1172.789169 639.702131
1178.469447 643.391079
1174.963426 641.194024
1173.878246 675.152926
1173.129333 676.999599
1176.703390 669.678067
1178.985563 677.924917
1179.143922 674.728234
1173.235714 686.920613
1183.254938 685.613937
1176.272096 686.027376
1172.559284 824.667360
1179.364900 836.107083
1169.973089 826.262647
1185.275801 824.731113
1178.998344 837.398069
1179.004631 833.842771
1174.684329 834.136305
1174.790691 838.350381
1177.258641 958.670748
1182.284587 958.087947
1173.065653 960.791721
1180.977982 947.549378
1170.192629 954.218412
1176.752482 955.276444
1180.332372 955.787070
1182.676331 954.058331
1177.719857 870.013065
1184.537070 882.567741
1176.235622 874.551533
1183.139101 873.841329
1179.620472 874.664330
1188.834291 880.000088
1177.833189 880.628234
1185.167603 865.780842
1183.979392 589.012431
1192.473734 586.331698
1181.279620 582.859768
1183.265877 581.500132
1176.121338 587.145973
1185.968417 592.260135
1177.397297 581.818936
1183.530236 589.345297
1191.499801 943.575608
1185.785579 945.415610
1181.840227 947.034347
1183.852339 937.456135
1184.460155 946.800969
1184.328961 936.292402
1179.347279 944.030085
1192.862019 943.945397
1197.329086 673.235183
1191.766610 671.666791
1183.129366 675.758885
1197.479798 672.350577
1185.397780 679.431199
1182.504052 668.688207
1180.976154 669.000466
1192.388778 671.572084
1192.999045 643.631240
1189.460446 634.781817
1198.546001 640.641691
1194.943011 635.644838
1190.019329 639.059852
1190.830319 643.050187
1185.386104 636.714465
1186.286996 641.023672
1189.603283 824.893580
1196.216413 826.380224
1190.236037 827.146074
1187.335384 834.473074
1190.117049 830.801519
1191.535850 823.664874
1197.094301 829.513304
1181.789225 831.841496
1188.527105 880.170225
1193.797958 876.575914
1188.870805 876.858312
1192.297217 877.984310
1184.592395 873.626271
1199.828335 878.605736
1189.221243 878.225661
1193.125539 879.418580
1188.242155 934.643720
1192.146779 935.874960
1189.866912 935.045296
1186.387884 929.563726
1188.751887 935.051369
1186.261739 938.710840
1190.836098 944.366679
1182.503627 937.164933
1187.813722 600.585736
1187.241926 587.759908
1192.050860 602.958878
1200.709213 597.218429
1190.837620 594.801380
1194.270733 597.785390
1184.079696 593.209153
1191.482174 593.211130
1194.442643 887.275570
1202.434649 882.394862
1193.089876 890.070194
1195.850953 890.982592
1193.380173 890.010714
1196.471852 894.259004
1193.487725 896.861704
1204.326286 884.666624
1204.075643 924.640775
1193.191496 925.955711
1196.172156 920.738075
1195.280201 915.637787
1196.227393 922.024485
1203.253096 920.425392
1197.354090 920.303603
1198.643963 919.141630
1202.644677 665.967448
1197.410868 669.160113
1195.627242 679.144010
1198.745851 670.759396
1200.123045 676.944339
1197.548822 670.141708
1197.150031 673.570288
1191.426478 669.550503
1197.972596 821.451234
1198.208290 824.801028
1197.857942 825.134277
1195.202526 825.845354
1199.302717 824.710300
1200.349120 827.056353
1197.774601 824.983986
1202.615027 818.317966
1197.141584 630.278694
1193.325036 631.511509
1191.612427 635.823735
1199.234476 638.875727
1200.070809 636.963543
1195.742453 636.918017
1190.916179 642.094743
1196.008394 632.327484
1200.325389 897.387561
1205.713468 894.364817
1200.370423 896.408164
1198.807639 899.428099
1192.127542 902.625982
1194.920165 895.993555
1202.078584 902.987235
1205.260577 898.219192
1200.923322 907.141094
1202.615960 898.558579
1198.324932 908.300124
1203.025613 902.654941
1193.950066 907.971987
1202.997824 900.780263
1205.424460 905.849547
1197.208970 898.179034
1201.365390 600.487691
1203.662244 599.756276
1193.959792 600.755499
1195.091989 599.394801
1197.104077 606.046890
1206.696796 591.596687
1205.506750 595.916710
1198.378829 589.864131
1212.002292 631.363225
1212.633732 633.955518
1206.589595 631.831161
1206.302863 630.668207
1204.476896 628.327638
1207.961229 626.615074
1207.394554 628.630142
1207.938059 629.554266
1200.817765 677.037667
1208.088365 674.155756
1208.444781 675.795959
1206.305682 671.882273
1210.294976 672.834796
1205.282702 679.922771
1207.907226 674.131620
1199.935858 670.785986
1206.235372 817.304157
1205.809544 821.730683
1205.460989 824.322036
1214.428969 826.003899
1208.471325 825.125607
1208.000281 826.342151
1207.464987 825.416389
1201.732291 827.739212
1211.234158 603.852323
1210.276956 601.962988
1216.899406 605.764797
1208.074226 613.872823
1214.938833 607.663207
1211.876086 603.232313
1209.289274 602.537654
1207.870126 610.520445
1214.116909 613.840616
1211.728913 616.686292
1207.558335 624.270802
1209.138095 623.624067
1205.889228 622.836446
1206.941712 611.945376
1211.738216 619.194932
1214.970431 614.284322
1219.237785 665.013520
1223.770538 668.222420
1217.840827 665.829413
1221.215446 675.176931
1214.585217 677.296965
1221.940217 676.496865
1217.945140 673.415075
1225.000877 671.642635
1219.776117 825.545705
1211.599651 825.977933
1215.773371 826.286816
1223.031523 820.984797
1218.253990 825.445869
1223.540026 824.630294
1213.734775 821.076830
1227.170008 823.835730
1232.191682 824.439876
1221.697490 827.871764
1225.092270 821.155530
1226.590700 821.156923
1230.453818 829.325404
1218.323223 823.717377
1225.890539 818.554824
1230.569894 821.167521
1230.991095 673.799520
1232.328339 673.772983
1228.317408 673.951963
1223.823081 675.147437
1228.584774 675.850309
1227.925845 675.387590
1229.784722 664.971960
1229.412118 673.540747
1236.934095 669.463025
1231.800870 672.436790
1240.167246 662.430611
1238.244162 661.587393
1234.622265 673.359550
1234.628750 672.879431
1239.634195 669.164572
1229.125500 668.222756
1238.986464 816.661258
1237.552793 820.793330
1239.009442 817.398188
1234.693881 825.739301
1234.167347 827.868731
1234.001910 825.910954
1238.842741 821.159199
1237.798974 826.356813
1246.115501 815.636497
1245.893990 818.562131
1246.955111 808.581684
1244.373302 809.678526
1243.262920 817.479719
1246.773019 814.401528
1242.028331 816.224528
1244.919697 812.718218
1255.936577 668.002283
1248.492946 667.438114
1247.367822 669.016076
1246.284140 669.184044
1245.844090 676.332293
1239.832506 672.758123
1247.000594 668.980457
1251.202126 677.497092
1255.758040 805.898306
1261.944600 814.494886
1259.835732 813.157802
1258.614535 814.833939
1252.052593 805.927432
1250.399091 806.754498
1254.793443 817.570239
1261.364250 813.742208
1251.853608 661.851420
1261.346899 669.616741
1258.139116 670.874124
1258.303527 668.562512
1256.139952 660.081251
1255.273241 673.075972
1255.541162 674.407893
1250.053617 667.557031
1268.336212 809.636356
1266.062762 807.171682
1261.506492 808.907470
1257.896107 808.176511
1271.929570 811.004536
1272.049417 813.867532
1267.760237 801.945146
1259.235997 809.971578
1271.220819 667.183902
1265.996275 668.589595
1272.500068 665.090286
1268.962886 666.926357
1271.564513 662.578739
1265.338205 666.531966
1266.930382 669.285778
1269.429819 662.864335
1271.159848 805.200829
1280.742167 805.684665
1269.864938 803.106674
1277.577144 810.311828
1273.801441 809.557014
1272.801462 806.303316
1274.226349 804.498053
1270.038732 805.331094
1285.938590 673.359433
1280.071646 672.300616
1279.573228 668.852925
1276.290112 673.192742
1279.530169 670.302910
1274.825774 667.000582
1280.330868 670.019668
1276.659210 669.165699
1282.277531 797.380783
1284.466293 805.527518
1276.464023 807.496583
1285.264256 805.262470
1280.267638 802.558722
1284.957612 805.043046
1284.557875 802.444167
1287.187495 801.733047
1285.565658 663.280253
1279.756387 667.285714
1278.140405 667.803749
1290.789151 668.315618
1285.381189 665.223748
1284.690114 661.957330
1285.220067 667.745726
1279.531681 673.697960
1291.780181 797.242122
1292.597362 800.087350
1293.516435 800.691889
1285.111373 798.570296
1292.660884 797.893309
1292.692508 799.421659
1292.853110 801.706040
1296.376304 802.327722
1293.956532 661.814603
1294.511458 671.417391
1289.968698 667.833138
1296.908946 669.227565
1297.407294 677.871006
1295.390761 673.341357
1295.577529 670.977867
1294.517201 671.710111
1302.924877 795.776204
1304.339109 795.477085
1301.656348 791.619133
1302.604811 792.266353
1304.918995 794.217709
1300.053562 798.110193
1305.514354 793.795281
1296.684204 798.588170
1306.164507 660.043324
1304.796924 675.237367
1299.877790 662.052867
1309.768367 667.589085
1315.539091 671.680142
1309.125851 673.816753
1310.547186 669.005467
1310.216304 667.446814
1314.522240 787.299030
1320.038588 790.776727
1307.002914 790.755345
1311.348739 786.800396
1321.152897 795.650421
1314.007952 792.054613
1318.512387 794.659220
1314.545945 791.796709
1318.858159 656.278527
1315.948620 663.900947
1318.466403 666.612316
1315.582750 663.809697
1314.569390 671.353645
1321.759518 670.034171
1321.075158 657.694252
1314.459986 662.336082
1323.256157 785.009789
1330.772067 787.383434
1318.373074 788.652821
1326.535596 784.050780
1321.838065 789.494062
1318.135168 787.021261
1321.298039 784.930670
1328.169989 787.625912
1316.586454 664.266275
1323.532321 670.238310
1332.267275 659.417544
1325.831668 665.556978
1325.894698 663.796720
1321.726768 668.272509
1329.244589 657.206182
1325.139627 668.493943
1336.774138 781.588164
1337.578192 787.499958
1330.259787 780.322621
1332.738794 786.901784
1329.143296 777.921739
1335.902827 787.355674
1337.659378 785.157554
1328.110420 777.090111
1329.824195 671.583275
1336.289785 661.164120
1337.013038 665.256824
1339.313964 668.156746
1330.178687 664.955520
1332.053095 662.047089
1327.568350 660.778343
1329.332607 664.416244
1346.860977 774.726614
1343.527490 786.093221
1346.020157 776.075776
1353.222463 774.237235
1350.796988 780.474053
1349.153863 783.949388
1339.835033 772.660940
1341.139977 779.674918
1342.951393 665.772288
1351.674846 669.028946
1346.519117 670.842454
1343.153074 664.604255
1346.881338 664.370587
1354.900082 661.088663
1345.267060 659.709710
1341.085432 664.253723
1349.036635 763.511559
1354.286912 768.214219
1347.547279 769.828701
1358.850694 766.604415
1347.624109 771.943726
1352.513176 770.267792
1353.003709 772.792642
1353.677646 771.155019
1354.964513 658.893571
1356.782153 657.436274
1355.310198 655.103141
1352.658993 649.943572
1354.442876 661.714285
1354.805028 659.012988
1349.551109 656.875022
1358.074408 661.649047
1363.603023 767.171942
1362.850020 766.696364
1365.432927 770.000177
1364.041016 766.984791
1364.068589 767.060380
1368.095329 766.142091
1365.989179 766.184602
1363.072718 771.982296
1370.483528 652.984652
1356.217203 660.690405
1358.686177 652.031632
1365.309320 658.609962
1363.961185 655.455918
1358.017149 655.635916
1361.695995 665.301256
1365.268284 659.125990
1372.692299 772.339453
1372.580143 760.621040
1373.556623 756.264438
1374.919279 765.823766
1374.057616 765.034742
1373.271252 761.681614
1366.632569 767.955944
1373.127627 769.355759
1370.906956 661.383225
1368.437970 659.628092
1370.483478 654.597903
1366.679543 659.763399
1371.787195 666.234161
1374.971336 658.223331
1375.325099 654.225828
1380.468617 657.387336
1379.193788 764.324932
1375.638214 763.828788
1391.932873 760.967994
1375.191073 766.637598
1374.626714 764.279379
1393.703674 761.846478
1382.554736 768.480016
1393.090327 765.400594
1387.887862 656.946958
1381.626157 652.334114
1387.674258 664.720321
1385.069140 659.354983
1391.259348 656.131840
1382.832045 662.364038
1386.286513 658.973118
1381.416932 659.826312
1396.742599 757.684801
1387.758149 759.159299
1390.607019 751.611364
1400.203088 750.590015
1387.877788 762.714866
1394.559884 765.499225
1395.687254 755.071569
1392.424257 758.954245
1399.449380 659.530204
1396.054975 656.422192
1386.786170 656.874291
1400.149229 665.457590
1398.344350 653.975408
1395.696122 659.705232
1401.463340 652.984707
1394.220500 659.819606
1399.573744 761.027581
1397.445957 747.918608
1407.212601 753.801894
1404.927787 757.361004
1400.288189 756.694363
1412.292543 751.268582
1404.598241 753.376303
1405.401116 752.038399
1406.335543 661.126679
1399.503913 661.563470
1405.435883 659.250641
1405.621155 659.342770
1409.840272 660.582772
1407.785705 662.304427
1402.578055 662.981125
1397.550884 660.599146
1411.933402 760.722643
1414.062570 758.321344
1413.271890 750.336875
1413.176994 750.699782
1411.256808 752.691757
1406.695775 747.110685
1414.645453 752.150392
1417.520035 750.341214
1422.575301 656.039599
1413.185556 659.568330
1410.366228 656.446836
1414.716553 658.016806
1421.951215 656.663948
1415.208224 658.067093
1413.628252 656.387781
1412.296738 653.316935
1429.782671 746.521585
1418.592706 742.117780
1419.775544 752.964191
1427.619419 755.433050
1419.256374 746.862650
1423.664375 756.292523
1429.974331 745.492645
1422.770306 746.794482
1424.243129 655.725271
1417.864580 660.136028
1432.551866 662.381593
1425.590301 660.849301
1425.584203 658.613732
1429.629660 657.545280
1425.914602 662.890721
1426.666744 650.783793
1439.307469 733.543434
1427.941120 746.187750
1432.096883 745.242229
1430.696756 738.722241
1434.708822 736.255739
1436.297414 737.491956
1429.498078 740.544314
1438.503014 740.958136
1430.279964 658.596931
1436.959529 648.744805
1432.755541 649.377169
1428.909651 652.231035
1437.122612 649.467905
1442.038878 656.194769
1435.248364 653.988401
1428.479598 651.508006
1441.095806 738.159129
1436.878993 743.488331
1447.098853 738.557267
1443.075937 749.019214
1438.170601 747.306701
1444.304937 735.530457
1439.400870 736.483265
1447.248641 739.459939
1436.905891 646.657151
1445.126610 650.588073
1443.961430 652.226957
1444.658334 650.731152
1447.936662 654.999227
1445.149761 653.546081
1443.886493 660.090213
1453.898605 653.353487
1454.237626 729.260988
1451.404029 731.278549
1448.297984 729.066331
1448.122400 734.550068
1449.109112 730.710454
1450.276088 726.272803
1451.960872 735.407870
1448.666753 735.418262
1450.845516 649.567672
1454.842244 649.584736
1452.818885 649.719656
1452.016947 645.194207
1454.058318 645.681963
1449.193087 643.397587
1456.016992 646.229870
1448.710938 651.826105
1460.207135 739.167526
1459.232280 744.037739
1467.388562 741.779670
1460.485209 733.438155
1469.336362 733.624384
1455.498269 734.937981
1461.105032 734.029675
1466.270132 738.346760
1469.039039 650.256449
1461.850780 640.142034
1472.627461 646.526677
1465.407533 643.512943
1460.434373 654.678874
1464.132115 648.828728
1471.332581 643.529351
1464.241592 642.194171
1474.822700 738.186022
1460.211073 729.560070
1471.395723 725.483962
1472.950836 736.780642
1470.300670 730.904850
1469.663536 723.109872
1475.810772 724.834700
1469.143261 729.502142
1475.559776 640.875147
1473.679557 642.798758
1466.968468 637.201841
1475.353684 640.316663
1478.252967 638.295554
1473.513109 631.447743
1477.840098 637.874184
1480.090112 645.023925
1482.831956 723.986854
1485.769033 725.652040
1479.938842 725.014064
1477.931737 720.351188
1479.549200 725.358593
1480.901538 727.873135
1475.476663 730.218162
1482.118177 719.523619
1481.558653 636.150169
1484.820164 639.222489
1486.447891 629.932435
1490.521321 639.165359
1475.076575 639.832897
1491.708482 645.635339
1486.802260 647.712418
1481.869779 643.967016
1484.876520 723.038794
1489.608734 722.040604
1490.330790 727.351136
1488.507449 727.476257
1492.433463 728.671879
1484.840050 724.425139
1491.104712 722.767968
1489.481838 731.107685
1499.172839 633.529156
1496.359756 635.792433
1494.025397 633.787678
1490.727102 636.775292
1488.541055 641.764030
1488.316270 629.107570
1493.973057 633.977414
1493.722552 637.267373
1492.715714 716.018706
1503.737853 727.079395
1494.796692 727.657762
1501.387193 722.833838
1503.822360 727.083799
1500.378110 723.130663
1499.550575 717.319713
1507.876848 721.983901
1509.433812 628.494299
1498.253053 635.581904
1498.740543 635.264382
1504.972632 631.622248
1509.651724 634.807243
1505.732664 638.318971
1505.183652 625.636955
1509.462126 627.841320
1510.525125 720.157996
1506.952739 723.336875
1507.000556 715.899624
1505.326353 724.633515
1513.012518 713.422626
1500.916805 721.812486
1508.038309 715.515814
1513.143120 710.564430
1514.184876 627.118325
1519.066055 623.009002
1515.471233 634.720745
1505.774785 631.297297
1519.478373 634.530247
1517.556283 622.138557
1513.737791 628.967150
1514.624230 633.533878
1520.267865 720.318318
1513.641158 722.638679
1524.341821 716.503063
1524.604293 714.642429
1518.046765 714.644507
1519.257760 720.127662
1518.820635 713.857809
1518.918972 719.468924
1523.840960 628.364144
1526.965764 631.836800
1524.916374 632.651446
1527.098176 628.554121
1526.648991 624.338244
1524.012177 635.211432
1523.306011 627.760990
1529.417307 632.557189
1528.795805 711.554724
1526.934172 711.612332
1521.326589 712.996233
1526.016982 707.060120
1536.833663 708.270368
1528.693271 720.400025
1530.422974 721.237308
1530.114539 715.088275
1534.444842 627.622756
1532.384233 627.139701
1537.132507 626.755026
1536.130571 631.879491
1536.098189 624.819078
1526.984708 625.705307
1534.507187 621.130765
1531.537412 625.667728
1543.570035 710.571857
1540.027490 714.989468
1542.382983 713.314907
1537.976515 711.634698
1538.377704 718.793129
1539.946060 715.339764
1539.370491 717.455586
1540.953420 716.443633
1541.769832 637.316986
1550.089995 633.946425
1553.947575 628.234913
1536.263009 633.494702
1552.181510 625.998346
1549.198203 633.124084
1540.567157 626.236060
1543.088995 632.025771
1545.285188 715.018637
1551.407936 711.855382
1550.799505 715.303413
1558.546622 711.406451
1550.373734 715.144774
1549.255077 715.248537
1549.894799 714.748418
1551.824375 714.528758
1552.280172 632.747334
1553.859575 629.445705
1555.164869 630.505569
1556.598309 620.471681
1552.766266 623.411493
1550.480066 624.624190
1548.887064 629.860740
1554.067537 628.990551
1560.926326 715.858754
1560.675783 716.178211
1555.569835 710.241435
1566.236063 709.302129
1567.196212 715.769249
1559.334380 718.862654
1560.043067 718.641555
1554.713900 714.866812
1563.969289 636.047675
1555.581935 632.825605
1564.633136 633.327570
1563.947988 636.294555
1554.779952 635.443323
1560.646138 639.521178
1562.578088 641.810647
1565.409949 626.507365
1575.660524 716.496365
1570.001591 714.916406
1567.754851 715.922385
1568.401595 714.248224
1569.919958 706.111109
1574.866605 717.491209
1569.733718 714.356853
1567.048130 717.733535
1573.472783 642.095425
1580.813748 640.072412
1573.040848 642.473077
1571.467471 640.232424
1569.455363 638.814943
1572.409061 638.462479
1574.215065 634.154996
1574.256510 638.767921
1581.993889 710.284449
1577.855359 710.833922
1576.166713 716.231306
1578.590385 710.478090
1569.777413 706.719770
1580.205448 708.953037
1577.659491 713.374153
1578.416807 705.416658
1580.994134 642.792468
1580.400245 643.223253
1579.365069 645.350940
1582.480083 643.377637
1581.911761 644.720680
1577.838066 653.025734
1577.076687 635.847104
1576.856994 645.530155
1589.120422 704.601980
1588.261547 711.516083
1590.757533 701.640455
1591.179845 701.640054
1590.974060 712.134570
1590.500227 702.526134
1583.749497 712.239025
1592.117104 705.463577
1590.104908 642.071756
1594.424729 657.158002
1582.968253 648.888970
1594.806639 642.908195
1596.125600 645.322267
1592.001836 653.147095
1594.128902 657.927337
1593.122448 648.878646
1598.969294 655.187890
1600.568182 656.040884
1587.529022 658.343455
1596.407429 660.589457
1595.541945 660.787646
1591.466571 658.228560
1598.442745 665.037520
1600.167810 655.318366
1594.685114 691.456466
1594.245042 691.522674
1595.093367 690.166330
1595.949516 689.652375
1592.029500 689.898511
1594.309742 699.065710
1591.013640 688.929333
1599.557107 693.298787
1598.410521 670.042546
1598.853051 663.868179
1598.735671 670.592282
1602.997971 672.182703
1597.463434 674.673764
1599.811735 672.947547
1598.243162 669.236208
1602.399087 659.081441
1598.418154 682.392872
1606.543187 683.852508
1600.957662 684.036016
1596.829755 672.012437
1599.055664 674.883699
1594.931266 671.410127
1604.567891 685.549848
1597.902732 678.891616
