54.771010 131.275140
60.591090 134.817978
54.956545 140.663027
59.578823 143.807557
58.007471 146.173917
61.587226 130.892215
60.377647 152.064074
60.509025 119.566608
59.507649 154.014916
64.638950 156.352055
61.333725 295.260909
57.472749 300.265934
61.560369 303.232491
62.682463 306.179498
60.752178 311.407216
62.464453 315.132355
62.402526 319.558627
60.447115 324.418663
57.854601 327.339370
63.061843 330.078019
57.645738 336.056451
63.182413 341.619171
63.852403 342.560525
57.689510 349.663716
67.109408 118.562274
69.073391 157.497910
62.409427 291.269112
59.765334 350.733974
66.866441 286.704007
63.147085 355.470581
67.837466 356.538531
68.091721 360.817031
69.413869 121.021283
71.131408 157.466483
69.324588 282.475661
71.872588 367.101700
73.531031 161.349044
64.601387 263.543778
70.137247 270.132645
69.173583 272.649987
76.218446 116.842870
70.502273 369.878363
71.965665 162.002560
76.824526 264.365547
77.880954 257.846861
75.929188 114.626976
75.452724 369.330828
79.464708 162.833111
80.261416 251.923726
81.951236 112.074498
79.734525 169.068319
85.126866 367.595015
80.085534 249.218446
85.252191 111.744849
83.450291 168.496593
84.582798 243.411593
85.505307 365.740737
87.000310 112.401010
87.093134 173.295565
89.894243 240.371496
92.165227 366.411054
90.633805 111.327562
92.584975 171.549074
94.680199 348.083115
89.007112 351.670707
92.781223 355.535464
91.026695 235.512771
97.283916 177.090924
97.081013 108.848357
94.472288 235.347822
93.881406 346.130917
96.410431 310.034422
102.549371 311.744281
99.673870 317.203507
99.565275 316.616329
98.021445 321.842742
95.442907 328.969342
99.306575 329.163598
98.208870 338.557643
97.665074 180.004770
104.584546 112.398525
101.954491 229.611456
100.493385 301.699624
105.332030 175.773051
108.976177 110.318782
107.088798 232.486011
104.046609 296.035091
110.857756 178.420062
107.860065 114.369550
110.670361 231.322241
107.442102 297.321459
110.586352 116.962437
109.816938 176.312908
109.406531 225.806586
111.154165 295.435244
116.911557 116.312464
116.525575 177.075083
119.970788 225.398368
119.206569 292.858383
118.310650 117.615187
114.734871 178.312903
120.763321 291.455290
119.539910 225.541553
127.623339 281.726807
120.667057 122.431121
126.475140 175.346708
124.446908 223.740010
122.316131 124.183803
126.897403 279.596193
129.500865 175.689206
121.511253 274.886397
130.071236 222.147564
132.069313 127.902081
133.046284 176.588031
128.534321 218.642023
131.235478 268.147924
130.856973 127.671290
134.013519 180.908308
140.366282 185.077683
135.602180 188.434090
133.494014 193.345490
137.421880 200.412030
136.412187 199.811482
136.392167 205.235362
138.936016 209.346102
132.977193 267.973817
136.063614 261.573524
143.370888 131.153818
145.783577 256.282493
143.731372 130.594664
143.814682 255.353570
150.005285 127.760760
152.584847 253.190755
147.208845 124.112945
151.725670 259.439381
152.682808 259.630248
157.861613 121.179035
157.975841 263.192274
159.649562 113.951117
156.529555 268.327405
161.798148 111.990808
161.350070 274.446459
165.392891 108.969405
164.108585 276.519194
169.090793 278.213982
172.228247 104.630648
167.875099 285.433065
175.081207 101.290819
174.051356 284.511471
177.483416 93.701512
180.087138 99.785970
178.649973 286.927636
178.744878 91.205858
173.216097 80.772228
178.948000 82.164906
183.056602 294.389743
185.328370 79.235788
187.087138 297.688187
185.907284 67.197664
185.387095 71.844355
184.807699 302.610035
190.144620 58.762182
189.222656 56.045401
195.030198 303.115557
197.659778 51.784990
196.511601 304.609020
197.443294 312.884888
197.773135 46.986229
201.682830 310.356944
204.708836 42.451502
201.542373 308.459045
204.692596 47.980220
213.510470 315.393162
214.876542 40.929865
209.272021 316.149166
215.982843 39.682140
215.060174 317.163769
219.074763 40.422586
218.794956 318.426594
223.331075 39.011794
225.011657 320.276954
225.994876 37.883955
227.354943 321.147854
232.102288 35.602390
232.500475 324.539309
235.854244 36.119210
235.392066 321.831421
241.048379 39.879245
239.617477 324.824032
236.703084 326.444925
244.954780 34.403439
242.044329 327.929817
246.298283 29.292967
250.188392 80.870079
249.546924 329.662299
250.638321 33.007304
253.450568 78.678971
255.504904 82.699769
250.957850 329.646060
254.524923 31.910979
255.277825 73.559398
252.513342 85.360929
252.377980 332.358133
258.962586 30.225999
262.183562 67.516114
263.511331 86.555761
256.559456 332.981538
259.135145 28.039580
261.449620 64.964404
263.397304 87.030188
262.318670 332.980693
263.610120 32.690139
268.959618 66.397702
269.364346 87.480553
265.666112 330.052428
270.420032 30.199440
275.130199 64.619843
269.586729 88.483070
273.089958 329.484159
268.474923 29.332131
274.148961 64.604350
278.273900 84.019015
276.168262 327.752449
286.622669 26.310331
278.054092 65.638385
283.467141 88.934105
281.369672 327.796201
289.020724 30.100949
282.636706 61.327324
284.757497 89.583024
285.213879 329.684171
284.373944 30.745383
285.224009 63.346411
292.704351 89.799291
283.894311 329.681672
291.510936 32.275888
289.924352 58.835325
295.479938 92.365759
295.095179 322.574031
289.838609 31.636884
292.534825 61.537147
294.604967 97.970484
293.474285 322.740510
300.975975 30.487656
301.123725 63.750244
299.090058 96.379342
300.781237 325.705548
298.817391 59.215263
303.257550 33.603487
300.636851 96.359020
303.621185 324.787604
302.874570 33.094483
303.582553 57.193945
302.361199 98.336076
306.691514 322.115347
306.581578 35.760724
312.942823 54.383233
313.914083 98.953481
313.004271 40.949859
309.315801 323.316828
312.249374 47.132097
310.974921 48.060716
312.056415 53.641481
314.720817 96.773251
313.427881 321.098876
319.923934 98.456335
324.898889 324.952957
322.487167 94.444987
326.138474 318.783207
323.153126 98.020940
325.689777 320.832809
328.506391 104.524488
333.444626 323.930831
337.819872 99.746712
332.153893 325.880320
337.362329 329.636481
337.079511 335.567566
342.424330 98.780422
339.316258 101.756564
339.469132 334.140777
341.154946 339.711959
341.309328 343.285731
348.580212 107.362921
338.535462 345.056324
342.698383 347.290398
348.344402 104.392894
349.669024 107.771330
353.303956 352.622929
351.533330 358.393353
351.371227 362.998905
351.588219 362.732804
352.429676 111.913274
357.416277 369.562326
356.775647 372.348758
356.178331 376.583623
359.288009 376.792902
354.709290 108.200635
355.968298 113.796742
355.657731 381.541224
363.837676 116.309962
364.084103 385.313714
370.127639 386.533685
368.317438 391.996357
362.930990 395.258022
363.948411 403.918606
365.461332 121.985902
370.669443 408.842819
374.933095 121.509414
372.101279 406.476612
378.072321 122.039455
375.951155 408.923756
381.527043 126.446192
381.674525 406.359082
382.178213 131.524155
383.350962 134.897459
381.153838 402.788987
382.359799 299.650842
393.324894 387.661133
383.914094 390.297629
393.099798 396.632792
389.551234 398.932420
387.341489 136.397058
393.328021 139.096565
395.561084 300.369743
390.472659 304.131290
392.840841 380.267074
389.622625 312.129779
391.456603 311.843427
392.786531 318.208329
396.049285 319.215674
392.731753 365.269362
393.195328 366.494885
389.879371 369.052873
385.967728 375.663010
395.447514 146.957175
395.898675 325.757191
391.020441 359.698268
395.992809 297.872083
395.894970 150.988639
396.670905 329.300805
398.504044 336.762436
397.986560 331.073510
396.623451 339.781319
397.928170 345.946276
398.936190 347.904646
398.652155 350.042885
403.471241 155.455025
400.893520 299.684694
403.845550 156.516734
402.689709 292.729895
402.524572 161.278120
408.380733 299.119286
410.641506 162.610805
412.466989 165.981133
411.090100 297.214920
417.746222 171.628852
413.554214 173.301922
416.229067 297.947139
419.037345 175.947939
417.463822 175.515763
415.700912 185.028015
418.451928 187.959268
418.994127 293.977300
424.394986 190.040360
420.718337 242.729756
422.544896 246.964923
422.503177 295.748868
420.480222 194.565105
424.609452 237.652061
426.550135 252.116658
432.456258 287.301458
435.342853 196.361866
431.325586 236.513898
430.143811 254.189644
432.129736 290.889074
430.662708 196.851489
432.357484 229.785295
437.011918 255.521239
433.627410 258.639409
432.740509 263.017149
437.985024 287.722638
440.733500 195.903666
434.425518 234.505969
438.706968 264.647164
438.337366 271.840677
433.941675 271.369457
437.300821 275.807944
441.667766 280.154120
441.993462 236.831424
443.722150 197.123264
440.015257 237.139656
447.750051 196.127454
451.196517 240.000905
450.675667 194.025698
455.601348 237.600087
454.211643 194.186490
460.149267 236.100591
457.583960 196.790015
459.512843 241.325132
461.541202 194.016653
464.327880 240.224108
464.965973 198.663307
468.245717 243.314105
473.215532 196.907520
469.747278 246.299546
469.259780 191.512562
478.098036 244.908576
475.461143 198.309900
480.815919 201.544582
479.082594 245.921027
483.797330 201.088209
483.092804 247.856779
485.102015 203.749623
486.496935 248.150876
494.087164 201.333769
489.154511 246.189548
495.548185 201.047081
503.235384 248.117887
501.142914 207.104683
497.993814 250.569439
503.690652 206.640074
499.817585 249.278400
510.679305 205.382692
506.347705 245.427941
509.665132 211.963652
514.557402 250.332330
514.129170 208.525285
514.351692 241.878062
518.585977 207.931934
518.510624 243.352915
521.236807 208.801089
525.751992 241.905857
522.130004 216.204955
526.261128 244.195553
527.573657 218.235772
523.690322 219.553830
531.971943 238.609487
533.010595 225.581387
536.490077 233.429021
535.717429 235.760390
