26.456929 489.677196
16.812823 497.492983
31.014864 486.477941
23.841987 482.635889
19.792036 497.136186
40.071198 474.776927
36.276187 495.713984
47.691329 472.883559
42.891431 500.291243
21.406028 473.207855
25.176069 487.092076
37.418719 507.861683
56.982446 470.078331
25.399201 516.977926
36.635268 467.257221
44.691229 498.961942
69.177456 254.845278
62.637085 266.781264
66.492740 266.835803
35.180348 283.310641
71.738735 272.125892
71.099498 528.622353
40.439395 515.414448
44.155077 470.517301
38.810434 273.390201
54.991126 264.748966
46.545942 477.646818
73.224399 524.881559
36.548175 264.968285
61.157686 284.742319
51.531178 252.902883
58.510928 480.717598
56.254313 527.704427
54.580894 303.726514
63.841536 268.230272
75.342989 293.768559
65.277884 247.790024
63.247499 478.446425
85.078793 533.412292
46.572600 304.740427
69.164232 480.015130
68.963340 532.805266
63.010745 252.475529
81.808104 317.588804
67.785819 455.255753
74.402531 552.555697
74.544343 246.308531
52.320586 324.883629
54.678889 317.124881
87.616477 483.090590
59.058146 300.475271
74.001376 529.537185
82.378817 260.664220
69.094374 323.386047
54.947164 473.997583
76.243115 541.714419
79.346245 237.069641
102.958545 328.499237
66.569971 496.171039
70.719166 544.234383
96.153736 246.511148
68.714403 325.053051
76.910437 471.285493
73.833339 540.616996
90.142191 263.897811
90.589068 318.439704
58.938828 477.005094
98.792677 536.367596
86.277431 248.014229
87.718533 332.054234
56.444994 462.248197
94.388759 545.452745
83.701236 258.543961
115.869550 322.231345
75.904438 543.102105
117.317681 344.722264
116.493493 463.244386
86.035021 244.121406
94.886033 470.670326
102.942394 538.591174
104.001960 352.391436
134.954904 803.590360
104.716318 264.843696
79.287741 476.694510
101.594597 568.353423
95.283260 794.998730
115.053920 351.598579
108.276097 803.723942
91.527121 250.232515
106.027686 805.443238
117.000393 810.753403
97.824824 482.621398
103.856173 554.863133
118.599933 349.331578
120.985407 796.055688
128.473728 241.925620
97.605233 804.561821
117.226722 339.503694
118.669620 547.580726
95.936821 481.953537
114.117307 783.827602
113.145821 818.068369
105.780628 250.910656
106.081399 338.815691
105.757602 563.159606
100.141046 481.559328
113.636439 792.554701
120.824366 837.983058
129.782756 247.605922
118.800867 356.870627
107.611070 570.877282
135.736937 493.736347
107.823149 780.476462
127.246285 820.599143
124.995435 247.327601
128.024121 365.345689
109.237072 566.638244
122.921557 478.704779
115.086297 788.679961
142.182433 838.203429
136.723730 274.949167
100.813725 351.562606
155.429328 554.762834
99.239208 486.524526
113.873505 794.708913
105.668714 819.208487
104.388076 259.147970
149.910889 365.803958
131.329167 570.646619
115.444540 351.274329
118.704606 854.248319
127.099460 256.936559
125.643897 480.647781
145.983050 781.417403
147.585659 560.278631
129.961828 365.725575
111.643109 829.316505
135.263381 267.894357
144.489910 474.499242
150.945200 584.372947
141.074455 767.118251
136.674634 350.222749
125.021598 822.782810
158.907316 257.352081
146.693732 493.557302
135.541664 574.610812
119.641419 788.039613
132.882925 374.350824
132.386435 860.576576
146.403226 253.764572
146.447473 491.904356
138.923969 573.379794
149.527524 790.400584
141.275603 374.500225
154.327177 820.828523
144.651233 581.849449
156.951210 490.914907
132.415101 274.837966
161.516223 763.640059
140.442216 375.395969
159.663258 837.845113
141.495606 271.785075
153.496305 572.326257
153.867170 390.342454
152.240958 488.395664
152.823922 857.772672
164.596342 796.917614
135.815304 256.984006
145.653260 582.007322
152.623929 386.331935
163.108360 453.870170
148.187167 836.625975
168.604072 578.109614
156.801397 775.332809
158.732461 255.795359
145.660592 404.363893
158.146293 475.203424
164.121077 836.663547
141.588343 603.692832
150.310811 774.121767
174.535270 280.272375
156.676130 376.085501
157.551876 489.444399
153.855984 848.835263
148.143808 602.174769
157.622150 796.389285
145.249168 260.478390
162.656712 491.196170
190.594802 397.688677
159.230010 848.280165
167.915027 603.231468
153.816085 792.035697
145.670120 267.607005
161.408198 504.298166
155.223663 384.264273
175.056530 849.939564
150.562366 593.019174
188.022005 777.482766
172.195935 282.843731
166.652059 497.272034
179.830620 379.268257
155.767331 844.690731
162.172207 600.859756
184.401588 777.577308
173.570104 270.881851
203.088252 494.408935
173.756787 396.203867
195.466014 841.812485
183.036965 596.978313
182.094328 269.209570
195.654553 768.805473
195.956326 414.997033
160.722838 501.794130
185.264651 597.678231
169.907629 862.868780
192.449175 275.584563
187.543813 784.059183
192.062586 413.330681
180.324617 508.914851
193.981203 597.880915
185.276212 853.107861
182.005225 267.456546
190.890020 772.673660
193.950487 406.470683
188.030447 513.407231
197.974015 603.191363
191.495084 855.126133
211.955592 621.068544
187.550267 849.316630
205.833468 290.072947
186.081781 769.994909
186.450135 406.048787
179.486118 490.893306
200.691536 273.764709
212.922061 605.067764
199.589572 849.250601
179.719525 399.592695
195.716758 791.015249
190.302192 513.354629
183.629392 283.631706
176.887572 631.355012
204.496585 849.917831
206.121731 399.536049
199.032446 772.144925
193.642000 513.622077
196.670490 623.882416
201.746777 281.610565
179.461074 840.823354
196.793407 405.036487
181.437026 773.869368
197.201399 499.485235
227.338721 622.088878
205.312041 285.511752
210.970024 876.633416
218.841526 419.223959
210.620572 767.897149
218.847224 490.713374
202.700930 619.473784
221.666723 281.493534
190.061232 863.164182
215.672681 405.825937
185.382262 622.997806
232.059053 765.579047
213.566882 507.556162
215.596766 291.620424
204.044265 858.034097
214.299698 416.199658
213.656097 621.463912
208.544854 789.444424
192.735799 520.233748
232.328728 285.411300
215.642968 871.179870
214.096579 403.920674
240.658957 600.949836
222.409265 289.253771
235.816981 500.494043
236.755437 789.801778
200.675807 418.699565
215.511681 632.239861
243.757842 869.276469
216.084090 286.134705
258.258406 518.050375
216.330118 784.211186
221.711907 418.188722
236.411666 630.410944
212.731059 878.401627
215.806815 284.410959
231.018632 512.133339
229.608729 771.862209
224.082726 428.802465
213.928594 616.686943
233.548155 876.116997
217.447547 508.694101
227.601454 629.493024
225.948889 289.502185
263.270731 779.058155
228.162564 432.807153
266.047446 861.096271
230.710364 530.300625
220.578142 298.088994
207.682371 619.187017
232.822803 409.067360
251.569438 780.365599
240.288894 870.945724
217.465420 519.618586
232.638662 310.308156
227.203128 648.566317
239.189984 430.807115
233.376587 504.734205
242.808408 764.874506
255.318930 866.407175
242.985726 623.804339
257.312520 299.353812
242.459285 445.769241
223.308686 523.209593
227.708370 776.420992
265.851630 874.883267
220.975399 300.692743
246.501232 619.303083
253.850068 425.234008
248.729529 512.245708
255.031637 797.410813
250.837958 883.278237
270.958719 304.229872
273.457842 649.219306
260.000155 440.486316
253.877139 646.320490
274.974658 506.244968
247.966120 774.851202
263.302634 878.520664
243.562347 287.327538
248.462713 441.583906
267.797740 510.953507
248.529416 631.737799
257.784032 768.680244
251.359124 865.959267
249.792216 310.542051
253.246742 449.162299
257.855255 524.953878
265.863757 635.188040
272.897350 305.481818
265.373878 772.877628
243.495698 875.773132
260.593546 457.167465
247.299295 625.075455
241.162267 525.135392
251.719215 305.025856
286.930450 780.769716
248.394599 884.552390
266.762410 441.786427
250.222704 640.509016
263.434505 517.097957
275.573727 314.239123
251.996914 785.693249
253.150453 861.748033
277.551035 450.154359
278.972472 654.479585
291.098426 308.512433
278.908605 455.262115
284.456085 519.985288
248.827729 643.233479
260.061261 769.660160
256.599571 873.100617
273.714623 319.819659
268.189155 456.022552
299.170751 524.932156
298.119601 655.544735
280.769230 780.878377
261.603148 898.424789
274.654205 309.539783
261.748584 448.162828
283.778330 540.662111
273.930139 654.841051
293.580991 303.086889
287.674678 774.011265
271.919953 869.166140
271.875237 663.827610
273.296786 461.061676
272.326066 512.588121
280.711759 316.846521
295.844345 772.094707
275.275150 875.411083
259.687477 659.876502
277.751510 456.089715
294.863734 521.532012
291.671466 308.571321
295.695973 769.190704
273.118008 879.408814
290.393108 649.991249
313.361663 464.629628
301.784893 549.479240
303.571811 307.808517
293.701406 782.165795
312.222970 873.158506
291.742465 642.464301
300.700283 449.813631
297.839729 517.986159
298.385540 324.860487
301.197043 888.063999
280.289951 476.305855
297.239691 651.969465
299.590014 780.530557
303.667352 535.307295
299.552797 325.311984
296.168948 906.983821
304.765153 476.055493
289.906535 655.296997
300.406356 773.133809
316.239120 529.697469
278.313613 313.866822
300.313514 899.203367
317.024969 458.617244
286.642539 661.570891
299.823692 774.705350
303.919445 328.526404
304.808384 463.589990
303.241454 532.560100
302.857930 887.733891
294.437707 644.017379
277.323607 759.065202
315.773165 324.940554
333.656322 482.661746
311.814336 516.854598
323.528061 883.367047
305.649359 671.258287
302.965280 784.199797
306.683057 322.218885
308.082671 484.171249
318.120411 528.939016
324.086450 656.711564
310.536091 888.449157
307.194532 482.469022
342.463818 769.793040
301.198632 330.156506
310.326269 528.905221
329.764936 658.429074
295.398166 906.428361
307.405750 343.990886
321.034149 493.131698
296.623515 542.550958
319.679670 777.343448
307.304538 898.329767
309.936079 662.809821
315.788463 331.727067
347.797405 501.002218
328.907909 537.739405
352.107323 779.635221
310.042709 912.612231
332.017766 479.260189
324.329581 668.450194
327.989486 344.326630
334.205178 529.456783
352.141118 754.492775
303.094672 877.213259
325.358249 343.901994
329.140369 464.282527
326.188278 681.091668
336.875947 537.296378
352.047955 774.949841
319.091308 885.887028
332.851900 344.852776
325.716134 486.876550
334.481989 666.737135
323.327699 483.020227
360.701331 537.969722
346.033489 667.962550
335.915908 775.712069
316.709443 892.033766
329.106932 346.348078
339.294645 360.219834
328.886945 484.857601
360.368418 536.968033
334.253178 681.629254
335.195843 782.574506
320.597812 899.747645
351.700167 57.197988
346.277909 40.612215
333.620247 78.348664
311.257755 63.221144
351.771614 336.444265
344.597369 516.220011
341.248442 546.835180
344.379079 700.164412
347.571639 761.057855
355.610307 896.299211
354.869933 58.436171
325.646928 64.045991
350.136112 46.392490
350.484932 57.566581
318.143786 57.743562
345.694183 674.071622
350.243569 335.540989
338.391928 497.280666
343.654486 553.144616
357.258196 765.842642
342.125678 893.944689
358.016614 36.988623
331.949872 62.774933
337.503598 337.813286
336.322820 681.229824
354.776192 767.957993
364.105964 81.884404
368.974884 91.123375
365.218607 84.059797
363.917697 483.533461
334.159107 553.433803
335.342362 907.066955
348.078659 28.439018
360.038659 327.717075
365.765083 679.701875
361.915095 777.604435
345.686937 76.457323
358.030707 493.134256
321.360083 543.245151
356.008966 686.850529
349.494160 897.637404
364.766494 32.980526
349.662735 94.233379
326.006594 338.349681
354.259519 764.811479
345.656771 508.610930
350.675533 556.541373
346.127211 325.020746
340.974451 666.713208
369.260902 777.404159
390.530584 889.869369
383.948381 25.142343
352.153692 95.663646
348.462925 99.226146
374.120466 90.794211
377.229108 506.166467
365.257994 116.520199
358.824318 546.608491
361.694285 351.938260
380.289678 701.156993
380.487865 779.350962
350.571053 896.428649
364.545376 23.134189
364.778434 499.425719
342.519596 100.603962
358.057825 123.587672
373.679165 546.617254
356.428390 340.309665
376.643006 693.098528
386.319845 795.922490
365.113403 905.671127
378.994528 39.212896
364.371892 139.710646
379.982179 495.999463
382.319020 551.843883
376.775983 528.475239
356.317004 689.136838
367.485786 124.915219
373.076723 356.950902
365.833974 775.277178
392.747153 903.072647
378.308341 26.348028
349.683581 544.253635
388.456395 366.377598
374.742425 504.033457
362.328380 696.187758
376.935765 123.387147
371.437406 132.044364
369.442243 800.544077
375.218525 889.823790
386.833827 30.914593
355.099145 551.306399
370.067819 134.169263
383.424335 350.420592
362.866764 527.134213
385.695505 695.174186
368.809143 779.955848
372.560123 881.699876
379.298461 40.234894
391.681881 133.705627
396.979157 143.320732
381.413145 511.340914
393.456800 696.990093
358.147660 532.053185
375.030478 374.748979
373.259364 776.746778
382.644114 896.323457
390.240062 50.655283
386.270892 142.462021
354.777847 363.211670
394.276209 529.140375
405.215395 695.151131
415.889148 546.767106
401.544263 906.564106
382.074872 153.791763
385.301089 799.167808
375.417642 23.432878
413.663361 378.608784
380.497145 519.933037
377.019442 690.776341
369.685901 560.113213
358.280995 906.386514
407.076466 154.957204
386.606428 158.881637
399.188170 526.753897
383.105024 696.740221
396.854158 43.168297
396.108287 788.170315
375.878899 364.707291
396.683990 159.160502
385.800373 573.941478
397.916249 926.599107
393.440494 377.681252
390.053891 514.183814
402.154790 701.057509
397.518465 44.344050
387.342372 779.516837
402.608751 157.311018
400.659647 569.103915
388.400642 898.485700
396.836276 366.218040
402.944326 525.529980
392.604136 696.124433
424.046078 39.055005
382.176859 779.117792
397.658074 160.046527
423.809466 168.505664
402.565475 571.161448
391.981911 895.127502
392.626233 384.355336
395.395616 526.982128
399.582184 699.843460
399.316371 42.751998
412.480205 171.560044
415.698180 783.404627
392.634417 559.487707
425.019261 174.048137
410.872240 175.191907
404.687463 539.392136
392.427806 716.669176
408.555402 914.752450
420.858960 369.071749
380.577447 52.155757
420.629945 763.430196
422.267298 562.864791
401.780518 60.866540
402.232346 189.149747
384.467545 371.643233
415.588703 523.892234
398.675676 714.281787
414.030524 905.252583
411.323351 185.287973
406.455912 790.804791
416.711770 573.257890
422.555331 64.439894
423.530497 357.531817
419.574810 523.301413
407.265482 709.882702
417.495896 915.857962
418.462229 188.302639
411.103813 184.148005
424.864168 544.597890
421.782582 713.417981
439.825737 786.371320
421.482145 65.279138
410.758181 364.508838
396.906911 566.962337
400.603802 907.654512
419.395062 191.921576
416.533050 55.033243
428.741684 533.114556
459.261270 571.639004
407.984907 724.661280
421.808083 770.565896
418.548120 378.457123
429.145058 192.791510
399.225157 911.914018
433.646364 75.172459
429.711058 535.762599
444.246150 585.132662
432.092010 718.310613
403.714614 803.557206
436.203105 399.062453
426.426652 198.236299
416.449690 219.811981
414.277312 549.770574
418.809831 709.911899
440.942584 923.824696
449.035989 65.336401
413.851712 564.505194
420.194286 778.451513
416.177778 207.069795
409.016478 381.872181
443.300272 534.514701
427.978586 727.202696
428.560587 916.278304
412.315326 86.743495
415.101592 209.312690
424.712852 382.092428
445.859138 569.776809
447.106424 781.920498
417.437896 556.597154
420.675746 716.908138
439.225850 910.604057
433.542979 66.151500
438.847730 566.820175
435.737418 783.211261
423.903861 219.057685
434.139862 230.516286
441.492542 379.810037
437.530020 554.249039
420.648676 922.997215
429.956958 738.832533
447.318267 74.113194
423.600097 219.446062
430.818542 569.135012
422.143283 778.867237
439.887053 370.024540
423.720822 556.747710
441.159643 913.080258
448.591188 712.490120
441.079635 71.034822
441.503641 230.959025
439.569173 578.639149
461.515879 774.357101
459.498520 385.366881
448.039810 529.452914
457.411803 911.878349
447.490968 77.197332
430.558974 721.287542
455.638321 790.359521
439.295983 242.485772
451.928933 243.244428
457.550626 541.966310
408.272323 580.032586
441.027377 379.713697
461.938698 929.545950
457.490452 82.431138
430.173576 251.377312
441.141599 727.382258
439.110463 778.009006
452.198126 389.298761
467.500779 564.215417
437.621612 581.665141
472.437920 74.144889
466.898319 267.229977
463.362003 943.481046
443.980964 741.863854
456.080269 795.819554
461.293583 397.957533
453.873454 557.885871
449.502846 578.628674
464.081406 74.746401
465.637575 256.631530
467.310987 257.884807
456.208090 925.130089
452.416030 720.112858
438.519315 790.393108
447.015316 399.791744
460.220102 559.592850
457.458875 597.064064
442.302029 94.007653
471.517864 256.834698
455.066482 400.121672
460.641637 732.925734
446.945721 919.146034
432.447651 572.342091
436.618313 795.327988
472.842895 98.682995
448.082649 241.236750
475.726779 586.792693
461.423806 406.293757
456.093408 748.689920
463.846004 917.599192
472.191398 101.613825
463.877679 563.156064
446.359090 766.734882
470.426415 268.932894
458.665825 249.241322
451.196556 580.497091
456.205334 381.404807
470.502267 738.392476
499.520881 901.121704
484.049841 102.576178
478.799247 261.328432
479.476118 557.889792
461.561764 783.786484
481.298003 586.905474
469.441006 549.366493
491.688491 733.038129
490.484523 923.268355
476.968705 115.572994
455.562464 252.644317
474.452233 405.413162
492.503160 118.639058
473.221191 760.519474
482.137948 120.382564
469.844110 579.087332
472.024338 395.631006
472.745611 546.063292
458.141490 746.943382
479.223385 918.527204
449.717840 271.438017
473.596224 779.154248
491.160682 107.494401
477.031371 564.018526
465.087844 387.009170
457.797314 560.104312
479.475130 733.395447
470.315297 929.193151
480.084573 282.049084
466.802751 588.313355
497.317504 293.451181
467.485290 298.735401
478.935419 562.197506
483.287490 739.641634
483.572246 778.749302
498.056587 104.319359
496.118051 119.436889
490.172515 396.134601
475.079006 923.037216
498.118453 118.666722
507.700228 574.168509
491.675459 294.358744
494.915915 421.242308
476.696024 564.964698
482.866808 747.006018
480.461148 778.488868
481.649449 297.776789
471.913272 924.199839
502.887455 133.121586
492.282966 600.007958
479.385929 413.113302
491.188882 563.331077
489.838431 744.775054
501.074135 779.387441
477.930406 121.434136
507.280512 291.998228
476.592798 325.742954
506.627636 581.528837
502.173520 760.052841
489.739652 934.504855
497.840752 575.138511
502.686083 411.442033
493.995801 785.146501
485.104949 138.089951
505.564815 314.464447
482.609285 419.581787
477.392568 591.281773
489.407605 764.236672
516.825376 922.379507
484.638534 599.181278
512.152113 117.826944
520.013438 318.815599
495.730072 585.542762
504.993013 787.187933
519.069735 395.573312
523.600951 762.849093
515.088383 925.559876
495.046706 150.001705
483.604540 597.544500
483.736494 318.281367
512.100388 564.628657
500.185599 771.603577
499.989797 411.130157
513.021023 746.203315
507.884441 919.837891
483.439066 131.483182
507.074608 594.538922
519.335386 325.421000
518.531383 411.167706
517.113711 572.851241
502.856939 790.960285
516.490445 312.539553
515.883279 321.530535
505.179071 755.361397
494.582557 931.414245
538.802175 143.272928
513.998361 598.190375
507.204713 406.898579
495.525249 574.815643
506.701047 779.306783
509.140977 147.614906
540.048351 328.452846
489.139767 605.490325
499.834348 739.979922
495.340919 926.838848
491.474543 577.850301
524.264687 328.699251
493.235053 777.925397
503.112142 417.634441
506.219632 153.866881
530.500621 603.345630
504.416179 747.958392
514.337237 939.983399
509.067412 571.366809
502.756532 782.974987
509.997897 331.825261
489.609649 315.441819
521.191038 748.916762
518.095894 154.650243
515.564187 436.279312
534.285885 598.650016
506.212314 934.846730
507.737832 342.156582
524.329200 588.106603
534.042509 786.028317
521.682697 164.165913
503.615393 415.722916
513.536938 752.778224
512.709001 351.808140
528.206571 603.268357
532.986171 794.773588
507.111028 943.720053
526.649678 178.224521
499.566460 584.533442
521.701361 185.186965
524.403901 411.249949
540.368178 763.439448
508.844275 340.329834
517.150445 580.578756
522.463312 597.509341
538.216023 787.110760
547.675865 932.777082
516.979050 422.431722
541.832894 180.811732
522.469969 766.264114
526.995803 184.457800
530.159606 344.734707
545.574251 606.311514
535.602742 615.950636
504.713234 785.825482
545.242433 921.652686
512.897958 369.911969
518.244453 360.975236
530.461385 419.801031
528.613747 752.720005
540.925594 169.184869
537.860239 604.655251
549.991569 613.673996
524.727360 774.937676
538.587064 935.002708
520.580053 374.651483
534.177005 424.553745
550.974636 764.318473
549.882071 368.795713
534.345560 176.911443
529.184993 178.363671
540.756573 609.044998
541.828146 610.420718
537.481932 799.370496
550.609618 931.592630
538.255686 185.866299
534.917910 423.027011
540.435376 750.836572
541.104666 361.586089
562.094813 365.172208
553.921264 432.774160
522.697280 776.751881
560.379998 906.451878
553.101330 184.194033
552.251336 757.097748
555.382729 380.258066
531.689174 189.939220
531.652092 430.273008
553.027389 798.848727
543.069378 926.714891
548.160166 367.835579
546.966148 773.086350
555.564225 206.877280
538.904144 451.896245
548.845936 787.021005
519.484774 784.790404
559.383724 931.073988
537.599100 366.168692
557.246144 379.385635
549.114530 204.672356
536.438663 388.414632
564.343228 433.776209
542.184953 779.502414
562.026108 797.608097
545.102560 919.642508
561.598917 206.236974
551.973466 387.791663
582.731251 213.433910
551.343240 426.528313
567.939104 766.209862
556.399781 801.439406
576.432531 922.940115
552.031753 218.818631
555.771634 448.379807
575.516917 386.746316
554.997232 789.160846
562.601886 938.894723
558.370060 796.434788
566.372470 217.221290
560.932168 444.032315
565.478072 227.435127
559.512901 390.548647
579.409359 776.968691
551.075906 937.267244
570.374338 426.040164
584.852698 400.891432
566.526589 790.626610
572.740839 442.968760
572.180212 210.430301
577.420194 786.976030
561.857318 912.539012
580.771343 397.579446
562.404139 793.911549
576.602330 780.047747
589.616657 206.368174
574.257070 400.267097
590.708236 441.456412
582.975815 917.291580
593.347712 785.528079
555.885973 222.781586
589.530032 416.491783
564.674131 427.266402
563.652626 426.791923
560.604460 928.853805
562.568367 218.545234
579.883742 418.173945
575.424469 437.053960
565.851294 912.542145
578.604348 225.851445
571.023969 424.308433
597.742557 444.283212
589.535145 923.056710
558.309149 241.264249
576.362131 430.415342
571.247171 437.391069
582.238846 434.155811
589.756642 922.801409
593.593155 225.455367
608.379282 437.577780
586.387635 940.596346
611.414676 236.467270
584.997442 247.934602
593.940902 234.306166
601.385559 920.375800
613.342042 262.112635
593.920874 926.334384
590.534662 281.673243
590.870938 931.934752
626.087262 257.352110
610.100456 245.257918
603.437815 927.094852
622.670950 261.115806
592.848936 956.259039
624.332412 266.027068
604.193437 929.632794
633.058985 257.728009
612.462904 936.286004
623.813861 277.013452
601.740219 928.134826
606.493994 282.445762
611.713583 936.420755
605.764435 286.104011
640.115529 276.997704
627.943410 943.904186
640.928697 280.634663
649.711368 935.464592
643.815352 279.861247
614.897013 937.665977
649.200613 297.286170
631.003686 933.954450
650.348705 295.680314
667.402267 940.624343
636.338466 309.396959
645.848693 300.566595
658.525387 962.980804
642.515179 309.387471
649.554615 953.605477
635.097193 305.971922
631.315844 951.249502
655.022022 310.207707
669.435899 952.195988
647.432851 305.398351
650.269394 937.367733
650.812064 317.796883
636.150743 943.137123
685.685827 944.294291
671.305366 311.286227
687.917389 323.159166
669.835179 936.026276
686.752495 328.155622
679.345305 945.373244
670.875031 307.522987
691.925477 941.297268
671.930165 310.947275
716.787391 934.820594
700.462617 310.396436
685.001757 928.874530
672.733030 310.969054
682.911227 951.332846
702.525538 328.269240
716.655961 936.613596
709.630673 328.514885
704.970254 941.775626
709.894832 306.411679
705.020929 961.570235
721.047609 319.436133
723.704138 961.075798
721.013424 327.356315
684.678940 942.212322
701.426595 946.893500
728.057545 324.338841
715.708025 944.066098
734.375954 323.707053
706.631007 957.217661
723.993041 313.608301
724.159792 948.243747
760.925129 342.179626
719.890413 943.232971
726.610589 319.147929
727.176699 944.046525
739.702183 328.375857
758.356255 321.685893
729.404668 941.315834
748.830552 331.545590
758.187438 944.733678
736.260688 329.120752
744.346789 951.056841
754.009001 321.645680
740.703469 942.129963
736.432934 345.324108
742.074622 951.448964
759.221748 329.758509
775.994875 963.550476
768.634707 336.963844
775.751205 948.607934
767.693011 176.984952
773.297233 199.488343
786.433328 191.103026
775.143476 191.875452
775.508653 202.733797
759.661384 194.889541
765.685800 202.615403
786.598788 203.260248
756.342821 330.736031
751.028340 939.833652
752.073382 174.812304
741.785070 338.628953
772.121464 162.669827
754.259039 210.292704
778.583711 204.379472
775.880805 955.956692
789.280286 232.166756
776.653179 333.969769
784.058125 185.575489
761.953263 967.511462
769.225457 210.593517
778.046754 323.459257
769.419814 158.432869
762.738251 945.644632
780.623171 213.904772
793.079714 162.667468
777.764925 327.753484
768.699918 970.218512
783.855632 233.822298
816.078234 159.180930
796.519823 237.288933
776.592367 234.425805
753.696588 349.586377
791.342052 961.536146
785.064774 147.948405
777.629399 258.218979
767.446111 333.402095
788.115519 961.537604
813.294945 242.128015
795.961429 157.318000
797.592083 337.241943
795.023439 951.784545
802.659100 263.077867
801.641584 160.983947
831.675870 345.222212
803.834438 963.606307
806.137250 254.579460
823.295146 350.234157
795.121325 151.859943
823.332011 263.293140
808.162617 949.110405
803.503259 345.686735
806.480644 132.203993
798.591030 254.323152
821.094770 958.800304
812.015446 352.251130
803.269296 152.414454
828.092837 244.258224
824.078453 969.134711
819.032963 337.330667
818.093205 173.862062
827.508626 258.084594
806.554150 960.136900
812.185899 260.016713
822.240916 345.514371
811.347263 135.398274
802.891407 960.369825
813.322129 258.670506
829.383245 336.625064
826.121753 144.399931
808.209743 254.389414
827.629666 936.748842
816.157467 338.039306
815.406470 135.312009
808.575836 243.869841
830.120547 941.183454
830.375400 345.039655
818.687918 130.084503
835.293818 262.820007
817.127036 972.544663
861.273144 325.848566
825.841016 147.745480
807.448985 278.262697
835.949471 956.661840
837.614741 326.131083
862.108694 951.080360
846.237530 169.270234
819.695578 280.581597
825.616640 342.803307
846.274584 954.086801
833.470991 127.345794
844.342418 286.740640
851.774584 327.034276
841.144659 972.452530
857.568179 157.626753
856.637276 275.477183
866.656141 350.883325
864.303840 294.868003
843.410599 969.227671
860.136796 157.416078
850.772172 343.230181
858.412200 300.783588
864.952828 965.032726
844.827360 151.689345
848.337894 328.945124
826.124103 301.347586
845.803075 334.832584
835.989534 955.936874
866.702840 145.331517
860.201340 299.453996
849.393813 319.488950
877.699252 142.897200
860.077050 963.356061
850.153802 297.906815
857.828183 360.862580
869.534329 155.396403
860.379552 959.833147
847.108904 310.605275
874.866088 346.274286
882.091589 147.919958
870.580743 947.443804
880.885933 305.728380
850.057665 346.677105
869.713021 139.963749
862.707344 335.152340
837.131161 961.085331
867.257889 321.844612
860.011096 164.477762
855.209704 306.780403
880.615923 954.622477
898.254242 331.890863
882.598237 156.049936
888.804961 317.398603
864.854567 967.394287
875.572135 313.903469
889.529329 361.308258
877.657559 157.614003
867.707369 964.386817
888.306680 321.732391
852.998965 341.989983
899.638927 169.659573
877.194805 958.827408
900.195347 320.725125
894.474873 342.597880
900.079614 947.969777
877.015733 149.582574
893.303987 322.393392
903.683724 160.284869
895.042998 353.247970
893.867473 963.909458
897.883127 332.730378
889.478154 161.318432
906.964655 331.048272
902.560471 951.951851
878.508805 937.900258
911.435016 161.794485
918.169113 163.073478
899.533900 953.234398
905.244492 150.551890
927.970227 948.314802
917.021190 156.840985
901.954303 947.991378
911.574548 175.045530
938.676988 961.208119
899.314039 163.197130
894.081151 973.884616
935.010810 175.238075
931.334402 961.639037
927.429816 186.651685
949.936625 959.828830
926.206476 179.380201
923.504656 991.420931
917.867306 167.817728
951.392654 965.037479
942.911646 180.134534
910.907587 182.706830
933.101956 975.559270
960.606672 183.106267
939.183077 962.418884
934.098079 169.487670
940.655136 959.673416
957.834833 175.067739
942.523845 978.387397
959.390626 192.632077
971.632108 960.544258
984.831287 178.955885
956.730829 182.596337
981.488684 954.801643
960.523722 185.052507
981.055512 961.508325
982.226622 967.039043
1004.815326 177.607018
974.255745 973.466737
981.810898 197.307171
967.876525 959.990379
978.300879 201.949751
955.221170 956.876095
984.842554 201.649842
984.013355 979.487746
975.668355 190.622075
961.737783 971.067043
970.385206 180.369058
976.582772 963.229300
998.371664 219.558323
991.096482 197.957121
1007.421929 975.498458
1002.170094 213.455901
989.376591 973.355421
992.053475 216.491808
1004.304052 956.355983
1007.057818 213.499207
1004.712627 978.636305
1008.204979 217.397152
1014.945354 956.816775
1002.203810 239.435540
1009.759803 949.008726
1012.503376 227.826524
1017.984323 967.503931
1020.239336 218.474245
1025.612601 243.224366
988.111632 972.771880
1044.792259 234.216561
1001.591197 960.155868
1016.867301 220.883437
1020.722451 964.967339
1019.668057 236.222173
1013.833472 966.339573
1040.808436 230.616062
1041.950568 970.584527
1045.155888 241.165024
1032.844805 963.574316
1029.430436 233.963420
1043.228370 981.812166
1036.389917 259.604505
1035.955779 975.642037
1049.846521 252.249839
1021.201745 256.809575
1043.890090 974.516906
1053.311518 252.916182
1051.505684 953.716657
1089.755411 252.090471
1052.845994 947.350422
1060.414062 265.274003
1069.516825 977.473914
1083.712707 245.767614
1052.547428 972.291299
1067.961889 264.311990
1061.569795 970.987237
1078.794442 262.510446
1073.649232 965.894825
1059.151851 271.520310
1083.279130 266.994369
1091.036618 978.758635
1092.978835 269.820460
1071.388984 972.185853
1085.163743 269.416631
1057.494527 966.780942
1096.974823 315.361913
1071.497403 969.099013
1086.902898 297.227499
1068.212417 986.200102
1095.558098 285.952327
1117.513769 960.590014
1086.424173 276.097863
1083.938689 967.407962
1095.408285 292.544434
1087.793858 974.564473
1103.705510 278.702848
1135.152405 969.481775
1094.331766 295.653079
1128.404157 986.015641
1112.941323 308.865939
1160.363206 980.692839
1112.884752 296.905076
1107.968147 958.034397
1113.893542 290.364419
1139.468038 977.823334
1121.061141 298.737040
1144.304618 966.785689
1134.683668 305.609485
1133.376489 986.838892
1130.226861 315.175972
1145.421537 290.339828
1137.170278 971.753405
1140.529679 317.455980
1123.466925 970.243562
1127.099189 322.341034
1144.528796 964.320504
1132.198802 334.395152
1146.450040 969.826585
1166.879492 312.472137
1155.516247 982.673759
1168.534291 305.000044
1166.206094 954.740137
1139.711992 317.163104
1157.420466 967.450348
1179.372522 338.231661
1150.080886 973.228487
1148.314913 367.538345
1183.172246 343.860152
1154.070478 951.473545
1168.074117 948.064195
1185.057625 355.794105
1185.395250 956.788203
1185.421992 353.514551
1204.698164 952.250961
1179.179345 359.588230
1171.112572 350.613478
1198.301058 938.029299
1201.686418 359.687622
1208.519952 954.536567
1190.815237 362.451380
1183.617763 950.732381
1196.114649 361.922983
1193.349732 941.579322
1211.029379 364.965629
1196.328023 942.704263
1195.695852 358.393531
1193.396489 932.673923
1183.118920 372.687687
1192.224346 931.822476
1204.900325 374.900759
1234.507760 933.473483
1215.568221 378.616870
1221.979661 926.533795
1199.763314 922.586674
1210.580298 371.500777
1216.386877 374.317001
1216.484686 912.604196
1219.044849 400.545501
1193.778913 919.501785
1231.022066 356.130550
1225.310268 905.537134
1216.587011 386.854779
1227.821978 915.824691
1248.900394 386.596751
1243.175328 901.069321
1226.481038 396.778644
1231.353657 885.413405
1243.531854 393.697884
1243.439414 900.335331
1240.142466 397.954626
1259.783013 410.220039
1273.614785 898.699025
1235.859263 419.910630
1245.284300 883.556450
1232.943483 406.244093
1265.984130 885.324607
1251.497294 416.540216
1254.837014 410.591277
1246.466506 433.090649
1250.731239 421.579098
1257.213352 441.178678
1259.890422 882.419044
1226.613965 433.957819
1249.107273 873.677585
1282.351469 435.594879
1238.868011 435.806934
1226.066000 462.577215
1278.296459 441.450528
1260.220360 476.475287
1247.038477 871.585914
1246.242099 458.633699
1262.063248 442.944884
1254.784363 468.056822
1238.503871 860.458982
1251.226965 475.653648
1244.304366 473.588755
1247.649253 475.093128
1262.947494 499.704643
1258.409573 847.288986
1259.352039 480.982165
1257.994728 846.361633
1242.206569 489.743726
1257.058093 488.819881
1271.843706 499.871005
1282.463029 501.232936
1264.606782 848.632177
1246.153866 524.075418
1279.140556 837.719358
1263.275449 499.070065
1242.865196 524.353631
1258.145498 835.472987
1266.070073 830.033938
1255.733486 515.625782
1254.092527 815.599304
1282.661295 526.489748
1275.972116 535.643117
1264.537310 530.904754
1275.563399 814.282082
1280.933953 529.177811
1284.353459 801.901598
1289.954620 521.266640
1276.909847 798.521903
1267.993446 799.611351
1257.108674 536.524880
1275.176438 796.309013
1276.817401 549.761951
1274.348711 561.379278
1283.662106 791.328150
1278.502507 771.923633
1287.055347 790.294859
1277.700497 562.939356
1286.151712 778.716445
1286.512385 557.244582
1290.003543 774.337169
1293.501035 769.479696
1293.705090 560.750131
1285.173421 762.412180
1293.007235 588.612935
1298.380375 762.696637
1289.907088 735.876671
1297.601035 752.019720
1299.731125 752.127612
1287.457089 766.040051
1293.837925 573.174143
1298.492397 577.402609
1282.873791 590.736133
1292.406760 747.035391
1294.140511 583.756700
1305.992028 718.921887
1292.403802 726.038938
1287.776326 710.318729
1298.230895 737.365606
1291.080269 716.176270
1300.752858 577.246737
1290.736411 711.733510
1304.057216 588.932152
1290.474307 597.339081
1306.312147 584.318996
1310.091002 591.653619
1295.854828 587.908941
1283.955391 616.032251
1297.296061 624.241753
1295.017264 638.851668
1299.499818 629.494620
1312.334980 641.206648
1318.318495 638.982148
1322.075998 654.676286
1301.259269 665.475087
1301.475939 662.910372
1302.014154 663.726531
1303.012724 672.782669
1323.696659 655.180211
1315.976668 677.759595
1303.152492 664.296843
1289.707222 685.841155
1319.350286 685.388161
1287.982888 688.820029
1303.048294 696.731448
1300.585552 693.841304
1306.582858 715.506362
1286.013272 695.974497
1306.988977 621.526156
1310.707815 633.213283
1289.244442 626.842728
1309.791865 646.169714
1303.395209 644.104763
1305.457370 663.262795
