65.773443 744.254337
48.463672 753.636864
49.665704 731.306289
58.529482 757.681585
52.102022 732.311388
69.906015 730.310033
72.906907 747.438713
72.303286 748.552598
63.809269 764.882501
81.697756 742.972726
73.170614 751.210477
72.082987 732.014089
90.768780 751.836752
72.164043 722.910606
95.112246 751.083798
92.821432 719.049489
94.247892 762.025479
87.718074 717.459634
103.200373 757.380224
103.371359 707.479385
102.588614 757.667930
95.901595 726.097494
109.172562 750.794723
111.913487 707.012213
101.437673 766.829167
98.441549 706.190899
111.824347 758.011094
106.719860 704.146892
103.780194 759.418898
106.169158 695.865560
116.998324 756.337326
122.918662 703.180220
109.893676 750.781151
121.720376 698.155171
118.765959 766.566703
132.565240 685.731154
129.264249 771.356120
129.623246 706.186992
122.742031 690.625317
135.774595 755.167656
125.871501 667.116349
131.194793 755.684155
140.009035 672.646597
130.116785 757.654694
143.928811 683.933745
149.726693 768.156810
155.569572 674.429901
150.759479 749.440177
151.285121 667.934907
154.693471 760.571727
148.100032 662.763652
145.885793 766.406151
156.318838 673.171389
156.940486 745.244959
158.298598 663.780367
154.416121 752.756132
175.920792 649.549040
157.412369 747.932960
162.294807 662.995637
158.562524 755.857733
178.446977 662.414378
171.697261 760.015096
171.214842 651.356808
178.895277 759.721717
174.173636 640.298712
179.959887 751.511732
187.382423 645.021800
189.825811 756.435968
183.338065 642.488569
188.600527 757.646924
189.915025 664.833893
186.200023 756.346280
202.001413 741.459084
200.984159 633.004267
196.393857 754.167451
185.933187 657.628818
189.803534 773.118833
208.085225 631.624299
205.955945 761.971274
212.734866 641.673545
213.753414 758.184366
204.650097 638.581549
219.234462 743.906351
214.372618 627.910825
205.839119 754.763494
221.525839 626.856729
221.568883 757.272038
227.017826 627.043449
222.606652 739.437741
218.468095 376.514013
227.756174 365.881563
222.753119 616.560839
223.514179 382.132629
219.351743 761.608199
235.638123 364.597874
229.876991 611.869156
235.183775 347.656993
234.333716 348.512548
240.136463 386.965996
234.595473 390.465990
232.617944 403.213986
238.804695 755.730704
236.101134 394.563252
247.659830 407.939044
231.741456 626.277676
236.285505 366.117034
231.356730 389.518578
226.593335 758.430404
243.171271 393.555391
236.114449 415.895424
238.070575 402.843685
235.374079 609.984891
240.447942 362.156811
238.150168 745.052565
241.459720 414.460161
240.398937 429.512703
242.758631 429.745527
234.327707 619.627192
251.978416 363.377711
238.839714 762.816007
241.397911 437.890628
242.428639 609.735074
241.707742 430.442090
249.496314 436.746226
249.883735 438.036268
231.323749 440.253156
245.840571 336.739825
252.488934 756.288637
246.581846 439.010580
241.648511 601.733214
240.339099 355.765139
249.588720 447.867370
259.238709 464.741365
254.921907 455.241530
260.564514 751.263915
257.855180 612.160945
260.825760 358.433677
248.766899 456.663697
260.432674 762.136297
250.764013 471.649264
250.933465 471.486370
257.701683 466.362410
259.452315 608.620580
257.092824 340.971729
265.688052 471.640433
259.512133 755.897988
260.600408 457.406749
260.053728 464.122952
259.958158 588.295519
253.566720 492.794751
251.414247 485.808950
268.341921 502.862405
258.505298 357.378830
270.307815 764.815212
261.151541 581.954404
258.566253 341.730110
265.562730 487.736506
256.652453 503.629989
260.322606 757.962936
260.506129 589.477838
271.414597 348.639475
277.230697 494.444128
274.900585 512.526413
274.803704 508.882966
277.739475 511.865427
283.406068 511.089412
271.441308 512.853749
280.085115 591.091649
261.126207 752.858137
279.685110 348.240111
273.829217 353.274718
275.941229 525.387350
273.586251 584.617875
268.626185 755.402426
269.533204 540.041874
281.341778 540.313176
278.033799 544.153092
276.671246 354.634599
272.530582 597.219754
279.293799 765.876228
285.696404 537.115936
281.073107 557.354692
274.310678 554.153880
285.295418 557.830220
282.876114 549.330424
290.614331 348.230500
290.339003 575.749830
268.507667 759.004554
281.630319 551.709405
285.600437 569.648338
282.104494 582.538921
284.175008 581.027767
289.956055 567.272556
291.291395 351.137301
293.969373 753.025082
285.483237 575.661941
296.819719 595.701719
293.549703 349.537170
285.608896 767.768118
301.657752 357.561448
306.793040 759.939367
301.828421 341.951255
297.628570 768.767450
281.919559 761.391223
299.491256 351.610209
311.204907 767.295370
311.260955 357.849118
310.409904 764.548167
307.674074 350.186939
314.667872 752.362674
311.790860 356.029557
309.148843 750.180481
313.297347 337.329907
325.428503 764.611222
322.202650 352.112317
326.767998 754.340858
316.396465 342.100752
332.290147 758.056607
343.837736 352.451090
328.571720 769.404924
331.797534 350.134532
328.985242 757.234817
334.953399 358.507776
343.518883 769.213437
350.502430 358.369666
344.966732 763.768433
349.684299 355.395292
354.871118 756.702286
337.363274 353.551378
350.880412 766.023973
360.616769 356.839843
358.486932 751.549802
355.481697 764.889595
353.303721 358.089490
361.846755 750.951536
372.341672 354.760957
362.830154 770.229364
373.688384 341.494600
366.397940 762.725163
371.581963 350.981642
372.445973 765.189437
378.131870 350.675321
374.960515 766.947772
380.583367 349.768758
393.750964 762.210820
391.266863 360.177610
375.294087 763.197482
382.613509 353.525145
385.525960 758.026991
383.963904 339.114059
388.140645 744.405941
404.001165 346.976872
397.210305 764.009971
402.059336 340.496753
396.812023 748.964768
398.611039 345.729680
416.055375 766.375795
409.197421 338.187431
419.851347 767.518803
407.851325 351.026469
414.692898 760.709002
402.851391 357.037783
412.975014 757.398550
423.569571 345.340057
424.306423 764.549167
424.836719 352.331624
428.023125 764.364324
425.563491 332.429109
432.543314 758.843254
429.661955 357.305398
426.729380 744.438672
433.345712 753.477002
429.944656 360.982202
429.371694 755.231641
444.767257 338.554073
450.181375 749.618758
438.335617 341.967550
445.993238 743.425870
443.501452 338.827334
445.205744 726.508127
452.785445 715.977934
451.722803 747.092098
450.800727 351.495001
457.279036 710.928126
449.965864 342.376681
463.474394 712.123715
447.277015 348.836532
449.823062 700.211711
459.440685 334.304406
471.779346 332.450554
460.485488 332.503294
462.918843 711.316133
456.828883 310.024648
477.496171 320.343447
461.467681 317.071683
466.769465 709.291438
466.716419 684.850859
474.881200 704.780909
469.090539 314.275008
477.197423 704.978822
472.224953 309.998031
479.503908 686.871166
477.897355 295.296149
469.748477 681.867320
480.142872 307.145024
481.985609 278.304463
494.342744 663.406686
472.065475 690.019167
478.510308 288.007832
492.339288 271.418839
484.620974 667.102584
496.477144 274.233144
487.434789 678.901724
478.397052 265.662405
488.228262 265.079543
496.477680 666.702594
498.107997 265.146932
506.410946 662.817408
502.157970 653.135387
488.612910 263.497250
512.294425 250.009473
496.856561 258.910055
502.161357 257.271130
498.087662 651.491443
510.333147 229.963892
509.870488 648.761061
504.606526 222.903978
510.846039 232.454036
504.806937 636.666771
519.233686 229.164341
505.508721 220.575431
523.140930 612.809785
506.691744 633.393930
506.403965 637.660343
515.976649 213.890777
518.643211 222.114283
508.821653 220.862895
511.279229 621.785038
517.759125 205.783401
514.393917 621.999419
508.261466 204.024063
535.143824 610.014778
523.206625 193.402872
528.634837 188.802470
520.397238 609.571871
525.339403 193.916953
533.345666 183.150905
534.082234 184.899281
528.982707 621.190031
534.420312 596.445680
537.884231 611.298562
535.371448 180.170320
534.995614 591.621649
540.710573 165.740986
544.327036 588.678567
544.906825 163.632950
541.995923 591.265655
544.099239 162.300443
549.306928 146.135196
544.408476 159.353392
547.770980 575.488934
548.664714 570.592881
551.735490 151.700313
547.195635 130.370899
548.400831 131.177258
542.708218 555.926705
558.461090 564.462866
550.844401 129.921462
558.640864 559.926109
554.707524 569.714219
560.917925 560.438074
559.955360 130.878040
561.101647 108.357477
558.268095 116.705131
569.206506 117.877238
559.295266 554.211514
562.998730 111.241688
557.653195 545.549112
552.031859 88.011831
563.619232 106.553314
573.069166 532.805254
567.120264 90.773438
562.504401 89.135192
574.831420 537.013652
562.170344 82.442051
564.582169 75.697164
578.724611 70.764896
580.839905 525.692074
579.706781 527.378896
572.607487 537.821046
576.658772 71.503473
576.931738 513.457813
593.978904 56.973195
585.013255 521.984541
594.707352 69.211734
584.449778 516.864830
590.357179 66.807720
593.083239 510.750280
600.431712 84.291732
584.313019 498.694712
591.564118 78.988234
593.952051 493.634657
598.613315 89.171463
613.890395 85.464675
593.823905 90.186153
592.839699 88.949665
597.362155 100.686230
605.428496 491.793070
596.358695 110.779166
607.510852 502.146483
607.151523 105.521473
610.216876 123.115082
597.059473 119.082557
607.648376 122.967493
599.304167 111.971061
601.456094 127.725453
608.620249 497.245162
598.342591 130.864054
600.880901 136.878771
609.427038 131.423144
608.124487 480.999172
615.618630 483.372061
602.689553 126.908763
613.306287 480.061317
620.017882 147.882136
606.481445 139.124821
614.713161 149.506168
615.985399 461.915660
627.841905 142.817544
612.808645 146.910396
614.301061 168.115110
624.710545 157.069950
620.106448 171.604761
612.188819 477.429334
624.715327 174.740612
622.011641 177.420286
616.514924 179.514370
620.956380 466.834701
626.808713 476.041362
624.378969 470.509425
626.463959 189.682442
618.386303 452.209020
629.084890 182.478690
623.655601 183.176320
627.947315 190.669794
634.268817 449.769260
628.479786 202.875973
625.567322 450.394553
639.246311 196.086712
630.788546 210.012144
631.662770 216.592693
631.615488 224.004648
630.043404 445.815104
629.718686 223.934914
642.704374 226.370608
643.211295 235.060694
634.679845 222.647257
627.786880 440.736631
644.468906 227.886733
643.208657 234.108289
637.285435 241.494503
635.450821 232.066627
644.402496 242.088986
652.179290 419.098006
645.765570 437.457942
654.363110 424.186169
643.134506 248.103807
651.685519 260.076065
653.200681 415.551110
658.818593 260.273893
650.384304 430.303700
647.722429 261.174073
656.139871 254.294229
658.719394 276.019221
653.642424 292.323160
640.039821 270.785164
647.022077 413.482235
657.465858 279.880410
659.949490 292.042936
651.652912 289.870626
649.570631 410.942234
648.444142 284.889899
665.498752 289.870080
663.565130 399.614462
670.287428 312.372838
663.209287 301.635604
665.847139 307.313710
674.927540 393.040679
676.904238 309.073032
669.714538 321.024801
672.318264 330.844498
669.573361 323.056948
671.847367 349.703634
664.593245 388.720182
678.021171 406.705449
675.757186 334.573341
672.467116 380.569450
670.638792 337.084254
679.000182 340.709048
678.783341 341.520888
680.834012 338.941511
659.565097 351.930664
668.976852 344.544850
669.639772 348.975570
668.075959 369.412848
671.586011 367.051410
680.015673 378.375767
673.147684 376.741494
667.975972 378.922122
