93.782052 733.785623
98.380987 713.675579
100.351938 724.225273
107.550382 699.282223
99.475899 710.456717
101.309064 705.391942
100.823360 737.253821
112.727190 732.213285
111.229882 718.209419
107.921821 758.789258
118.381242 739.371747
104.678513 749.067077
121.638476 741.776931
116.337605 705.898533
112.377262 745.503450
112.288142 697.380495
128.298489 750.083103
126.299156 687.408814
130.184922 750.726766
133.508734 702.715288
129.911393 779.549816
122.155159 680.600083
138.275898 755.765230
133.396100 695.218337
142.323203 739.677712
125.412604 659.456941
144.829308 774.403571
146.014909 684.079728
132.455741 802.082806
145.081097 665.376344
137.068332 772.279271
156.276026 156.543625
145.906134 163.310572
139.431282 168.636373
143.255264 154.935692
146.915609 172.245299
152.653810 189.120681
143.350933 176.017853
152.511966 190.010222
145.813603 203.519620
134.633876 189.107554
155.681020 200.677366
153.698958 192.008723
138.052674 211.519305
151.806298 220.046742
158.905216 199.999493
145.973211 214.616101
158.870368 238.832551
144.412892 226.277426
158.512707 668.848297
144.223135 778.233184
148.114261 141.273857
140.928156 144.981430
155.481626 238.499950
148.679651 237.192952
142.748479 225.128523
145.890417 251.198490
168.052103 260.213431
154.728326 633.358067
154.156142 799.039929
159.419501 142.677384
161.838759 250.363653
160.906625 132.011346
162.708570 250.112585
168.710654 259.839583
156.167921 646.336819
138.944234 774.653902
162.883281 135.647318
164.508926 267.297522
156.839148 635.685249
157.673712 780.792269
162.773710 276.082830
164.321173 271.073884
160.312003 123.443358
164.496195 662.511947
160.655036 785.386523
166.878348 270.854160
164.704573 278.058030
157.415968 289.762613
155.041736 131.603247
172.851847 643.698479
167.881100 773.250326
169.166188 259.574968
178.868145 102.641560
169.258419 281.508709
170.511032 270.421308
163.987978 647.831171
172.110351 795.849742
182.837333 124.723140
172.348317 284.862853
162.838123 645.738346
172.858584 637.030368
173.203785 776.946083
176.266819 115.925300
177.601139 287.465410
168.678858 655.231958
184.319878 786.270847
183.625043 271.927637
178.059964 115.423369
173.704673 656.417427
187.486835 789.998029
161.169177 294.892683
170.720248 115.137095
190.488006 300.160564
186.351685 630.961504
187.246762 777.035687
196.276196 121.236069
184.947106 298.282435
207.238779 636.591622
195.654018 785.085656
189.219983 105.120912
199.264228 297.492158
200.364262 611.209718
200.781526 774.409419
195.969251 304.135160
208.077737 116.169313
205.957835 628.346819
183.217775 768.667871
213.814005 323.265435
198.621608 603.286027
200.295759 106.062587
202.665844 764.185913
205.797547 307.604905
200.580959 113.076808
210.917081 610.662440
216.710725 317.582379
208.420432 791.568108
205.067444 119.604371
213.434877 602.119473
207.784443 307.418355
216.316751 789.487986
225.081827 116.451899
218.512817 601.607367
208.586784 332.673700
202.683118 764.014451
233.957331 464.869310
212.826161 481.469124
208.207580 477.169291
219.757665 491.486593
217.068755 483.147179
221.124286 480.322317
207.904017 494.574182
218.306322 339.266913
222.893304 503.607714
227.995155 607.988417
203.478459 72.551267
214.944538 783.845472
222.652358 467.247500
219.011296 337.159460
220.402355 441.109428
219.568785 463.786716
222.071754 454.381041
220.519786 510.880760
231.080929 597.590129
210.312057 94.027336
217.083634 773.906744
212.863621 323.962842
220.821117 442.469234
228.329475 501.120306
230.898949 592.504012
227.829956 106.295573
234.080891 427.206341
224.219343 779.057008
231.042535 344.298507
241.235587 512.081042
221.402853 580.225193
231.248567 86.769888
234.135426 421.997400
222.589446 326.773338
238.373257 756.990078
222.560543 573.012926
223.277842 505.830408
226.242752 73.577599
230.548900 424.659863
225.121931 322.587067
245.074900 778.175554
236.242542 500.233505
231.914932 590.158858
243.576493 344.197862
230.806543 424.706283
236.293854 93.740243
252.085764 757.079066
249.837678 486.491757
232.654553 566.817097
223.151041 70.375452
234.102119 355.048416
246.229237 441.699834
236.156882 756.197562
232.220183 490.805356
236.930773 570.574467
248.842973 113.148650
243.098764 346.040363
245.553170 411.967316
253.511115 731.126198
243.141301 503.307078
239.053661 575.896220
250.624453 89.649189
241.843772 331.833018
258.353358 410.759607
254.402165 751.402257
254.512990 492.099943
258.300595 583.327256
258.993665 71.193749
261.404693 354.899740
241.509858 427.180149
254.656297 751.344800
263.747843 347.522134
257.046158 428.083604
263.777408 492.845218
259.047407 568.549185
243.527598 89.833223
240.124882 748.021960
261.728671 353.292350
265.198555 426.481279
260.056331 488.170967
257.823117 556.503346
248.952905 69.827967
260.752552 751.445537
261.939351 362.519209
266.257250 414.342519
253.111719 528.814044
257.977297 554.076944
268.568882 76.275259
262.447775 737.334860
276.791960 404.681068
277.314889 557.764735
259.436446 349.509117
242.505395 485.343374
279.499353 78.827184
275.584906 747.172623
265.304323 348.690638
280.251270 394.352257
266.679609 565.807251
265.092365 487.315580
268.107491 72.743429
273.137910 744.253943
278.082880 369.737498
270.193110 385.540617
278.608675 536.808814
280.428587 483.564475
269.848000 83.913658
294.148441 739.119394
273.652479 360.920802
270.190807 388.451034
273.597591 540.954155
272.768321 485.792903
271.821201 52.334123
263.681682 346.984888
283.687981 398.267046
276.001804 544.184297
288.500523 730.755272
299.679957 497.435144
292.410337 55.711654
270.793061 360.391311
286.111022 384.650907
286.609433 537.464388
283.539412 742.375233
296.174485 470.247457
279.720434 59.897005
289.482013 342.884344
277.700257 392.404275
300.729233 521.623498
280.342104 742.219185
290.334159 485.317652
292.168902 67.584701
302.325568 347.772252
285.000643 390.485918
291.231700 535.882542
298.369181 700.059115
299.169093 484.391976
291.210775 55.449515
314.381060 335.171281
286.590343 370.286028
281.035494 508.537850
296.045720 743.163794
307.347042 476.834384
305.393640 77.411269
295.301051 340.316939
302.450456 355.982092
298.825692 515.154191
295.782057 725.224425
294.421065 482.742619
304.773729 81.035170
303.983272 397.379667
291.189291 710.080872
312.379343 373.230106
304.153401 506.264478
307.607518 462.470676
306.855363 59.661469
309.160355 741.404395
308.596166 502.247656
302.081402 464.899910
309.507910 62.719473
312.459530 717.379734
302.497729 519.208183
306.493167 481.383275
317.637566 60.912081
315.082143 709.370638
312.105155 516.172082
324.862705 482.742444
331.399656 52.188690
304.602804 696.633329
316.251836 493.832795
311.162867 493.934862
319.322289 462.412339
322.894299 54.082377
327.508097 720.665992
337.368411 494.612695
324.898620 498.008865
327.830324 489.659117
314.447644 38.000374
322.956822 721.145626
328.177555 469.540978
329.852598 479.457419
329.108889 721.559169
329.712104 58.183190
325.849839 710.088217
328.590286 65.188084
340.631094 727.048316
336.206728 67.172330
346.822265 698.872798
340.208397 42.576064
357.544326 702.478813
355.930112 63.455649
351.150258 700.470268
352.820320 39.420351
359.105870 705.525145
348.730097 53.177721
349.046318 705.895712
355.494517 57.232766
362.791321 690.681288
364.998055 37.681143
375.703645 697.006870
363.935179 41.282501
344.642481 682.867701
375.959545 47.961022
377.126663 689.568257
358.812514 57.812300
381.805340 687.478450
389.708454 59.449160
368.993679 675.764482
376.253476 60.729956
389.672473 700.240839
365.380306 85.882083
381.851924 678.432393
377.919608 69.442161
410.878145 667.915818
390.100779 83.170155
401.257210 680.106808
400.482348 49.846670
393.491032 676.507688
393.109767 74.142256
394.936985 670.460855
408.283625 46.509827
413.830736 659.924721
413.778980 76.058331
418.085478 662.129076
408.898084 72.650213
410.152773 681.394060
408.096473 80.668734
408.274617 664.885498
411.935699 83.536918
409.622435 653.179904
423.609838 54.091258
430.916629 692.940666
430.870146 65.477525
412.311147 654.905191
419.038548 69.384702
446.354986 667.896140
424.787207 68.006309
453.579635 664.914302
444.074853 83.458528
429.629038 674.896001
468.968358 68.357997
445.200015 69.713583
449.918523 654.571055
451.628306 674.403911
445.842724 81.179198
456.185302 669.150638
452.927680 59.977081
468.568497 677.121756
474.688871 84.977417
446.899820 84.496655
452.296266 662.306571
463.039462 655.566883
466.249962 68.177854
467.216064 659.511589
477.705820 78.198467
467.459899 666.195633
478.357449 64.676782
467.597505 658.853407
482.612524 100.496947
483.717579 646.316370
482.742271 87.071659
483.820498 79.196367
474.857024 651.167428
504.860706 74.414221
487.828686 631.138752
494.571858 86.880788
493.340690 640.889523
486.824547 78.949199
500.123930 634.272440
492.761091 85.526813
504.393006 642.875813
511.994871 92.779949
503.326627 632.755620
511.728206 95.513128
494.195913 620.209294
500.374143 85.617918
501.563061 624.634218
518.871734 97.179183
508.346318 633.826212
533.047126 115.423949
513.936725 617.489967
513.877348 100.866583
524.299600 619.408837
531.761377 85.799718
532.104871 609.762959
530.480758 102.242959
539.131416 630.992603
519.757638 109.774913
530.633872 605.013400
536.099680 92.728224
531.740303 597.863642
531.999193 92.426250
536.623656 87.772148
535.918079 598.675710
565.276400 111.804077
540.546175 600.584186
552.312280 135.299677
540.318533 584.163248
543.692390 108.428012
546.567821 595.752633
564.325187 117.388602
568.695130 574.422290
552.851472 120.920844
562.563992 567.467823
543.819344 132.472459
565.391020 585.640041
555.771606 571.729404
561.544788 134.778248
565.879658 159.899328
581.447934 559.950871
576.281208 126.466589
573.254452 545.223604
578.437019 132.063430
575.842826 552.861261
584.011138 161.755628
579.191664 580.284585
585.105616 142.880435
584.400812 557.340783
577.392552 145.588894
581.364431 544.506637
588.600857 164.628689
586.112514 531.334654
592.552044 162.472161
588.877404 541.973214
595.809360 551.133107
589.573061 138.679622
602.927052 532.591680
593.071482 175.962038
592.835520 168.076945
587.499755 507.696202
592.401887 530.099582
605.021393 163.408866
582.917631 170.179600
598.543627 186.605388
603.631056 540.292370
610.990141 191.284751
599.158470 193.195585
611.362859 520.116689
603.015470 528.406879
610.126928 197.383473
633.427257 503.801820
607.383968 194.966781
610.532253 195.315847
615.337907 202.827538
601.943013 522.364631
625.599393 204.886609
622.524804 205.079498
623.524703 467.011633
619.304838 508.231849
625.006151 214.046072
625.094279 497.873684
632.793174 207.758901
632.302637 204.968272
637.522999 508.608730
629.557219 224.476464
627.767681 499.082983
633.169881 211.528082
626.434817 240.560014
622.295620 221.736894
627.221291 476.124730
635.043021 231.373563
623.634161 455.405674
627.222875 222.097089
638.670894 231.671383
625.493171 229.386455
633.770514 458.029916
626.536301 478.312057
636.717121 251.647039
634.286251 454.145082
639.406681 242.345493
629.462848 241.242014
616.480908 280.757580
633.977476 239.607732
643.691855 271.861162
630.666283 460.163563
648.583413 449.881927
658.590435 245.512159
663.943066 457.655559
631.317895 261.158008
647.452003 289.027218
627.998952 289.739204
650.858535 273.726311
649.849708 289.376084
653.618551 289.155297
643.754591 441.096242
647.188993 414.606751
652.846873 434.077052
634.093510 438.210724
644.919310 438.346495
634.048667 297.259268
644.689924 427.972735
648.629341 300.148275
651.801241 335.688199
634.036610 292.187444
638.929294 318.562690
635.902695 343.466492
659.559632 329.888550
661.158202 301.817979
668.054473 324.272582
647.289226 334.795546
643.628789 330.281326
638.200010 346.925694
661.672348 361.468471
638.074779 357.965291
641.871677 350.956484
649.234989 359.602154
653.671809 364.574416
643.970169 356.843804
638.605358 362.903599
666.582090 375.719925
647.989614 371.368012
639.125995 392.926774
662.743188 357.851841
646.423630 387.398645
639.156250 379.008839
647.369421 400.440829
655.413551 396.241672
655.675287 410.154748
645.028493 387.037147
642.758337 424.687757
