57.311684 216.200268
44.685740 223.455800
50.267273 226.594697
45.573800 227.059446
51.689609 227.563679
49.224622 234.782551
54.409153 234.875246
54.869488 243.929637
49.797144 244.720699
50.888989 254.564633
49.465948 256.243142
45.935940 260.053600
53.427253 259.695370
62.421566 270.113956
54.120593 273.563512
48.790406 273.560949
50.505277 285.367526
47.061343 283.866122
55.009971 285.088267
53.476492 211.580727
55.279242 286.350801
57.596379 177.841232
57.080935 180.806367
63.202199 191.825806
59.837337 193.514810
55.623623 204.341427
62.649510 191.829298
56.922212 206.825688
60.185489 297.321469
47.384862 296.014123
62.751027 301.219223
54.783182 306.543496
57.253921 181.814276
61.780019 310.456576
61.881370 178.130565
54.685760 310.904475
61.328940 131.491262
70.751243 130.191217
60.424777 137.615372
62.574857 147.713114
62.900877 146.535988
74.076977 157.669577
72.383596 156.248451
67.667418 154.895954
63.642703 166.553305
60.678316 166.028429
59.266338 173.049351
64.186878 311.848745
60.986382 321.001994
68.528553 317.101052
58.752983 322.793010
75.363164 125.428423
65.460152 325.476808
69.254685 132.242727
67.488140 328.698792
75.501659 124.930688
87.943881 339.082385
77.624074 333.922792
73.831771 334.906256
77.712363 343.717079
84.723193 120.194795
86.456819 349.309296
80.339511 353.296262
78.978923 355.854691
81.946827 363.115643
82.087675 363.074538
78.891591 361.909169
78.085413 372.177494
82.237470 380.256929
81.612716 387.624952
83.250776 395.073111
74.438278 390.813301
79.191503 406.368672
85.971666 403.323058
75.203754 402.138054
83.251933 409.715463
82.907141 414.449209
80.728191 410.498854
77.850055 418.328733
83.005106 423.300648
71.451550 434.147773
87.927029 123.009746
86.611781 375.075107
78.931579 386.548115
83.784535 433.796222
84.496196 119.931453
85.935808 381.612770
89.133508 386.172810
95.599108 437.741630
94.589737 434.481576
95.182090 444.062084
90.202014 447.868525
88.089786 449.437376
94.832711 452.544159
89.614012 453.380190
90.296928 468.009386
96.953283 466.571934
87.369470 468.727635
88.316494 479.373021
87.761773 477.167703
86.319313 484.495366
85.294984 479.779432
92.031530 763.059776
97.283145 767.802380
84.487006 772.253715
92.537101 775.673475
91.039923 774.121009
93.379461 781.117858
83.780137 782.309515
86.128845 785.846656
92.649373 790.111849
97.862285 116.102165
92.906281 494.503866
97.989609 761.529348
105.286521 792.357124
92.825474 123.944088
97.972527 496.207043
103.149753 498.815208
98.405658 500.871569
102.072765 764.609072
87.465239 795.796483
99.299686 121.256125
96.235756 507.282242
102.656153 121.180767
101.219159 128.235160
102.330877 757.779621
106.521440 791.587610
102.400952 133.500913
103.691515 506.314425
107.972290 504.879907
108.730846 514.861898
106.197680 514.464890
103.092664 755.628911
106.168070 787.115784
112.733715 141.250591
108.949981 521.149715
109.505014 752.507241
111.201057 732.568309
114.447543 793.793111
111.221009 140.475073
113.790605 522.610352
107.995018 746.684971
115.463933 791.945199
116.218816 132.483743
119.081739 520.106254
120.254435 136.385863
119.993496 141.649446
111.009459 147.708365
120.152735 744.905727
119.239026 792.040926
123.334988 527.962974
117.854693 535.243026
119.264207 535.334970
113.134247 702.477480
130.536750 709.162587
125.809724 707.437625
122.902817 723.909529
117.387012 718.811503
124.917138 726.752489
117.146162 727.207841
124.181584 737.724882
123.970283 748.281998
125.792380 148.326730
119.820472 796.570870
126.942421 536.015515
119.701109 711.737022
127.767170 151.801976
126.707924 792.947792
129.091964 156.517098
128.349079 159.849138
126.803610 535.940248
125.641248 700.736418
128.442933 546.542501
133.647510 545.798173
129.912688 550.826023
122.357473 556.151415
136.279554 559.520844
125.795962 560.453773
136.160448 564.118539
134.013588 566.948297
128.572979 572.789089
130.146731 573.604472
127.393060 582.607741
131.557177 579.855571
139.731203 590.322024
131.106604 638.632322
125.982120 636.818968
130.939733 647.787798
127.685140 651.424523
128.205711 651.748403
142.606465 655.886510
128.842342 657.542167
127.711624 665.619596
132.089741 667.342460
130.283366 672.754485
127.674935 678.249713
126.814692 680.075967
129.415190 688.980013
132.758281 686.806808
130.755163 688.169148
143.708091 698.696894
134.142690 789.916526
127.663524 166.455963
130.159164 789.167829
137.180599 595.611057
136.146434 169.083283
135.149185 636.387663
131.058451 597.097498
134.897741 606.592602
134.943460 610.459381
137.192200 611.816151
133.759565 619.887300
144.156041 617.557305
134.388796 626.504243
136.784651 632.777726
145.338751 780.432742
138.469928 168.698694
142.962072 780.904119
141.609736 159.336875
139.814840 786.191741
148.364127 164.995666
155.203794 780.481729
153.837982 171.413432
150.561205 775.840655
157.756904 166.160018
165.714282 773.165056
163.127521 162.305194
161.205424 769.536596
166.707356 169.243311
165.744324 721.429944
154.337525 727.432548
165.501913 735.821667
165.392967 740.191680
162.509361 736.666485
164.709407 745.129354
167.755552 747.699236
158.957226 750.393248
163.524578 753.013068
154.743921 757.796591
163.539363 761.905908
171.454174 168.012892
174.349548 717.611377
172.705003 169.128774
173.068083 712.177689
173.948984 695.372364
170.417045 693.384948
168.159593 703.031245
171.513876 700.701723
173.827997 710.874283
168.777966 709.580188
178.079237 163.451830
175.921261 690.790609
174.985082 675.394126
174.588842 680.116120
175.533204 683.647463
186.044359 681.077681
173.868255 164.598813
187.877314 668.779744
187.062288 170.545553
185.917062 666.313502
186.368643 168.540936
190.650014 644.523647
184.765068 656.087731
187.527736 658.541636
194.364723 165.839133
190.506688 649.501030
190.533728 171.598226
195.289051 648.726840
207.173393 636.269895
192.774187 637.966056
201.171999 643.141393
197.178467 165.591958
197.948736 635.014663
196.845874 162.616424
207.850432 624.520300
199.251400 148.384722
213.673550 156.379529
208.613109 778.934111
211.357144 781.703483
198.440277 789.978082
204.207525 787.681172
207.202608 792.963114
204.722786 801.578047
203.669352 618.536347
208.462367 154.217530
213.257867 775.283579
212.786129 801.463941
208.351513 614.832875
213.320036 152.268374
220.751852 774.531645
218.705261 797.502142
217.188692 616.253139
215.954160 763.855622
212.011947 762.212371
209.771831 765.660436
218.807234 147.702140
223.442113 794.911802
221.774212 616.852744
218.225636 757.155777
221.546669 150.055619
220.990113 618.410076
210.456757 625.821486
226.165251 799.809383
223.337197 761.032983
235.013308 143.630003
225.517065 631.284368
220.663228 795.360361
231.783912 752.921897
236.044154 137.297217
222.835681 632.387724
226.886951 805.641613
232.423648 141.510761
229.484615 635.523577
230.829814 636.583803
233.805917 640.618313
232.927088 643.369202
228.925359 649.906697
231.426225 656.644551
225.985812 653.960993
228.002447 654.734761
231.279419 665.039658
233.790676 670.276642
230.370319 679.483625
229.031297 671.586066
224.597112 680.669698
231.797406 682.078361
232.883800 690.613680
230.945277 686.793649
229.513748 696.336663
224.720749 696.817136
229.756103 706.249800
233.398401 714.664133
225.121752 712.838021
235.557848 714.550225
235.700597 713.117223
228.694655 719.974076
232.063956 726.071736
236.330586 732.688533
227.314342 735.729378
222.859610 739.855707
232.086110 742.740131
231.010583 753.539666
236.741071 799.923368
232.546831 141.779495
237.200998 793.374060
232.521892 136.093160
240.268871 791.478867
248.746416 141.003468
249.219277 132.657385
250.348875 801.581258
251.804188 133.060377
255.919908 794.790254
260.806951 132.904390
251.495358 788.766196
258.893435 126.756369
259.742918 135.765989
261.418973 140.747636
254.694518 793.600877
264.482666 790.780190
252.033518 145.183899
268.455632 789.642669
260.939540 145.799556
261.240476 784.654071
271.051630 145.326126
270.098668 145.318924
273.667514 155.473812
264.274826 154.838678
273.784351 164.396628
271.815659 161.178030
271.502308 172.239181
267.343045 169.500757
275.856988 177.397967
265.997338 185.453853
270.142731 185.927141
272.066806 190.960354
271.718767 192.361678
261.951813 200.451449
272.919289 209.546744
271.704826 206.308286
273.408976 215.615886
271.749480 216.148527
264.083857 219.217971
267.080794 217.156059
264.350386 222.589761
264.978939 230.702426
267.024842 236.276355
273.422356 244.016172
267.428963 243.845394
267.575469 248.272204
268.241890 257.905117
266.590872 750.373550
265.831321 750.453553
268.019478 752.417687
267.614311 762.424342
266.108255 756.914350
268.810726 767.966060
266.769735 765.821640
268.384626 775.518014
267.678147 255.545356
271.505217 745.126291
273.292643 257.864366
266.049252 261.827129
278.520552 261.372846
266.319036 720.233987
266.379958 725.425362
271.267964 720.075073
270.855034 720.555836
272.736152 732.489023
270.957120 733.888003
277.124569 270.325209
271.819769 710.241467
279.353206 269.533594
282.356342 707.734354
282.069187 277.193523
284.705861 690.840763
286.431868 702.805775
282.379187 701.097529
276.518682 706.670281
283.523518 707.702250
281.187920 275.251871
290.913525 686.231379
287.204352 676.775911
281.010317 685.159488
287.018220 280.378826
294.879901 669.485813
300.590044 271.236698
287.439765 671.071140
295.180742 263.983221
294.069940 655.129204
299.713521 654.266245
295.868448 655.663831
303.039865 663.990222
303.523910 670.828214
299.827569 271.733976
308.292749 651.678350
305.747397 272.420407
308.292071 646.726456
312.188203 627.860355
303.190858 625.934391
308.113264 630.449253
311.826820 638.749291
310.803277 640.762029
311.814192 643.565130
310.646098 266.353968
305.839941 262.503819
304.030490 621.891723
317.102447 610.835313
313.377255 616.940276
317.402257 260.950505
315.568406 603.070654
315.776710 252.371859
319.453033 600.512089
335.218982 261.999577
322.113156 594.332890
327.662029 257.295337
320.530220 588.329137
335.776092 586.407987
330.587762 257.999430
337.398824 586.963833
339.268854 255.732608
337.234560 578.974232
340.162494 590.442096
334.435983 260.899513
344.365520 583.672312
345.607144 261.860081
348.999671 583.309554
348.022268 263.577993
355.344313 579.129641
349.678607 263.169568
357.245636 579.703964
360.895621 257.771826
361.325038 581.426610
364.339906 264.903540
351.646758 579.554136
367.691825 265.573099
366.324707 582.456703
367.101590 263.457009
367.404887 580.783807
365.787759 255.765658
367.048714 575.169463
378.084218 253.175951
368.909992 575.829339
379.893243 263.812595
378.423358 574.171851
379.975438 260.129827
383.739649 579.298575
391.908377 256.977151
389.919814 571.039912
392.062321 265.299766
392.630310 577.901039
392.442358 263.372444
398.481808 573.704874
392.461688 262.113517
394.168881 578.692070
407.450988 261.480687
414.116431 573.394279
405.359621 269.822537
411.193643 576.694905
416.595993 264.118423
415.856771 581.634555
418.310359 258.766111
411.876513 583.805792
420.223786 584.592131
419.381834 740.639116
415.274203 745.766154
423.342251 751.504015
413.387320 749.624595
416.155332 751.549724
420.420441 252.380633
428.323605 591.705902
415.245837 743.168085
423.846312 752.963743
423.770552 264.886535
431.243236 588.949013
425.942768 744.287521
427.020675 754.821537
430.916332 590.836730
431.007353 251.654386
427.464029 748.601625
432.065937 760.424688
424.267841 594.369117
429.900483 261.182754
436.348304 745.131094
425.048090 762.410505
435.235147 599.582083
433.190315 258.493609
437.340293 728.402109
431.642096 729.594938
441.840563 756.083757
436.750531 596.483169
440.905091 265.282609
440.341352 734.405448
440.591639 760.437962
444.211178 597.590939
442.375241 266.989893
452.471141 724.106944
444.418782 761.870363
445.173817 593.405854
445.613973 261.137379
444.750496 733.279397
454.689927 758.597187
451.547062 593.160693
453.326206 257.776835
442.828862 727.833632
450.489448 760.400141
454.476882 594.610295
464.820316 265.200373
453.129177 722.671996
454.793481 723.744214
453.791092 757.936328
454.376105 593.668490
459.985683 263.186678
455.090233 726.976042
466.834440 759.256884
463.222690 590.118315
465.571092 255.467983
463.474204 721.063776
466.845875 756.434417
467.148931 599.518107
471.303583 592.510055
470.921830 609.940793
460.087521 619.302779
470.030158 612.449137
461.220686 615.182795
472.207089 260.313826
467.405601 719.360255
476.427277 747.418850
472.686629 623.957900
472.467115 264.803527
473.423554 627.079782
474.354200 631.044269
469.040062 624.834509
466.552158 717.140400
476.424639 757.593891
469.954817 263.950340
469.197266 633.235087
474.541885 713.511963
478.889209 757.775710
480.810311 264.454130
479.501424 636.254922
477.375603 712.725450
470.277537 757.422643
479.675190 638.877700
478.889549 645.604649
479.477458 705.854516
472.235241 263.306697
486.130667 765.106689
483.187684 641.413395
486.361565 702.290427
491.577775 262.674058
485.157582 759.819435
489.153314 651.316932
492.457727 704.803928
498.273869 269.134647
491.868812 650.475849
498.778675 650.150369
488.698004 667.395434
494.139233 753.921460
496.124282 702.134612
496.506410 261.570025
503.152668 655.170749
500.544914 665.874005
499.955248 672.803319
498.008108 677.277714
501.667196 674.732260
494.292806 676.850629
498.626809 686.300818
488.628585 686.980768
498.997520 696.537811
496.951394 758.150500
494.853475 261.222606
501.516438 754.038520
505.488946 258.910699
509.642053 749.070499
508.870079 255.381055
497.852515 743.092913
505.550118 267.948949
497.591930 732.426465
510.203325 736.744045
511.411205 268.039275
520.395978 732.738173
510.906755 265.498814
521.753784 731.366332
520.419014 264.445944
521.058079 721.251067
519.538150 268.539596
520.923657 712.848976
523.994074 268.083185
525.592902 716.587793
525.602831 271.893345
525.329470 708.128997
533.745699 272.228908
533.202442 708.791825
533.256084 705.839393
544.965211 272.273843
533.460903 699.361935
543.068417 281.181345
534.301220 699.405596
547.170754 273.103187
546.285086 702.291611
544.602036 277.722569
553.457643 690.361342
544.464007 697.896082
552.602932 279.268014
544.969542 689.871864
548.843252 271.058167
560.898753 688.585924
556.461940 672.855742
549.097614 681.744020
560.276870 273.890594
566.527444 666.271018
567.452122 278.436557
564.686162 281.967369
562.338229 666.887194
560.069288 289.277956
566.954511 665.181213
574.217766 294.550493
569.052077 662.168414
573.140663 663.043681
577.625939 281.387592
579.212746 659.252873
583.981100 641.395199
579.845521 636.459875
581.940470 641.238210
574.277986 654.819809
576.965878 653.713501
586.468998 286.344580
587.346329 635.408229
587.830554 283.495714
579.999096 632.094990
593.300751 288.208977
593.251000 629.669965
590.417072 769.390238
586.522863 779.444934
590.447736 781.273728
597.314689 780.764257
594.585249 290.411882
590.817164 636.727404
595.442377 772.227358
593.598728 778.814706
597.212662 283.023330
589.811740 634.746956
599.668212 637.567413
603.107230 761.661667
599.624291 785.378486
596.927366 290.154937
604.081058 638.385705
604.631949 771.512184
606.959801 780.405981
610.357740 291.861422
607.513875 643.056269
615.814034 652.049538
607.185716 765.472685
608.083581 767.211267
602.520586 780.035071
611.551760 286.820839
607.683931 651.192210
608.910038 758.011454
610.128268 781.309877
609.065328 288.892189
622.770451 649.089746
610.397460 759.369391
618.907638 285.796899
622.248582 791.192390
617.632132 652.161466
615.073901 654.707928
619.865486 791.369456
615.219814 795.572558
624.832736 295.735361
614.219199 756.818745
614.268529 298.127351
619.202037 660.133187
617.551961 783.503311
619.950559 746.941958
621.335524 300.893505
626.278242 657.457303
623.460909 788.311444
621.544457 758.815091
626.982049 301.833759
625.585792 653.447629
625.681334 799.550335
621.340697 753.820250
629.964536 298.379128
633.784478 660.509611
627.440139 671.033477
625.726590 744.319178
627.246641 792.988887
637.887042 297.576299
630.922334 675.000524
635.307364 739.654405
633.265878 731.193975
631.697592 728.654215
633.460848 786.678422
632.919506 301.106515
639.819629 669.199222
635.219056 726.317872
648.279682 797.658700
635.384296 308.375076
643.941915 673.176341
648.766943 734.295925
646.346589 793.292531
647.795146 677.829513
647.423851 682.144972
643.911850 714.179689
642.788976 724.113550
650.918945 722.160041
643.673835 295.181566
644.962332 304.650512
650.209974 782.988907
647.850670 797.282973
647.098852 311.525445
646.118212 681.061530
647.202104 712.616767
647.358145 691.814453
646.506305 690.850267
656.644067 699.369451
649.169900 698.819916
650.787948 703.510966
652.400772 778.861722
653.385882 305.571516
649.910747 785.072622
652.433846 308.655237
660.679588 782.852650
669.880076 316.167813
665.519493 780.849897
669.128682 315.632282
668.229506 780.933842
668.558987 780.986578
673.952814 312.643039
674.575518 767.850504
670.931229 305.607482
678.501017 757.092765
674.929983 754.809988
673.258116 767.289484
672.799481 308.854525
677.263818 752.471040
676.605350 313.492524
677.027483 754.794792
679.503980 744.653325
679.754143 746.320619
689.000653 311.248654
687.147188 737.953122
693.094709 728.190285
685.121310 311.084674
694.528453 722.526946
689.733040 310.351011
693.502277 726.228650
694.733113 311.956934
693.312444 563.506719
698.832964 562.491136
700.073816 571.191826
698.344597 579.954243
697.906048 581.465465
698.363084 579.879964
697.851158 588.823114
697.417913 589.680378
695.396344 594.479018
696.833375 602.345956
699.294926 605.528174
701.420653 721.168861
706.830903 296.692782
704.203847 303.526812
706.339493 561.356785
705.784246 600.498237
702.425239 717.480256
701.236477 526.502040
704.518385 530.214652
702.615714 536.755650
709.148887 538.733120
701.930512 540.075151
702.023087 546.104762
700.170360 546.277170
702.744008 613.104854
704.074929 704.172922
705.969452 713.759583
704.233907 613.297373
702.378116 304.014723
700.845435 526.032374
713.767737 705.408346
704.832641 610.205257
703.538914 304.504915
706.607747 522.496496
714.285146 702.517971
711.552319 614.796608
711.586190 298.962802
710.134171 506.526079
712.544949 509.000286
716.504039 515.697839
713.266722 622.842323
707.309331 621.526339
709.428345 620.680416
712.333901 630.330175
716.795457 638.848442
719.551785 640.454459
719.997066 642.029095
711.795773 652.380385
709.546897 650.027939
710.934445 659.030826
709.813192 659.983471
711.242419 665.837816
722.229651 665.302949
713.352704 674.636342
712.761329 674.840005
710.767708 677.298027
713.057622 686.021140
712.636796 681.572525
716.897618 685.621644
707.628634 695.609647
715.738436 304.513296
718.190571 501.400695
715.082589 456.294646
720.372052 458.698160
723.935612 464.879539
719.778244 463.262171
717.771180 456.690900
716.840611 471.543619
723.466119 474.622573
718.186717 477.012612
718.478510 485.194319
718.441836 487.798583
719.663212 492.886274
713.096797 492.110321
721.630159 293.687300
722.650893 301.090853
720.631517 447.687613
729.791533 288.384374
729.238126 447.114959
727.130245 391.634296
734.495173 387.686691
728.438136 396.007997
726.882572 396.527440
728.751156 401.437628
729.588517 409.992480
732.265988 409.232290
726.634473 413.610908
726.667324 416.353387
726.939935 418.912062
728.089848 432.241849
725.717191 428.056376
724.634403 432.732630
722.536461 442.354011
732.314666 443.964943
723.038649 297.427564
736.738435 378.914992
735.538770 290.494382
733.166141 383.784681
734.726880 291.109491
741.923062 372.409613
739.916329 286.521813
738.681073 374.661581
749.098718 295.053510
738.513769 375.489713
747.535261 288.425512
752.083302 376.491901
762.002397 293.363083
757.654640 375.182554
757.316031 288.642881
761.199676 367.408175
757.591946 356.691211
760.003367 361.990910
760.844197 278.675653
756.792466 93.052497
758.824130 278.874348
757.737064 353.300244
770.501253 91.469980
760.148440 274.269649
771.059932 350.256974
770.263941 86.058934
764.414853 88.412054
765.558645 269.931598
767.962660 346.621684
770.455100 74.964310
772.237532 98.834794
773.408383 97.254816
772.915097 278.078898
774.683425 345.848447
780.335520 83.630761
772.423118 108.551623
776.104774 111.426968
776.583185 113.552712
776.224047 118.866808
775.591094 263.273669
779.089512 343.636464
772.353243 79.728248
772.037615 118.626807
778.452517 270.897431
779.879804 340.900724
778.993648 83.387508
779.402624 112.434671
787.255069 270.242470
782.323724 339.293932
779.539994 253.789014
782.671780 83.648997
784.551202 116.996089
787.602097 340.983755
791.039829 259.859338
780.087104 80.681287
793.773999 120.044735
796.042823 87.893958
794.466232 335.524857
794.026138 88.674529
797.774473 262.669547
795.519594 125.587048
791.029050 128.348737
800.264872 337.549907
792.721704 85.220837
789.115362 258.984307
798.930733 328.501018
796.102429 328.158892
799.201777 135.668215
804.788554 128.609719
804.741371 140.608380
799.492912 144.356325
804.305390 243.540398
801.786670 256.142820
802.510537 256.478975
793.316838 92.850261
796.337343 320.559904
804.302193 147.212450
801.499715 243.966327
802.745185 93.511414
808.773535 317.149175
805.820180 141.738562
810.735340 245.525027
811.883818 97.253536
810.463509 322.390463
806.403326 149.110303
815.197920 150.478687
812.670582 158.265819
810.715750 154.712447
810.390386 218.205726
810.528979 224.305359
814.375744 228.988497
806.169481 233.573659
814.994305 233.780252
802.031329 160.803772
820.118226 100.519538
815.685898 103.149717
812.147499 102.145706
813.249723 314.307537
816.592162 310.376610
814.321359 114.732630
812.528082 216.124983
812.200303 173.204365
816.177646 169.131683
820.179725 173.543388
817.309038 175.212942
818.038916 181.448367
815.963777 183.498615
822.183639 194.912522
821.007247 199.235861
807.759922 201.075316
815.251237 205.773018
820.321947 210.863036
812.965356 212.626947
819.463124 311.967474
822.249056 108.242238
819.104375 305.861330
816.792349 111.818221
821.509202 284.064535
826.854256 298.334627
820.939168 305.763980
826.492175 117.598245
825.224336 288.928069
828.553520 115.239736
830.268029 116.586552
825.263161 124.330278
830.786737 130.061397
827.825786 275.231519
827.126751 280.438285
826.704495 126.544397
829.376050 279.655501
835.955069 126.921308
832.519029 271.997890
835.731091 263.774563
839.226144 264.054202
834.589680 126.770210
845.089708 256.533985
842.189319 131.464163
845.155805 258.311981
846.484017 145.117330
845.516420 138.811499
843.097622 139.779177
844.242726 143.835387
844.962927 253.909415
858.603612 151.240581
862.125949 154.136985
855.769393 162.817698
849.673863 155.674670
858.603428 171.975201
852.855569 174.432429
856.403216 184.749497
852.030411 178.991604
858.179549 184.254725
855.438453 186.049277
855.690792 188.239246
857.291388 199.011316
860.230284 195.696277
858.600207 203.443290
855.506198 210.862105
851.174653 213.830130
856.850097 217.312111
846.635874 219.306281
851.235260 225.016322
847.299651 225.522716
859.254982 231.431928
853.079242 236.237175
860.646961 240.516148
853.276640 247.911307
851.055351 247.304218
849.969223 255.142901
