69.288743 841.465387
50.028608 858.800161
31.806322 828.109095
45.006369 884.551170
41.153515 864.187202
29.536741 864.604344
41.509416 823.007258
40.661943 845.956496
69.285928 833.581616
64.435186 877.650294
48.553794 857.330899
54.422410 818.256322
80.174602 848.109600
56.495642 780.854509
55.821301 829.591446
59.703213 813.360835
55.563823 843.040829
60.222633 867.679999
68.200949 890.525391
41.155521 802.363540
63.058761 836.351129
88.363442 815.450304
83.491734 886.280425
86.895371 836.315710
94.702463 859.462026
96.513587 772.465211
79.373998 913.889881
95.202807 788.301429
83.160711 877.903472
120.148969 780.201709
100.161605 862.060054
119.423309 800.767346
70.776712 837.501468
81.530002 806.240473
119.747255 860.922064
109.176610 789.351216
101.381696 850.327515
128.116601 792.489673
109.107207 789.743835
100.373641 846.866991
107.200518 792.561084
122.969734 843.287097
100.461635 794.064619
111.376371 780.140345
119.891074 818.674328
114.086927 747.825977
110.362287 846.555565
151.404405 747.659887
127.073369 856.132946
110.568928 745.133524
144.021097 862.349890
113.351761 739.220001
156.428945 873.815825
143.508516 766.215763
125.428239 838.708861
130.654733 746.638395
168.124974 726.589728
146.120563 893.048254
146.528675 717.461360
148.371089 824.282228
129.041869 745.695564
142.485747 853.490505
154.546916 705.652650
145.682321 873.073618
165.121389 709.594775
174.111372 829.942156
163.698247 707.195463
141.538725 862.245628
172.780856 693.393477
145.105533 862.577837
160.666197 704.574957
168.058123 821.916582
186.767017 699.132533
177.635731 863.511601
151.022988 702.280747
200.441941 861.807127
188.407351 679.246601
201.070880 677.965625
187.079906 840.146061
225.086050 683.486139
173.252350 858.095174
211.059141 701.098576
213.982156 860.874312
198.377709 673.221912
211.149218 832.223678
187.233322 728.872731
168.430351 857.007508
214.861433 687.132355
225.312749 837.319577
216.803911 623.371682
204.150354 850.321452
232.241267 681.988951
233.826887 866.700374
218.675108 665.561198
227.324131 901.692572
223.223066 670.309791
248.619453 662.532028
231.215352 864.623249
244.649467 628.565045
225.359480 821.562494
244.771626 642.239150
247.823666 834.341115
257.198330 610.872032
213.964762 854.905895
231.004264 633.075898
236.515861 866.650535
254.395574 622.752769
237.878735 848.989901
230.520223 647.311294
239.913684 811.378697
244.710370 605.741652
224.897872 896.022822
261.221658 636.792339
250.285540 849.765821
239.902928 608.119979
270.226166 881.276701
258.866722 613.144167
266.105990 847.077583
257.918928 627.053910
288.256451 848.186565
261.055291 572.671998
273.957507 855.322929
293.947717 608.100010
251.599515 591.106275
277.197318 882.969233
260.412079 575.870689
300.798046 851.253172
283.104623 593.376318
302.362384 850.538895
278.546148 589.272392
314.440405 856.435914
334.409027 603.779299
278.923298 868.097045
261.654661 576.316900
287.505001 844.575242
310.004841 610.075859
280.880107 853.008406
261.822196 568.342627
334.109270 834.328002
303.753772 608.601068
318.833396 855.421634
310.907951 565.039798
286.961789 856.476318
282.808540 594.132054
305.716564 847.537475
309.746352 579.589972
329.279491 877.664313
314.016829 523.881532
334.750328 857.286569
336.157200 550.609739
348.631310 825.488025
333.698348 563.971498
285.610858 903.429718
316.385939 865.232701
333.335897 516.698732
346.930287 862.855718
316.139158 538.254976
326.146384 843.869315
339.517274 871.872148
335.814937 866.355503
336.593346 892.269104
337.173560 927.080616
344.618360 903.536974
304.188874 897.202306
348.126344 885.315196
344.833491 905.621898
311.066470 919.263981
313.923485 897.866108
336.038442 901.982914
329.405943 901.500728
381.179526 930.666446
337.455271 914.825966
329.183256 909.496323
342.167769 948.424451
373.552655 944.234241
336.937941 928.932043
347.700357 964.293250
306.930419 959.738437
323.100974 940.254647
319.494691 943.483429
332.440968 952.472334
328.031470 971.384226
330.392393 1006.209008
336.061038 963.324675
324.986599 977.404520
326.743648 971.647281
339.564284 995.553700
356.526883 983.119054
349.844487 1026.814385
314.398642 1025.847479
334.596719 1026.344380
315.764941 997.929955
337.168636 1000.050570
345.589831 1028.917363
321.906091 1017.155042
338.458798 1011.313379
357.885866 1068.549282
316.955815 517.847816
340.838207 543.051560
352.072639 1043.056446
317.197938 1040.092072
340.282222 1048.147410
367.526405 1026.237420
326.526975 1067.905004
333.851717 1033.995619
318.662957 1053.499379
296.274730 1067.455143
370.295780 1076.794051
340.301837 1033.508126
324.668979 1065.563487
359.149527 504.350174
353.079453 1078.269746
332.555188 565.762556
350.799556 1088.898674
331.666587 89.447654
363.363538 120.902575
365.547076 95.507474
354.290906 109.823213
353.573794 77.980766
330.328782 124.816948
356.284423 102.509263
351.052111 101.744961
355.718500 104.289253
344.782679 138.150311
321.521444 102.661011
337.247451 144.427885
358.655912 142.423008
355.637748 114.132313
354.051205 140.607895
356.758915 140.028655
319.681543 141.277014
334.128523 181.852108
372.220839 203.334238
355.716368 168.906626
330.184691 169.399224
361.313638 198.964919
341.422427 200.443580
379.553081 174.393936
362.891392 187.294591
369.186752 179.148325
358.717254 138.481803
358.096249 173.594222
333.696575 164.654581
351.469268 220.168968
331.710974 155.363696
341.629694 206.824658
318.209645 208.207154
348.941190 250.876379
348.417526 239.048932
347.616208 220.047458
335.251153 260.064392
355.968650 223.896413
351.432990 227.559518
341.823218 230.024997
355.514660 233.400761
366.436908 246.992692
349.661145 255.928147
380.271197 225.119749
335.665087 259.842981
377.948407 305.113627
338.543854 229.119313
355.014243 268.386279
340.754009 256.817266
314.836734 279.372610
329.860071 275.528663
362.788784 240.182161
352.803645 298.690633
345.736745 267.938691
339.506910 312.474329
361.787399 295.559552
355.841270 282.864528
354.554282 326.179971
314.821033 346.091671
335.312533 330.775249
355.413618 320.380197
337.705305 285.847890
321.837160 331.481068
328.185802 348.374963
356.454613 379.692490
354.635351 355.445484
306.367563 316.532777
338.591339 356.249223
334.211645 345.961424
345.264879 362.815849
341.753661 343.103889
354.816437 358.551157
365.361082 349.317637
349.923683 409.018244
331.999609 373.274407
328.482058 408.466801
324.458552 370.576340
355.069330 382.653508
309.384244 396.536667
340.380188 381.176053
336.564178 426.731733
331.731460 444.060868
362.488104 420.590670
330.496884 415.919036
351.074954 374.753878
371.583433 435.519537
346.260509 396.498203
367.050064 419.448398
342.509359 488.060948
353.047802 421.128285
342.532706 456.381817
343.707213 423.390213
356.691942 437.540403
362.775428 461.571159
357.391234 460.306160
302.249989 462.833552
355.293815 460.258176
344.860322 428.872818
342.258793 459.565861
323.469181 493.816405
310.194962 505.035876
335.838469 483.337865
315.972687 495.508319
303.411639 471.295708
341.339227 506.133040
347.845410 540.182233
342.616819 503.200852
337.006315 514.676323
354.462458 521.780961
346.075249 1130.902429
346.996290 57.031055
359.128047 53.934223
349.805739 1088.008277
369.208238 84.435841
357.816490 1106.476974
350.217424 1078.217769
360.290805 76.196622
359.515323 1094.559277
367.528326 1076.170703
355.557456 65.327880
346.301199 1102.842456
360.566285 1150.118671
374.413895 1092.970429
403.849552 45.118323
394.928247 1114.218323
356.048708 74.816091
392.134179 1131.024703
386.530872 80.035801
377.029214 1119.682219
357.307486 60.989819
382.514846 66.993798
352.244329 1145.203154
394.606985 97.695366
400.994580 1118.097096
402.265832 77.187976
371.022607 1095.810132
388.913735 68.606121
392.724438 1110.943770
380.975327 1070.432738
426.511834 56.127761
407.683086 96.079578
414.310753 57.764130
412.029081 1136.257698
396.030925 125.399654
414.667127 1124.344132
418.173781 76.973593
403.849464 1095.029651
378.700411 88.691429
394.721220 1118.492056
418.088855 93.576529
405.892295 1116.020227
404.817542 120.099000
419.963798 1106.547216
414.517725 93.499843
399.281529 1072.088317
452.591636 128.358485
399.875061 133.529717
424.516774 1089.693824
449.109930 77.598082
422.512436 106.560682
423.115630 138.246255
436.360800 1094.773347
424.395511 168.057417
459.492122 1100.871839
446.035031 138.882706
424.174547 130.574926
435.466426 1095.704260
434.166849 114.560123
432.628032 1093.288650
473.047698 133.845800
444.227755 162.862667
435.808083 144.475747
471.879402 1105.950820
456.914388 148.369142
400.850441 149.819561
463.384569 160.445392
471.177107 1102.383010
455.213521 168.166776
449.860452 1099.723502
439.177891 162.485183
443.934894 1113.509587
451.766005 128.288963
481.194141 1122.747767
484.668532 155.957576
445.463442 132.510532
480.613395 1111.762259
494.615522 173.216626
493.481531 173.480425
481.088902 1118.613415
445.478144 156.769845
457.321548 1125.111194
482.708907 189.153695
500.969621 1106.020631
474.466369 174.265792
462.706538 1138.115322
458.191619 206.282308
460.010008 184.517597
487.634942 1126.992118
478.541202 180.619424
513.111745 190.101857
515.917524 1090.169297
483.976006 209.777835
471.049545 1115.665455
518.960112 158.495085
490.422301 1132.243147
501.676259 176.041944
484.055768 1160.947382
487.720478 215.570172
531.524250 199.005823
497.050272 1111.712829
483.011234 218.612150
505.377153 208.903830
503.558231 1148.605965
524.528544 211.768599
517.441786 1138.453074
524.697129 236.136416
502.185767 1083.560624
515.251840 223.603552
501.471195 1158.653064
544.163652 217.653746
500.721445 250.422974
548.574498 1112.799889
537.631089 245.245063
508.211855 263.308086
502.784695 1127.832524
538.562271 259.743733
486.346023 1145.278755
530.331569 282.525211
553.317226 287.707740
528.133771 1093.907345
559.157213 215.486579
543.431901 1107.235144
583.559774 266.905553
524.172964 327.120205
555.106873 1101.879934
528.679673 286.272014
528.374858 1135.622426
539.948708 295.598846
526.520925 1127.739674
560.757075 288.860370
575.043815 286.206410
583.576111 1101.174386
560.218725 296.960358
577.907932 1118.179313
594.131713 326.119345
575.424518 285.599553
548.952217 1091.480517
585.443713 305.689108
595.795437 1154.078034
573.587670 301.705801
564.814887 1100.189039
573.115730 290.872698
592.941087 278.592406
581.636445 1092.825781
592.549059 307.895399
554.882382 1134.701070
608.763469 365.627173
599.425080 311.807393
595.040742 1118.204935
573.189110 330.209276
586.607109 1111.028006
580.886875 311.030933
574.722453 1117.559428
615.177009 285.104068
608.243754 339.923977
598.296428 1109.397363
620.276202 342.051051
607.214150 1087.509696
604.876962 351.753067
614.817936 355.200911
626.867669 1095.572384
607.310972 319.903846
614.011850 1117.010968
597.384166 311.911726
629.905768 1086.855047
637.361750 353.462789
650.798473 397.620941
603.019118 1119.658233
640.476570 400.220886
645.520207 1152.019144
615.348412 357.834777
635.518464 370.258919
619.470064 1104.960048
622.736819 333.230422
615.975976 1075.756652
648.480248 347.536260
605.838432 1134.613505
660.639270 361.308506
624.933769 1110.253316
620.448179 347.158376
660.652076 1119.279425
632.448821 361.127752
668.820858 1072.317774
663.041964 348.550962
684.960551 1051.872201
672.031661 319.527575
677.403751 1132.972394
661.041126 344.284401
639.251133 1090.859150
668.167021 354.666118
666.561476 1102.678101
683.425272 1086.281801
662.531337 391.459912
644.727717 1071.163334
674.205227 309.778313
690.824852 1069.904277
687.423002 352.556157
644.519630 1079.384416
685.612979 329.471954
689.191299 1080.411383
644.253556 328.968671
670.520198 1082.058655
678.380008 291.300843
664.782098 1073.697817
686.450298 333.031602
724.556704 534.860473
675.798249 611.107488
688.413988 590.902839
690.984126 1023.051958
718.235592 325.744249
703.324208 576.770065
706.008126 606.251499
706.404360 588.567628
690.091714 560.618710
693.097270 654.078734
687.445609 1058.912993
701.083296 301.970304
681.458160 542.861908
728.194757 609.950166
701.001889 603.657843
706.883321 1054.806296
712.867077 331.330147
693.994368 547.096902
698.607305 569.622001
697.979434 1105.174064
715.965949 272.306774
724.569198 561.121120
706.545781 1061.509567
731.921135 582.799618
686.025257 282.335804
733.370475 547.334151
699.512954 1094.506442
693.893087 582.483897
725.178658 300.960800
692.630107 531.815426
704.160265 544.432117
738.552074 1020.638019
704.221574 627.542562
715.498744 300.040484
719.736800 568.338540
693.964739 1058.245564
723.324628 507.106450
716.171362 485.507995
719.272742 562.915639
741.287949 246.642215
724.002619 1055.096940
740.414039 296.783709
736.138704 520.311446
682.516835 614.199626
697.637170 489.285181
717.739707 1057.891369
720.021930 313.617247
717.935857 593.610997
731.128303 1036.062312
713.685405 534.374148
721.551668 484.019782
708.698733 1074.117649
733.808172 263.878957
709.934728 567.157794
756.165124 507.175228
758.359714 1056.196799
741.125593 479.131019
738.575293 1007.682071
746.805507 294.941241
728.079870 585.515869
730.437816 505.151677
723.656252 1050.512308
746.011167 296.277911
735.729204 448.545707
727.544474 608.291778
773.062844 1024.406251
722.239342 274.197805
705.786395 506.041933
718.989186 592.760034
755.331594 1016.381295
767.590050 468.701128
737.469183 447.437355
749.992250 999.063269
734.219376 291.864359
735.392683 463.238948
735.156822 612.579006
746.929705 462.608739
732.786866 976.875888
761.750369 276.753672
769.500558 625.318954
753.354334 448.363089
735.840547 996.086553
759.288053 276.779417
755.650487 453.915236
751.774613 614.320442
765.588128 967.795681
771.756210 226.159670
782.107656 420.264978
804.919356 437.660744
741.122057 575.573376
733.531167 988.470434
783.319332 274.279100
729.384228 482.931386
765.505414 593.580295
756.361804 1000.872439
763.252989 464.957136
762.521089 445.585592
776.985000 948.864696
749.312732 292.369973
742.235149 589.985465
755.271757 420.913469
777.368761 972.479007
775.452525 378.462753
765.142667 956.574933
772.380060 251.009151
758.192228 557.392710
760.069467 211.638520
800.557039 411.501545
776.574361 951.747456
776.503286 394.686344
778.792397 603.216389
775.014785 241.490823
815.699085 976.551456
791.862988 376.405854
767.054590 357.638415
802.707754 625.534778
743.404916 940.595469
772.887413 957.010184
797.699941 265.926733
792.672871 367.437504
765.889185 613.861572
779.007504 967.726069
804.099617 353.145028
783.520172 937.550123
782.338351 266.539142
780.114125 623.396354
800.493889 370.308293
818.070662 979.673786
780.769972 194.702546
784.230230 378.865098
786.457960 375.668433
804.231135 590.529647
791.178179 955.907200
801.601176 276.237141
788.499442 373.409187
792.474113 390.767926
778.451089 599.433707
813.238531 919.192931
798.557592 224.187793
794.047835 373.634350
778.026582 351.906916
785.274983 584.359181
795.938824 957.711038
811.570263 231.723668
777.729476 602.193841
796.347785 924.723796
824.190169 354.296411
809.537069 373.253020
800.604560 888.050614
790.290806 915.948353
794.669057 857.997313
783.196478 929.588045
791.593158 928.990272
799.591127 928.751511
791.319952 229.643556
793.997017 605.755903
800.374926 208.217876
826.054246 288.696815
798.957823 888.970103
818.610198 340.956673
791.257488 303.717740
788.519117 896.079756
828.901203 611.838999
802.446668 240.872689
819.214591 291.491708
814.197527 861.789101
800.800779 342.580976
812.426556 595.196313
800.203375 778.027617
800.025528 841.414289
793.150630 856.333246
805.398378 849.766675
798.661750 803.976212
833.670827 863.774518
793.864672 844.730717
829.620703 858.872501
817.570710 877.234684
801.532762 884.390704
828.276031 228.935698
799.867859 311.629698
840.654384 608.654017
806.424667 845.984076
871.476242 255.392098
774.602748 199.947213
816.995987 837.594315
808.732692 551.920680
851.026412 204.811226
801.721959 281.843872
813.396807 294.436651
824.867658 820.490905
822.700683 823.201480
798.956817 793.353318
815.816315 831.029649
835.076016 832.419312
835.286472 822.752986
817.466977 832.604881
845.883451 618.667500
844.378343 214.765791
841.673696 820.351154
827.186808 311.464529
838.297120 272.779480
839.545385 598.142537
795.388154 617.786767
840.674196 783.081266
870.303250 628.403524
796.723662 209.349503
830.143402 247.368162
819.479622 771.958502
807.481455 280.481433
829.552584 287.990409
825.712888 609.832299
826.580730 819.010432
831.247900 192.499265
851.056315 267.273332
838.608383 638.529366
814.129170 804.341954
802.430719 210.529700
869.093722 280.423392
828.140138 605.416916
815.929224 726.402711
845.775850 730.345008
827.385939 736.862732
830.088056 749.746779
820.985297 726.105650
834.833659 737.455024
832.552218 744.379800
825.036790 762.249695
807.306852 754.705270
841.329984 743.289255
849.520785 765.299932
837.165123 766.578998
867.008017 771.709719
838.467419 612.728774
821.340894 235.793399
846.629418 231.587662
881.927039 709.120153
868.072286 254.709846
825.121566 635.317215
850.936968 603.648134
841.002543 609.886903
798.070995 614.083640
841.346438 650.838609
843.563395 640.633284
849.683077 674.931129
850.975218 622.193953
850.490742 630.694040
833.552436 673.600555
841.895571 659.073182
847.224492 681.082048
860.919397 701.369250
833.015377 692.876797
820.623354 700.419591
841.967487 664.391400
879.007855 675.680305
857.274085 714.164183
849.787800 707.669154
855.597274 663.790884
843.142653 692.540263
843.207260 694.531017
868.403790 208.567065
820.065453 227.436695
820.174328 227.224184
856.076620 177.238731
835.105748 207.672622
843.169076 164.152173
889.263664 199.458335
819.039559 174.403402
875.742888 180.461894
866.148375 226.007352
873.391889 223.850520
861.977123 169.630132
865.104272 204.174661
855.093128 220.108441
868.789643 204.102113
883.261606 162.025246
835.494834 204.728841
837.320225 205.497979
868.390996 157.033208
862.206444 210.960474
889.172190 205.853088
869.945484 160.563981
888.586439 216.480978
