96.488221 297.204694
92.571630 303.347968
94.673255 288.854653
102.889108 295.240770
98.510563 309.681161
103.194574 306.939051
103.551222 279.366645
107.460331 278.157086
102.046745 323.981468
99.259931 322.199641
107.216068 263.486887
110.016582 256.929348
109.022764 324.620827
108.141754 331.799395
124.753405 251.960337
123.436435 258.794536
118.133571 330.947000
115.906057 335.435278
125.361674 235.874856
118.523839 243.535398
125.437030 341.545034
126.274840 339.411320
131.822972 339.994257
131.695712 342.437928
142.429360 216.474533
134.089389 210.940538
130.552217 221.830214
138.272193 219.816293
140.287897 233.767403
131.063729 235.018112
144.106698 344.697140
143.158761 347.327131
138.776236 219.592427
141.572502 216.292482
157.744785 340.130864
148.984869 340.884550
149.830708 217.111709
159.005863 216.158676
163.328117 351.270742
162.619375 345.262764
162.314997 205.700950
157.125996 211.482656
168.029226 346.845486
164.149578 350.901667
168.449455 143.708565
168.109487 151.722531
170.629112 166.203411
170.682415 167.689744
174.832900 170.131255
170.175072 174.177247
172.326182 183.680792
167.140301 183.614590
170.029984 212.435372
169.724577 206.856944
174.355299 134.773525
174.814197 135.334676
174.853083 144.616864
168.208650 135.151243
174.618592 190.614354
165.069505 187.330396
180.248487 346.379073
174.076366 357.580514
181.582345 123.685220
183.900451 124.273388
182.167118 369.325254
183.409239 353.727686
176.092468 431.715491
183.401702 422.582798
184.157912 366.874142
185.660509 369.018754
186.296634 118.200619
187.939930 118.663229
188.339488 422.116520
185.241384 421.964010
190.040998 436.013571
189.699425 439.247459
199.186184 375.086693
198.672598 375.267968
202.357365 113.675680
198.544188 112.434294
198.490710 391.353643
202.673825 386.180750
200.266774 419.730525
201.979694 417.688247
200.210781 444.212210
211.649504 442.263301
203.330678 112.350256
206.664256 114.609337
203.323898 448.874483
204.221952 444.926825
209.727810 382.928399
212.759516 384.634532
209.469446 423.736341
212.698329 416.512928
214.452691 393.031564
216.892971 399.103314
219.762915 108.035208
223.556462 110.894143
221.179044 446.793001
227.015044 438.102513
221.181761 410.862320
220.265536 417.844498
222.032242 408.660439
225.290386 401.995444
227.524896 115.259100
229.141843 129.316974
230.747973 444.022930
228.555704 444.466387
232.323041 129.155488
234.516287 124.356806
234.337910 129.889875
247.083650 137.947126
240.845111 154.298946
241.908466 146.831057
234.703608 160.858562
237.637297 154.682440
239.922588 179.968150
236.536407 179.708494
237.521475 185.451790
244.926517 192.031784
235.543118 203.332335
237.879087 198.236560
234.319875 438.510150
237.931348 441.551032
239.816117 175.457760
246.837407 163.429120
250.305733 207.281437
244.995130 208.392325
248.942550 435.435314
252.278914 430.069630
251.188097 217.683191
257.745556 215.726919
255.452269 437.806941
261.810119 431.300685
262.619847 201.406788
264.204781 203.117796
261.738216 436.839086
266.940361 425.990256
272.013939 203.747766
274.519707 198.627533
281.839818 430.319608
273.430768 437.168817
282.880090 198.485756
278.108515 202.341077
287.409650 427.495056
289.420909 425.426288
289.062424 190.850687
300.896799 189.261167
300.891688 429.731321
292.988506 415.454872
298.054440 183.931239
306.686608 189.681632
310.424060 422.287367
308.998577 426.206419
315.419139 186.124997
312.517189 183.342667
311.045008 422.809306
319.853119 415.197919
315.667348 177.375903
316.119221 191.866266
334.706543 428.989404
328.269344 425.912702
333.667704 184.575126
334.942879 188.656670
335.358098 427.382876
333.448688 437.300177
333.950407 421.164032
339.029027 425.024828
344.887424 452.054565
345.199385 445.553729
346.619537 182.733867
341.966854 182.127114
344.431309 434.026205
346.782122 432.532623
353.473864 453.726016
346.841019 450.241953
349.556247 174.071857
351.991629 183.660051
356.996589 452.073993
351.928520 455.963453
362.342849 180.421438
357.462886 177.771300
369.075514 453.516441
376.971478 454.823920
370.345661 175.729332
367.655547 174.300123
378.365985 455.670180
378.563900 458.318836
380.225148 188.372587
380.844760 184.014562
396.817093 456.910558
386.734031 445.364226
391.289166 184.608886
385.554887 189.307864
396.639467 451.919053
397.252811 453.836291
398.003187 179.137685
397.310042 184.824000
405.514091 455.649580
406.673603 456.474988
412.246725 188.683825
404.321588 192.748048
417.536651 448.407600
416.628731 449.052414
411.342740 195.965917
415.748837 194.883658
428.393330 451.128380
427.878824 448.774558
422.961842 198.724062
423.544164 191.270140
437.758221 450.030934
444.981519 446.861548
436.582645 206.740990
434.746099 189.968865
454.500484 449.616715
448.878192 447.272777
450.117335 196.878430
448.143640 193.189968
454.526963 208.906667
455.361422 210.911000
465.581810 441.567627
460.593032 443.686352
463.988951 214.542163
461.076195 212.545043
471.435871 437.000557
468.274266 452.499675
467.927350 224.187221
472.465926 217.088024
470.534834 437.181720
484.353926 439.157725
474.253926 223.568361
474.786525 224.979160
486.657914 440.946504
484.235154 440.913550
487.261681 230.427280
490.779097 228.208834
494.798254 240.275551
493.788468 241.281348
494.025903 440.715511
505.727294 446.906879
502.075614 236.909879
501.019681 239.339776
507.100566 446.002346
501.738363 442.097542
501.017240 258.464548
507.333189 255.536991
520.995561 255.369967
508.423824 261.272257
515.370473 442.984166
513.271018 448.429067
524.193663 263.816257
521.995834 272.486623
526.705303 431.212154
526.111912 443.404757
528.842234 279.448797
536.329757 271.027751
537.766914 287.866523
521.561365 291.104608
538.122299 293.996885
539.302822 290.955871
536.487155 429.464311
534.607855 431.449690
548.256969 306.278732
537.546044 302.230475
540.416653 323.294622
535.076764 322.908215
538.062671 365.843638
534.890111 376.406625
546.016249 321.876171
542.002425 329.589924
539.417718 425.523397
537.094131 416.849263
544.035720 342.764237
547.630381 333.184778
545.160651 349.978915
546.973881 349.266568
545.699896 359.251731
546.775490 360.686331
551.600631 383.230004
545.622837 376.470782
554.497172 404.785211
545.782423 410.009764
554.498937 381.357519
549.652067 385.564422
557.460184 396.625678
554.267043 394.082482
