81.854907 723.986986
90.721109 745.880142
54.662879 818.859177
86.096083 815.066151
60.628387 784.944915
85.992540 845.427744
83.439415 719.914059
85.903679 741.760871
83.704389 728.295024
99.352370 763.080867
78.341792 797.544426
80.793535 820.348858
85.604676 694.668160
93.335023 726.842750
72.325267 728.761816
84.095113 721.298083
107.231801 744.745177
90.418502 723.544644
64.773978 744.439015
85.912287 721.186609
76.591673 784.744578
61.044645 763.231334
76.384939 808.889936
76.219397 804.411906
91.206529 835.809134
66.889938 742.111032
76.713619 755.618230
83.238948 795.581676
83.167305 725.331920
69.849503 740.786142
74.350059 796.284918
70.115127 797.847817
98.215551 807.560531
86.237012 664.414528
68.633137 804.003739
82.014422 833.197470
110.615403 855.860830
72.284591 834.458341
75.651967 858.684468
86.316153 694.803771
83.941202 629.276303
98.189935 661.393728
87.606422 655.771492
93.640459 647.125284
105.370627 644.419413
86.406482 672.322759
105.813845 650.667965
91.773317 706.475142
84.958484 667.294463
116.600233 708.072675
94.951250 860.832353
79.357729 849.337498
89.723746 614.125159
89.347341 645.300741
94.971617 687.477766
114.217829 861.953154
98.659197 600.647936
101.482641 658.270158
108.310935 655.179870
93.301852 855.715680
103.269194 616.292429
94.515713 579.002686
110.007180 607.396654
98.554426 585.455433
76.149081 582.322243
105.457088 613.301877
105.064756 819.410274
95.548875 885.980038
85.216748 867.431994
90.521816 893.637014
125.899422 583.779985
90.523479 564.605459
127.625108 573.017821
81.676498 870.487521
110.659684 560.369613
133.680273 862.932433
98.090632 558.444943
107.878133 552.660613
124.701388 854.931927
115.869938 554.871884
116.731934 529.795755
120.998988 538.206043
120.744334 887.434310
96.665362 514.365867
106.537827 537.876480
118.393970 895.328896
132.629292 862.278521
159.185676 517.570705
138.395567 893.517208
120.720876 488.737481
134.151640 537.318712
141.694624 503.253985
131.252018 509.462510
143.181281 436.355879
135.242097 888.684731
117.968965 465.082503
138.150667 479.204159
138.838695 434.623798
125.619386 482.371504
124.852052 481.025543
111.914262 522.142279
112.275227 521.386410
137.621827 897.109319
160.556010 448.329090
143.381096 891.257922
110.924646 464.088341
127.685885 927.769622
125.936461 475.177294
146.215133 461.711802
155.654220 428.550123
133.834970 895.464828
128.610839 432.158449
133.475133 405.218130
154.620215 409.189383
141.991961 456.305318
136.970688 428.109922
146.766842 438.536154
147.202393 445.811810
158.769381 415.742986
159.412144 919.721080
152.337750 896.937915
131.345659 389.883201
139.252648 373.267819
154.687633 390.200788
145.197878 911.842418
148.061074 321.064901
168.224985 290.596923
160.461197 333.794733
137.471037 347.211727
152.866582 349.095299
170.839558 376.889923
139.677741 372.786383
158.869717 379.391624
173.642354 423.333802
131.451778 389.427524
154.644347 394.390553
158.893772 395.851741
140.432823 929.800025
147.467490 348.900985
136.214702 338.595202
153.283810 367.312194
152.978551 416.080999
162.571098 308.226163
151.900270 278.234926
168.339109 332.666808
151.276503 297.432820
178.896365 307.261818
141.127880 342.424809
151.033319 331.093373
169.378444 886.526136
138.923075 279.194134
141.402546 905.138993
178.048185 239.229478
154.504533 219.906850
172.646902 238.029233
155.816894 224.276999
168.209261 287.517026
159.620551 294.432373
181.416574 912.235909
140.221824 243.727448
166.437128 216.858577
177.749091 289.333066
147.959835 221.016295
173.539634 262.267161
163.377315 909.309768
172.449669 243.548490
172.551953 244.154124
169.506602 293.403516
182.996042 217.864270
155.429862 220.347091
172.226991 932.503719
163.774341 215.836370
177.484674 932.036011
177.698895 208.497357
166.285392 217.900805
207.039139 912.668697
149.798971 227.263101
168.635209 207.367029
190.056444 201.254773
186.531349 205.046369
164.432529 927.182179
187.452673 205.382611
179.575350 188.668535
178.874033 182.565266
186.289212 169.735250
189.724954 159.982754
182.161422 903.313525
168.041897 143.872522
199.298912 899.027721
211.631985 183.495410
211.472150 950.348081
196.234627 133.950183
222.218856 917.210609
195.865419 181.690793
189.668236 907.224214
215.035271 162.113910
225.630937 971.439899
218.749329 167.504504
223.289577 905.700694
213.226988 156.117333
217.838696 947.469250
225.978116 151.115218
202.756944 932.316553
231.966792 187.316276
218.593149 930.295554
203.465286 157.275282
215.160108 150.534341
215.037309 113.662175
218.973617 918.266774
224.777721 364.464380
245.096691 323.587571
222.782942 108.910943
235.492522 952.292730
207.908148 325.729669
238.013197 301.228674
233.664189 316.136653
228.750266 313.961087
226.565062 300.891671
227.945847 328.208663
222.154695 323.611417
235.599188 346.672369
231.449095 331.174649
243.216368 345.849076
217.055777 349.542428
228.369038 339.060260
224.703347 103.114730
237.961779 285.873792
245.128969 367.800717
215.833052 962.631887
234.799534 153.391734
241.306387 282.470432
237.010709 340.098868
254.116183 255.322397
236.661675 260.031452
224.586214 307.084542
206.340777 263.502994
248.603159 286.694733
260.790891 269.675809
249.367119 324.354012
232.875100 360.944370
206.349324 324.505966
248.270926 377.621704
244.406290 934.169613
246.619667 97.239570
219.080641 264.041568
240.323904 353.119138
232.916512 216.093602
235.576208 245.565986
226.729207 225.160898
229.203423 377.306249
238.799592 960.806431
239.446205 144.566679
216.256433 391.380902
226.280314 201.985396
240.671172 123.405602
249.604719 237.287318
243.405032 257.715869
254.331758 940.038010
230.996634 186.852244
248.018008 195.143742
247.217736 223.489633
241.115877 244.831436
252.307383 252.040454
246.084613 411.972447
249.208934 119.939502
241.847085 349.333741
257.113754 364.283618
271.647920 956.181191
251.303058 214.511535
238.884326 139.564011
248.676133 166.180906
225.729498 175.984047
254.975604 154.254663
255.079282 238.822437
241.818222 176.277667
277.174912 126.773404
258.798019 176.656417
252.557155 382.166464
259.606823 953.192923
244.324770 364.132873
254.520504 162.203710
247.652177 176.844759
273.438610 229.393863
255.121507 163.079584
237.269832 177.711364
234.067344 178.998988
240.173249 911.859274
233.571617 385.311330
256.787714 333.344050
253.755527 368.659436
266.621085 955.019340
254.558368 170.522973
265.626245 352.920559
251.388507 951.419941
260.647145 363.966195
270.280224 342.533318
266.179117 939.523697
269.594542 331.297571
269.952018 313.363813
269.289283 311.270427
284.940790 318.139808
262.887720 295.388439
257.139595 307.488754
258.432744 934.274729
287.896636 263.449176
251.811354 242.057054
279.949289 268.981833
257.748605 287.969856
243.055710 309.074867
262.259840 939.582786
268.809490 280.176272
278.961849 238.589328
265.754917 276.701065
269.768949 930.484406
283.873817 224.871448
270.555274 270.499142
280.947705 287.785046
281.916663 267.750945
267.884603 282.903015
282.803524 929.687481
288.730838 240.255273
285.180305 211.950982
287.374845 251.921877
280.073867 908.429743
294.097883 232.050409
316.319358 921.608519
278.932403 245.137398
306.391217 929.569156
285.763833 254.975027
293.660325 936.103581
283.378205 212.906740
305.666732 255.204142
310.722618 948.114218
294.791192 238.526224
306.212516 223.427830
315.839524 250.331823
297.551012 936.382417
326.478055 234.861652
316.405292 961.228493
321.791376 196.042252
304.112133 965.593765
295.396910 227.586701
301.909753 167.923948
288.946161 947.536601
277.331692 182.820270
324.735362 941.967284
337.589313 178.781064
329.744652 966.206025
328.365076 195.377835
331.359709 179.090249
326.039161 159.539443
339.937769 962.736060
324.399955 150.041834
336.827549 155.440979
318.436971 168.754485
346.272346 924.393252
333.093267 161.180375
344.985918 966.538808
348.682560 127.494194
324.446942 930.135866
356.814462 155.573166
355.134495 934.851391
356.105440 148.662779
371.321914 174.693637
347.005049 918.738587
333.349142 949.231708
341.997178 138.761551
344.282887 958.985376
378.139665 151.496859
351.684995 140.979926
358.437020 898.788103
386.311820 91.749398
349.134001 906.825081
355.422396 133.550755
366.097311 299.513366
356.840290 319.740923
354.916783 318.625272
343.162169 326.579517
376.685252 329.930499
358.924939 342.948060
347.605272 342.680792
355.273992 357.888568
346.468842 358.953940
380.532791 921.480910
367.891426 119.605181
348.282668 109.775566
369.006450 932.042727
366.163278 345.147487
368.653987 279.404475
342.390781 303.007297
365.161660 284.988655
357.412248 374.889452
350.740516 918.584379
343.959761 100.341835
354.864630 282.791268
345.091407 346.935178
357.199326 273.990805
352.499112 261.831362
363.363083 914.060580
376.778437 262.491971
352.665982 298.842377
374.565322 101.401897
370.621045 282.498365
364.025867 325.203267
367.125304 900.496995
379.283493 245.666393
369.865528 302.593667
362.031098 348.355805
353.414917 264.236210
361.459436 135.404225
388.908084 250.687660
363.150639 244.350169
367.001175 303.827159
363.218984 910.269970
368.160578 336.552987
363.856554 101.696918
374.569993 118.886219
375.233830 132.072610
397.493079 331.156699
362.659897 320.750264
369.477699 247.557549
369.452471 276.799873
398.971306 915.262480
380.465019 112.049977
370.818987 320.731229
385.569958 109.539153
375.950431 312.102279
388.954654 334.196664
389.652725 255.801618
385.874693 884.018204
371.217805 254.142899
368.823462 67.018427
384.638034 292.849818
380.571616 270.863086
390.726494 912.599797
394.504041 212.583561
374.805809 88.137670
386.074546 290.226755
373.834849 913.103200
392.196601 219.436180
390.035527 230.952598
425.138015 316.720137
389.901656 276.060876
403.717310 87.798244
409.223589 243.739097
384.494760 907.523131
404.194990 215.335319
369.827791 284.442356
387.038732 259.943608
406.102411 249.608782
401.743610 228.735557
396.101431 902.785581
376.023234 74.076066
389.811071 231.154351
408.416113 209.065828
371.496825 246.945187
387.115675 242.624163
413.089668 931.900681
390.014366 67.599320
412.331022 223.835482
416.656586 206.120301
410.956861 178.815872
397.780947 898.573248
389.067793 82.494883
370.917977 248.042062
407.198798 250.486574
411.164291 186.007555
421.889501 163.061768
413.615667 179.641371
405.702463 904.635265
438.093274 36.151889
414.041980 216.426256
428.644449 199.332945
434.503497 211.650344
402.923510 173.991996
428.253950 866.793055
400.724743 71.814583
421.767558 185.814402
422.569006 181.963847
419.025783 232.919694
412.615523 51.034618
404.646150 189.077527
412.588859 202.329494
398.878453 921.208930
408.206705 147.605598
404.567641 74.346206
408.947164 221.846354
411.081013 878.839958
410.408984 151.816066
415.845320 893.338178
434.233570 70.673815
419.199266 178.292274
434.294615 142.964441
431.799570 205.854162
425.128953 164.886368
439.134829 171.953666
398.120492 200.927187
443.408422 891.224792
441.555337 86.090954
428.421130 155.938286
425.537183 196.341663
435.403587 868.426752
443.771690 82.552894
413.907347 147.058992
445.216250 120.515704
431.818576 191.344955
434.292106 925.244705
442.247633 49.081271
414.340223 123.892106
421.410047 193.089741
422.741135 907.291792
459.691583 53.156672
447.915086 154.718611
440.826279 184.880949
467.831398 878.453120
451.060864 79.807386
430.078767 131.184130
419.123369 88.990677
451.249035 93.614031
462.086428 66.465775
461.969194 91.720381
448.697288 92.388152
454.607237 129.062112
440.859339 178.695587
434.402050 146.703286
461.384876 169.790988
430.823408 180.867371
452.614247 877.990376
469.645862 110.859509
448.892402 137.977790
452.574124 66.956781
456.487894 105.942579
466.346445 58.191227
441.144184 83.731061
442.861868 92.403270
450.102643 102.777110
429.220604 108.291206
438.201157 840.824831
469.309596 139.061762
440.009687 133.114041
462.123338 863.244098
432.190956 152.824643
448.330528 879.005679
473.881654 132.886472
465.417999 170.130995
456.016971 354.800186
455.924075 906.215681
448.732691 128.993788
483.877205 170.138958
466.696657 881.843030
480.982615 351.827111
444.636598 349.937139
438.198019 356.772936
465.829305 362.549536
447.187362 365.673989
462.053789 362.891508
465.667693 372.366505
452.875136 391.667886
431.943398 132.509931
463.541173 350.185855
431.657083 423.717996
467.273067 842.124347
475.373144 144.404971
467.378516 332.898000
457.443278 386.734173
496.501740 319.829102
465.505321 339.357232
455.807656 294.858045
451.437528 303.322344
456.993753 330.743562
471.808411 898.838629
478.669207 396.201067
460.275611 108.693050
461.014195 279.766244
485.864254 83.707042
466.505982 313.577771
471.196953 337.556145
471.575284 843.024635
484.176641 298.651325
467.840573 293.903218
455.204667 276.353995
443.426817 283.607172
474.010416 396.160385
469.052416 103.615363
452.670151 845.695758
489.844399 295.491053
468.923669 392.426144
493.445874 277.296390
479.000570 843.545128
497.406579 91.815680
478.298928 388.198420
494.975425 230.381481
479.319395 816.655975
487.775469 103.009777
493.429041 385.094373
487.400736 267.600031
467.718413 824.378963
488.324345 104.742059
509.287092 383.960225
481.866310 250.447301
482.576710 845.623413
468.540934 78.981459
469.356082 70.194671
470.733104 81.835675
472.255763 387.557456
496.046504 242.558854
501.715454 828.449397
518.891636 101.117626
460.991519 367.003843
477.298192 269.071717
485.984270 222.046019
495.783517 863.858733
497.973683 80.779810
511.752262 244.149223
491.002073 402.947450
507.576911 58.036458
497.244326 219.926537
505.028691 356.202231
483.764975 826.523203
512.968751 57.019270
485.393354 214.515339
518.673643 375.660511
498.089903 376.743233
500.107458 347.542432
500.789843 830.484174
541.028703 57.327138
506.761921 253.741543
500.731368 348.891947
521.353084 840.118155
505.618185 363.649092
514.200676 96.950910
511.327326 226.633596
517.053109 198.816460
512.682497 214.909928
525.677150 788.241943
516.791188 75.262863
509.636554 323.978772
515.599884 233.393836
521.326912 806.125387
536.662944 201.947519
544.120476 646.285822
519.405967 841.564483
504.842973 86.347418
509.954295 328.775548
529.085244 656.835645
509.566553 660.102547
497.801710 309.109911
502.491327 333.025097
537.207736 362.985237
528.754907 228.951001
516.433763 609.607327
511.032664 831.294017
532.815660 76.773444
522.074496 602.444151
489.732213 645.829219
521.964869 609.873328
522.630306 642.889963
518.537845 338.070330
531.846010 637.607161
521.337182 194.958221
504.445404 286.866072
527.084953 292.435811
528.787828 618.637695
525.854399 804.722809
533.439896 57.006916
533.888433 615.778802
522.987120 625.687091
514.825045 590.355809
534.829059 651.054742
528.643483 207.567537
522.000251 339.820958
534.678174 825.147987
531.883671 95.808515
510.099795 331.835536
529.559102 322.502098
527.842430 586.139245
525.346750 630.035439
508.015220 193.869323
532.089919 612.763548
542.506679 578.833680
525.548510 790.774296
558.516609 85.291868
540.662365 295.121712
537.433846 278.504481
524.978325 654.553059
512.516465 175.918949
537.818543 590.532553
545.811437 172.716975
539.605789 218.246821
545.433287 549.860183
521.565471 790.268087
526.646902 800.430517
521.852413 69.447770
523.902725 279.788883
530.841463 641.750233
541.956354 170.440098
548.857552 281.013358
504.402746 279.902013
529.559246 549.718824
526.181949 784.295742
546.845117 51.997579
533.811410 161.668447
550.894032 559.809052
537.758544 555.716678
542.876123 521.187484
555.917279 513.360306
548.313668 658.420398
553.882888 291.810489
543.982760 775.467675
545.527939 268.034845
551.157121 285.131831
544.628401 50.845610
558.082164 145.084448
547.805680 526.639569
542.710429 635.739869
538.110447 154.597922
553.769038 168.506517
540.462428 520.985734
549.234396 516.734668
529.147262 512.623136
566.849012 500.547905
538.177907 518.402976
569.291574 562.739355
558.949655 780.726082
545.973483 259.203133
546.573622 59.481773
570.294674 235.260283
538.350894 638.896442
538.211519 169.326094
584.226882 510.958212
570.939270 540.055739
565.099934 536.377101
552.327661 123.595782
555.562790 489.135824
569.783848 487.178431
530.861930 817.401946
547.993484 73.307565
558.979826 242.481470
572.184440 649.655448
576.246663 129.518044
558.358903 488.742600
555.826620 808.398158
542.904404 482.770801
551.806722 504.146290
552.906223 475.076358
566.786982 493.874979
540.976222 495.867594
561.228113 52.791028
548.727330 248.966718
550.919657 611.823226
552.773630 119.472257
542.291282 785.798339
561.869652 623.788308
549.304241 76.290367
560.121480 454.003983
597.610663 82.512852
573.540349 81.361744
566.032268 96.108205
567.343430 158.615159
592.592054 108.050676
574.557289 250.143251
548.842197 465.371155
547.532982 484.389285
561.751051 70.835625
549.944924 785.309205
557.071307 630.621413
571.538776 255.897515
568.464103 238.034215
550.413907 275.934370
570.200908 109.535925
596.701999 444.901567
559.162894 115.941083
560.415111 121.271512
564.541146 409.719851
550.506887 441.102141
566.980247 763.644771
561.630098 798.189757
566.942000 764.389210
563.352241 631.895601
552.081854 751.704134
566.274001 57.578287
579.224289 230.027009
568.275458 200.427550
551.214910 655.767964
580.312145 107.896972
564.117565 428.478792
580.101427 91.670545
580.114926 94.019403
576.722668 87.945414
588.345501 96.895283
595.931917 131.955033
583.287937 400.966718
561.212977 794.940231
568.644879 211.550264
572.463073 609.565257
578.940173 610.656171
575.463097 433.265590
549.964594 770.245153
580.564806 209.791556
581.774441 412.620256
591.233108 602.558070
586.661377 234.608019
583.260486 563.523140
570.742048 746.846866
576.531044 391.794199
605.107176 758.157538
570.148992 238.675001
605.112857 590.468947
584.392909 213.158740
587.182254 196.168065
561.590815 441.134351
589.939979 734.126545
564.218992 439.988092
609.895830 728.092438
572.113450 770.586582
605.653448 593.597768
590.688866 214.068383
582.269769 176.622768
594.644008 173.772828
586.730968 576.729840
603.237496 398.337298
622.559613 725.540508
590.446903 346.419481
572.379873 397.286823
594.725484 390.674184
609.511653 184.606048
602.059688 568.638192
616.805758 756.544473
600.431855 600.654306
616.523099 420.844129
607.525265 747.683980
623.177286 169.236025
588.022354 350.514254
604.920531 548.601836
609.822484 708.719911
631.411561 188.652817
602.571984 367.771623
603.796400 366.705939
610.415052 352.472493
592.574593 401.290524
594.668740 702.464468
613.344055 589.069396
613.359796 178.721190
585.472289 147.668233
603.207381 361.742163
611.300528 548.554511
612.742712 718.305747
594.594774 357.615212
608.035403 195.351924
615.888513 703.415402
636.952224 172.199659
637.961116 173.571329
611.475051 568.308093
619.018459 569.841556
608.906222 334.373430
611.565476 342.177392
611.361413 340.353381
629.974697 333.371607
616.227992 737.871118
624.362452 208.013952
634.196774 589.917187
607.594844 145.681628
607.964030 538.988314
612.186405 550.474690
627.369565 347.772315
611.373036 715.321556
630.016805 716.273188
608.511677 118.909538
632.909703 522.101171
629.380432 537.454462
612.081492 326.476181
643.941123 690.644831
630.894464 691.265171
626.655391 131.743271
623.058357 544.093678
621.039911 360.994147
630.732093 678.100687
661.989090 118.261358
638.493847 363.494543
636.851936 296.457627
636.441505 314.910608
632.068674 506.640620
644.678323 693.819957
623.717982 151.348307
618.439452 516.454901
615.940908 330.322209
661.817265 290.737368
634.653661 316.993562
630.915203 678.738538
627.558467 686.168114
646.032586 182.479467
621.604656 511.649608
641.159279 142.493546
635.321258 494.762177
653.189117 504.176473
630.005693 313.117145
642.181070 673.930509
638.513672 658.068803
631.426712 671.072330
624.354059 313.144993
651.109816 113.071084
620.617940 490.552276
648.632678 483.435839
664.563910 501.979661
648.244652 633.657391
643.285734 307.423350
645.739280 281.923462
655.836691 260.688204
644.143377 262.529376
641.235192 125.844169
656.077916 504.330749
647.559165 620.612798
643.859636 291.841617
665.024919 169.399542
628.178210 259.367662
650.699518 238.548619
665.003286 488.586961
655.545933 679.305363
640.968785 161.107275
648.733803 238.260890
663.701584 268.299856
634.541208 299.333624
637.108916 492.785833
643.245111 662.867174
656.134432 141.679974
650.390975 485.981866
639.801532 252.826943
662.587752 642.307168
652.511312 122.075852
639.031893 251.601706
645.637366 478.635788
663.300798 646.400577
649.599799 120.675912
661.715262 156.289106
658.435279 245.100506
659.610663 218.569831
683.657651 260.822701
661.602659 226.230995
661.374462 465.570055
677.983789 693.680207
663.012237 123.341967
665.720480 131.902905
676.927812 125.477646
668.198955 207.775321
685.033804 160.641380
688.037293 151.448972
670.709350 150.485255
666.116094 153.805660
669.526345 215.421753
682.603761 187.864227
666.219491 167.115132
641.703070 172.560000
647.027166 221.348789
683.980284 161.038053
670.004788 247.562028
678.093934 460.756247
665.216273 643.719471
660.789689 655.109012
680.107651 613.531636
695.528606 186.587816
660.289961 175.807979
682.425377 198.365683
671.034903 224.327508
664.743709 449.650576
668.232291 621.609702
668.899346 234.682015
668.431206 218.510849
675.395444 258.096231
681.324834 197.113417
705.941840 467.769146
685.348944 617.044573
689.011110 470.273500
686.552594 635.077190
672.943459 643.673895
673.726167 454.211646
703.784625 614.039575
672.768829 457.270220
720.852415 581.098566
702.131281 564.837606
704.157990 594.421560
709.237195 587.804622
708.643465 630.279453
680.136894 604.107008
691.070355 606.415394
680.751433 474.547731
704.800197 565.175067
687.837444 601.977724
700.586621 579.110299
687.226664 567.795768
716.727236 449.440584
698.996426 556.920147
695.436916 571.248872
701.788226 542.951481
690.570751 466.048563
708.434246 538.281932
714.610698 450.731709
679.770517 536.029324
699.573485 479.926285
707.784822 501.569157
727.596290 492.383513
710.101713 526.592793
700.252783 447.953665
708.539809 457.652338
715.548052 519.528590
696.760533 518.876579
718.455686 513.483225
709.910825 503.245247
719.628329 440.913451
720.707301 525.506362
689.819051 491.061832
727.138781 515.091053
744.416631 498.783673
703.396491 479.987481
