59.905317 119.273794
74.431534 124.094962
60.956455 133.267063
68.830525 138.287740
56.197217 137.858840
72.830912 138.438937
66.252720 140.614203
58.982999 146.846951
63.114988 154.195191
65.722715 153.247695
60.863452 163.785866
59.126432 163.469273
73.019099 167.490222
66.910170 176.328334
61.213260 120.070270
65.376603 111.335027
75.326194 125.533846
62.873115 94.450195
76.819530 106.535083
74.576803 180.741473
68.126379 181.556888
68.843268 191.720877
67.304167 194.114493
71.111718 192.631806
64.477680 194.088083
73.791488 96.493440
74.396308 199.529536
77.159067 198.554812
69.384881 207.798465
81.712339 212.226767
72.073913 216.252129
71.415878 222.855265
80.067575 226.712501
71.821883 224.735085
77.177883 95.663814
78.855608 238.279024
83.661075 222.700212
80.165019 241.833054
76.498194 241.165581
90.236922 253.613317
86.531947 244.466831
75.993827 257.870173
89.011773 255.816276
83.638101 258.799268
84.482974 91.390937
90.021551 263.454943
88.510738 81.845744
87.350016 267.855083
99.098511 272.635976
86.741104 274.579038
83.852044 275.186718
76.669019 285.806153
100.915941 285.718477
88.885001 82.635961
78.686485 292.880105
94.088943 298.907150
88.644398 295.912889
95.197016 303.560119
98.814535 83.110420
92.019123 313.991510
95.611339 310.732559
92.560545 312.566294
91.249071 320.425412
94.727159 328.809672
93.395127 322.365773
104.642582 72.028263
97.418954 332.407873
105.800739 72.449882
109.859013 73.972589
100.216082 333.682807
103.195265 66.311067
104.704107 339.914985
112.013584 344.651474
107.669498 64.825139
106.806955 348.995190
107.670506 69.029613
108.466686 347.586914
113.387656 353.891198
119.973799 79.364482
98.388286 352.885602
113.018431 365.686908
105.882867 70.855868
116.379533 359.051866
115.519541 365.773151
118.522306 353.134701
113.759408 374.852427
121.470891 383.110026
126.746000 74.822180
116.664013 371.253748
123.261018 388.374008
120.792770 370.300430
129.016947 74.558363
125.542789 391.613519
139.297667 69.651757
128.688255 390.791566
130.061156 399.480664
128.449528 397.180578
127.240398 66.186257
136.528679 395.838126
139.830534 67.835984
145.116325 401.366822
141.991260 71.341554
133.404437 397.940813
142.413273 408.925774
146.435559 72.767496
144.638631 407.037577
138.965821 66.819844
146.534501 402.432838
149.924958 76.718117
145.989121 414.554215
156.763944 71.475440
151.372693 412.940320
148.441414 548.807287
156.404958 559.912352
159.862288 563.079464
155.342563 560.308889
158.615791 579.230613
152.663483 604.788060
156.843098 609.719939
155.077679 627.154488
163.749060 622.356179
158.360684 610.038583
150.787081 620.296497
159.420719 77.177092
162.071485 410.193477
163.209204 583.847003
155.214560 556.352266
159.827389 568.405074
164.805785 573.656764
158.147853 596.818864
169.427030 623.597720
168.118831 538.297421
167.544318 571.019811
153.178903 589.866162
157.414282 629.083341
162.250361 627.117866
163.475319 642.558155
165.490825 80.662626
167.951547 418.918436
163.720110 640.776977
162.675940 644.548120
167.432080 83.237001
168.403835 533.617569
173.216839 644.845096
155.606192 647.870631
165.973788 658.008250
167.877911 654.667259
166.378093 661.238118
168.960327 414.985025
165.028114 79.257819
167.988346 532.211568
171.905897 664.162635
165.187614 411.921574
176.198675 673.625146
165.772342 680.107969
178.294591 526.095991
175.870511 80.263706
173.455062 89.177331
170.451742 416.999319
179.765003 672.209917
165.793890 523.513990
173.771578 683.612194
173.161469 682.517145
177.840290 687.835453
176.825745 86.712981
186.255301 425.238348
175.482022 523.530682
183.543341 689.972919
175.762265 483.506641
182.346863 489.648483
177.721753 485.940771
185.234815 493.333192
181.712602 496.953161
179.067547 506.033270
180.144909 499.092059
189.722017 516.688541
178.864259 692.199865
180.547546 693.098061
186.077855 90.695216
185.962095 509.966929
182.401185 418.226052
183.836104 86.208687
185.567341 472.080126
182.863618 512.268508
188.325564 699.460118
183.127096 416.241106
184.978607 85.881582
188.159678 478.729799
190.367597 697.185563
185.550970 91.623152
185.871079 417.264256
193.591120 705.947991
189.663814 707.080613
197.377594 473.995918
185.946834 93.516074
200.924112 418.270848
191.235239 711.809237
190.093289 459.616086
194.816999 468.843887
203.431296 99.417490
200.651981 417.638850
195.438303 712.668788
203.583470 100.867029
204.725824 456.598317
204.120137 715.025713
204.557614 713.543623
204.079842 420.953990
201.312625 108.499865
210.621818 467.374540
206.733031 719.884892
208.926788 415.453900
205.808600 451.001763
210.626463 99.521262
203.289229 711.719951
211.239032 109.666417
203.860558 414.282899
202.707413 445.336020
213.789559 447.803080
211.244443 724.532922
221.147067 112.200836
207.248551 418.530908
212.709096 446.156245
220.322969 720.373808
215.052396 116.914148
218.511448 423.200196
221.760743 443.250159
219.806929 726.861487
219.571135 124.112661
217.629124 438.854457
219.663712 421.249806
220.650365 726.591322
215.981156 122.696257
218.545325 435.616794
229.461671 731.606590
222.503566 416.906095
233.620084 127.394818
233.208514 123.842265
229.614306 426.110001
234.579236 736.932331
235.700314 415.644116
235.850496 121.355510
232.116670 423.606637
228.486763 733.215738
233.563338 733.425099
229.281982 133.023531
240.258139 131.897014
239.619492 740.982236
251.618856 132.203238
241.293547 737.629067
248.197762 750.938256
248.565016 135.781689
251.850441 144.306016
252.618661 741.912237
255.480126 141.487563
253.442163 745.583114
261.908253 145.939443
254.276086 752.421476
262.281103 139.250057
258.296905 748.034177
266.849553 148.367837
260.329117 754.166472
270.646952 157.806179
265.974933 749.413249
277.591263 156.908109
272.219735 750.586989
270.995194 159.635844
276.623567 752.026925
278.986562 159.974152
273.809410 759.518322
287.672967 162.468077
275.509123 756.782318
284.747367 164.272499
278.255301 759.983687
291.906502 167.144720
284.005172 756.038220
291.423168 160.526549
297.546328 770.154145
289.605137 159.396732
304.023018 771.217941
303.689762 172.019552
313.289787 766.910916
303.235542 170.220114
303.330841 173.936167
303.288098 770.486997
309.497358 173.837486
315.197838 766.110741
319.693677 177.828396
316.192123 764.365801
321.717666 178.388280
304.202595 765.854627
326.851795 181.258441
323.574498 765.885411
315.502234 188.910044
322.642939 767.029069
328.286307 182.474557
329.444694 770.235084
338.460797 186.859563
340.625665 767.288308
323.323867 181.296586
332.145675 771.352796
332.881130 190.314847
344.264006 766.551678
338.146408 194.753201
339.876120 194.506326
343.081396 772.021504
349.282862 196.352127
355.333678 766.413117
349.320278 195.593907
358.925772 772.337749
347.667178 199.920969
358.997577 772.254659
364.324739 193.472410
360.711197 760.827273
365.661615 206.787344
370.095778 755.113985
365.472173 211.426663
365.901089 758.145073
365.767936 218.821257
381.054579 761.969808
373.394931 212.670835
382.996477 755.135080
375.283210 212.615732
384.872778 751.661195
384.435841 221.025216
382.146152 750.238337
387.132790 218.177997
384.472961 745.559065
391.298128 228.701606
400.439677 739.259095
402.405555 218.433721
389.828732 747.114869
391.632886 228.628376
404.330702 736.326041
399.608793 235.826230
413.199353 732.031275
398.169378 244.231069
405.098255 238.114384
410.474971 733.760796
403.570958 727.299980
416.653617 237.716352
411.342510 720.445908
413.820859 246.269205
415.122406 717.145633
425.671380 247.677478
418.430602 722.211486
432.874457 249.191170
422.800987 707.791482
423.056832 707.737381
422.083430 247.373963
425.501474 702.099104
430.558904 257.708865
429.490417 694.100090
433.213700 257.982485
426.936554 699.375703
433.262841 266.179858
434.621729 195.593102
436.410894 192.900233
433.651724 196.476948
441.709596 693.671350
430.481278 696.428677
438.804019 265.598566
441.242548 194.223068
441.461045 195.862837
437.619710 211.935658
445.732646 206.308857
444.876155 216.011072
440.692095 275.202355
441.552156 690.944990
442.333978 192.639990
453.533339 274.297642
451.206216 681.514800
455.689531 216.797806
449.133606 216.151536
446.902722 191.843442
447.685265 229.174888
452.425562 275.154056
457.804398 681.990536
450.843756 194.904794
448.349921 232.050665
456.824697 275.228241
460.691610 197.197523
449.811003 198.641089
445.255267 204.356143
458.493952 210.506069
451.826368 289.046661
460.373602 679.940633
451.642548 286.555457
454.356693 219.472927
449.804480 226.108651
451.978061 241.350427
448.824075 673.771033
463.149032 220.547396
453.966989 227.836015
465.506362 227.592244
452.126110 292.611693
459.078335 240.379776
463.756111 301.857835
463.391175 670.678402
463.321770 242.385763
461.158774 247.971517
459.318467 238.406657
469.572309 235.273043
458.037538 236.351575
462.567485 294.615295
465.400624 673.613628
462.769254 246.070975
468.040457 246.684180
469.839480 306.223795
469.169608 241.203870
461.846009 244.684927
472.612164 658.619258
474.856703 662.781658
464.670189 251.849920
464.969565 305.960372
474.225387 255.641468
472.316577 261.685750
469.750845 653.970168
473.903864 250.567482
477.829167 268.616362
476.588968 305.697802
471.199400 649.249205
479.529248 244.741252
473.202760 266.438922
475.674784 313.328224
481.931827 261.649576
476.801316 317.826495
479.089638 653.350605
481.604394 261.191314
478.655838 320.017361
483.254995 279.739906
485.836507 649.519393
494.806860 264.238786
480.088895 325.306165
485.029914 642.149337
479.653524 273.198522
482.586358 271.858201
482.081401 322.409290
480.927359 279.622647
480.966451 277.201574
494.501981 638.349284
494.985577 271.163747
494.875574 326.429074
495.997743 285.677601
493.017529 638.535427
496.061963 281.197998
489.331685 284.356060
492.330890 335.612611
501.529165 278.428251
495.165634 331.319570
491.662936 625.800281
487.729895 628.645938
494.226879 282.836423
491.482671 337.061150
490.158535 291.003254
486.414552 624.868166
491.506494 283.738141
498.005703 339.850928
495.963711 625.171237
502.664152 293.590020
498.455865 294.906448
497.835805 348.903147
502.557564 307.691163
496.011084 300.528527
507.898008 618.493240
498.819669 349.528681
503.214141 304.755031
502.321806 305.127474
509.036030 618.298280
517.005844 317.131567
513.501364 350.827479
514.278401 611.141345
506.064964 300.160352
510.239894 313.292278
508.761408 352.893306
519.887521 301.836859
517.233316 604.050035
518.466604 599.367739
505.139955 312.579369
509.180089 312.763431
513.988498 351.888589
523.381888 321.213071
520.980759 324.831658
516.162749 592.003183
519.253113 316.306855
514.225029 351.324440
517.367504 325.528426
513.892549 593.094789
523.582687 320.950940
517.638482 330.568494
528.421355 353.948712
517.483898 317.287151
519.011599 320.823333
518.208905 592.878085
530.883605 329.704282
525.957786 355.796908
531.818018 336.923731
522.827826 594.724234
528.104014 335.014090
521.575845 330.861544
527.877613 357.626246
528.631839 342.416059
523.636780 342.694831
522.946627 601.574613
533.367657 604.972504
534.458698 332.682435
527.314630 349.831052
538.442158 596.236451
529.446933 337.461080
538.602878 597.375481
543.083411 332.977158
542.336709 608.395530
547.084578 618.972473
545.974423 616.734492
542.692432 620.490932
534.264956 626.745095
542.749863 631.397020
550.487701 633.713416
544.517591 641.830492
539.808387 648.015940
538.172024 649.350778
547.273253 649.651118
549.560855 330.135749
540.188582 649.433918
540.814061 656.506987
545.866678 660.334895
545.564931 662.943376
544.650542 662.013180
543.926214 668.997320
543.448388 665.291314
543.325313 671.652935
549.488781 681.683631
550.347274 687.990535
548.532210 689.754085
543.897224 321.197882
548.844720 688.761526
551.660298 311.850219
553.693036 320.776912
557.348556 699.319357
540.374153 697.657415
546.379464 700.661988
554.397383 709.948361
550.426986 313.088822
555.404252 711.955504
547.981285 711.710297
563.952211 320.109963
559.744056 719.811148
555.054407 727.198285
567.209270 724.270606
557.934283 313.824766
561.289438 596.956494
567.370147 594.038559
562.839205 602.913179
568.082078 607.031021
566.556757 724.146076
564.212945 315.167962
570.037080 587.139409
564.067830 612.420783
570.896761 608.806782
573.422902 617.513331
565.732715 728.546978
574.188958 315.260291
571.719028 596.397247
579.594522 316.142757
570.163212 315.346706
577.996705 613.173430
571.588451 619.431665
575.413214 624.751712
567.371613 626.094165
567.534996 632.190744
564.222224 636.127465
569.117957 640.773961
573.444744 727.842372
575.052675 645.101829
571.360389 589.078827
579.811418 323.360467
577.851835 730.105013
578.175275 330.776207
580.924280 342.855212
586.557826 648.808226
576.746724 653.161951
583.445085 649.218106
571.106514 662.074448
575.757860 666.923129
574.713850 672.722143
583.001360 664.924270
577.379396 674.603191
576.540160 704.564100
570.167914 704.670272
571.963196 716.002615
572.648251 715.222544
583.401851 716.878433
578.555509 724.082599
581.306056 584.276328
577.617951 672.670372
584.061133 339.063573
583.315104 317.573919
580.978456 588.351795
584.852332 700.222457
582.837696 330.947853
569.128594 689.815683
584.742924 681.192134
578.995260 684.594267
581.028228 692.546278
586.994285 346.773583
585.440728 312.963189
580.433311 321.259508
572.825704 604.377419
588.523565 310.572577
586.096052 600.486961
582.534146 603.064560
584.675078 608.979571
594.745184 348.723513
584.999334 308.439481
586.601702 301.592263
587.227328 349.116799
591.523699 612.350547
594.613660 616.940823
599.189623 307.372338
592.041657 305.732493
594.390061 349.169855
602.316567 614.919741
602.578612 305.216813
596.173181 309.122449
591.585234 352.108357
608.827274 305.576641
602.921101 352.962306
598.625214 623.025311
602.588418 293.885127
603.146717 345.532798
609.835612 621.700064
606.111861 297.527814
606.184184 290.716919
596.495982 336.080410
608.810966 628.464785
610.159336 626.965363
619.033252 295.567569
606.633744 288.745940
608.253980 338.424836
616.888555 635.273726
607.952478 278.806867
614.076831 291.262674
606.712096 640.031938
603.365864 288.750260
609.256280 332.336308
613.175568 277.492758
621.398932 641.195120
617.649219 285.134639
607.510909 331.028152
616.835948 277.092982
615.869312 283.329230
626.231476 642.137747
612.234153 326.595922
623.991824 266.022923
619.919120 647.934489
626.109101 274.928144
627.420355 329.435654
626.185581 268.587484
615.527854 319.122685
626.034639 659.605843
629.215469 276.982063
623.654959 263.429714
628.353933 320.316208
629.183586 648.595706
639.846707 250.473447
627.058814 267.511885
635.128574 320.631353
638.603614 645.972446
637.827540 257.208869
632.296717 263.294316
635.196998 666.201994
632.689445 315.011159
639.813104 256.671979
633.416559 248.979254
638.217536 660.787821
640.489391 244.663645
647.880835 310.004500
639.182279 253.900744
635.314003 658.053739
648.006458 233.729360
647.285425 253.533915
653.146213 306.045079
641.276253 226.854912
645.068667 669.541392
646.793994 242.325774
651.596932 304.516945
642.362373 226.045713
648.944219 671.379851
651.921211 216.891902
657.871275 223.617070
650.760276 233.599672
651.939072 296.645034
652.993592 230.534178
648.411477 672.588132
659.868061 210.342032
652.256028 202.147691
660.097806 203.412907
667.737496 204.460513
673.002551 230.515355
658.650580 301.608248
656.896480 675.221475
666.214437 223.657195
660.903628 191.383158
657.828137 296.399412
660.900180 680.048205
666.581547 218.412480
663.792099 220.037627
655.665563 190.147227
659.230494 290.854483
664.925009 681.798916
670.193496 214.662800
672.164784 280.916251
661.122287 685.912096
671.353597 192.096254
671.679232 205.738216
670.349562 206.101198
667.160739 281.880096
669.286499 687.725561
662.854465 191.883592
676.025988 201.452139
674.684005 273.640132
670.948229 686.453113
676.961496 273.168533
690.223725 688.833074
672.249462 693.227815
676.422717 691.665912
678.073008 275.033813
677.574839 702.590438
686.216796 270.501302
695.971380 699.699789
695.749295 261.500968
685.997052 701.576749
698.289147 265.113504
691.706445 706.323759
690.353093 277.128637
702.069008 262.626523
695.013134 704.452645
698.685107 264.775931
709.172307 712.810842
700.498504 255.893171
707.541972 710.332910
711.846588 253.096228
710.942742 715.191516
714.740354 254.161141
711.058281 714.926843
715.497112 716.155109
711.209010 249.896303
723.504722 718.008218
708.352538 241.011061
713.161245 728.032063
727.679229 246.182978
734.167316 728.266482
723.266567 241.320125
728.320591 725.279283
730.589344 235.578102
739.008543 729.758101
738.647019 235.231254
735.726476 732.474932
741.009731 233.699578
734.519011 735.295769
755.250644 229.157808
738.550232 737.220432
744.497504 226.681724
757.520996 737.548907
748.943218 239.961830
749.653209 743.058799
760.588783 227.067789
757.553616 216.572912
759.258498 737.124425
760.288319 216.989446
758.876993 752.230302
765.369961 228.274851
771.789529 750.771123
765.336680 216.492059
769.873854 749.241151
773.511162 215.858704
764.100029 745.165824
779.544338 215.738241
776.735156 741.651043
780.069225 212.340342
787.261264 748.936245
780.116874 199.350571
785.605852 742.824846
786.950779 203.033119
784.754451 742.602041
786.485927 202.292721
786.793819 742.639316
800.729160 201.033884
788.453587 756.192013
802.114335 202.555626
807.479003 746.955503
802.856484 193.740410
802.516820 745.156457
809.507767 751.877390
801.169955 184.910385
810.425325 745.803137
803.405279 750.307197
822.644363 192.216136
822.840748 741.060761
811.367131 190.387759
813.089240 737.925845
815.118156 186.271613
816.688546 741.521349
820.231461 177.308776
830.314069 734.394781
825.452478 179.258838
821.901845 742.409797
823.156380 182.548660
835.230724 749.046844
833.774529 179.819247
835.557327 736.989028
832.282496 177.189584
839.724824 737.777201
843.522178 172.993278
843.593012 737.313057
840.221744 175.764286
854.827451 170.277416
846.747319 736.754276
852.302026 726.936843
845.011689 166.990159
854.913887 725.207376
847.077239 165.314477
854.142033 727.172275
855.993605 163.600533
867.543461 723.628372
867.458992 158.837826
867.593083 721.813527
870.392458 163.865625
864.770643 714.123206
865.826467 160.955703
878.180927 714.503339
869.338441 719.213253
885.864371 155.644237
866.114236 710.546524
879.313122 152.669950
881.682346 706.331623
876.972449 146.785464
884.214515 704.967528
898.603151 147.216991
891.271353 444.604985
883.897062 701.090772
899.966733 146.188277
887.862309 430.805469
889.727016 437.540869
889.493824 698.427333
892.241886 136.901732
889.946049 440.156443
902.272620 693.857252
894.558781 432.474686
898.445919 142.252523
898.477372 447.809833
907.823645 448.485837
909.776776 453.730320
903.310742 689.795496
893.779673 434.187269
889.063896 134.298531
906.856287 455.978854
896.822890 459.209067
903.571516 472.069147
895.670810 691.927956
910.498663 694.579126
899.925034 433.271790
903.628420 469.596990
902.378354 133.652065
899.600221 685.265809
910.924285 432.871690
909.280383 469.135794
898.877994 473.771156
908.574921 130.817550
910.029122 477.303943
903.926225 684.597577
914.094733 123.920507
913.296529 428.754726
921.799439 487.229650
917.218318 478.459001
919.632454 487.415592
913.163466 668.945054
914.846148 120.934646
913.989780 435.939644
920.252342 497.237746
922.312817 498.070220
917.604287 665.234907
919.371829 500.436909
922.120864 111.743175
910.676209 431.705514
917.405406 668.459750
922.942583 501.654734
925.855842 652.914936
919.114196 117.809023
923.636756 435.691900
925.939826 506.391364
925.410331 656.877077
929.615487 116.769240
922.830075 439.086196
928.907077 513.313151
929.462842 513.360886
925.733083 653.718754
929.129696 110.375157
935.349868 437.212664
945.725141 514.419161
927.483848 523.664493
924.382826 525.536094
937.019037 529.209579
933.105454 534.311426
930.338719 535.552549
932.201424 535.701717
937.070276 543.246264
928.510628 633.205906
933.249036 659.866831
935.108820 548.943149
924.591901 111.819253
942.928645 423.885032
934.017453 636.617015
928.453051 641.951127
931.468320 648.543667
932.792052 548.227440
938.941443 551.589381
943.134345 555.832973
943.745006 565.840965
934.453067 563.716522
943.943780 576.272188
948.203750 581.978329
933.898580 586.459550
938.475900 601.144264
940.631969 594.446925
935.425258 610.594987
933.621219 617.032814
935.601570 622.464533
940.679876 625.308496
935.295200 629.114753
933.126042 627.608065
937.240482 103.910394
937.331998 432.608559
944.708833 580.446617
940.204429 602.937607
939.611909 568.858971
936.915067 607.097318
946.661865 592.256372
934.357983 102.530805
938.254603 429.681929
951.577002 104.289232
944.406319 428.639128
951.661400 99.492869
950.088876 433.895100
948.878476 101.361318
951.894772 428.671028
960.183642 105.922963
961.228975 431.669487
969.692400 98.733479
963.117333 423.659711
964.137615 95.507673
960.273076 426.641517
972.314587 420.582111
964.912713 100.454635
979.092830 414.271681
972.135536 96.144613
980.529426 409.612844
978.303149 98.156296
980.741623 407.928986
985.946456 96.417578
974.812137 406.857714
986.908517 391.689155
982.547177 393.521334
985.432386 104.119507
983.408254 386.460984
987.016021 399.519021
981.847743 406.534684
983.030635 108.401438
983.030124 378.956562
990.595273 388.920337
995.839902 97.133053
987.376969 377.266677
1002.718452 96.319715
1003.157027 369.068205
1004.729860 97.753955
1001.290853 367.847346
1000.702338 364.036679
1002.258029 97.012604
1006.247060 355.317650
997.088070 106.997603
999.615080 356.359020
1015.963764 106.700994
1012.712369 342.346399
1004.148571 343.591208
1016.634648 345.770509
1010.722059 346.296836
1017.327596 113.713997
1017.404392 332.761453
1016.009707 322.866139
1025.477220 324.536860
1025.150761 110.986588
1021.485131 318.287848
1019.667393 118.572483
1018.482353 295.868991
1020.934717 303.243321
1025.636121 307.465737
1022.096506 304.650156
1033.085391 309.475631
1020.241968 112.995108
1020.101457 292.628756
1042.296925 116.484253
1030.704953 123.904744
1023.832527 130.433442
1025.288549 131.632695
1034.774923 147.143867
1025.296218 149.832055
1024.671249 152.416374
1022.396167 158.179774
1025.177253 157.719456
1029.236798 155.547885
1024.579218 171.959953
1024.631164 174.957114
1019.600179 182.386716
1030.006469 268.841620
1022.601256 274.496792
1016.111630 279.803573
1036.644731 281.046641
1031.560963 285.710797
1012.166472 179.372730
1033.634090 137.388600
1035.294521 140.871774
1024.066014 263.856416
1030.165243 184.443026
1044.844344 185.962359
1038.008464 188.840813
1034.226265 225.390227
1028.452467 241.919059
1040.753429 250.399140
1033.615708 249.131825
1035.748511 253.883934
1030.816491 257.769714
1043.067164 195.838821
1029.805483 232.315237
1034.124018 229.349777
1039.977583 239.239420
1040.064884 199.239673
1030.240791 197.762715
1043.473687 202.715194
1034.482360 212.327158
1036.601527 214.281382
1043.154822 216.501305
