87.632054 692.414167
53.102684 731.983208
76.270940 707.093513
72.119186 657.926274
54.218466 655.376070
81.699614 704.138255
120.341026 651.008919
97.535548 713.239253
92.684146 718.448428
77.987280 645.950523
46.713946 702.669946
54.520896 688.186727
97.728814 755.171949
126.156043 715.330028
103.446723 725.603564
61.125556 726.650495
92.716578 639.332570
56.235396 635.828340
108.921747 707.745239
87.424698 700.351305
79.211783 733.781497
95.612515 755.521927
99.073433 758.642358
117.738917 648.133078
97.071487 764.181755
74.045669 744.418877
84.937520 766.760275
95.741075 688.612774
89.281671 786.074921
83.782613 622.757964
140.335563 768.266040
122.295911 645.762248
102.104213 765.219927
97.355075 610.941226
71.977035 779.400837
92.107328 765.439332
95.668375 776.899373
108.300522 764.965437
137.716690 779.756109
100.577105 622.583339
67.233030 770.841966
125.575774 788.594585
142.306979 814.599996
129.248534 602.830140
144.357769 794.927860
109.830221 646.508601
84.952720 810.909526
125.785683 680.320666
76.329296 810.630547
133.608834 611.030979
136.542427 797.122299
168.509210 821.605270
114.092140 843.944811
155.550722 626.452732
89.099770 830.050015
131.952606 606.086694
105.941813 803.308709
128.302549 832.859874
150.065118 578.391123
78.411561 784.766720
118.508794 837.166039
116.008628 615.759636
113.984336 828.270269
147.325044 869.548437
145.670182 581.413332
148.293547 833.893904
151.353431 594.663178
140.004595 831.814504
151.107602 611.218715
138.056583 830.483858
161.239404 588.017889
156.508515 876.174854
141.292876 876.461672
135.526733 856.156675
152.304853 634.480071
143.889769 835.245781
185.294562 625.185369
128.307215 868.949263
203.583978 587.946292
188.292483 846.243902
154.841435 847.458398
176.464872 602.751761
150.229473 852.592181
189.312673 874.956883
180.494661 574.604694
160.332573 889.642603
141.429949 607.135285
219.622771 893.067393
165.838890 583.768346
161.349335 868.134148
208.125638 872.100522
200.240218 870.028924
175.757152 608.736727
154.119557 891.740148
215.361769 875.906723
192.352562 581.941673
194.638224 898.799196
204.374428 892.820237
220.498638 907.084350
211.378914 565.828439
186.778160 873.214503
219.350167 595.733356
245.929215 912.136876
173.307579 588.341972
158.432321 898.989948
192.126725 588.265912
221.931997 892.344630
171.621935 595.488474
217.868430 896.162762
201.652325 609.523893
169.860479 905.697588
174.846739 929.707740
211.365360 602.960712
248.857078 920.322628
226.827057 609.605352
199.621018 909.766375
193.843416 575.811860
255.242746 905.938448
167.822521 609.802823
246.238573 907.222956
252.106404 934.078204
208.088848 915.768270
220.297255 573.058034
242.035466 938.530233
225.944478 596.836645
231.086545 941.071205
233.334467 569.963056
198.016772 937.845915
290.347467 581.062915
217.900419 943.892238
282.618984 575.304857
239.522671 949.863381
208.998693 917.719188
259.325282 587.600390
284.590594 946.371524
212.784955 572.436828
259.163062 980.588480
299.050147 597.107568
232.334435 966.092377
250.771518 564.822519
298.389056 976.140471
256.814068 577.732723
269.424061 932.945936
286.396483 561.265257
272.756478 947.379914
298.171559 949.990959
302.959267 562.787353
261.740065 963.342677
282.575588 593.272964
322.525858 976.953190
324.688068 564.113916
282.092758 977.974127
295.368954 602.823895
288.797217 951.072894
286.341853 574.478791
301.733920 946.406277
292.317665 531.337787
314.106608 1001.234967
283.262280 557.025228
311.007353 949.477513
285.872812 569.985512
321.604125 942.500994
349.365753 575.144902
281.125533 971.150726
371.532116 555.224627
296.647390 935.997811
333.906722 561.393397
331.662335 937.040769
326.664146 528.010352
367.205428 988.299832
322.964367 583.756692
359.609837 959.180603
355.056455 597.654416
282.603075 959.607411
366.222267 564.342242
304.145504 961.959582
359.643728 538.903480
336.923184 946.199571
362.681333 512.485143
310.933255 964.998443
319.080330 572.053921
365.925426 958.106190
320.500033 583.574672
372.057335 945.789825
410.049615 593.653855
329.360931 961.920838
410.948691 576.938289
311.656651 973.816590
369.688893 567.861814
349.959337 967.568393
351.492819 568.570016
363.212526 907.571214
310.030317 557.616043
408.191525 918.078589
345.455423 566.693436
381.377746 936.032643
407.285060 534.647851
397.514337 923.123353
395.893746 515.413456
344.342016 953.615924
422.508979 575.394305
430.762647 899.811352
360.361455 916.287790
382.518514 542.512994
401.409403 894.038254
423.713567 524.081168
392.429183 900.605088
395.669903 930.475456
443.043496 526.370785
371.628159 920.768299
409.607603 538.656017
454.645863 747.611531
423.730733 765.829950
408.687557 779.033238
372.747399 895.128024
353.699472 557.819523
382.605221 770.823581
353.818913 762.628651
353.836574 761.961036
378.585843 791.622489
426.597132 774.952998
390.006122 795.735724
450.556176 719.902314
409.064077 773.833245
417.837263 890.258654
445.871585 891.843490
397.100023 543.331236
372.862455 758.198939
382.482696 768.740035
399.935503 894.730300
437.072429 528.126462
393.721404 778.203065
425.516108 731.524144
375.598977 860.129939
411.907261 804.884965
425.352544 778.903943
417.129233 783.064407
414.880636 763.546324
430.601698 796.066660
458.836836 788.703936
467.369247 785.450823
400.897016 823.019943
456.229918 562.871537
408.400655 902.129630
411.883320 699.702531
437.567747 869.901642
425.044836 541.992267
429.260151 723.345601
448.797292 811.749037
441.989178 894.590056
384.106911 818.957103
431.790785 924.117175
381.791047 509.082392
442.893317 730.677693
419.432157 852.600250
416.027830 848.497078
416.559272 886.897151
414.966925 858.290680
424.357427 828.946714
379.575104 543.481786
421.255196 752.389633
431.790106 882.094239
458.014535 824.436189
487.794618 837.281083
469.390488 832.412729
395.825190 552.511998
421.627566 697.677432
458.395010 866.792687
454.139591 837.286357
432.851221 854.380852
488.037875 545.298635
435.221484 717.579781
440.709050 549.840244
435.358186 721.401028
454.811192 515.676887
470.658808 717.463404
440.715234 698.454302
434.881731 529.347481
467.823981 694.130627
454.078347 548.958228
436.471889 707.777435
462.178838 537.747092
457.556539 707.889356
415.554921 532.480597
467.001076 684.281993
483.205183 569.424763
470.612750 736.159340
508.245296 545.439012
459.527684 665.150273
435.381855 533.901259
471.132595 677.482609
504.701536 528.775618
479.287453 705.604808
463.127551 507.120275
468.628956 708.332985
468.288271 482.362011
471.915637 683.352996
489.279198 520.624109
491.511550 677.124726
493.652906 514.418507
510.381893 700.131577
534.335724 542.210847
499.571094 656.139260
567.837206 521.492605
499.838208 699.677978
497.077434 545.324121
477.312194 675.375534
528.945176 552.801397
501.913312 688.449503
516.931810 529.730492
527.670741 684.380971
555.724152 493.805626
494.250855 706.141079
520.180755 496.474211
515.686556 686.919000
464.835135 530.965618
485.874814 644.944790
547.375203 525.025197
539.356757 669.234268
573.974754 481.597205
497.226258 660.025012
490.707290 524.346033
514.161413 672.649144
524.723115 487.008818
549.467828 673.752899
511.745432 509.961118
529.548804 514.221015
549.701885 681.932775
518.323611 500.932284
542.964558 668.294096
503.070397 497.542414
561.646390 653.842926
532.880547 492.596257
519.210802 670.388312
534.427458 476.878563
605.030116 661.566537
556.003591 493.525472
531.837517 459.426612
552.802309 677.161740
592.707655 473.230479
526.975123 728.652390
604.251381 479.396233
540.428391 659.284511
608.097631 451.030984
589.253905 463.981471
562.184389 448.005917
576.037717 653.716800
550.435450 481.893424
595.091433 483.249693
598.283821 663.716924
603.184795 438.873667
563.839270 425.721863
587.949868 449.757208
602.226356 695.405120
564.067064 403.438787
578.323510 404.420939
603.398503 647.252633
552.524874 453.575492
549.971747 414.178917
578.184674 428.769809
629.010323 682.159942
631.390542 382.131585
605.148105 384.554498
595.651128 437.110453
602.113370 661.654806
566.095473 399.852580
607.991765 391.686405
586.741525 355.252846
610.406065 670.992250
589.110678 385.745546
625.816904 337.449902
610.720771 328.923129
583.718660 691.979154
602.961918 379.862128
584.049512 650.992642
612.389489 308.497868
604.421474 320.918717
600.465799 378.166168
616.485256 367.718272
636.015679 674.219629
588.128972 349.284267
598.760139 351.492668
629.857078 317.378971
626.585559 335.339691
610.497872 666.972780
634.035644 325.152110
662.472255 660.780862
577.608168 317.946626
617.752148 289.135781
611.921953 308.928601
651.502296 293.014818
633.213700 309.897010
632.411068 291.842373
590.648250 324.580268
593.476565 679.227845
623.218674 306.018139
643.438423 621.578138
610.329897 292.055726
639.474219 630.115467
648.882944 263.348070
652.260123 258.670271
629.514667 269.670300
642.834213 647.099276
619.971618 266.943592
640.149134 279.612340
613.850853 257.174180
654.237872 633.410271
641.704499 229.048685
697.560995 679.024669
653.964599 214.093883
636.662550 210.986943
619.323656 636.116917
637.213786 233.203058
677.668267 248.074239
638.860026 674.877957
652.609594 228.668319
685.685752 196.174534
637.931287 221.781707
656.451249 665.068612
653.501709 245.697065
665.915363 194.064360
676.286852 210.421313
712.862845 639.933178
671.671369 209.658172
692.003596 637.904141
616.100094 198.480115
656.004881 626.977006
666.233053 172.063666
715.074488 643.915492
678.732927 187.236027
669.450685 153.951945
710.056690 655.829432
650.447052 174.695752
675.686841 622.697418
688.852457 171.798454
674.274224 608.803275
650.605731 125.672698
665.079084 156.202280
678.381321 161.420568
733.492911 641.031857
681.679274 145.597306
735.490232 144.842478
697.516318 630.511583
717.484509 127.380422
650.898095 123.787419
712.183639 648.705998
691.967314 150.545350
707.211442 649.611482
720.538748 121.244919
724.843861 659.916424
663.141486 101.325890
743.182188 606.369603
739.680937 135.687104
675.239846 631.058534
686.816529 108.937581
683.202747 635.285776
692.432688 108.783679
690.517173 663.922793
689.039072 96.491196
735.812390 91.808441
733.317847 654.539708
719.856147 119.611003
731.753371 632.446718
710.947279 101.475371
724.019631 652.087763
698.989860 90.674680
718.953891 346.518212
735.182385 377.521820
753.648072 668.118632
722.310754 290.910774
759.973587 304.206357
742.274694 105.551977
732.411301 353.465809
729.647883 305.249126
718.866477 328.615517
700.301745 354.152609
728.926796 659.158300
753.278084 265.037964
717.794105 310.491694
752.247296 298.203366
728.403711 285.493813
703.196714 320.039988
725.199977 294.245366
673.607665 299.585907
698.731102 328.137044
724.266760 328.559417
692.127090 310.382193
768.021695 320.030539
718.706136 353.550403
736.650186 356.033044
758.704291 381.405105
718.028470 386.354568
658.863410 357.223090
689.168714 315.266116
754.798921 305.318423
781.175444 77.947175
710.486233 346.880735
722.479581 45.511239
688.299669 670.384934
726.557081 260.853941
751.283825 260.098561
750.240430 265.260485
722.118374 245.735969
732.618877 260.030649
716.280152 275.801543
723.288547 360.682294
753.732335 370.180553
711.045138 392.142719
751.231925 411.295041
733.636910 61.461360
757.519565 637.834519
742.267324 223.113083
756.423714 384.317875
781.272116 262.782491
732.654281 237.573053
740.572920 227.065202
738.851966 195.356498
758.845627 410.939722
800.438316 399.926137
786.610554 412.785917
701.032867 58.024982
747.462427 650.869657
720.690680 202.935741
752.657909 40.508120
729.714599 413.002712
748.985901 204.285277
783.659238 188.258624
735.616821 195.771910
716.410353 210.612918
803.675027 225.443544
749.417162 629.843793
729.962723 390.640378
697.704390 65.746225
761.194218 211.097597
814.218637 642.631722
731.778087 194.316970
760.338557 188.798287
750.797725 431.349260
736.891181 439.198739
783.177953 380.474862
784.190176 81.873008
739.263875 659.146464
729.202647 128.983019
777.559728 443.968473
763.562317 420.401620
737.453461 52.229371
762.946555 429.001022
793.159517 648.436151
749.970541 189.021550
762.314606 41.978758
756.686855 176.189672
779.852780 178.144334
770.865491 186.173665
774.014208 193.152093
784.683860 174.019599
771.669842 448.840526
735.316409 646.179894
766.910601 167.061097
762.852022 67.036751
747.332829 431.042071
769.221725 642.298023
758.247299 144.236495
730.325471 437.113657
778.170071 433.947161
777.975447 460.835117
721.096140 16.526193
785.959241 667.456476
782.032424 158.628783
767.816646 151.466723
748.242177 447.440699
789.900555 24.246294
730.353885 120.852496
749.933791 134.505255
736.277214 464.088183
746.121989 656.938420
797.478237 112.115274
789.829821 72.808850
785.121585 49.293621
770.369720 76.889516
695.421114 84.156014
766.109886 94.726317
790.202180 95.737297
781.763131 116.547479
790.548956 129.512083
807.369812 94.043353
798.514142 129.593210
776.968494 44.461895
772.097939 440.923319
778.188541 668.456594
790.679719 75.327510
785.229029 67.438524
769.975046 78.843549
808.368485 468.999669
782.084921 60.480682
744.653895 108.421010
828.580604 101.926608
803.705247 667.809496
788.707644 438.208407
798.722294 647.136924
810.870299 469.781405
770.617422 642.091298
788.057846 497.936098
770.087784 652.849777
797.612115 443.437254
759.229680 624.843967
834.838740 483.868453
826.935431 655.838606
781.927882 463.450549
814.493247 684.918568
791.130901 545.458329
764.236071 666.025301
836.568052 465.062012
818.576851 648.717712
829.813023 494.188901
793.500499 668.550266
795.344977 495.669355
804.880755 718.206647
849.921917 470.534957
828.503755 458.334465
843.028028 684.266526
803.162943 469.103595
848.834974 645.137082
823.193579 692.069716
790.958579 488.325619
837.124191 670.499521
845.785122 475.222840
881.147767 491.765065
785.950430 683.121885
861.526795 478.165158
854.164440 619.319943
903.171242 490.437291
869.192265 641.553833
838.776674 490.343880
853.627409 675.253129
862.167275 451.073087
839.535699 655.503104
878.932553 492.415974
891.207143 670.818603
841.141596 463.392823
849.609852 659.061529
876.787759 492.556808
853.105124 682.584573
916.203966 442.710153
878.763432 651.016286
914.693646 454.886990
830.846432 652.754387
877.715872 484.847596
862.001707 637.580793
898.179714 500.563602
862.718935 657.883686
927.442077 628.221661
904.083083 445.182356
913.727360 629.328688
914.359110 491.685746
914.509196 676.155716
863.129216 464.454389
874.103447 627.357151
893.844343 482.226589
915.815174 644.079823
885.723792 510.484432
891.354818 640.933573
896.757490 507.932834
888.601850 651.025073
870.975656 473.060747
905.118152 669.196338
954.027097 472.155699
883.420569 642.004617
926.817724 426.263633
929.538948 646.306548
882.607954 481.509020
898.633487 559.101836
913.226774 627.743809
904.299085 416.176912
908.570010 411.882509
902.004134 551.511559
913.964857 558.095489
886.039177 469.973105
886.410375 524.723020
956.074302 571.101305
931.987197 663.422939
948.869178 547.478535
949.535565 466.890197
896.334212 522.085616
944.691604 649.670679
937.499265 558.368980
969.310116 560.012183
971.637131 477.435368
922.243205 568.496825
954.997795 533.347918
880.877955 656.970432
941.162315 418.524423
956.893250 565.036492
951.652545 532.579913
906.506223 554.402228
919.057398 642.336462
961.482099 445.893272
960.157370 489.634652
973.258328 566.229768
931.947449 627.926297
919.176584 436.657035
947.261601 489.631231
1004.486482 567.558082
911.707155 643.451902
994.462387 457.964458
925.531115 599.033948
950.596538 498.530433
943.534732 676.758581
956.949979 499.760006
944.134137 431.409268
950.987403 572.073711
979.622733 664.989590
972.865642 530.317555
935.904533 567.584471
949.139226 433.492274
982.201223 642.005786
970.829264 419.935742
948.092314 455.738145
988.391961 590.837036
958.500600 711.020686
952.481640 410.983038
947.695321 475.527468
945.769901 551.522580
975.434347 683.675381
959.433916 439.617145
967.105551 470.441295
949.310580 602.844758
877.844777 682.486009
955.837056 430.028981
969.034364 488.743790
1000.863594 569.448051
961.797326 575.241203
1044.914803 569.381726
981.236624 663.041479
967.520960 422.787639
997.460493 458.137074
965.092567 603.785908
973.364083 655.899045
992.144046 457.587957
1025.888964 524.353876
1002.970561 658.262690
956.160939 618.433054
958.390192 398.027533
969.114461 490.218009
974.105544 671.269899
975.688278 438.019576
1006.986020 598.380435
1016.960840 494.823904
1052.343436 648.888436
978.263041 426.204517
964.782784 560.277277
971.459369 686.836359
1006.119386 495.288438
969.151368 426.956889
979.802643 580.259816
1016.366580 705.651754
1061.500503 710.656408
978.815477 695.498347
974.044941 527.745226
998.477000 438.587456
975.373639 593.159087
1026.440907 694.083353
1005.295574 483.340931
992.156584 405.533848
991.563962 555.298880
1037.444966 668.755647
1016.299484 494.499120
1053.536912 416.208607
979.068902 632.660589
990.379214 665.576179
1002.395837 490.695383
1043.525437 426.548231
1045.078182 595.349036
1087.853467 648.770432
1042.996846 491.391904
1006.265339 431.172982
1009.392867 645.321325
1033.452629 691.393145
1053.524266 482.790159
1043.354327 387.964506
1034.663288 599.698773
1003.533281 699.835589
1042.307529 485.104892
1013.032257 590.582010
1060.933862 395.034419
1083.686783 710.839155
1070.896975 502.201559
1045.581235 605.236426
1017.748017 384.083234
1012.901815 701.615699
1032.920391 498.262136
1068.673647 572.804079
1058.928350 439.295466
1047.820365 741.051379
994.493351 480.762082
1025.293827 604.166092
1072.695171 378.871920
1087.195058 693.131785
1066.227816 497.335532
1001.246727 557.354920
1049.038913 438.412474
988.455748 711.043484
999.560196 479.411366
1060.691756 610.455540
1006.695725 360.043372
1064.694719 697.475510
1081.255160 481.264610
1043.822213 583.398121
1015.889248 706.704623
1085.815159 406.374828
1117.918040 456.337201
1013.924682 598.146728
1033.460967 702.777871
1016.586489 417.853047
1061.834225 641.130266
1052.618861 463.369491
1098.761183 756.536747
1075.123556 352.989192
1013.681009 613.350433
1089.670432 473.627664
1045.568552 732.913051
1070.063637 430.602250
1126.866487 602.166000
1071.675832 444.838442
1079.751767 670.892413
1092.952788 407.140187
1016.899288 585.966557
1073.503778 466.653405
1058.676886 722.087065
1077.173398 392.422785
1079.904701 594.468281
1056.165426 488.994788
1075.044485 727.333506
1059.849027 419.257870
1095.708220 581.677394
1073.335242 428.475812
1109.360743 691.655577
1066.734022 421.337091
1130.118381 590.049764
1068.936790 474.938015
1055.905504 704.991687
1079.902151 395.309634
1081.335834 633.244289
1067.154300 456.635733
1039.582088 704.386057
1098.058843 378.607873
1058.558691 574.090873
1111.834434 481.365645
1076.912399 703.850724
1087.205534 407.346920
1073.653605 594.953912
1092.112025 504.829751
1080.011608 737.873264
1085.907528 376.103279
1060.575675 584.731855
1084.081776 470.658289
1076.073907 694.153512
1106.163114 379.234514
1089.564842 580.677902
1106.029171 505.779567
1107.189216 722.861387
1074.029038 622.011885
1117.534535 385.427836
1062.355049 449.759940
1078.980043 673.757918
1101.419203 569.936889
1125.898345 379.536341
1093.372268 485.737599
1098.298800 747.012760
1096.952398 634.062227
1079.924289 393.951987
1087.416754 464.501672
1071.744194 729.588602
1109.815054 602.244130
1127.044265 379.207302
1127.512414 449.147091
1107.845086 707.180751
1110.981919 600.153476
1120.101887 374.392069
1102.681849 453.206568
1119.831045 704.670520
1174.911964 594.051945
1126.728226 366.510867
1105.700425 453.300924
1090.320922 683.871547
1167.281637 613.076215
1143.548648 379.851223
1095.293241 454.486989
1139.585311 710.724090
1108.664334 579.774738
1114.689220 394.381330
1157.591071 419.838488
1164.581046 662.934586
1122.393267 622.174645
1139.965783 406.368309
1181.520872 433.872159
1129.124116 708.053916
1124.065272 611.351166
1151.882944 374.485496
1085.515084 438.177507
1136.589468 681.434828
1185.886516 388.745614
1121.339804 603.486882
1126.675298 449.036696
1075.168664 737.499436
1188.703586 394.494378
1174.240614 579.957676
1124.849461 698.750115
1136.473681 468.806389
1128.826998 401.939629
1108.506866 597.897515
1131.478310 704.706170
1189.892697 431.019308
1128.462200 377.441987
1151.845829 618.838456
1118.377712 667.469950
1131.377598 425.732119
1206.739596 407.339919
1159.875452 601.158143
1143.852182 661.000078
1185.396106 438.112571
1141.647324 381.249987
1161.193969 590.335134
1156.980147 695.271482
1155.082479 415.097592
1157.895348 667.532451
1135.695232 571.032336
1155.199973 412.191614
1172.572790 430.115064
1129.503135 701.135729
1113.042956 646.089108
1180.016450 373.909270
1129.791131 445.778126
1171.298352 690.503478
1198.563508 628.484059
1181.662680 374.101577
1164.913238 441.413723
1176.636916 668.247118
1166.183016 585.152629
1169.521129 377.602065
1181.886816 402.017686
1169.484986 672.139082
1199.379429 393.541838
1151.511196 636.655350
1205.005067 418.964104
1193.764428 655.549106
1164.528182 640.440901
1176.745837 384.976211
1188.993358 615.267265
1139.830699 663.761774
1191.240193 455.246384
1196.357143 374.964421
1205.384989 600.836868
1228.181439 616.702837
1202.687997 668.348296
1203.077643 371.967843
1194.718826 425.694748
1121.859489 613.359848
1193.093613 655.698457
1180.944069 340.433082
1118.526750 429.190648
1227.495444 599.048374
1226.508957 671.636581
1158.782898 369.747576
1195.898652 446.959355
1204.641284 623.446959
1193.871785 627.805527
1155.593804 370.939144
1243.598813 418.442588
1194.496157 611.374974
1158.365732 672.002320
1236.601353 363.083011
1201.276639 415.055529
1221.485380 616.099427
1175.114915 646.865014
1204.957548 641.066778
1215.783916 370.763824
1216.273327 422.722457
1192.151777 601.390064
1202.127230 654.878642
1207.037376 636.040875
1201.245654 366.558271
1262.890504 419.028683
1220.670873 595.020742
1206.812434 640.073797
1167.411034 366.036526
1233.102978 613.188973
1238.213262 637.546564
1183.081973 631.831749
1246.594104 416.632042
1196.973327 367.296644
1193.167526 455.814495
1236.824396 379.575517
1251.176181 450.069450
1219.370832 387.844145
1208.079278 370.092242
1211.887177 412.597670
1218.768794 349.048975
1199.859363 441.851793
1233.146811 355.247699
1234.288011 376.450298
1243.216696 349.998600
1241.435592 422.987975
1276.387092 396.704466
1239.491114 403.880450
1253.703836 348.179868
1205.772000 388.804507
1240.459235 374.116307
1267.750870 418.567972
1270.768664 383.800840
1288.419034 424.252000
1267.213615 427.666054
1230.815247 391.681569
1261.429810 430.539058
1293.325922 364.916960
1232.558277 416.066384
1260.901948 377.980940
1258.390245 399.824790
1305.780068 417.547364
1246.378521 420.444797
1308.640019 340.659925
1225.826104 393.956498
1279.851157 360.134319
1303.535940 398.347808
1314.887478 368.084115
1261.380672 387.953849
1305.606772 361.827315
1385.469510 409.790058
1308.914174 390.558278
1275.239169 400.720001
1299.864801 386.530272
1288.675183 388.353615
1321.534825 377.305079
1307.438897 408.839781
1284.561310 387.943394
1341.382634 383.082426
1283.191456 392.845930
1351.563682 386.117678
1286.114015 388.847650
1279.350867 405.368417
1270.176370 375.201933
1396.133636 423.853651
1319.575959 351.123308
1294.358072 403.602457
1289.996715 425.799727
1326.493130 327.877515
1304.716200 412.383818
1316.493613 369.804243
1318.955435 350.972795
1380.980679 401.782413
1310.930350 401.131816
1282.316789 406.292322
1338.838807 366.006013
