74.728449 89.668843
72.875135 120.243539
61.454322 119.438997
72.676751 118.875241
69.187175 120.245999
63.303926 126.726413
68.351205 141.871751
72.765376 124.683819
56.673331 148.815713
60.694913 139.197634
48.755615 148.359892
51.127580 157.151573
80.444825 159.482738
84.912016 154.759797
63.006674 155.068152
75.424361 161.928684
62.487624 170.640073
63.758722 111.772215
65.529774 87.439595
73.138985 85.443537
67.373003 85.928624
40.599502 97.869753
70.338234 94.394290
93.322217 181.303498
78.616192 189.201081
64.325287 190.844659
71.226805 200.785602
61.493283 191.357457
96.629339 192.459951
75.012642 206.022150
68.931702 90.732797
71.951329 209.356843
53.505628 71.840703
61.247938 205.098664
67.083746 207.942914
64.721517 215.639448
67.737254 215.006032
79.475983 321.806251
103.508131 323.053248
90.724728 344.569262
68.548514 310.797126
52.395567 327.002429
90.430375 348.822868
81.779393 349.031871
71.217112 350.878466
87.022595 351.815690
84.976829 362.598153
74.894474 222.186893
73.131048 76.073023
78.415543 323.844602
70.260012 361.946574
65.794051 66.744282
96.743120 215.752014
79.089880 234.741460
102.584176 234.791959
71.944884 312.108352
103.336620 368.006787
60.633104 363.678323
81.847137 67.521257
81.715776 243.527043
80.823036 308.161538
75.588934 371.656995
69.658474 289.871782
93.980278 266.524375
77.584783 369.573132
76.021611 62.613352
72.850134 310.149801
87.122024 231.400266
106.298346 264.524292
105.149503 371.755541
76.534505 363.853181
102.741300 64.854457
111.481857 253.825702
92.385605 297.607742
89.904825 371.255394
104.665179 76.412115
114.220994 270.904061
98.509378 293.023847
85.731789 391.810412
95.537076 81.519031
105.072786 287.373652
113.439917 389.777491
107.493900 399.164901
95.146784 263.356290
97.028472 77.808518
108.750894 259.437613
125.120070 287.435524
115.147853 404.663640
121.806441 404.304029
95.574031 68.759615
126.229296 259.884119
100.441125 290.057650
107.791787 407.507356
118.086642 293.380733
118.333961 69.104531
111.975436 264.797553
109.678722 80.493395
113.300498 413.209644
100.143595 277.572612
117.773172 259.032743
107.585255 402.388265
133.918937 68.457015
122.712415 280.525048
127.051838 255.201698
115.219201 404.408661
120.178199 69.134550
135.079905 263.721296
93.981678 81.974901
130.704464 268.562969
124.299716 417.296977
142.196381 251.166977
150.999215 70.007706
129.523883 411.217853
124.432072 81.926329
127.873923 424.081601
129.819603 426.256197
128.969033 89.399724
132.149025 73.156790
156.282616 434.543797
130.617068 81.335015
153.424221 436.230082
146.858941 100.216023
156.270695 436.812500
160.526014 94.230942
160.584982 448.370446
161.183533 82.517982
140.898450 435.881605
169.438844 91.949274
166.854392 423.828465
151.119714 96.257595
168.934581 431.274131
160.011063 94.017279
172.866901 436.350343
183.956990 102.002636
171.078482 431.860710
183.511537 98.915890
185.734398 89.489785
173.440662 97.786965
144.227427 434.873106
174.313695 110.544642
189.871485 440.358215
176.291130 444.471229
176.133046 107.416186
187.248546 452.519412
189.319987 110.056885
190.525621 435.639974
193.795652 93.286523
193.406801 440.184489
178.568471 119.624289
200.218393 441.789736
189.203105 101.050528
192.216556 112.111913
189.735508 452.212605
205.878319 128.313340
224.229487 432.956704
197.346904 116.880717
220.645005 445.296481
218.725689 119.405685
226.123953 431.261738
206.771178 132.068958
239.773673 446.482456
188.465781 132.920120
225.658853 435.070122
204.042500 142.360264
229.280443 422.096591
218.643987 140.600089
236.597283 421.264532
208.806230 143.776935
217.773098 424.745995
255.189551 146.996385
252.238624 427.811623
239.426285 154.556216
257.088587 146.583837
251.312715 427.534753
233.070414 158.091597
233.158995 424.314772
241.724756 148.024413
249.571282 417.884579
249.375897 148.133169
247.794305 405.689406
254.180678 145.947417
266.641212 404.515691
252.777749 157.662132
242.683034 404.437712
256.912443 156.337244
280.432702 100.973012
253.652101 90.566285
255.949180 97.518453
266.767383 399.196001
262.996521 170.751310
293.010270 118.663841
269.083426 409.192114
276.451891 105.852252
250.777169 118.119744
270.176786 189.790679
277.645600 117.617200
264.591480 389.784476
295.494688 109.137770
266.158760 168.164358
244.301307 110.599479
285.766062 130.021012
269.694688 173.089837
269.065163 396.779852
264.262384 178.393981
257.117746 124.194469
287.030202 386.766830
275.219759 188.333545
275.837318 394.478374
276.787661 178.228330
290.083892 133.872786
278.838168 141.413645
299.056506 378.066111
285.605958 198.091410
258.264402 391.275540
268.281796 142.382448
278.673981 194.266577
273.155084 371.832340
303.311145 152.746399
299.434000 187.414218
301.276028 366.753610
312.626115 202.147735
295.995558 156.254565
287.017009 380.219144
284.587602 183.474814
290.940425 361.136301
324.058978 168.786499
298.041105 171.287374
298.193245 205.619831
302.245936 205.517316
298.181687 355.656401
309.214306 212.562593
300.622176 168.417239
296.822090 353.773506
298.463585 205.766135
290.793038 320.647145
297.334815 338.105823
309.463595 329.664047
311.987146 228.407366
311.302778 163.495215
304.631275 178.636574
326.426511 335.701130
323.342513 212.597209
333.254077 339.562954
317.963578 188.082630
313.005611 346.803715
297.495337 383.455481
318.683810 363.999432
321.280353 379.784921
317.827391 401.800984
317.208672 378.543416
331.831061 390.182560
316.818158 396.683385
314.512041 398.188230
320.482157 424.940131
307.042565 420.743058
317.542401 423.330057
311.315751 411.468094
302.890392 419.561588
311.584730 428.096884
315.510118 426.031272
318.910338 434.285683
334.178105 214.568338
314.055381 323.499985
312.697119 431.434183
326.530782 223.394401
338.194638 364.375566
322.858091 180.671497
322.445124 179.458228
319.952497 355.914628
317.852337 356.399770
319.079188 357.105914
335.085642 360.727058
318.008207 359.867738
309.266196 442.552748
320.552935 447.190672
335.112460 235.915568
316.390372 457.372759
303.368221 185.144731
316.687074 190.167577
324.584460 206.958911
329.351955 209.387599
313.808746 424.736720
326.167643 434.600331
345.019379 447.675598
333.819348 457.334302
335.879855 208.771438
333.126594 199.172549
317.666518 210.936478
337.372026 436.004829
333.124214 371.955598
325.944035 392.612555
311.350153 389.106103
357.808658 383.496063
326.253357 386.057745
332.803026 398.290212
310.059995 415.241426
352.023542 398.425071
329.476314 408.617440
334.672443 419.401873
328.158047 414.792942
329.391680 412.448884
345.971599 203.399780
334.458367 193.385658
326.569237 381.327124
330.679914 334.824442
351.926205 366.793822
344.843459 358.100732
354.689622 369.912072
344.004746 358.283799
344.011326 363.508732
345.763003 187.638430
338.582460 332.821473
370.082366 193.576006
332.783762 199.280085
356.324078 213.729864
346.961263 340.104239
339.842712 333.856195
331.569409 192.634635
328.135384 211.230570
345.990975 200.370688
348.541380 317.592839
345.535860 209.360444
359.857841 329.294245
378.723069 197.781522
353.653002 337.219601
358.019362 214.125789
340.783218 224.317861
358.454221 217.088835
345.468997 339.290875
362.475231 190.541306
357.980424 348.145616
358.267858 364.118119
361.148316 350.585842
365.873576 212.511718
376.387544 360.222480
367.635885 193.514427
372.601595 223.296835
347.685541 221.769838
357.625226 358.139657
361.414758 213.717581
358.670781 190.137017
357.587229 207.133854
373.849096 365.160838
353.756535 367.795209
368.661112 376.440620
363.052667 198.744127
389.515287 180.595812
377.741483 381.198324
363.197602 190.844790
370.803859 171.322688
372.942618 383.153518
377.156186 203.964563
379.682719 375.328111
378.076111 171.068918
383.657003 197.413431
400.814572 367.392977
379.285853 185.395133
390.782624 163.466809
392.340986 156.956978
392.852307 392.492024
395.127724 193.944800
397.695489 405.675711
386.212809 159.708531
386.400055 181.215234
397.722982 406.555797
411.874485 142.831176
385.788767 181.071363
367.098494 399.364171
389.971233 164.945051
388.265393 393.305594
399.153280 127.271507
407.732404 130.914354
408.064703 169.683094
416.570625 388.242515
402.689924 130.216194
403.911024 409.276507
416.891585 167.785466
415.839071 409.472773
408.687592 127.091936
421.071445 120.834722
408.433537 168.393287
392.773292 410.228874
414.161956 131.989963
422.514396 116.379823
403.850087 153.034861
424.016761 106.288304
423.621369 407.419269
413.446509 116.696105
421.950063 176.649464
422.861902 95.126556
421.263726 417.453456
414.372625 110.081054
404.919393 143.651252
422.312092 97.843497
413.206512 420.988970
432.990650 115.754658
423.185139 422.872081
431.119328 421.663809
420.095385 156.065692
430.978747 113.460653
424.271267 425.340968
424.926814 147.021829
411.071208 420.911355
435.404710 428.170624
429.668531 139.702524
459.163665 421.473488
457.867083 143.201387
423.227843 419.738004
439.892313 443.486296
438.826274 136.446096
434.054474 440.176392
437.280957 156.600941
458.130522 436.890577
456.807574 132.918744
439.965292 445.682736
464.740674 135.042910
454.801133 440.813599
457.612095 125.366064
481.956486 440.421739
462.879330 127.332778
470.187119 455.024944
443.723510 127.496230
461.404580 451.912097
495.673222 121.488173
475.828513 440.689850
481.191649 118.336943
474.599762 441.145408
458.536137 101.192189
480.818111 438.735728
497.100908 106.373078
478.347075 436.858011
489.119650 111.888545
485.157195 459.231046
492.850324 101.468654
497.989762 447.180222
493.595451 93.233174
490.282709 446.344155
477.200144 103.808671
499.278508 447.914135
473.734297 108.096916
506.167947 428.368300
503.426128 101.221589
524.815828 440.370721
509.868420 100.387126
488.768983 453.224514
504.256122 93.740365
514.812727 428.124693
506.100051 81.213594
524.602302 427.526635
516.567202 97.883926
511.662165 429.488046
536.340669 88.985100
518.935755 417.649970
528.850731 64.850114
525.263633 434.387862
514.630191 84.522053
530.625950 440.841502
535.635608 79.275651
517.998509 274.736488
547.139878 273.949600
536.822862 426.694291
517.060422 74.872275
547.901587 279.492799
563.061297 264.291086
546.816548 418.756625
523.401091 71.307930
554.612725 271.667355
523.095596 273.800809
556.779752 423.964447
543.009353 79.007012
541.106937 281.021580
555.034819 412.708816
547.527835 270.422212
549.204855 292.356340
559.328976 87.602373
565.935573 422.192343
554.671822 409.267007
530.881631 248.489759
553.111084 303.814279
557.836069 79.771687
542.365513 280.954034
548.094547 406.124363
558.164581 261.808362
555.648812 77.312541
558.519996 293.593411
552.938236 406.590147
585.701550 259.212902
570.529695 75.204364
562.463816 295.517121
566.809810 398.559002
559.977551 272.473885
575.964916 76.148124
565.007693 306.961263
566.651023 383.509460
558.336696 261.631365
569.688698 301.455562
549.341274 62.078969
567.880374 406.065845
583.687758 262.603875
574.223753 383.312978
581.441819 321.689646
572.900629 69.033894
604.907533 260.423691
585.537324 397.400637
596.857559 322.124133
579.449686 245.636736
590.101451 316.873895
585.609672 68.154709
587.110195 321.833646
584.889632 374.966655
583.964326 248.442937
563.103409 76.837824
590.951895 250.883475
583.246114 320.680307
578.403044 327.454772
572.885225 388.948218
586.767757 377.723442
571.069752 385.019197
578.800716 334.300900
579.899603 84.913628
575.062491 248.929205
589.299916 375.009714
588.897237 335.353588
575.786385 329.205406
583.990146 350.103426
586.992211 352.736291
595.436418 349.380407
589.663202 362.835417
563.097158 60.858052
590.827390 225.176825
591.219152 58.406707
603.156026 67.157535
586.944710 209.491990
608.168951 229.960332
582.381123 239.266302
592.128016 86.811065
607.090951 209.584469
570.551014 82.027169
632.521881 104.483178
591.327331 95.871150
613.796430 97.473565
585.437046 107.035314
592.923962 186.343865
593.276481 190.949291
605.095592 194.641046
591.293277 218.606583
597.929887 223.146929
596.978352 209.870712
599.749118 94.787341
600.833700 201.689689
614.545941 103.419660
590.669296 126.335172
596.432293 132.282069
600.568159 126.677070
604.903238 122.743185
582.847997 122.170117
596.933282 120.926484
605.639437 141.678415
602.222577 145.848924
591.524990 158.511672
620.063804 151.560041
600.578195 168.728365
616.975577 156.009130
583.602378 153.877714
610.898956 156.149810
618.722604 178.692398
591.203061 174.252597
595.727382 161.633186
589.098852 171.306595
