54.119547 470.552389
93.781269 495.465989
81.820037 441.945870
75.638536 445.827614
70.422347 467.730145
54.925929 445.773275
36.780292 471.218073
68.872223 492.847056
65.279248 482.172456
82.939991 513.346209
73.747704 440.506371
63.189601 506.368086
79.300586 535.017209
60.934844 436.205871
73.650684 497.297519
50.817263 476.352919
80.327357 467.714436
109.126064 476.257417
127.997962 523.757074
95.699674 441.870763
98.666637 500.944517
75.128685 443.598032
84.861005 522.640216
102.423092 446.890159
117.198663 542.173991
107.760464 461.825118
80.554348 503.475167
89.504631 472.195345
110.751176 498.719161
104.763691 462.594546
95.343465 530.267953
123.014102 482.120560
117.800358 527.269537
84.390042 518.833332
115.179337 467.602832
130.864292 549.708540
128.765090 424.299730
100.249163 520.692634
104.404734 476.101113
125.461891 530.788318
131.463760 460.697504
107.541536 526.503476
115.258530 461.282546
144.323536 517.502827
109.854088 432.577016
141.445299 540.064827
161.123340 458.306449
119.444621 548.048734
133.126893 458.595608
124.774273 565.266593
158.499201 441.612547
141.802962 529.401328
145.813053 562.826310
167.136848 467.453606
169.515424 568.752206
153.601324 488.048449
131.378290 533.899027
176.784768 454.265109
182.383453 505.555827
171.380184 470.624559
153.074406 531.058875
172.928763 467.361350
167.783942 540.652161
176.848614 472.541561
180.105311 549.276380
154.055428 461.553504
206.215936 548.637846
180.482034 449.649267
208.223823 537.976134
181.416743 458.594265
167.123665 524.106954
200.895924 434.419877
202.396084 557.619094
180.532670 473.217001
154.260991 546.956714
201.765349 440.643376
219.579636 562.645598
191.990856 486.041025
218.713991 562.362005
209.331885 461.715312
204.091677 574.944095
190.930712 435.874066
217.044250 552.176879
198.895851 560.466265
219.166051 422.480299
221.347102 584.868428
219.594958 457.463635
244.153672 548.817522
219.241555 460.108557
228.432255 576.812843
230.042852 449.393909
224.789428 557.320773
218.815797 475.907128
212.709344 562.153095
257.871910 501.687952
229.581698 567.778890
255.813261 496.688788
249.679646 557.624182
251.058588 463.808896
236.222490 588.008570
233.007253 462.629473
224.356609 552.494370
227.481312 458.137530
244.387145 580.546167
254.440282 548.152551
227.041623 451.013858
267.741728 593.853574
267.664324 420.150566
241.064815 582.780875
255.350340 459.722662
284.410510 568.836075
263.076297 481.940695
283.857652 584.601373
236.159770 455.984956
241.282778 598.847847
263.138693 482.380985
269.929641 556.842406
278.693939 462.436776
252.945916 573.846009
265.300830 463.089223
280.884138 551.614967
267.473267 491.110724
270.849919 576.335351
282.808603 481.570588
294.104929 590.777084
278.208468 463.274081
288.925213 590.818813
282.752757 474.582321
295.841220 587.222243
284.750381 441.540743
308.435037 627.846528
288.508963 484.499010
291.432129 565.266850
307.990597 629.148150
293.598226 447.804040
303.656660 589.383644
317.528838 472.705745
280.944244 590.657405
318.157719 492.455795
298.467107 576.184980
312.543608 451.919527
303.313276 605.836173
315.990343 469.127351
285.512642 585.874820
339.615308 460.350665
321.275989 561.532072
316.576479 488.219775
340.600272 592.844668
307.864714 594.852810
291.783521 462.590996
352.687655 592.469594
330.111654 450.311297
381.656285 617.898123
315.656544 464.254291
331.302380 469.723999
336.910560 596.333943
324.753878 462.430172
354.072258 603.484576
373.678479 481.535325
352.438393 584.473364
355.967586 591.195595
349.319197 451.835956
359.143699 623.820452
328.968511 457.050944
342.626828 457.478002
364.611303 595.319296
362.400750 454.592348
370.864767 639.726616
356.189607 470.775670
394.811866 583.121384
378.828472 426.115311
365.013014 620.029315
369.023967 468.305436
378.804023 603.137857
384.100952 440.404435
420.084015 602.169150
360.142929 451.992226
407.714464 613.711357
357.695959 457.717275
346.856177 622.831470
393.592661 470.175079
387.426673 608.191650
358.238328 448.031656
379.061475 642.635533
388.287713 447.098926
388.968512 604.813774
392.626334 440.614428
416.708380 636.600651
391.256006 465.967471
402.401382 615.193151
411.341207 436.518419
414.126680 621.171550
396.923210 607.689150
420.983478 462.369973
421.529083 627.102777
418.089645 432.990889
421.523909 613.858126
420.365962 482.323585
424.630796 621.568144
434.526306 443.047166
415.932696 608.290385
426.160329 447.878961
415.118093 613.769050
440.985364 460.794893
466.487750 616.924275
422.943963 463.124926
456.786861 620.941836
448.535895 467.179619
441.043362 601.366948
470.918133 493.722117
448.668919 632.915555
460.806045 484.772727
454.978203 617.321687
470.683151 459.102625
457.345228 638.649005
432.004314 469.435813
445.995440 621.790638
444.175838 495.936837
417.001857 969.961401
481.242084 968.252889
467.887537 612.326020
432.546033 939.348406
451.606637 992.861279
450.960456 452.976898
477.770180 949.646184
463.596392 961.406034
454.138392 896.219921
486.091225 866.453961
486.535198 883.502233
516.868524 909.141723
460.528490 863.729728
485.810444 880.926237
464.946824 890.808678
500.670528 935.675653
485.547886 886.191647
438.244802 884.439054
454.716475 900.600371
442.591683 925.964255
489.994990 908.521817
474.002062 934.463031
490.857894 966.100111
458.581949 922.419877
458.965103 933.633622
461.484227 936.390620
458.883241 931.486531
463.196448 943.055790
470.135136 965.860858
436.210739 956.291985
434.609177 971.200303
479.397877 998.152772
470.905976 1003.556841
451.799827 1000.306996
495.034140 991.216865
467.559131 983.692097
463.672818 986.616486
456.258737 1019.026640
494.360938 632.354694
479.498261 473.355320
478.524533 998.635298
464.773310 872.731490
458.345658 619.803209
438.051226 840.965631
492.122914 850.272128
473.662467 1041.654684
469.019057 1030.428367
486.176517 1071.591698
504.078573 463.622216
475.872959 1048.871587
493.728773 643.766953
447.032937 849.617033
464.699775 981.300560
474.485064 1039.314841
461.077777 797.618683
480.462840 817.635694
449.597132 806.505913
477.969245 836.875256
477.967323 830.630642
464.752905 1035.052455
481.469010 1037.037731
465.941902 1055.934166
484.798372 457.388667
457.962643 793.412235
460.250879 660.074556
509.184873 484.893420
458.678500 813.036216
502.871524 840.364834
497.730509 1021.562828
475.954526 625.842192
515.453079 786.160031
491.736051 837.583480
477.440726 1059.078834
468.937411 1022.154059
477.886769 1069.722983
475.371400 482.391605
498.148220 634.698334
470.934244 809.260164
461.747547 1071.527533
491.200767 773.178755
497.999392 780.276402
470.548942 778.124957
508.086087 765.068383
508.026162 844.515175
479.802711 1078.314718
477.273366 1069.381473
486.476132 483.938740
499.639122 631.511483
506.204440 797.192266
495.784381 1052.576028
452.912209 734.546570
464.395930 746.482523
504.133253 740.145451
489.919401 738.240851
507.984143 786.975882
533.161043 765.340675
478.695296 455.612293
504.313561 1077.232046
494.744651 650.982492
485.423907 747.768079
496.818154 448.962414
523.754850 628.144806
519.306310 731.953740
471.624651 742.391447
494.342242 735.984161
476.833964 734.627282
492.807262 742.080183
485.770887 1070.295319
538.282208 473.508562
505.009443 635.349228
501.944512 730.371252
493.992331 1058.141658
478.559577 709.253575
497.869145 733.002295
476.272649 493.007085
478.354473 588.730488
522.019813 1070.236191
515.620620 674.089307
493.631182 688.411218
512.888796 459.811410
472.850692 639.577901
483.291144 1047.900686
511.855047 703.569688
527.163781 685.839614
496.701065 696.802915
519.626550 699.778600
532.063036 1042.703380
529.397376 505.738467
511.137605 614.498977
512.176137 628.874763
542.044336 671.261102
501.423333 1095.986203
504.306668 478.334247
506.910315 642.944243
518.448444 633.475245
518.165819 1073.717274
508.854792 481.586987
518.885373 652.795557
505.975035 642.668854
529.762183 620.269482
523.912634 658.376535
501.461447 1068.084044
526.969710 1073.731016
521.787945 464.550112
502.836684 1084.389725
535.464575 459.962674
542.047552 1071.676491
568.563583 446.874131
547.702624 1049.971205
533.022899 472.790937
531.166718 1052.619948
500.464512 477.695657
560.465125 1023.279754
542.995999 1043.376547
524.423072 476.238690
541.602859 1023.992079
532.081356 481.132316
552.830158 1059.424006
549.079594 467.570543
544.241219 1006.169226
549.585235 1019.357577
536.122378 1015.084889
547.814277 1003.088781
555.913728 1069.269802
540.574434 484.267871
544.850182 1020.732244
550.941070 988.492366
544.390145 988.113211
544.622833 994.861115
582.036906 488.010708
568.373942 990.208249
571.527574 470.371431
555.320744 1016.119056
560.967413 988.540583
563.268926 976.678491
570.700891 515.381734
556.425045 982.405573
543.155817 934.247510
553.424432 977.781251
550.861228 957.407212
573.236471 965.418475
593.188716 954.434660
536.662871 976.015312
565.078465 946.184434
544.347933 475.462851
590.646070 942.176085
579.085268 506.490156
575.390496 939.412706
579.269346 940.247660
575.369594 505.903848
578.893312 916.171011
582.098175 903.040822
599.903209 929.310079
579.433159 478.771439
600.638894 904.745781
586.242091 903.023177
552.277410 878.901716
588.568036 469.189679
576.810922 885.052434
583.323713 861.844921
591.119453 834.829899
561.056718 902.341759
608.697548 494.069065
606.384518 486.378518
592.449693 883.923800
565.653264 873.976164
554.967813 889.804721
584.797520 891.382877
588.540363 485.905458
616.196638 412.443015
601.088236 435.311315
583.493491 389.205961
592.743122 461.081676
600.671245 436.893376
561.439585 459.768971
612.318597 446.458460
600.754960 451.371449
562.207030 453.702897
587.766983 453.470361
552.927976 481.438899
611.790990 472.600181
611.482963 873.439197
599.997578 443.174437
587.997082 872.935922
583.485415 447.553684
587.494532 453.645025
589.282556 392.502034
577.722777 413.382539
576.930350 397.799682
597.347832 411.519562
612.025496 423.127155
609.216099 843.276767
601.179483 827.095787
590.375548 840.265961
573.902498 367.807576
624.303040 404.459297
602.712762 390.621953
612.295792 375.576769
566.818716 371.610282
611.852259 399.645642
610.016625 851.041071
587.516401 817.953854
618.602460 811.929938
584.496876 346.965867
621.678951 819.038894
592.675725 814.931111
598.246700 364.521596
618.171745 351.316341
619.639187 378.264091
609.200748 360.046615
594.341865 354.892689
625.706098 349.653292
594.818652 816.891840
599.152978 370.708916
617.889852 804.193326
606.341145 327.673354
606.068003 357.248731
624.965042 777.251946
602.084340 342.447570
615.010540 816.308884
614.410795 334.839872
612.793292 304.388005
618.140074 320.439389
638.971636 318.780202
645.702542 784.951452
619.003154 322.997022
616.254315 811.898162
625.613414 259.919718
633.811469 289.600595
641.815932 790.383626
636.625825 307.223926
649.381191 299.504337
611.824359 809.855902
625.695430 307.874101
613.783678 797.611600
676.201597 296.331126
659.672353 761.613251
647.440632 272.214234
664.752221 794.376618
648.645595 229.736070
631.908333 268.707004
626.570371 804.242650
639.495032 266.718782
658.817040 818.155589
642.119262 289.172621
703.928969 275.871074
670.522217 239.301765
640.764860 238.026264
676.546383 791.308442
665.111001 264.549786
661.485862 835.502743
662.917963 235.175804
698.368647 793.825016
654.759394 255.204704
677.625065 830.502802
665.076366 228.911517
628.673625 793.336329
685.181228 822.129793
669.605365 799.442826
662.640776 823.942643
695.740492 288.011964
654.092462 231.909182
654.624096 196.538124
710.098886 840.761926
677.944262 206.282298
684.901133 848.918014
669.680839 820.850049
670.817950 853.211444
692.174308 827.762533
683.601752 843.203417
696.337211 233.585106
672.301778 830.069966
710.345539 832.297493
681.197330 834.664734
722.269117 853.695549
708.177042 200.552219
687.541790 873.239131
673.245080 206.205738
702.215357 199.324708
711.286140 880.515098
695.441419 877.755839
666.701572 859.252931
714.696384 866.728124
692.165635 924.928836
714.530198 921.776580
690.325761 217.492425
731.176111 883.667131
714.523893 184.164630
707.823496 875.424739
683.761841 200.923636
694.925247 908.611492
697.253327 900.238910
696.884548 887.581540
694.379556 881.517834
691.135834 923.446649
699.194973 203.485900
707.994578 925.482621
717.410091 919.119868
684.550835 943.633926
699.131525 185.322105
688.778087 925.021090
724.615334 165.016925
712.427730 914.353629
749.911258 947.613795
732.083474 166.641319
708.144679 926.947601
713.402579 947.376793
724.379682 919.467774
757.579188 947.240588
711.136625 945.323456
728.940102 936.192645
721.274555 955.097498
721.508501 156.123206
725.111460 163.034043
739.861185 962.436404
729.111837 961.488833
751.366103 1002.940836
734.312546 960.815438
714.501704 416.685719
708.317868 422.849938
714.341583 467.970974
693.007668 433.846675
714.872654 480.003955
725.986293 465.705289
707.432877 134.020236
718.853513 450.958682
734.719614 462.423352
712.108199 423.599250
728.752034 982.113472
735.763806 960.553249
744.067430 407.000176
704.402038 448.588926
732.621053 466.488411
740.098487 413.776439
727.058081 375.567617
740.067431 380.472313
719.912315 398.041338
731.148459 385.756104
719.757208 441.643995
725.818400 422.689976
746.367228 421.686453
691.816430 467.817554
742.936348 155.733875
739.371382 479.490934
741.868182 1003.762728
737.813740 183.510031
732.983825 970.886039
727.468244 994.689477
773.234112 982.173755
730.524397 1022.778599
726.996801 422.578055
740.432156 381.259089
714.911741 384.946624
741.389200 361.457426
702.110621 333.603283
747.880918 399.455171
746.037772 402.682363
730.473066 479.525148
766.027199 475.122681
699.422351 483.937325
736.919698 517.249744
730.575260 1018.176629
764.845242 114.932562
761.830242 1024.060717
724.924613 990.985367
730.213564 357.656596
733.905880 495.271035
743.022823 154.222461
752.528387 342.762357
741.692685 1013.192286
742.459811 1016.191447
740.116144 993.542708
734.556039 1055.950181
755.841410 1032.185790
725.150770 1022.295099
764.502152 132.983764
792.273150 474.550530
725.843322 1046.238152
757.820367 355.542173
742.879034 360.642788
715.664424 112.082993
747.166956 119.912416
749.542519 350.672358
750.761994 478.230750
739.339536 1060.623671
756.817481 1015.074128
747.726567 329.341363
781.359972 1054.169333
764.213778 123.869407
752.085926 493.054140
745.334381 1056.190034
747.871842 1048.364736
752.874814 1076.436466
713.682549 1084.448997
751.904019 355.560182
764.038502 309.667978
762.867386 123.147611
730.891377 486.844818
773.457963 1068.271322
740.532811 1054.145944
761.858872 1061.795861
736.730365 310.462370
760.955964 532.771816
781.168299 134.657229
721.724827 668.473098
754.536072 652.092327
751.899940 684.318917
740.752661 661.762094
764.771911 705.476484
755.852501 324.983320
757.746435 1075.752125
758.214008 104.716453
763.983425 100.672139
779.064603 506.857650
738.639837 1071.624193
783.512764 1091.482156
733.265883 1085.698448
772.807959 1084.914440
787.290998 675.927528
757.152131 308.939022
769.157687 667.847117
773.075705 677.955155
770.558915 647.802367
765.204394 681.100929
776.527618 1088.813714
780.194213 86.563985
743.483719 471.037873
759.079643 474.339569
753.105395 657.261969
769.225405 1126.992427
759.756613 1108.657794
746.173659 285.831487
782.776531 300.184412
748.022059 697.815122
778.306948 697.463246
748.750451 696.239068
754.883139 106.590167
787.555548 702.501887
738.034983 481.337560
747.861252 675.715789
783.157764 1113.405958
761.174715 106.002146
767.539694 92.257718
783.907818 111.472336
759.982370 1084.400771
748.865642 1111.495044
753.406728 1126.025083
769.614012 1130.151629
757.276954 1163.262600
757.950970 1138.565653
741.217407 1123.805840
766.023268 1144.773228
754.885682 1152.796058
752.245835 1137.991195
776.342843 297.367869
775.685481 250.030591
789.183192 311.912633
755.588827 271.552962
757.856178 251.200838
768.074698 277.399990
752.212859 703.707292
778.670498 701.191507
765.648230 720.106284
748.638022 486.538053
782.289677 666.093435
789.600784 716.782691
771.795730 85.557473
750.010972 1176.280465
765.642107 89.843292
785.578793 100.228445
769.058127 93.922387
766.021177 259.194498
806.568299 471.258509
810.791954 655.907468
797.159111 723.469333
792.499681 748.495814
799.126490 749.880799
773.119306 727.438787
800.899488 1135.104112
784.864847 35.174370
761.321166 238.012779
803.340581 1135.465517
767.253070 482.848881
789.760948 658.000660
783.749686 266.916971
779.688498 283.290805
761.467409 731.623008
795.170665 716.888141
795.603973 758.394157
802.822904 745.848003
799.532317 755.956809
779.614620 772.548341
769.526377 741.668824
798.003271 779.755033
778.729048 64.867215
786.751568 266.135495
802.335813 734.909118
768.278840 1163.626417
812.384287 62.309583
803.169680 501.013389
808.920844 671.913835
806.439933 761.936405
809.224260 791.828233
763.363322 249.105842
787.300240 241.055177
792.422532 269.997688
788.154382 242.146724
792.439868 758.156128
805.618749 796.151648
788.272580 800.733078
787.449814 1159.206152
790.384509 62.488589
785.640055 511.373393
804.676601 639.744382
787.208163 213.599594
796.577694 799.764746
771.073839 814.270067
778.013221 233.676600
809.940049 214.061030
785.366257 775.540106
776.475621 807.036625
818.922634 827.329965
777.290981 844.618303
788.378329 803.107173
770.361558 823.306577
762.223579 1131.891924
769.925495 67.780950
813.575055 478.781451
800.000992 626.208690
816.197861 228.804386
779.610663 845.863971
827.286227 1154.970072
779.497540 42.717485
808.570200 223.535800
804.647619 481.650632
835.445092 652.625178
808.305878 808.303692
822.927859 814.085202
802.563704 840.885311
805.122035 838.089221
816.492859 849.091436
814.708004 836.732294
802.980214 898.376565
797.371812 862.637728
802.216274 1166.718844
813.343956 56.893395
789.718755 201.139163
808.533239 495.067128
780.715654 636.871394
815.810353 839.536039
775.810655 836.016274
785.317834 872.248733
795.820683 876.579502
817.896067 160.943093
802.002071 181.207075
783.863308 864.687713
834.688129 815.191506
800.008764 882.992193
804.106934 875.529670
786.773523 853.510343
800.008742 876.294226
789.472656 885.574187
808.581680 856.157771
821.248970 903.233226
775.016999 912.673319
788.443650 915.865747
814.624120 909.930542
790.096818 898.059935
821.744823 79.984120
808.180887 1177.273556
788.108720 501.675816
802.021208 649.092313
788.658657 197.318802
798.978466 183.211395
819.872162 913.473071
803.269888 953.596881
807.530493 937.828928
820.738183 936.829595
810.908193 968.404671
850.290543 934.914721
802.585411 965.727806
790.809563 1138.214856
797.517550 57.599051
807.372565 968.426373
832.777800 492.311356
831.605627 638.348572
810.463423 164.300311
854.977469 1138.232421
809.286695 54.915403
799.567281 191.351739
827.495696 956.641113
812.931359 954.979517
801.387103 988.459456
796.586403 972.943337
808.681713 990.526457
844.230061 974.559625
795.153263 965.743575
859.249700 991.775185
815.433608 998.909736
794.895348 1005.267297
808.009523 496.776000
806.262185 647.443680
796.305922 997.207915
831.906859 999.484438
832.492089 1023.184411
793.924264 48.508569
805.673253 1140.641115
843.377607 165.405832
817.241605 131.646956
826.652073 182.173167
830.993959 483.460706
793.634704 641.543667
835.221132 997.438623
814.738012 1010.311689
792.753282 1020.562575
842.212505 1037.740594
785.786079 1019.445622
805.774995 1022.195721
798.484001 1114.690265
823.652258 1090.606636
804.384047 1119.809096
806.967531 72.417106
812.036040 1033.118899
816.514166 125.855663
783.848256 494.903294
811.966633 643.189337
808.729177 1013.748810
862.927665 1019.994671
799.904899 1118.525475
832.413721 68.746990
843.118431 115.864138
813.945834 133.833758
801.497191 1041.289269
813.626368 1039.490949
825.783407 1046.285999
840.842110 1044.038956
816.222148 1064.217098
820.380419 1037.209544
809.596160 1069.269882
807.881919 1112.340458
845.380652 1038.225312
822.334146 1066.067914
811.643568 1070.075151
780.919440 1075.304277
804.308461 1088.772988
814.660588 1068.761497
850.752782 1115.136658
833.152767 1102.429955
815.706057 1076.398097
835.196079 1113.111166
826.098720 1097.804436
815.448199 1122.539006
810.647090 91.729972
795.279343 490.650757
817.644378 639.539597
822.809768 153.986158
816.372691 75.345499
831.556155 57.137587
849.635860 104.677052
839.866218 120.265512
846.241998 130.028720
799.181963 137.790463
827.627493 436.093387
801.503238 626.159654
830.841053 92.772923
833.816317 92.590454
802.768445 80.815981
839.996087 73.934222
841.028329 102.147021
804.375388 110.893138
838.787763 123.380508
825.929307 93.843049
848.043741 103.602791
838.947454 115.895061
845.308664 528.405585
816.124049 633.993628
836.189621 98.224961
839.147965 139.817164
842.761684 452.965680
824.816551 638.917567
830.037857 491.106291
854.307404 614.601003
850.065646 483.063111
860.736490 612.947394
852.585930 623.488739
858.618512 488.335829
879.356044 602.206769
860.517186 498.174537
850.344621 612.209941
840.001499 486.403422
878.215398 610.949172
870.899329 484.689376
831.883942 616.166564
876.967407 465.381034
908.603010 614.065363
893.203381 486.578881
893.299471 614.318203
895.645650 463.019213
896.818501 609.595682
888.005398 489.938241
876.694557 474.488438
865.807147 628.589397
866.714441 472.723568
876.331901 587.403647
888.978100 484.351030
890.703284 617.775081
876.718556 453.579861
887.802301 585.946508
895.279960 589.617143
910.617180 461.395917
877.381836 589.678550
910.805016 487.761162
894.555460 589.737310
873.546934 459.186104
887.988029 589.679414
925.132939 449.659592
917.205991 588.747951
907.052244 461.447995
940.884227 595.712682
931.348853 443.253869
937.522065 606.038804
927.603333 462.419962
937.208205 605.139114
932.149919 482.184131
913.765435 603.906804
932.449470 447.842674
930.848810 578.744104
908.893711 477.553359
916.796132 597.584270
956.021136 448.325609
937.298136 589.653282
942.218215 466.450791
948.884469 568.772842
957.822151 487.796780
936.444072 592.989649
931.626281 433.531176
955.809535 577.648472
965.199904 468.327477
936.483574 566.204377
976.292035 472.543764
959.728031 590.179078
931.325623 439.311183
957.011321 573.683117
959.682914 569.580984
940.661402 450.421139
992.584301 553.768145
977.997866 464.617291
976.698903 476.954931
962.747865 568.881442
977.847732 472.147400
971.300888 581.258971
1011.140794 472.326487
974.576153 578.509773
983.330699 454.601219
990.570597 535.316504
984.579199 444.331090
991.426181 584.053243
997.071254 418.384059
981.133040 555.147428
1014.462037 465.060531
1013.412581 558.456397
990.107712 453.452196
979.410420 523.161495
1011.269358 459.319919
1015.041924 569.688509
980.831200 462.868627
992.740030 568.330582
1008.064608 453.691719
1034.193572 586.474915
1009.423199 426.776453
1030.164270 557.762558
1025.837074 438.902895
1007.333246 542.727191
1041.044070 452.746661
1011.975658 556.976126
1047.729557 474.184846
1052.954028 583.451661
1018.623186 442.081030
1027.883324 531.542688
1062.904696 440.356314
1035.507546 535.519554
1025.131468 436.165310
1039.356161 555.549422
1025.101240 433.767011
1028.998476 568.507059
1060.070191 433.080723
1037.710815 588.749055
1034.364607 465.996060
1025.943297 526.951636
1026.259991 432.861867
1073.746720 577.001506
1030.682245 453.319769
1059.204580 554.634305
1064.799105 446.390278
1041.647692 540.559119
1062.446881 446.615582
1090.736210 584.522006
1056.471058 433.092256
1073.291450 583.983427
1070.468585 400.597809
1085.516080 590.985355
1094.391743 424.543461
1089.692015 511.325261
1073.919352 429.776095
1083.692092 561.995409
1077.901886 462.811471
1095.405955 535.560282
1106.097907 406.201359
1086.885436 453.154502
1084.049427 567.799488
1044.318980 436.581584
1102.376386 535.438706
1071.440019 434.345491
1109.487810 555.720463
1107.491998 442.407575
1093.219275 548.349271
1100.464602 572.465011
1085.633443 422.672444
1111.622712 540.424121
1095.547038 456.173489
1121.252049 546.474355
1132.156105 450.489501
1141.473847 541.561274
1114.451168 445.535478
1110.119283 524.278157
1131.103088 470.066952
1119.125414 493.321705
1117.261692 442.051022
1142.146344 501.513930
1123.247092 426.044786
1111.460821 545.694054
1150.876734 429.009509
1142.853812 444.620706
1124.248277 521.179494
1123.544876 529.097487
1161.455484 420.183106
1149.297269 533.035251
1138.411391 443.518127
1176.857105 538.648577
1153.852275 428.380747
1173.195816 541.929813
1154.738396 449.974352
1152.008006 553.582209
1147.491517 449.597770
1155.884241 536.409159
1159.652325 411.967687
1187.536918 527.169875
1164.599671 434.306906
1147.757992 509.450115
1139.884506 447.229800
1191.804710 527.957794
1156.685218 450.683820
1177.907384 492.719364
1183.223117 477.618306
1180.899314 502.899144
1182.389406 453.329555
1176.509025 526.414212
1177.777847 450.053970
1168.705941 454.894302
1197.474452 490.005500
1170.822038 456.781838
1183.811414 515.938451
1193.409098 470.723255
1162.303668 537.796207
1207.573107 473.433207
1175.985557 521.595841
1187.744425 481.924356
1210.366904 481.017282
1197.751605 489.925184
1213.058980 494.953979
1204.558456 478.054028
1214.102728 484.360901
1216.654595 457.790728
1201.971462 461.996253
