46.118816 740.840549
47.737261 726.382913
51.141939 755.980330
42.465556 765.761561
44.498591 734.921487
50.078737 751.141618
47.637234 786.447613
46.129265 787.643806
24.173730 793.991390
33.821296 787.753158
38.648306 812.055637
27.173663 742.656149
51.454095 776.523179
32.456682 767.609371
49.725289 742.061813
71.624652 737.548114
54.765060 813.473399
54.518153 786.035354
59.923168 770.546019
56.121830 827.524808
50.018696 810.206094
45.634595 704.902568
56.111751 801.713098
40.741749 724.021901
66.231579 705.144897
46.673105 834.037001
38.093217 819.926570
62.266758 719.699118
76.855791 824.106052
53.923831 694.136143
56.520122 800.646431
76.931676 827.663560
62.877160 698.507704
74.087099 817.716803
61.726601 517.677073
61.103236 512.254643
63.049331 551.486825
65.294710 535.316785
46.834117 681.668973
55.950217 679.336810
66.074340 713.491354
62.149482 846.577423
68.938054 850.215882
74.354124 538.821169
71.066242 521.007056
71.017576 715.437676
67.956972 826.670012
57.932674 472.682211
64.291614 493.867262
55.166721 491.777589
97.015626 495.195064
61.098879 480.369451
71.531451 509.697341
65.789225 479.582856
65.169514 510.270695
77.697842 485.665242
71.406019 502.542272
90.312082 840.528432
58.759920 870.776015
85.138169 533.943082
63.557151 671.844552
67.242366 473.461025
83.729815 847.381375
72.560952 450.728439
60.773101 470.669111
65.240351 463.414328
90.047357 541.547886
60.945083 835.083507
72.355587 857.162851
88.769523 668.818807
68.998174 457.406264
72.949446 527.294267
96.347029 898.637907
75.800951 416.974928
85.876200 443.017243
72.452994 665.434766
47.323170 548.288903
107.070360 855.471142
87.658368 441.317037
91.515515 426.804931
68.261367 698.988670
85.868050 867.031922
104.208309 537.519284
95.497937 415.898513
73.406768 700.262231
93.752885 897.769038
68.052651 431.941835
97.348634 442.585485
70.736985 552.696860
85.920380 869.968550
92.659203 861.543855
91.627008 646.372969
102.788080 432.566485
84.548116 557.225296
93.605807 876.807264
101.485668 387.903875
84.507510 410.932821
70.855203 915.573847
93.747485 902.045761
121.381714 655.826157
127.668881 546.580289
96.243714 416.093970
106.852467 881.209089
95.093669 389.223176
105.029377 660.889532
58.027549 893.559465
110.569224 556.448575
109.374066 384.373657
119.434940 690.602357
103.540307 913.555238
100.510084 581.066192
104.830159 385.591603
101.900914 662.517798
119.755709 545.421540
85.827084 886.468728
92.183024 347.452778
101.813215 674.073870
113.812802 556.495411
119.441954 887.764298
98.871974 389.818345
128.902720 550.717902
110.988751 920.667866
108.433616 660.962875
114.671116 370.669788
124.533196 528.764804
120.616047 694.108783
128.940978 904.211886
120.916040 562.219593
131.264942 918.212561
129.231829 382.468580
110.307972 683.087080
139.363391 563.617052
135.313699 920.759195
124.141037 919.647156
137.428135 672.211791
135.208700 397.983527
139.248543 925.210020
123.935022 574.511888
130.675871 656.577374
110.682754 360.642188
144.014309 927.788051
116.759028 562.736452
128.976041 667.272562
147.763279 365.689561
137.981179 568.583786
169.055922 899.443831
132.141713 671.433956
145.262960 393.467702
143.228076 566.954953
138.792968 923.981711
129.842114 666.874206
135.334192 382.248480
149.018437 571.186210
134.074212 677.252442
129.668705 941.774388
160.965482 609.784572
145.556297 376.622891
117.478973 686.511074
145.876124 912.561695
149.176905 549.250897
170.515155 364.663439
174.971012 687.801664
141.185473 928.006143
146.196583 581.990270
144.626378 723.268662
157.173606 382.167622
140.499415 922.527557
172.446171 583.045627
152.633611 681.170712
151.135811 372.213207
162.931185 943.971534
137.501115 590.133865
157.500284 712.917833
145.148481 935.372744
192.020758 406.055714
159.856915 576.462067
154.591703 729.337627
178.831581 955.630525
184.947499 408.654532
171.665356 585.499028
175.793766 403.164321
153.501349 708.593568
177.461729 955.074977
159.638673 571.057990
177.510408 348.144942
180.050753 704.373829
178.324671 953.733723
184.018020 959.819701
189.138988 392.500891
181.666351 593.797454
172.502044 731.780631
186.550945 363.068753
188.651459 398.747646
178.491880 600.214064
181.192865 967.891085
199.230137 689.365628
187.408136 387.371573
172.593841 406.771538
176.705836 422.282680
185.385191 551.534961
186.866437 952.147954
191.132147 710.718036
181.881588 414.184112
184.454793 412.576359
179.304060 402.971626
198.787155 428.670191
191.720940 436.370217
192.678821 591.158888
208.345901 959.994627
180.430626 698.869526
198.496194 584.335450
191.812512 976.424615
186.062338 426.821432
200.538894 712.816684
186.408217 402.500854
202.920816 588.331740
210.627474 719.257628
166.864719 992.563685
188.392854 272.645585
198.122379 242.070479
182.790000 254.498768
200.679110 282.223214
180.508290 255.550231
217.487476 283.468804
199.213425 290.258357
185.269591 294.552139
217.900911 313.410346
192.575764 438.208424
199.369066 428.465112
191.474703 434.224703
184.276276 601.524732
203.349657 720.448485
221.281106 948.921227
186.642974 249.181301
209.345173 314.757608
213.008641 234.992068
186.448493 244.949496
199.988572 281.027900
201.648607 266.007206
240.705094 292.552887
194.386860 460.040968
194.169100 602.351105
213.570813 713.393121
219.728865 937.622410
213.973526 223.427864
223.654061 305.935497
206.901815 731.273101
194.350268 230.537607
224.959287 315.673562
215.622706 332.992022
213.912697 441.479994
228.716357 607.290748
200.793124 935.239401
187.688804 745.836846
207.750673 229.976126
217.758423 328.080589
203.576645 421.438865
230.972326 606.469088
213.615315 251.105808
231.856581 339.017998
192.354034 322.473985
226.897544 942.519930
199.236903 735.856858
209.124375 721.104532
226.674210 449.666770
211.077426 628.580154
215.319391 728.143373
225.540769 214.323894
256.226683 329.348620
198.831461 944.341532
216.398275 438.669137
223.585607 588.900316
210.307607 754.558854
221.127277 226.630794
226.305177 328.746164
211.713002 972.306375
221.823802 750.794592
239.213943 202.164808
214.918406 212.567770
217.922612 199.640508
218.468599 348.878294
212.474030 621.798690
225.246666 616.068120
214.475871 439.890150
229.870890 754.144428
223.864712 953.540427
221.163711 775.401829
204.518223 211.475353
219.730745 336.936252
231.736811 615.203138
231.878669 446.433161
225.106311 960.572155
216.615968 760.000652
240.280191 193.568856
235.501493 343.888941
214.210085 607.466853
242.217736 447.433095
248.014558 615.999260
246.334412 669.441460
222.289018 697.192540
226.352064 683.179203
236.800709 693.390466
230.835440 675.880342
242.323727 706.116850
207.000992 706.353244
221.218918 693.346008
207.262030 695.966184
219.431138 709.547462
233.774290 713.310875
227.324898 701.957900
232.061832 748.989182
225.701274 711.367731
214.345420 727.294010
232.032213 730.843214
207.382555 748.015414
232.802895 742.427077
202.254442 939.542329
230.537713 197.108408
233.980736 325.070504
215.377280 441.154647
234.149140 620.643993
241.435963 668.309612
232.611035 939.651244
230.501931 181.661448
227.355754 631.275623
232.462925 614.057581
224.939989 634.257332
230.405523 637.035608
244.667978 625.267274
232.171279 663.833986
248.554415 649.133846
229.479316 640.863419
243.045695 644.286492
247.443771 656.834547
237.494175 665.883633
234.429534 675.271842
234.703572 677.767911
235.480124 329.007532
231.456151 450.097069
237.921957 950.469457
233.128496 209.879806
242.040867 363.557523
239.082913 458.732694
242.467535 974.057151
245.834228 205.293276
254.580679 325.430102
254.239315 425.146730
256.429490 194.756388
240.782219 962.892444
269.010943 347.372149
250.444931 450.996342
233.346710 961.943355
234.204105 195.548920
251.862207 337.466653
241.353785 424.689499
242.964539 975.712932
261.130385 198.927961
259.727719 326.384511
277.437823 453.245243
257.976042 942.780133
278.911238 190.856880
284.538972 325.537879
292.666791 424.393900
258.068863 963.249641
286.373481 190.430080
278.822005 351.001483
269.107618 955.973145
269.251793 441.590461
268.303430 191.936788
283.969079 350.847059
256.537868 938.898526
268.301456 434.653726
251.235626 187.179008
295.048763 344.847548
259.897106 937.110611
294.732479 441.165166
265.193280 178.047201
261.936849 321.082746
273.212419 950.165483
276.829999 424.532049
291.200725 190.310129
282.077892 325.457498
252.128328 943.749342
280.558816 349.026132
282.827747 359.751911
282.629646 342.025389
294.017576 427.782395
266.352018 188.492800
288.171138 344.663264
280.732917 958.548210
275.374842 346.796936
275.854642 362.070641
280.575717 443.012567
271.901393 182.963453
276.648133 920.018231
293.448062 348.160915
305.094788 435.306147
279.237581 186.952207
284.195974 356.134572
303.052117 391.988641
291.556919 949.833623
288.155771 419.118002
301.714733 158.458950
302.163089 367.820700
278.446066 941.433309
300.057420 408.285897
290.169532 201.544799
311.338423 344.930939
300.281886 912.257709
305.149503 420.670333
301.123479 177.771390
293.816484 387.082121
292.082666 969.596987
295.624436 338.865780
306.071867 374.353770
300.741387 428.164093
313.625332 195.184528
329.346985 922.099504
300.545137 389.171193
309.020115 415.059153
297.425517 179.126473
315.118324 363.056163
289.365489 396.295908
298.970014 936.947908
312.554885 429.642400
302.079011 173.588498
292.036291 358.032777
319.900171 929.055690
337.528285 110.176398
318.791340 83.426791
315.199476 93.904106
325.279245 72.446399
303.602513 81.888850
313.047280 86.284072
301.180374 103.585938
312.518413 135.511997
324.289632 116.414935
314.202583 104.928841
313.929744 108.874352
319.763182 107.800264
300.503820 122.082128
321.866146 149.574269
322.266107 105.046553
317.293342 157.580378
336.681316 179.567267
315.006882 164.406202
315.356891 166.369188
322.941655 139.772452
309.890679 160.814617
307.575481 160.524966
312.980971 149.779498
327.878389 375.543015
311.773760 380.284357
325.532874 393.954622
319.524753 443.107754
318.165790 410.649605
312.872957 934.560355
331.245924 74.486024
319.997752 393.391709
343.788070 427.987351
305.370115 61.118413
327.125745 80.747682
340.826322 889.227905
330.099507 411.701634
327.307659 409.829138
325.266861 74.396109
315.616546 49.132837
332.902830 393.004874
308.414361 907.183465
323.688934 40.764578
326.911474 949.722069
324.217812 49.265509
331.598727 919.133549
338.351292 47.515758
347.335539 900.507476
356.762601 58.374742
353.231172 928.138290
355.971355 40.412484
324.695240 896.244084
354.938726 47.059427
362.649253 919.518911
353.285341 38.866234
358.345407 879.942487
347.237120 40.803459
346.683096 887.107565
382.181276 34.810289
351.051014 888.280499
371.417687 44.718471
353.735297 899.814263
365.832188 49.517593
377.069611 887.527526
364.456718 47.007769
367.601294 880.056426
381.245069 71.959927
367.728106 910.809654
374.435816 39.876798
381.261374 892.601748
380.382896 74.563332
380.453946 886.418378
373.896967 85.312662
382.416591 920.939758
377.186432 62.567677
414.900127 894.314544
394.545150 68.889215
389.748095 84.427626
385.861610 876.259465
402.900288 62.613427
398.881022 895.664347
397.712085 54.680709
391.206828 892.854759
402.766474 900.812698
405.675146 914.146199
407.530847 889.863056
409.852609 79.026266
389.581486 899.561084
418.015622 73.878520
415.620726 910.824701
432.833745 77.676096
406.562678 916.471012
441.376571 86.335469
407.266182 903.053140
425.898436 57.073352
439.977910 930.020357
418.630934 78.791268
437.539817 910.546115
430.068486 92.964837
411.635354 913.633800
430.183330 81.760272
423.599812 921.087914
421.809641 89.182032
440.732750 935.031099
437.096172 84.065152
439.422603 948.945646
446.596744 78.070787
451.322769 924.442591
450.108900 84.766464
441.731265 934.078120
428.173236 84.302389
454.411909 933.487138
459.845261 109.112067
446.116309 897.761342
465.139024 48.410820
457.760669 934.611057
468.170850 63.630954
480.613401 930.778881
464.816479 93.750317
459.539620 925.221735
480.469504 56.508225
495.123651 939.638442
453.144892 79.123858
477.118335 939.732359
475.306896 93.854268
484.915253 929.948075
491.807828 90.897983
490.744163 930.192437
484.468335 94.290450
485.290366 940.759664
472.876808 62.637756
476.258339 943.308103
493.286551 71.227556
489.080346 946.313485
514.916574 69.821852
504.356905 949.887010
499.326876 99.008425
519.770986 895.851812
533.927299 83.594866
516.534858 909.690495
497.061689 61.755634
526.831639 919.002390
508.300718 84.442145
541.162730 933.800388
526.196396 84.741756
530.671458 928.383092
513.177579 93.180538
519.110557 901.391398
545.488942 109.220009
527.670789 934.423731
518.574219 66.342133
517.767400 908.076139
562.302963 79.093595
527.599655 924.652055
530.195396 910.336400
545.789296 61.616166
526.710695 905.018177
529.317899 76.434474
552.254937 931.901879
551.867167 77.817859
542.806965 918.817828
551.946808 90.141638
547.130835 911.960114
574.648166 80.239465
563.675592 903.239392
569.679016 76.635128
584.711197 45.441067
566.806336 914.633726
558.958495 54.276926
561.373303 902.761940
548.674241 70.379849
566.742993 908.538040
537.510909 70.053902
567.418830 899.603262
579.071077 60.341893
602.585673 889.179294
582.526945 88.531931
591.142824 910.135567
583.761226 60.878661
580.075079 934.361832
599.111637 73.414305
590.768746 911.625732
604.041135 912.513784
607.543779 61.347437
583.532239 896.589239
595.962872 61.283561
602.738018 932.939997
594.624126 56.859110
620.257962 939.758721
619.095274 76.830861
583.367714 926.231118
590.940101 922.739501
599.109882 73.911868
596.450014 89.968467
617.927677 939.069965
606.112079 86.939547
626.286454 933.749690
622.753654 84.280546
636.046797 945.343342
633.051554 87.242671
627.244177 78.031110
637.390426 354.861268
620.312545 351.916529
622.782427 354.958190
619.094104 387.614379
611.982130 413.665900
629.150433 354.409399
616.905942 375.085409
612.380834 399.902754
617.055236 376.296528
607.694906 390.427810
605.436627 419.394650
621.262538 92.687146
606.544487 964.448612
592.270504 934.008739
635.011498 360.069311
623.908927 388.491504
630.839693 87.517448
608.828491 93.719903
613.612598 99.718916
624.709407 400.928289
607.535406 397.258720
621.752909 419.422228
640.772879 397.121122
606.709144 463.883036
646.594240 107.508424
616.355373 427.624533
623.659202 958.750750
618.975187 334.025482
622.228627 937.271351
631.291419 111.034979
641.495269 115.713112
627.582210 124.669841
635.571784 441.183780
621.676890 90.035197
635.881624 376.100699
615.476338 966.209462
657.464799 419.149245
627.435147 118.910962
620.364676 352.169740
636.720801 957.556858
632.314342 446.615860
655.726825 122.074798
630.732984 339.149597
633.588933 972.742535
656.890075 134.537257
638.989452 426.906060
646.414478 334.522345
636.001670 974.659759
626.772027 148.304081
637.051500 426.631099
641.197236 373.141168
632.458050 982.919484
648.801150 132.487971
629.104768 141.506493
633.746210 445.350006
655.101546 155.920030
642.224329 337.769625
651.084615 969.610085
651.129792 434.206637
629.856412 151.903712
653.304447 356.526401
641.216961 964.840618
663.217236 165.373187
660.486556 321.156906
658.835547 452.339387
658.587760 978.697581
660.249583 127.812999
653.241093 343.678309
670.183792 458.577180
643.556664 975.883547
669.022833 171.859781
664.851653 352.682376
652.004745 430.245219
665.328824 966.491690
678.273436 143.065496
670.484945 160.721937
646.140582 337.186290
665.544170 431.491142
691.637257 992.216348
661.596052 159.790787
655.590946 331.698566
676.271340 410.089266
690.835326 969.272555
663.467797 179.816029
686.143078 174.921894
646.477463 184.433378
678.743530 334.478381
655.327333 433.736670
687.646445 989.911410
680.120158 186.916151
650.578728 345.583015
656.913175 981.136668
685.617292 150.810087
672.549096 423.227170
679.563966 238.698762
689.359068 309.967374
687.134912 328.215933
683.470780 183.633425
654.447569 960.102788
696.095950 421.894267
679.397957 299.575665
673.141097 189.805909
677.287994 229.535987
694.674452 196.877185
695.139370 1003.882802
687.831235 207.485829
669.141448 307.932297
712.351510 407.640111
697.106045 186.812408
703.324772 225.645264
701.200418 413.484023
679.717351 967.959703
689.772263 236.128066
707.880993 220.946795
683.031745 241.330337
701.883503 307.104277
711.520384 303.326068
676.138533 309.182233
692.371240 308.171764
700.823162 316.776963
697.987462 165.262186
672.347396 214.563926
693.769251 232.551657
708.296318 437.560246
695.286551 1010.810105
691.717503 203.177498
713.228217 308.398991
717.746441 216.856411
689.656281 223.588062
709.562518 261.030571
695.374576 263.994896
736.961624 253.853885
693.876863 258.070159
701.799371 248.080890
708.471307 242.893274
680.357498 261.364958
713.613581 275.754221
712.623350 287.077489
710.026685 289.871067
683.840952 277.237451
712.607463 300.774618
693.390791 306.845011
697.149742 441.156583
691.538691 203.858492
686.684119 434.963386
715.476550 991.688236
708.984020 446.000573
691.947115 983.554113
698.124789 456.234922
723.573422 966.800978
717.344157 480.045793
732.218534 460.326362
724.231140 970.695106
704.216776 439.026325
716.667567 473.328160
747.351910 984.159660
719.223493 434.300349
722.833851 986.183569
746.056108 459.230607
701.611485 940.056089
733.953206 463.547705
743.487233 979.983575
730.472642 495.850209
731.904860 462.697276
732.733181 976.551232
713.907112 520.596765
725.416527 484.261642
747.903541 982.421293
744.443854 477.729904
764.982543 467.562146
743.826582 991.629970
755.553883 487.029353
722.434111 944.888967
739.452425 514.539378
739.512257 965.105676
764.410375 510.440873
749.056948 953.012424
748.813368 500.333492
748.146842 965.880763
730.090568 524.511000
737.150796 957.130675
741.465814 525.904218
776.479076 532.033044
757.740585 956.658800
758.659947 515.425569
772.863267 950.845992
782.543231 523.975414
775.575331 932.045461
765.692466 543.168477
771.932197 929.449928
779.713769 927.545313
762.919770 529.473320
777.731363 546.279084
780.818770 961.141184
780.977785 515.530028
782.400675 545.255368
776.256691 911.969307
789.729969 535.421860
760.983796 921.461616
809.415797 555.501244
776.930433 933.291641
770.613170 529.750252
775.879955 888.487241
787.296459 918.437185
797.843908 541.150576
794.878509 556.733016
780.491700 899.990628
780.275317 897.448441
799.616476 543.595335
819.497273 869.590542
792.931021 889.724578
788.950135 554.826293
798.267320 864.846117
808.044391 853.773793
809.075271 873.865322
807.391288 879.641837
820.505679 874.731410
794.454964 569.303168
808.937604 565.953507
802.047954 874.701404
808.911123 865.142559
820.766017 811.093865
814.529368 882.662339
825.217705 869.709194
818.598679 563.272455
826.712201 841.581241
814.140040 698.603414
798.428116 585.604251
822.640226 808.802388
812.360495 552.019562
814.200637 685.354878
810.125478 702.550695
805.454515 802.851446
838.722321 800.940165
820.021860 842.072232
804.109026 838.098784
810.860954 835.472379
814.724094 563.718562
834.320378 682.161934
827.929459 671.949981
829.360933 809.131229
818.299000 796.923144
823.384541 791.335136
815.145043 581.950314
810.772167 695.717150
798.256355 697.748849
818.497665 599.667732
831.642323 787.233056
823.071189 706.029329
815.600353 799.197786
840.872734 716.085800
830.072963 565.753859
839.692314 687.887617
830.086813 778.450926
820.945715 691.957856
836.075136 719.562677
812.207744 758.171065
858.657382 786.938783
810.719344 741.725952
855.170185 572.709807
848.761658 697.145358
836.193963 805.786304
830.273281 621.108566
845.299655 604.243906
855.045859 560.840407
838.914438 668.588704
839.304675 725.739623
815.183323 730.212430
851.884177 730.101514
824.234996 725.696863
825.005254 729.512257
837.403478 765.585523
844.046091 740.384563
823.436684 755.436960
835.999017 739.539840
830.210724 766.197115
828.426888 723.296401
848.792431 774.582755
832.974062 601.486418
843.116464 687.802124
848.344304 590.524536
846.837976 594.348990
840.383103 672.128698
863.974519 648.408322
875.205469 639.697659
845.063526 682.911935
842.305534 626.357957
834.523953 675.423273
853.645769 622.411564
857.686182 672.841317
875.336468 636.997560
863.764282 650.003441
843.744568 627.728695
872.163761 641.416778
854.434889 635.499228
862.293911 628.075337
862.090115 656.503374
846.724716 668.704692
860.580592 689.164699
