91 161
91 165
91 169
91 173
91 177
91 181
94 185
95 157
97 189
99 154
101 192
102 150
105 193
106 146
109 193
110 146
111 231
111 235
111 239
111 243
111 247
113 193
114 144
115 231
115 250
117 193
118 141
119 229
119 253
121 193
122 140
123 226
123 253
125 193
126 136
127 226
127 253
129 193
130 136
131 226
131 253
133 193
135 132
135 222
135 253
137 193
139 131
139 221
139 253
141 193
143 131
143 220
143 253
145 195
146 216
147 131
147 253
149 198
150 216
151 131
151 253
153 198
154 214
155 131
155 253
157 198
157 210
159 129
159 254
160 202
161 206
161 258
163 126
165 258
167 126
169 259
171 126
173 258
175 126
177 258
179 124
181 258
183 121
185 260
187 121
187 264
191 121
191 267
195 121
195 268
199 121
199 269
201 273
203 121
205 273
207 121
209 273
211 121
213 274
215 121
216 278
219 121
220 278
223 121
224 279
226 283
227 121
230 283
231 121
231 381
231 385
231 389
231 393
231 397
234 284
235 121
235 377
235 398
236 288
239 121
239 376
239 398
240 288
243 121
243 376
243 398
244 289
246 293
247 121
247 375
247 399
250 125
250 295
251 371
251 398
252 299
254 126
255 371
255 398
256 302
256 306
258 126
259 310
259 371
259 398
260 130
261 314
261 318
263 371
263 399
264 131
265 320
266 324
266 328
266 332
266 403
267 371
268 131
270 135
270 335
270 403
271 339
271 343
271 371
274 137
274 404
275 345
275 371
276 408
277 141
277 349
279 371
280 145
280 410
281 352
281 356
282 414
283 370
284 147
284 360
286 364
286 417
287 151
290 155
290 420
293 159
294 163
294 423
298 166
298 423
300 170
302 423
303 174
304 178
306 423
308 181
310 185
310 423
314 187
314 423
317 191
318 422
320 195
322 418
324 196
326 418
328 196
330 200
330 418
334 202
334 418
336 691
337 206
338 418
339 695
340 687
341 206
341 681
341 699
341 703
342 418
345 209
345 422
345 681
345 703
349 211
349 423
349 681
349 703
353 211
353 424
353 680
353 704
355 215
356 428
356 676
356 708
359 216
360 430
360 676
360 708
362 434
363 216
364 674
364 708
366 437
367 216
368 671
368 708
370 438
371 216
372 670
372 708
374 439
375 219
376 443
376 661
376 665
376 708
379 221
380 445
380 657
380 704
381 651
383 221
384 448
384 703
385 647
386 641
387 221
388 449
388 703
390 637
391 221
391 453
391 631
391 699
394 695
395 221
395 455
395 627
396 621
397 459
398 692
399 221
400 617
401 462
401 606
401 610
402 688
403 221
403 682
405 465
405 602
406 586
406 590
406 594
407 221
407 469
407 678
410 225
410 582
410 674
411 472
411 476
411 511
411 515
411 519
411 523
411 527
411 531
411 535
411 539
411 543
411 547
411 551
411 555
411 559
411 563
411 567
411 571
411 575
413 667
414 226
414 480
415 507
416 484
416 488
416 492
416 496
416 500
417 663
418 226
420 659
422 226
423 653
425 230
426 649
429 231
429 645
433 231
433 642
437 231
437 638
438 633
440 235
441 629
443 622
444 236
447 618
448 236
448 612
452 236
452 608
453 597
453 601
456 236
457 593
458 587
460 239
462 583
463 572
463 576
464 241
467 569
468 241
468 564
470 559
472 241
473 552
476 241
477 548
478 542
480 244
482 538
484 246
485 534
488 246
489 530
492 246
493 527
496 246
497 523
500 249
501 523
504 251
505 523
508 251
509 523
512 251
513 523
516 251
517 523
520 254
521 523
524 256
525 523
528 256
529 524
530 260
531 528
534 261
535 530
537 534
538 261
541 537
542 261
545 265
545 540
547 544
549 266
551 547
553 266
555 270
555 550
557 554
559 271
561 557
563 271
565 560
567 271
567 564
570 275
571 567
574 276
575 570
577 574
578 276
580 280
581 577
584 281
585 580
587 584
588 281
590 285
591 587
591 591
591 691
591 695
591 699
591 703
591 707
594 287
594 595
595 687
595 708
597 291
597 599
599 684
599 708
601 291
601 602
601 606
602 680
603 708
604 610
605 294
606 614
606 618
606 676
607 708
609 297
610 620
610 672
611 624
611 628
611 632
611 636
611 640
611 651
611 655
611 659
611 663
611 667
611 708
612 301
612 644
615 648
615 708
616 301
618 507
618 511
618 515
618 519
618 523
618 527
618 531
619 708
620 304
620 535
622 503
623 539
623 707
624 307
624 543
626 503
627 311
627 703
628 546
628 550
628 554
629 558
630 315
630 499
631 704
633 561
633 565
634 317
634 498
634 569
634 700
637 321
638 498
638 571
638 575
638 579
638 583
638 587
638 591
638 595
638 599
638 603
638 607
638 611
638 692
638 696
640 325
640 615
642 499
642 688
643 619
643 623
643 627
643 631
643 635
643 678
643 682
644 327
644 639
646 498
646 674
647 331
648 641
648 645
648 649
648 653
648 657
648 661
648 665
648 669
650 498
651 331
654 498
655 334
658 498
659 337
662 341
662 498
666 341
666 498
670 344
670 498
674 346
674 499
676 503
678 346
680 350
680 503
684 352
684 503
687 356
688 503
691 356
692 503
695 359
696 503
699 362
700 505
702 366
704 508
705 370
708 508
709 371
712 508
713 371
715 375
716 508
719 377
720 508
722 381
724 508
726 381
728 508
730 381
732 508
734 382
736 508
737 386
740 508
741 386
744 508
745 386
748 508
749 387
752 391
752 508
756 391
756 508
760 394
760 508
764 396
764 508
768 396
768 508
772 396
772 508
776 396
776 508
780 399
780 508
784 401
784 508
788 401
788 508
790 405
792 508
794 406
796 508
798 406
800 410
800 508
804 412
804 509
806 513
807 416
810 513
811 416
814 513
815 416
818 513
819 417
822 421
822 513
826 421
826 513
830 424
830 513
834 426
834 513
838 426
838 513
842 426
842 513
845 430
846 513
849 431
850 513
853 431
854 513
855 435
858 513
859 436
862 513
863 436
865 440
866 513
869 441
870 515
873 441
874 518
877 441
878 518
880 445
882 518
884 446
886 518
888 446
890 450
890 518
894 451
894 518
898 451
898 518
902 451
902 518
905 455
906 518
909 456
910 518
913 456
914 518
917 456
918 518
920 460
922 518
924 461
926 518
928 461
930 518
932 461
934 518
935 465
938 518
939 466
942 518
943 466
945 470
946 518
949 471
950 518
953 471
954 518
957 471
958 518
960 475
962 518
964 476
966 518
968 476
970 480
970 520
974 481
974 523
978 481
978 523
982 481
982 523
985 485
986 523
989 486
990 523
993 486
994 524
996 528
997 486
1000 528
1001 486
1004 528
1005 489
1008 528
1009 491
1012 528
1013 491
1016 528
1017 491
1020 495
1020 530
1024 496
1024 533
1028 496
1028 533
1030 500
1032 533
1034 501
1036 533
1038 501
1040 533
1042 501
1044 534
1045 505
1046 538
1049 506
1050 538
1053 506
1054 538
1057 506
1058 539
1060 510
1062 538
1064 511
1065 542
1068 511
1069 543
1072 511
1073 543
1075 515
1077 543
1079 516
1081 543
1083 516
1085 545
1087 516
1089 548
1090 520
1093 548
1094 522
1097 526
1097 548
1100 552
1101 526
1104 553
1105 529
1108 554
1109 532
1111 558
1112 536
1115 558
1116 536
1119 558
1120 539
1123 559
1124 541
1126 563
1128 541
1130 545
1130 563
1134 546
1134 564
1136 568
1138 546
1140 550
1140 568
1144 551
1144 569
1146 573
1148 551
1150 555
1150 573
1154 556
1154 574
1156 578
1158 556
1160 578
1162 556
1164 578
1165 560
1168 578
1169 561
1172 578
1173 561
1175 565
1176 578
1179 566
1180 578
1183 566
1184 578
1185 570
1188 574
1188 578
1196 576
1200 576
