19 372
19 382
19 392
19 402
19 412
19 422
19 432
19 442
19 452
19 462
19 472
19 482
19 492
19 502
19 512
19 522
19 532
19 542
19 552
19 562
19 572
29 369
29 575
39 369
39 575
49 369
49 575
59 369
59 575
69 369
69 575
79 369
79 575
89 369
89 575
99 369
99 575
109 187
109 197
109 369
109 575
117 179
117 204
119 369
119 575
124 212
127 174
129 369
129 575
132 219
136 169
139 227
139 369
139 575
145 164
147 234
149 369
149 575
151 244
155 167
159 250
159 369
159 575
165 169
168 255
169 369
169 575
172 265
175 169
178 364
179 572
180 272
180 435
180 445
180 455
180 465
180 475
180 485
180 495
180 505
180 515
180 525
180 535
180 545
180 555
185 169
187 280
187 359
189 430
194 288
195 172
195 351
199 297
199 430
203 344
205 174
207 304
208 435
210 336
214 312
214 322
215 174
217 440
225 174
226 435
235 177
235 430
245 179
245 430
254 425
255 179
260 188
264 425
270 189
274 425
279 194
280 433
284 443
289 194
289 452
289 462
294 471
299 192
299 480
299 490
302 500
304 510
307 184
307 520
309 530
314 539
314 549
317 179
319 558
319 568
324 577
327 174
329 586
335 195
337 169
339 585
340 204
345 190
347 164
348 580
350 204
354 185
357 164
357 574
360 204
362 179
366 159
367 569
370 170
370 207
375 154
375 555
378 164
380 209
380 545
385 530
390 212
390 520
395 510
400 211
400 495
405 485
410 212
410 475
415 445
415 455
415 465
420 214
420 430
425 420
430 211
435 415
438 204
444 410
445 375
447 199
450 360
453 405
455 350
455 374
457 194
460 335
462 399
465 320
465 371
466 189
470 310
472 394
475 369
476 189
478 303
480 385
484 364
485 194
488 298
490 380
494 364
495 191
498 293
498 374
505 186
508 288
511 194
518 283
520 189
525 260
527 270
530 186
534 255
540 181
542 249
550 176
550 230
550 240
558 223
560 171
568 218
570 166
578 213
580 161
585 205
590 156
595 200
600 151
604 195
610 149
612 189
619 144
622 184
629 142
630 175
638 168
639 139
645 160
649 139
653 153
659 141
