22.540726 294.719043
40.962202 294.469744
32.393634 294.902626
47.542636 281.866732
41.047007 274.855997
29.273992 304.428979
47.229757 307.107994
58.754428 301.839721
6.197574 335.846420
27.746269 310.182151
65.560531 329.269022
61.197454 322.336961
17.752932 263.633277
47.881462 321.342031
39.190856 266.449129
47.482114 339.319957
32.830596 341.550264
32.030249 332.402598
49.041938 363.536634
58.379965 352.281274
58.787344 265.430676
50.491371 349.889012
24.621036 355.548291
103.000195 354.394203
47.799401 250.204586
41.429262 359.808352
49.396947 243.081064
69.925537 257.126852
46.644465 228.667161
44.080706 236.694770
25.801154 255.072682
69.975286 254.847500
64.862435 259.925271
78.587995 272.877091
45.984133 375.051673
61.213092 226.606214
49.870970 225.874271
58.910481 382.170178
54.034723 217.143804
58.892628 376.317701
75.406748 219.417461
89.415055 369.008609
52.312878 207.601899
75.840487 358.833049
76.814769 219.791227
82.542942 376.300182
10.880716 198.641205
39.171423 370.304736
27.865646 220.887591
84.982875 377.317140
106.843344 390.487811
87.250210 203.107605
96.499840 387.190362
63.317482 186.988682
127.119630 391.315561
124.207273 208.760965
91.427861 405.974728
88.654095 184.990095
86.588090 398.985982
100.477810 413.824620
109.099353 393.033085
80.688257 199.836132
150.096147 396.849528
93.369293 202.048687
81.896972 410.144568
102.785281 187.625184
74.814830 394.067153
114.679739 418.323238
121.516929 190.386911
134.040009 417.185260
149.564927 185.211298
141.384305 419.488563
128.957040 195.325348
122.715637 410.775147
94.344168 199.420862
142.739839 409.506642
119.793687 198.243720
119.844168 418.163146
98.929878 171.700589
136.039801 421.437651
140.000343 173.789637
124.250015 428.068096
151.170552 175.620575
122.588919 411.754694
170.135899 186.559772
147.727651 433.069426
147.337105 164.756506
165.088555 424.959992
191.167492 177.488961
135.249160 412.286125
134.394207 170.697418
163.446845 428.961488
190.998805 174.903098
164.381521 420.945205
140.420226 181.433730
155.532102 424.053864
176.026115 183.984776
178.919081 419.755892
175.768919 182.496263
162.277054 421.616760
162.941289 172.402763
191.527831 421.528654
171.631251 167.657829
188.890471 422.216714
183.193542 174.834310
174.251449 413.651452
166.131189 167.969970
141.581723 417.443804
194.551029 162.618519
157.792955 435.156345
195.644313 161.446479
194.553810 420.018587
203.160853 155.070800
198.208570 412.865266
209.739420 156.586878
183.468186 425.394754
201.541701 170.715134
192.123019 408.214058
209.359190 166.838967
226.236469 401.439336
228.897389 157.878875
191.375136 419.081548
249.751746 156.909017
215.286467 416.339371
214.343888 157.546373
242.344994 414.120623
211.232824 153.622852
230.993256 384.941899
241.018768 388.327533
221.644704 392.547254
194.017230 399.899310
200.516038 174.746016
247.965185 376.928702
226.869457 160.203147
235.130779 397.389613
249.275215 166.338432
249.760495 383.514930
243.829584 157.870493
265.528712 385.254039
263.168653 141.368144
266.417708 374.511359
247.367930 165.051017
235.289049 390.873332
240.141175 144.454425
241.940821 385.132592
265.640715 148.120640
266.991354 389.024842
293.205405 150.386180
264.653504 389.715848
242.997533 143.812083
272.496895 374.786594
267.870979 148.471806
279.073118 372.472443
281.011998 145.113694
279.851160 380.380033
261.685094 146.964479
246.638705 383.397682
266.795176 129.714548
249.975033 375.327955
281.482956 137.857427
302.962011 389.896685
262.924649 122.486115
308.850783 376.768915
294.963864 131.559987
286.270759 390.750592
298.182513 130.728630
296.848222 388.525170
253.936989 120.533033
304.835091 377.140284
298.679723 129.717275
301.054825 379.623701
328.882013 115.889302
324.359345 375.398012
294.326003 109.860816
327.833441 372.780711
305.965103 103.424910
326.595263 135.956915
274.039754 386.537924
337.549402 98.116065
311.711939 391.902314
294.866524 102.606194
331.271550 377.213507
319.666764 111.499317
354.706345 387.598426
333.582114 93.882461
298.256097 399.733839
323.988149 86.265307
339.356930 376.616815
355.696304 101.368025
324.126524 378.572128
348.700177 80.034311
361.303798 95.327419
321.965954 88.115805
336.966228 366.026261
341.363396 86.951753
319.000004 376.958990
355.315710 71.126913
328.905794 384.678960
344.763865 80.490289
314.723259 387.238465
400.883542 77.284460
322.493375 373.584133
374.844452 70.807716
346.861264 400.399652
363.087343 69.289269
365.266570 395.357826
378.387983 71.553276
392.052761 394.920669
393.250795 65.278375
401.134881 405.864655
356.866171 52.138102
387.681174 399.788730
376.501844 63.526800
433.303095 395.193314
364.732958 401.135868
372.858400 379.882504
372.870447 55.705574
374.864799 406.866024
365.364543 70.739754
409.933017 399.053476
390.356432 423.544116
375.833826 70.216005
420.343168 404.260074
384.281072 407.799056
407.239686 58.707785
378.068765 422.377304
387.820292 57.940011
371.906286 418.610224
383.219665 57.482801
394.452409 427.636611
367.324195 37.814417
402.060626 414.526400
392.880816 54.367718
408.679298 426.111974
418.613359 54.049034
423.279964 429.886343
416.404208 51.613167
380.211134 415.754825
429.573155 53.020431
385.385545 407.500622
391.902682 63.075206
439.559079 422.012556
416.713388 46.504958
446.474255 422.698111
438.406663 50.448212
457.285615 433.448427
438.714235 40.576295
469.822490 431.077808
458.957770 30.447601
425.560428 429.661610
442.210433 36.402821
438.004502 426.149322
439.383017 46.260853
440.788485 432.027510
494.540641 50.006504
461.719949 438.518598
464.562230 58.655351
450.943821 427.110244
424.067442 45.851357
465.072547 436.949694
473.791851 43.962602
464.993982 432.679992
443.974160 48.308547
460.404378 417.821285
495.616526 50.920541
480.186659 428.883983
467.634067 22.167818
484.696505 418.431843
465.148456 42.803084
481.130175 414.044267
483.344494 44.627330
478.677457 408.131807
497.690491 36.691565
505.829004 423.344975
508.009424 53.912487
513.029263 411.928139
518.311018 33.967849
509.381755 406.204317
497.073301 414.318427
467.480720 36.947740
488.241037 403.832544
483.232792 32.246863
487.038539 414.639482
527.435113 55.599755
494.245349 394.558170
519.421513 33.846941
497.706472 386.808975
513.678360 44.570682
537.424294 390.235297
511.579325 43.382345
505.914443 384.966938
512.155994 22.877991
543.666263 389.225889
534.101051 31.246786
552.808009 374.829497
526.640552 46.829808
553.145416 379.526413
550.477302 40.725948
532.938434 378.666277
526.017792 30.675124
487.392291 371.837585
519.069084 32.242929
523.585075 372.108842
591.819110 46.142936
530.093815 362.037679
564.282638 35.213254
542.195833 371.768565
542.308233 30.908701
557.565963 374.659128
564.019258 45.826848
547.010456 367.727638
570.961241 37.880066
578.979389 357.215681
579.857188 33.512480
583.805036 377.450928
588.795505 36.017099
557.153080 368.373217
558.666773 19.403374
592.523496 363.383849
554.292738 33.155677
572.896742 366.925903
586.243863 24.928241
600.496940 374.146271
578.659275 33.565085
580.850458 361.021118
577.095197 38.749078
587.491824 355.750463
596.439691 21.547099
580.551276 364.174508
610.937492 43.032443
582.226176 358.741421
607.936356 30.702069
595.461685 372.542720
619.973058 27.187161
591.220476 363.824171
629.352507 25.461745
605.933657 365.468408
631.046735 32.240498
593.626182 358.352604
570.934282 39.463787
635.799449 370.308169
620.344146 36.878628
568.843521 358.498473
619.370962 57.166457
634.646867 352.859303
624.593871 13.298600
617.906942 362.173878
638.190150 32.963612
634.117510 367.706430
615.172286 25.469258
659.122942 373.272574
644.801125 42.158942
671.861053 356.329335
653.461002 44.312712
633.374840 363.380922
610.707825 45.254795
628.123520 377.108379
666.367215 30.585070
623.415634 369.203507
677.112464 48.123024
640.806808 361.323267
692.198868 49.571506
633.397842 374.888718
672.140658 37.601859
640.735357 376.106101
653.046803 36.689390
695.915335 358.120080
716.124587 20.541982
675.928359 356.548684
690.752635 28.343933
691.441488 367.671329
681.813883 51.140995
692.049591 367.514934
660.801124 44.586314
705.938795 351.505095
695.206766 40.348402
661.210383 354.628289
707.655192 40.793862
680.664047 379.585582
697.857562 27.456932
669.681003 359.158441
706.378703 39.821866
660.346310 353.886924
731.509773 41.651609
706.207518 350.855761
708.106729 46.637885
700.023732 351.215976
682.867018 34.751294
717.557959 361.323152
724.843795 29.795919
690.758403 359.561378
709.647992 37.773277
727.934031 365.665733
753.047305 30.597463
720.444937 359.589804
708.887768 26.828387
736.718070 360.443930
736.051837 46.962929
727.509649 352.086451
731.196306 36.996137
756.114262 357.467814
750.485767 54.510652
736.009925 342.141078
744.172049 45.895816
742.848458 360.504443
752.806614 31.147058
740.804996 360.780846
738.250698 39.439395
753.307260 359.371864
721.707994 26.250150
714.142554 356.009398
765.455971 53.958969
749.910804 358.917983
811.466614 48.936793
775.663309 354.635929
781.083635 64.596358
755.639953 355.183622
812.005131 44.112351
774.415206 39.230435
769.566399 350.961982
798.323411 45.104724
769.860101 364.248617
802.818103 60.354093
793.388704 360.120845
794.857784 36.296506
806.895448 353.992122
774.666219 66.062158
806.512357 368.996253
788.180788 59.023888
763.998147 362.584532
786.655258 365.719209
785.097575 56.565960
799.533642 60.449212
779.417705 366.504965
792.392210 361.739009
793.225641 369.850032
816.376189 396.638966
781.881414 63.263691
774.270983 382.786111
804.584224 56.739552
801.713193 66.565372
814.662587 372.189142
825.748022 80.277244
830.161294 377.498622
833.905809 66.184605
809.883983 384.838750
840.824035 53.258130
791.224757 373.202184
798.060602 74.882393
818.775344 402.045107
824.999630 85.093205
803.283632 376.679009
816.195117 95.187784
839.459487 401.913557
807.838163 83.786436
827.008120 391.161407
822.001153 82.397490
846.663880 380.165195
822.772923 85.579031
846.869708 389.459154
857.714702 97.831356
854.025787 385.287906
856.032695 91.399664
843.131915 389.206573
843.125812 91.269256
833.300484 391.644383
862.828864 107.323965
836.870291 402.617349
884.734544 84.266593
883.318370 400.069658
856.349355 99.940149
889.863467 408.888405
900.925703 114.442956
865.677794 393.526496
840.521549 102.602192
862.532659 102.888484
870.289263 404.218924
905.865991 106.408030
867.299495 111.109862
898.257876 105.004225
885.092670 413.455420
875.033325 109.385899
862.935208 134.080270
856.119418 401.209938
916.076288 137.083455
903.286333 383.678131
897.675195 113.644410
886.524722 390.634564
904.148078 389.326869
868.934747 133.383199
915.745169 395.503394
889.022109 377.961187
871.467498 141.769864
907.786419 378.004802
887.904865 126.956729
919.922165 357.375352
911.008453 375.729580
904.925366 362.402106
910.830928 131.649833
901.962147 362.890404
899.305169 345.839734
912.101079 349.405818
903.678779 127.027123
924.545387 348.331986
896.974921 125.018580
912.048829 351.318886
878.840492 143.094019
916.510080 340.382000
929.893602 126.280696
917.041422 323.322335
917.525120 130.946014
961.381220 341.320133
904.401855 133.406732
923.895353 326.542625
926.464095 145.685114
939.310317 325.368611
934.119308 146.287511
927.820508 143.102845
952.350562 306.982489
952.230870 146.353957
919.695502 316.135745
979.147949 148.118995
960.033826 143.316581
947.208150 314.095653
953.065500 157.785938
964.196273 318.420677
932.120152 145.422907
939.847660 316.059273
948.271354 178.168311
949.143412 307.975796
974.148252 294.985778
950.520459 157.408152
965.713630 168.108859
969.106561 296.658545
929.915228 152.007119
943.576627 194.279584
970.741509 177.917765
972.777572 174.322534
958.542549 189.613315
960.547946 185.572595
970.556539 186.292868
949.523691 200.811942
969.053103 206.457730
940.261182 206.259602
956.165523 217.993562
962.350944 209.580095
978.607722 228.660363
941.338247 226.131187
958.128817 210.234536
984.838230 235.618726
951.721671 245.411416
934.354944 227.792594
932.303131 285.222676
966.048937 280.887453
988.176761 289.806593
987.588687 244.194938
916.169254 263.500726
958.826579 252.990441
986.651689 250.501129
968.610486 252.947733
946.428425 269.948432
979.604014 276.929938
969.487010 256.462203
987.332292 252.216705
