61 1616
61 1620
61 1624
61 1628
61 1632
65 1612
65 1635
66 1606
66 1639
66 1643
66 1647
66 1731
69 1735
70 1602
70 1650
70 1727
71 1654
71 1658
71 1716
71 1720
71 1739
71 1743
71 1747
74 1599
75 1660
75 1712
75 1750
76 1591
76 1664
76 1668
76 1672
76 1696
76 1700
76 1704
76 1754
76 1758
80 1587
80 1675
80 1692
80 1760
81 1541
81 1545
81 1549
81 1553
81 1557
81 1561
81 1565
81 1569
81 1573
81 1577
81 1581
81 1679
81 1683
81 1687
81 1764
81 1768
85 1537
85 1770
86 1774
86 1778
89 1536
90 1780
91 1784
91 1788
93 1536
95 1790
96 606
96 610
96 614
96 618
96 1794
96 1798
96 1802
96 1806
96 1810
96 1814
96 1818
96 1822
97 1535
100 602
100 620
100 1825
101 591
101 595
101 624
101 628
101 1531
101 1829
101 1833
101 1837
105 587
105 630
105 1527
105 1840
106 581
107 634
107 1844
109 1526
110 577
111 571
111 637
111 1847
113 1525
115 567
115 640
115 1850
116 1521
117 644
117 1854
119 564
120 1517
121 647
121 1857
122 560
124 1516
125 650
125 1860
126 556
127 1864
128 1515
129 653
130 552
131 1511
131 1867
133 654
134 549
135 1507
135 1870
136 658
136 1874
136 1878
137 545
139 1504
140 658
140 1880
141 541
142 1500
142 1884
144 659
145 537
146 663
146 1491
146 1495
146 1887
149 534
150 659
150 1487
150 1890
151 1894
151 1898
152 530
154 658
154 1484
155 1900
156 526
156 1476
156 1904
156 1908
158 657
160 522
160 1472
160 1910
161 516
161 1461
161 1465
161 1914
161 1918
161 1922
162 653
165 512
165 649
165 1457
165 1925
167 1929
168 642
169 509
169 1456
171 501
171 1932
172 638
173 632
173 1456
175 497
175 1935
176 491
177 629
177 1456
178 617
178 621
179 1938
180 487
181 481
181 1456
182 613
183 597
183 601
183 605
183 1612
183 1616
183 1620
183 1624
183 1628
183 1635
183 1639
183 1643
183 1647
183 1651
183 1655
183 1659
183 1663
183 1667
183 1671
183 1675
183 1679
183 1683
183 1688
183 1692
183 1696
183 1700
183 1704
183 1939
184 1708
185 477
185 1456
186 471
186 1943
187 593
187 1608
188 582
188 586
188 1598
188 1602
188 1711
188 1715
188 1719
189 1454
189 1723
190 467
190 1945
191 461
191 1594
192 578
192 1450
192 1949
193 1588
193 1726
193 1730
193 1735
193 1739
194 1743
195 457
195 574
196 446
196 450
196 1446
196 1584
196 1952
198 562
198 566
198 570
198 1578
198 1746
198 1750
198 1754
199 1758
200 442
200 1442
200 1955
201 401
201 405
201 409
201 413
201 417
201 421
201 425
201 429
201 433
201 437
201 1574
202 558
203 1761
204 1441
204 1570
204 1958
205 397
205 554
206 361
206 365
206 369
206 373
206 377
206 381
206 385
206 389
207 1761
208 548
208 1440
208 1562
208 1566
208 1765
208 1959
209 1769
210 357
211 321
211 325
211 329
211 333
211 337
211 341
211 345
211 349
211 544
211 1436
211 1963
212 1558
213 1771
213 1775
213 1779
214 540
214 1783
215 317
215 1436
215 1554
215 1965
216 306
216 310
218 537
218 1786
218 1790
218 1794
218 1798
218 1802
219 1434
219 1550
219 1968
220 302
221 286
221 290
221 294
222 533
222 1430
222 1805
223 1547
223 1969
225 282
225 529
226 271
226 275
226 1426
226 1806
226 1973
227 1543
228 1810
228 1814
229 525
229 1818
230 267
230 1422
230 1539
230 1975
231 256
231 260
232 1979
233 522
233 1821
233 1825
234 1419
234 1535
234 1829
235 252
236 231
236 235
236 239
236 243
236 247
236 1982
237 519
237 1415
238 1532
238 1830
240 227
240 1985
241 201
241 205
241 209
241 213
241 217
241 221
241 518
241 1411
241 1826
242 1529
242 1989
245 197
245 514
245 1411
245 1829
246 186
246 190
246 1528
246 1992
248 1847
248 1851
248 1855
249 510
249 1409
249 1832
249 1859
250 182
250 1524
250 1993
251 176
252 1405
252 1836
252 1843
253 508
253 1861
254 1520
254 1993
255 172
255 1865
256 166
256 1396
256 1400
256 1621
256 1625
256 1629
256 1633
256 1637
256 1641
256 1706
256 1710
256 1714
256 1718
256 1722
256 1726
257 508
258 1518
258 1993
259 1645
259 1730
259 1867
260 162
260 504
260 1396
260 1617
260 1702
261 1649
261 1653
261 1657
261 1696
262 1518
262 1734
262 1871
262 1993
264 159
264 503
264 1396
264 1614
265 1514
265 1660
265 1692
266 1664
266 1668
266 1672
266 1676
266 1680
266 1684
266 1737
266 1741
266 1871
266 1993
267 1610
268 156
268 503
268 1396
268 1875
269 1513
269 1745
269 1879
270 160
270 1995
271 499
271 1606
272 1396
272 1749
273 164
273 1512
273 1881
274 168
274 1998
275 498
275 1602
275 1885
276 1396
276 1752
277 1508
278 171
278 1998
279 495
279 1601
279 1886
280 175
280 1396
280 1755
281 1508
281 1759
281 1763
282 1998
283 493
283 1600
283 1886
284 176
284 1396
285 1504
285 1765
285 2002
286 1596
286 1769
286 1773
287 493
287 1886
288 175
288 1395
289 1503
289 2003
290 489
290 1596
290 1775
290 1890
291 171
291 1391
291 1779
291 1783
293 1503
293 2004
294 485
294 1594
294 1891
295 167
295 1391
295 1785
296 2008
297 1503
297 1789
298 483
298 1591
298 1891
299 164
299 1391
300 1499
300 2008
301 156
301 1788
302 483
302 1590
302 1891
303 1391
304 1498
304 2009
305 152
305 479
305 1789
305 1895
306 141
306 145
306 1586
306 2013
307 1390
308 1498
309 478
309 1789
309 1896
310 137
310 1582
310 2015
311 126
311 130
311 1386
312 1499
313 478
313 1789
313 1896
314 1579
314 2018
315 122
315 1386
315 1900
316 116
316 1498
316 1793
317 478
317 1575
318 2019
319 1386
319 1902
320 112
320 474
320 1498
320 1795
321 101
321 105
321 1571
321 2023
322 1906
323 1386
324 473
324 1495
324 1798
325 97
325 1571
325 2025
326 1906
327 1386
327 2029
328 473
328 1493
328 1674
328 1678
328 1682
328 1686
328 1690
328 1694
328 1698
328 1702
328 1798
329 94
329 1571
329 1706
330 1669
330 1710
330 1909
331 86
331 1386
331 2032
332 473
332 1493
332 1798
333 1571
333 1658
333 1662
334 1712
334 1911
335 86
335 469
335 1386
335 1802
335 2035
336 1494
336 1654
337 1571
337 1716
338 1720
338 1911
339 86
339 468
339 1387
339 1650
339 1724
339 1804
339 2038
340 1493
340 1575
341 1808
342 1391
342 1911
343 86
343 468
343 1647
343 1726
343 2038
344 1490
344 1576
345 90
345 1810
346 1391
346 1911
347 468
347 1643
347 1726
347 2038
348 1488
348 1576
349 91
349 1813
350 1391
350 1911
351 468
351 1643
351 1726
351 2038
352 1488
352 1575
353 91
353 1813
354 1391
354 1911
355 464
355 1639
355 1729
355 2038
356 1488
356 1571
357 90
357 1813
358 1391
358 1911
359 463
359 1638
359 1731
359 2035
360 1488
360 1571
361 86
361 1813
362 1391
362 1911
363 463
363 1638
363 1731
363 2033
364 1488
364 1571
365 82
365 1735
365 1813
366 76
366 1391
366 1911
367 463
367 1638
367 2033
368 1488
368 1570
369 1736
369 1813
370 72
370 459
370 1394
370 1914
371 1566
371 1638
371 2033
372 1488
373 1735
373 1813
374 69
374 458
374 1396
374 1916
375 1566
375 1638
375 2033
376 1488
376 1731
377 65
377 1813
378 458
378 1396
378 1916
379 1564
379 1638
379 2033
380 1488
380 1734
381 61
381 1813
382 458
382 1396
382 1916
383 1561
383 1638
383 2033
384 1488
384 1736
385 57
385 1813
386 458
386 1396
386 1916
387 1561
387 1638
387 2033
388 1488
388 1736
389 54
389 1813
390 454
390 1396
390 1916
391 1561
391 1638
391 2033
392 1488
392 1736
393 51
393 1565
393 1569
393 1813
394 453
394 1394
394 1573
394 1916
395 1640
395 2033
396 1488
396 1736
397 50
397 1644
397 1813
398 453
398 1391
398 1576
398 1916
399 2033
400 1488
400 1736
401 46
401 1647
401 1813
402 453
402 1391
402 1576
402 1916
403 2034
404 1488
404 1736
405 46
405 449
405 1395
405 1580
405 1650
405 1813
406 1654
406 1658
406 1916
406 2038
408 1488
408 1736
409 44
409 448
409 1396
409 1581
409 1813
410 1658
410 1916
410 2038
411 711
411 715
411 719
411 723
411 727
411 731
411 735
411 739
411 743
411 747
411 751
411 755
411 759
411 763
411 767
411 771
411 775
411 779
411 783
411 787
411 791
411 795
411 799
411 803
411 807
411 811
411 815
412 40
412 819
412 1488
412 1736
413 447
413 1396
413 1581
413 1814
414 1659
414 1916
414 2038
415 707
416 36
416 691
416 695
416 699
416 822
416 826
416 830
416 834
416 838
416 842
416 1488
416 1663
416 1736
416 1818
417 443
417 1396
417 1581
418 1916
418 2038
420 36
420 687
420 845
420 1488
420 1665
420 1736
420 1818
421 443
421 676
421 680
421 849
421 853
421 857
421 861
421 1396
421 1581
422 1916
422 2038
424 34
424 865
424 1488
424 1668
424 1736
424 1819
425 439
425 672
425 1399
425 1581
425 2042
426 661
426 665
426 869
426 873
426 877
426 1823
426 1916
428 31
428 1489
428 1668
428 1735
429 438
429 1401
429 1582
429 2043
430 657
430 880
430 1823
430 1916
431 651
431 884
431 888
431 892
431 1493
431 1731
432 31
432 1586
432 1668
433 47
433 51
433 55
433 59
433 437
433 1401
433 2043
434 63
434 1823
434 1916
435 647
435 895
435 1493
435 1731
436 31
436 641
436 1586
436 1668
437 43
437 433
437 899
437 1401
437 2043
438 35
438 66
438 1824
438 1916
439 1494
439 1729
440 70
440 637
440 1589
440 1664
440 2047
441 433
441 626
441 630
441 902
441 906
441 1401
441 1498
441 1828
442 1916
443 1726
444 72
444 910
444 1592
444 1663
444 2048
445 429
445 622
445 1401
445 1498
445 1828
446 616
446 914
446 918
446 1916
447 76
447 1596
447 1726
448 1600
448 1604
448 1608
448 1612
448 1616
448 1620
448 1624
448 1628
448 1632
448 1636
448 1662
448 2049
449 428
449 1401
449 1499
449 1828
450 612
450 920
450 1640
450 1912
451 76
451 606
451 924
451 928
451 1503
451 1726
451 2053
452 1658
453 427
453 1401
453 1827
454 1639
454 1911
455 76
455 602
455 930
455 1503
455 1654
455 1722
455 2053
456 596
456 934
456 938
457 424
457 1401
457 1823
458 1636
458 1640
458 1644
458 1648
458 1911
459 76
459 1504
459 1721
459 2054
460 419
460 592
460 940
461 586
461 944
461 948
461 1401
461 1508
461 1823
461 2058
462 1911
463 76
463 1720
464 415
465 582
465 950
465 1401
465 1508
465 1819
465 2058
466 1716
466 1911
467 76
467 954
468 413
469 579
469 1401
469 1509
469 1818
469 2059
470 1712
470 1911
471 76
471 571
471 957
471 961
471 1513
471 2063
472 414
473 1401
473 1817
474 965
474 1709
474 1911
475 72
475 409
475 567
475 1405
475 1515
475 2063
476 1701
477 969
477 1814
478 402
478 1911
479 71
479 564
479 1407
479 1518
479 2063
480 1697
481 556
481 972
481 976
481 1813
482 398
482 1411
482 1911
483 71
483 1519
483 2063
484 980
484 1694
485 394
485 552
485 1415
485 1813
486 1523
486 1527
486 1911
487 71
487 984
487 1690
487 2064
489 390
489 549
489 1417
489 1813
490 1530
490 1907
491 71
491 541
491 987
491 1681
491 1685
491 2063
492 1421
492 1534
493 383
493 387
493 1812
494 1906
495 67
495 537
495 990
495 1677
495 2059
496 379
496 1421
496 1537
496 1671
497 994
497 1809
498 1906
499 66
499 375
499 534
499 2055
500 1421
500 1540
500 1667
501 997
501 1544
501 1548
501 1808
502 530
502 1906
503 66
503 372
503 2052
504 1421
504 1664
505 1000
505 1550
505 1808
506 526
506 1004
506 1008
506 1554
506 1558
506 1562
506 1566
506 1646
506 1650
506 1654
506 1658
506 1906
507 65
507 368
507 2048
508 362
508 1421
509 1570
509 1805
510 522
510 1010
510 1642
510 1902
510 2044
511 61
511 1574
511 1578
511 1582
511 1586
511 1590
511 1594
511 1598
511 1602
511 1606
511 1626
511 1630
511 1634
512 358
512 1014
512 1421
513 1802
514 519
514 1610
514 1901
514 2040
515 61
515 354
515 1622
516 1017
516 1421
516 1614
517 515
517 1798
518 1792
518 1901
518 2038
519 61
519 350
520 1020
520 1424
521 506
521 510
522 1024
522 1788
522 1900
522 2038
523 61
523 347
523 1782
524 1426
525 65
525 502
526 1027
526 1896
526 2038
527 343
527 1778
528 1426
528 1430
528 1772
529 66
529 499
529 1434
530 339
530 1030
530 1896
530 2034
532 495
532 1034
532 1769
533 65
533 1436
534 335
534 1896
534 2033
535 1764
536 61
536 486
536 490
536 1037
537 1436
538 327
538 331
538 1458
538 1462
538 1895
538 2033
539 1760
540 57
540 482
540 1040
541 1436
541 1454
541 1891
542 323
542 1044
542 1465
542 2033
543 1440
543 1757
544 54
544 479
544 1444
545 319
545 1455
545 1891
546 46
546 1047
546 1466
546 2033
547 475
547 1754
548 1446
548 1450
549 315
549 1889
550 42
550 1048
550 1469
550 1749
550 2033
551 471
553 308
553 312
553 1886
554 39
554 1049
554 1472
554 1745
554 2033
555 467
556 304
556 1053
557 1476
557 1885
558 36
558 292
558 296
558 1743
558 2033
559 464
560 1055
560 1480
561 1881
562 36
562 288
562 460
562 1743
562 2033
563 282
564 1058
564 1482
565 1739
565 1881
565 2037
566 36
566 451
566 455
567 278
567 1486
568 1059
569 1738
569 1879
569 2038
570 39
570 274
570 447
570 1490
571 441
571 1063
573 267
573 1737
573 1876
573 2039
574 41
574 1492
575 437
575 1063
576 2043
577 263
577 1496
577 1733
577 1875
578 41
578 257
578 1727
579 434
579 1064
580 2045
581 426
581 1068
581 1496
581 1871
582 41
582 254
582 1723
583 247
583 1500
583 1504
583 1527
583 1531
583 1535
583 1539
583 1688
583 1692
583 1696
583 1700
583 1704
583 1708
583 1712
583 1716
584 1508
584 1543
584 2048
585 45
585 422
585 1070
585 1871
586 1684
587 243
587 1523
588 1511
588 1515
588 1546
588 1550
588 2048
589 47
589 419
589 1073
589 1554
589 1680
589 1869
591 243
591 411
592 51
592 2048
593 1074
593 1556
593 1677
593 1866
595 243
595 407
595 1560
595 2044
596 51
596 1078
597 1673
597 1866
598 1597
598 1601
598 1605
598 1609
598 1613
598 1617
598 1621
598 1625
598 1629
598 1633
598 1637
599 243
599 404
599 1562
599 2040
600 54
600 1078
600 1669
601 1866
602 400
602 1566
602 1593
602 1640
603 243
603 1582
603 1586
603 1644
603 1663
603 2037
604 57
604 1078
604 1648
605 1862
606 391
606 395
606 1566
606 1659
607 61
607 243
607 1579
607 2034
608 1079
608 1570
608 1574
608 1651
609 1861
610 387
611 61
611 243
611 1083
611 2033
613 1860
614 384
615 61
615 245
615 1083
615 2029
616 376
616 1856
619 62
619 248
619 1084
619 2025
620 372
620 1852
621 366
621 1088
622 66
623 249
623 2023
624 1851
625 362
625 1088
626 66
626 253
627 2023
628 1850
629 359
629 1089
630 66
630 255
630 2019
631 341
631 345
631 349
631 353
631 1093
631 1846
632 259
634 66
634 2018
635 337
635 1093
635 1842
636 262
636 326
636 330
638 66
638 2018
639 1093
639 1839
640 265
640 322
641 269
641 273
641 277
641 306
641 310
641 314
642 66
642 2018
643 1094
643 1836
645 280
645 302
646 66
646 284
646 288
646 292
646 296
646 1098
646 2018
647 1835
650 66
650 1098
650 2018
651 1831
654 66
654 1098
654 2018
655 1827
658 66
658 1099
658 2018
659 1826
661 1103
662 66
662 2018
663 1825
665 1103
666 66
666 1821
666 2018
669 1103
670 69
670 1817
670 2018
673 1104
674 71
674 1814
674 2018
676 1108
677 1810
678 71
678 2018
680 75
680 1108
681 1806
681 2014
684 76
684 1108
684 2010
685 1806
688 76
688 1108
688 2002
688 2006
689 1804
690 80
692 1108
692 1800
692 1998
694 81
695 1994
696 1108
696 1791
696 1795
698 81
699 1993
700 1110
700 1787
702 81
703 1992
704 1113
704 1784
706 81
707 1780
707 1988
708 1113
710 81
710 1984
711 1776
712 1113
714 81
714 1980
715 1772
716 1113
718 81
718 1978
719 1769
720 1113
722 81
722 1765
722 1978
724 1114
725 1974
726 81
726 1118
726 1761
729 1973
730 81
730 1118
730 1757
731 1751
733 1972
734 81
734 1118
735 1747
737 1969
738 81
738 1118
739 1744
740 85
741 1736
741 1968
742 1118
744 86
745 1732
745 1968
746 1118
746 1726
748 86
748 90
749 94
749 1965
750 1120
750 1722
753 96
753 1964
754 1123
754 1719
755 100
756 1711
756 1968
758 1123
759 101
760 1707
760 1968
761 1701
762 1123
763 101
764 1968
765 105
765 1697
766 1123
766 1691
768 1968
769 106
770 1125
770 1687
771 1676
771 1680
772 1969
773 106
773 110
774 114
774 1128
775 1672
775 1964
776 1661
776 1665
778 116
778 120
778 1129
779 124
779 1960
780 1657
781 1133
781 1641
781 1645
781 1649
783 126
783 130
783 1952
783 1956
784 134
785 1133
785 1637
786 1621
786 1625
786 1629
787 1948
788 136
788 140
788 1942
789 144
789 1134
790 1617
791 1138
791 1601
791 1605
791 1609
792 1938
793 146
793 150
794 154
795 1140
795 1597
795 1934
796 1144
796 1148
796 1152
796 1156
796 1561
796 1565
796 1569
796 1573
796 1577
796 1581
796 1585
796 1589
798 156
799 1160
799 1930
800 160
800 1557
801 1164
801 1168
801 1172
801 1176
801 1536
801 1540
801 1544
801 1548
801 1552
803 1927
804 162
804 1180
805 1532
806 1184
806 1188
806 1192
806 1196
806 1200
806 1204
806 1208
806 1526
807 166
807 1923
810 170
810 1210
810 1522
810 1919
811 1214
811 1218
811 1222
811 1226
811 1230
811 1511
811 1515
812 1234
814 172
814 1918
815 1507
816 1237
816 1241
816 1245
816 1249
816 1253
816 1257
816 1261
816 1265
816 1269
816 1273
816 1277
816 1411
816 1415
816 1419
816 1423
816 1427
816 1431
816 1435
816 1439
816 1443
816 1447
816 1451
816 1455
816 1459
816 1463
816 1467
816 1471
816 1475
816 1479
816 1483
816 1487
816 1491
816 1495
816 1499
817 176
818 1917
820 1280
820 1407
821 176
821 1284
821 1288
821 1292
821 1296
821 1300
821 1304
821 1308
821 1312
821 1316
821 1320
821 1324
821 1328
821 1332
821 1336
821 1340
821 1344
821 1348
821 1352
821 1356
821 1360
821 1364
821 1368
821 1372
821 1376
821 1380
821 1384
821 1388
821 1392
821 1396
821 1400
822 1913
825 179
826 1913
829 181
830 1909
833 181
833 185
834 189
834 1908
838 191
838 195
838 199
838 1908
839 203
841 1904
843 206
844 1900
845 210
848 1892
848 1896
849 212
852 216
852 1888
853 1873
853 1877
853 1881
855 220
856 1869
858 1862
859 222
862 226
862 1858
863 1852
866 226
867 1848
870 226
870 1844
874 227
874 1840
877 231
878 1838
881 231
882 1838
885 231
885 1834
889 231
889 1830
893 230
893 1827
896 226
897 1823
900 226
900 1819
903 1802
903 1806
903 1810
903 1814
904 226
907 1798
908 225
908 1782
908 1786
908 1790
911 221
912 1778
913 1772
915 221
917 1768
918 1762
919 221
922 1758
923 220
925 1754
926 216
929 1750
930 216
933 1747
934 214
937 1743
938 211
940 1739
942 211
944 1735
946 211
948 1728
948 1732
950 207
951 1724
953 1688
953 1692
953 1696
953 1700
953 1704
953 1708
953 1712
953 1716
954 204
956 1684
958 201
958 1668
958 1672
958 1676
961 1664
962 200
964 1660
966 196
968 1652
968 1656
970 196
972 1648
974 197
975 1644
977 201
978 1637
980 205
982 1633
983 209
983 1572
983 1576
983 1580
983 1584
983 1588
983 1595
983 1599
983 1603
983 1607
983 1611
983 1615
983 1624
983 1628
984 213
984 1619
987 1568
988 216
988 220
988 1562
989 224
992 1558
993 226
993 230
993 1552
994 234
997 1548
998 236
998 240
998 1461
998 1465
998 1469
998 1473
998 1477
998 1481
998 1485
998 1489
998 1493
998 1497
998 1501
998 1505
999 244
999 1455
999 1509
1000 1544
1003 246
1003 250
1003 254
1003 258
1003 262
1003 1219
1003 1223
1003 1227
1003 1231
1003 1343
1003 1347
1003 1351
1003 1355
1003 1359
1003 1363
1003 1367
1003 1371
1003 1375
1003 1448
1003 1452
1003 1511
1003 1515
1003 1519
1003 1523
1003 1527
1003 1531
1003 1535
1003 1539
1004 1379
1005 1214
1005 1235
1006 1339
1006 1444
1007 265
1008 269
1008 1207
1008 1239
1008 1243
1008 1247
1008 1251
1008 1255
1008 1323
1008 1327
1008 1331
1008 1381
1008 1385
1008 1389
1008 1393
1008 1397
1008 1401
1009 273
1009 1259
1009 1440
1010 1405
1011 1319
1012 1203
1013 276
1013 280
1013 1195
1013 1261
1013 1265
1013 1269
1013 1312
1013 1409
1013 1413
1013 1417
1013 1426
1013 1430
1013 1434
1013 1438
1014 284
1014 1190
1014 1273
1014 1421
1017 1308
1018 286
1018 290
1018 294
1018 1117
1018 1121
1018 1125
1018 1129
1018 1136
1018 1140
1018 1144
1018 1148
1018 1152
1018 1182
1018 1186
1018 1276
1018 1280
1019 298
1019 1284
1019 1300
1022 1113
1022 1155
1022 1178
1023 301
1023 305
1023 1159
1023 1163
1023 1167
1023 1171
1023 1286
1023 1290
1023 1294
1023 1298
1024 309
1025 1109
1028 311
1028 315
1029 319
1029 1108
1033 321
1033 325
1033 329
1033 1107
1034 333
1037 1103
1038 336
1038 340
1039 344
1041 1103
1043 346
1043 350
1044 354
1045 1103
1048 356
1048 360
1049 364
1049 1100
1053 366
1053 1098
1055 370
1057 1098
1058 374
1058 378
1058 382
1058 386
1058 390
1059 394
1061 1098
1063 396
1065 400
1065 1098
1068 404
1069 408
1069 1099
1071 1103
1073 411
1073 415
1074 419
1075 1103
1078 421
1078 425
1078 429
1078 433
1078 437
1079 1103
1082 440
1083 1104
1084 444
1086 1108
1088 446
1088 450
1088 454
1088 458
1088 462
1090 1108
1092 465
1093 469
1093 473
1093 477
1094 1109
1096 1113
1097 480
1098 484
1098 488
1098 492
1100 1113
1102 495
1103 499
1104 503
1104 1114
1106 1118
1108 506
1108 510
1108 514
1109 518
1110 1118
1113 521
1113 525
1113 529
1113 533
1113 537
1114 1119
1116 1123
1117 540
1118 544
1118 548
1118 552
1120 1123
1122 555
1123 559
1123 563
1123 569
1124 573
1124 1123
1128 576
1128 580
1128 584
1128 588
1128 592
1128 1122
1132 595
1132 1118
1133 599
1133 1112
1134 603
1137 1109
1138 606
1138 610
1138 614
1138 618
1138 622
1138 1097
1138 1101
1142 625
1142 1093
1143 629
1143 633
1143 637
1143 1077
1143 1081
1143 1085
1147 640
1147 1073
1148 644
1148 797
1148 1054
1148 1058
1148 1062
1148 1066
1149 648
1150 1049
1152 793
1152 800
1153 651
1153 655
1153 659
1153 663
1153 667
1153 671
1153 675
1153 679
1153 683
1153 687
1153 1032
1153 1036
1153 1040
1153 1044
1155 789
1156 801
1157 690
1157 1028
1158 694
1158 698
1158 702
1158 706
1158 710
1158 714
1158 747
1158 751
1158 762
1158 766
1158 770
1158 774
1158 778
1158 782
1158 1008
1158 1012
1158 1016
1158 1020
1159 718
1160 755
1160 804
1161 1004
1162 743
1162 759
1163 721
1163 725
1163 729
1163 733
1163 737
1163 853
1163 857
1163 962
1163 966
1163 970
1163 974
1163 978
1163 982
1163 986
1163 990
1163 994
1163 998
1164 807
1166 849
1167 811
1167 860
1167 958
1168 815
1168 820
1168 824
1168 828
1168 832
1168 836
1168 840
1168 844
1168 887
1168 891
1168 895
1168 899
1168 903
1168 907
1168 911
1168 915
1168 919
1168 923
1168 927
1168 931
1168 935
1168 939
1168 943
1168 947
1168 951
1169 864
1172 884
1173 866
1173 870
1173 874
1173 879
