-22.444282 487.091379
12.172497 477.675203
25.043308 475.766423
-7.051992 487.846258
5.579832 506.803544
20.943255 453.005259
13.824069 497.893794
46.724741 483.984400
6.582953 522.997846
20.434788 486.815559
4.332217 474.741556
38.098160 483.667009
27.165179 462.657317
40.749584 502.473460
14.381781 447.633896
55.872523 501.278187
70.130776 475.661061
65.126632 443.551270
39.972538 453.083303
48.851175 502.347848
37.825194 456.540702
42.098420 496.397769
77.522952 437.641985
59.629027 487.879735
28.328932 435.232315
62.272147 534.431163
55.120506 469.362127
61.273866 498.064344
80.486047 451.431254
81.320716 476.323655
40.894619 448.504640
58.230480 512.219967
63.384954 437.342432
81.029605 476.971482
69.391312 458.773150
56.319491 419.442369
102.477384 506.708003
80.107899 435.633213
79.062700 464.250323
122.163866 413.156806
86.468205 482.828391
83.193083 377.618550
85.706853 469.690338
57.682081 423.952104
80.872898 493.488279
89.677412 427.872174
106.807079 481.696274
75.848101 427.698606
109.324646 496.652290
88.331447 391.100162
99.495958 493.602450
107.626608 402.311431
124.556083 477.625532
100.441246 396.763869
106.304724 478.774439
127.467644 421.902498
103.893420 464.078301
142.766226 375.083353
138.883690 457.383859
143.101643 409.253065
138.372371 487.631181
134.393313 373.651106
137.974345 479.762679
134.466771 374.204783
101.600314 461.603818
144.406010 106.723379
123.783697 104.887380
131.501660 146.192507
154.105270 165.467877
112.797409 105.490910
113.742566 142.362172
113.935298 136.336442
135.076601 132.960749
115.787485 151.714269
131.886667 363.156447
110.342369 375.443372
127.491560 454.664898
124.520935 86.866611
129.505968 168.794232
158.687101 368.548943
167.598317 86.389448
108.271723 142.963844
102.948532 161.099552
106.017270 468.781598
123.140093 338.306014
124.821595 102.905952
132.666139 140.520340
174.038602 161.134535
162.015681 183.972178
104.330191 480.019729
153.292285 384.786012
141.774127 53.175471
158.201678 166.767422
99.867304 435.532745
156.378480 379.099682
160.538778 326.273790
149.015188 145.456037
126.624145 110.185684
140.564994 489.733945
158.092143 350.027078
125.109342 169.863690
158.607843 185.433398
163.765976 103.814954
157.896526 479.882773
168.137591 177.468017
162.386228 347.462002
167.069880 84.620971
203.522467 339.596241
122.443057 197.042208
154.153561 446.201056
183.078693 84.150081
156.224843 331.610465
165.879749 470.208921
187.268951 180.893782
122.360943 318.026972
136.942718 78.487323
158.217909 471.169790
158.485339 208.935448
146.830317 327.311110
165.172277 169.460312
155.309618 210.882454
159.142923 335.253995
139.652607 92.203432
205.600798 411.742897
153.684595 183.107759
187.681037 303.268995
192.468033 335.136115
145.284078 70.748593
124.375369 207.523405
148.914275 468.463302
195.985150 302.870156
173.969551 441.910578
178.743388 83.940323
146.812883 221.350507
165.361779 301.657078
189.394965 475.774751
201.429981 86.224519
158.879229 178.877834
185.495434 304.504249
175.512484 248.353363
207.753098 248.394370
195.948747 255.844904
189.692274 303.491719
193.819787 447.802249
171.694046 93.743785
207.861373 206.213436
170.484104 287.424797
194.708932 272.979014
206.658327 277.033767
212.141919 212.128955
219.528924 454.840710
201.060805 79.626575
174.642186 286.509509
171.349223 460.839257
177.279427 88.794624
190.828905 230.334250
189.577682 245.039477
199.603557 253.946211
182.441616 270.929701
209.081380 450.573730
213.989166 53.754674
176.867160 230.328299
171.416094 236.168534
181.424495 260.507160
171.545119 269.877328
195.140022 258.028831
174.042120 248.300781
168.104370 554.907481
204.766761 548.591177
202.303590 535.930547
219.156977 560.280680
189.730050 582.028413
194.041378 581.986577
192.746815 572.880046
209.022968 598.092435
180.685549 435.125102
204.974199 74.484551
181.436415 545.879531
217.743969 558.026608
199.683211 521.585346
174.119479 529.912143
204.985011 508.397213
206.107186 535.008477
195.546935 531.621584
216.427387 586.995338
168.409157 585.153027
186.450160 617.198019
196.988609 582.850480
219.723278 591.174512
229.803315 611.682648
173.955315 458.380874
212.440466 71.912510
191.730376 629.681814
208.417645 528.764436
209.426762 460.280090
202.216056 539.152256
209.834253 496.513219
192.337420 633.985214
213.786975 617.895658
196.184379 621.372298
184.427292 78.249321
197.017554 444.503518
211.659795 486.198008
225.475237 632.095650
201.647558 41.128781
188.493578 530.987099
224.521138 495.832362
212.669175 478.763747
213.349035 619.116299
228.577118 614.304042
230.956468 653.263740
210.026901 422.647870
184.287661 43.239614
191.895887 474.236895
172.290499 643.826281
204.942057 493.042145
192.273205 460.252814
220.437300 478.103407
224.552563 670.259401
219.120873 633.511304
179.705904 425.877294
250.455349 75.223259
239.860086 454.433234
191.888943 648.952521
181.743310 441.115692
215.365191 451.818768
198.210476 452.588195
196.780735 493.754954
201.081651 686.201739
224.859722 70.156925
173.718169 29.323500
199.452168 666.340366
213.324201 62.198508
218.705456 649.744480
244.601582 65.243214
242.727683 644.165822
233.798425 77.505836
272.888479 648.687315
230.545593 72.409519
245.040369 644.994196
264.138798 591.557668
260.262384 604.718134
247.669437 618.728613
244.044631 585.518396
233.692908 579.170354
223.196632 601.125491
252.924855 637.497337
262.321063 643.534490
271.026098 605.335979
278.494347 615.817180
209.456975 603.522509
243.679891 633.867104
221.791017 646.526128
206.960613 627.617680
245.228631 639.815185
237.470226 638.976446
244.273830 634.027344
235.149766 642.814756
283.475043 45.571026
259.086309 593.286565
252.016400 571.342206
242.412476 603.459642
240.628455 593.830790
247.400241 75.671283
218.398593 582.770515
238.614483 58.523491
245.793061 580.533708
267.851318 574.523021
277.408043 61.975202
262.051380 545.664321
268.926933 55.836888
286.606086 537.986861
244.591268 59.748103
269.632610 538.469136
222.524188 44.814379
268.337143 536.872127
289.870476 66.523490
253.216901 552.357140
276.392481 29.924116
294.357087 577.522302
292.425496 53.621153
267.995436 537.879875
293.449539 35.994985
246.832172 585.871276
269.949785 47.982861
308.953425 42.103556
280.268458 520.030164
264.419120 66.082158
275.289610 14.515226
276.076854 50.276530
275.803948 514.199614
297.331174 66.708353
310.735236 67.685419
298.387220 64.554693
265.264768 538.628296
268.045052 79.249110
296.125951 499.989881
292.497296 81.224937
278.965506 91.347102
298.799345 82.240098
290.924577 545.219820
327.103127 75.665168
292.958092 118.283800
286.897613 104.973932
348.555967 530.278675
315.421985 81.061505
270.189558 101.795870
271.662519 132.237582
290.071122 516.026649
294.501137 127.195210
293.815013 110.668665
342.646214 503.430039
334.666691 124.485283
311.849543 505.811308
312.040999 117.395040
340.138660 102.719605
298.506859 137.413799
319.886392 104.456737
301.642136 116.492664
297.234537 512.343658
336.828111 157.579530
313.397224 137.937067
314.705370 149.364100
340.899472 122.801747
327.336149 174.838106
290.544331 486.911501
343.989847 160.776738
312.507099 155.188820
337.993133 196.987483
316.911522 508.485220
336.947856 155.668142
364.974013 149.465759
324.234765 479.366256
319.346949 183.837730
315.826196 504.688054
354.816460 145.488981
320.717813 505.408281
350.046359 198.369134
346.268565 501.006692
353.632812 190.360223
322.369686 486.203878
301.031660 183.822493
380.079945 734.173111
367.006446 733.433213
364.968443 742.630847
366.296593 781.413871
350.556873 526.918359
343.463212 204.793213
333.619400 177.593929
372.747558 523.590711
347.380713 748.911756
349.008406 796.888960
341.671408 197.702905
352.679776 513.068676
351.396684 722.669401
361.820006 780.140323
384.387973 218.749028
399.485925 516.721262
377.862959 726.625839
329.049848 778.350847
384.281743 229.838736
388.704632 777.477015
371.045287 504.493050
407.194517 739.821908
339.062683 209.313043
403.870645 756.723927
358.741922 515.889687
363.096352 771.658694
393.622119 193.244597
395.820858 786.562390
358.275722 210.970167
375.361108 509.884473
374.953622 730.497308
355.266346 761.578413
390.555057 224.622986
377.938875 542.187023
398.868614 751.687668
380.877244 797.691881
393.668123 489.195895
439.146788 205.613152
376.051552 224.298116
412.285099 741.775171
356.997062 193.442418
413.383528 779.868561
372.280790 497.963783
414.194332 755.880827
376.761873 209.084994
399.738570 782.737430
371.486225 529.513649
389.007844 733.575941
376.912362 786.384448
420.879392 220.853942
400.299912 494.728084
380.324015 740.836607
385.143244 776.212367
402.420180 201.770212
398.061720 513.415120
357.614527 720.852215
391.056711 745.334577
375.093011 246.463704
385.801142 527.668700
365.955747 740.401507
421.175091 793.069665
378.159499 221.528566
407.265426 506.885070
391.707542 540.735816
400.145013 771.859591
411.103707 777.268419
403.514368 239.765502
392.058703 495.821433
438.710655 736.481180
410.132486 790.515031
397.401786 225.077231
410.584151 533.571136
394.180743 219.690363
397.591372 755.447702
414.301729 784.248976
436.429638 538.702279
442.594065 265.686355
396.647251 723.992318
405.711506 773.497052
404.879367 513.231010
400.057645 229.291447
397.419855 242.262425
415.207729 724.226729
427.760664 766.548861
387.523723 259.067535
436.489321 514.867537
431.631302 514.845092
413.706328 718.143344
426.874124 777.062642
429.364287 272.263684
391.785821 559.937771
439.396895 751.146496
440.867897 806.340199
403.309055 252.960104
470.449762 527.746888
438.196003 785.792869
434.107162 726.903786
442.843157 263.693809
427.244596 548.100469
416.289331 776.329037
429.631007 733.155142
427.255100 219.062444
448.275107 554.659156
461.724143 754.289600
474.121889 739.483686
477.782021 231.326729
424.582382 519.152800
443.882236 778.442424
450.166314 709.459403
444.931868 229.949930
471.194634 532.412289
423.122982 794.718298
427.854206 254.218688
448.184887 699.812120
468.385366 538.822886
427.832874 755.095528
434.008101 247.100611
464.832608 711.216012
458.028550 516.371831
427.246862 698.870724
480.197751 775.212410
456.092061 265.668175
448.161247 265.217093
438.276276 546.979792
476.566447 771.543616
447.394510 707.759673
467.702882 732.859987
481.796427 667.265215
483.810091 253.231793
445.281548 540.130700
477.800607 758.248995
478.159156 688.728444
439.452736 553.914460
481.727973 685.001443
505.690738 679.410490
457.004788 683.533045
459.217195 682.835278
482.309713 677.646184
467.908284 282.872902
495.261500 731.906093
451.681372 554.624928
505.201818 664.559963
471.051458 275.400154
431.218075 648.372185
477.345342 657.623317
495.011701 615.274786
460.180087 667.994135
498.273493 673.823570
444.572649 558.926042
449.507109 750.818277
454.825958 244.254091
485.517081 641.101573
471.287131 755.751375
494.405312 574.661918
484.754420 601.739891
479.507937 653.138174
448.569554 233.215030
482.262374 769.834128
467.576840 547.173779
472.537292 657.137153
496.052218 623.554323
446.081554 595.718885
473.786731 614.260900
451.899674 288.681537
490.992444 768.224186
532.667958 585.640735
471.779837 598.428894
498.772661 268.055009
497.697626 554.167598
473.606129 544.910614
483.172691 541.003375
478.838027 578.391484
523.834383 578.408456
481.744085 598.678876
470.165438 571.504479
487.786345 587.902620
473.772254 587.739602
475.067356 751.132664
490.141456 272.216485
464.160151 723.139866
483.779883 267.755275
502.154010 727.672136
478.505730 287.431589
513.744182 770.575313
539.044377 305.590690
464.983696 726.350953
504.813285 292.826851
474.358497 721.282522
500.705845 300.025135
512.186116 735.472622
491.365461 307.104412
506.272068 754.132746
512.415363 296.776060
510.534926 689.088955
520.502637 272.911087
545.620191 733.569402
499.864520 293.106374
515.456425 724.430518
509.844346 817.271271
477.410180 845.289767
525.414076 865.995957
515.874952 867.833387
518.823037 861.404110
525.394756 288.949720
520.248791 701.979567
559.285201 335.782865
542.806023 856.599265
495.910814 879.210122
510.909705 712.878836
534.003017 887.336597
536.790115 310.245630
538.849658 838.493198
513.651806 705.727999
544.267906 873.276659
495.708952 324.896341
556.345815 861.869013
522.673505 688.843410
527.301531 868.354755
580.619564 329.308978
557.790269 854.243875
529.264247 713.601722
518.706593 893.618509
538.096541 320.501396
557.824967 846.051341
559.241073 888.600110
544.538441 691.327048
567.064800 308.726028
543.065955 673.193922
562.768310 825.092287
535.890343 867.984328
536.415990 325.455493
550.475325 712.142409
530.071469 823.637712
557.543035 865.835810
565.721500 333.982754
564.453496 688.024726
551.380038 847.779900
549.297601 896.437460
521.982696 315.429715
580.699101 667.133964
558.360962 812.688938
559.773107 879.317718
596.347098 310.650200
583.195525 703.282390
584.386053 836.962599
556.740391 883.222866
561.790525 335.360720
566.582290 673.888859
557.265713 825.149478
569.524277 856.444754
572.311748 347.620688
592.710589 692.535863
541.591633 841.038214
561.714764 873.947853
626.251574 345.700210
584.526771 690.843517
559.344170 634.597799
569.869569 843.128510
566.200444 879.027529
567.760498 324.353677
569.740593 344.212100
571.132860 656.052395
564.869700 806.922094
565.510863 875.162911
572.719411 639.467777
572.918315 873.168482
603.440547 350.528574
569.300186 851.901905
576.800660 629.602232
599.179378 831.962754
631.281914 339.173334
578.934387 834.133448
625.237131 634.286742
594.508395 861.200758
589.236047 332.964487
584.555617 790.167679
603.348571 662.145745
587.429004 663.380754
575.011687 758.482514
589.213414 785.833542
621.012592 364.058313
611.092689 754.832196
578.997952 788.507092
611.137718 864.549738
627.968315 361.747260
578.053853 649.628890
605.619032 753.840807
628.489361 868.385675
541.644673 673.608624
604.401593 668.762220
597.155789 666.640580
591.274909 685.062276
643.901964 663.450390
600.988729 707.465745
586.457539 687.449491
598.497963 714.195802
591.746376 697.634713
603.239927 704.458512
563.018093 725.147187
627.109172 705.755748
612.267348 711.866648
626.070979 708.372995
574.241073 730.992281
604.028318 732.849696
623.233211 726.638381
631.418515 739.387264
631.292879 755.638542
587.815164 732.217434
599.629110 783.962165
604.719508 793.738777
614.117382 773.686803
589.513952 759.053677
621.649100 765.379549
575.300842 754.106389
615.157206 796.803706
621.316052 780.263058
611.898797 787.469849
581.877339 820.876611
603.097387 354.919028
585.442207 815.195065
611.587867 838.007341
595.964185 819.053613
623.035504 339.438890
594.887674 848.973304
606.911123 355.914979
640.766623 864.167306
600.518350 352.727739
619.512307 860.268355
622.351459 406.656358
640.457128 849.802538
588.847341 377.538303
637.198137 827.587743
626.150770 371.935503
622.592391 827.446005
603.698258 366.763956
631.642616 836.108820
619.661224 382.508782
611.005156 836.769946
648.947700 367.738572
644.469377 819.270187
628.165317 361.995403
612.698262 864.561378
632.049908 863.511617
701.524068 366.573139
653.778236 382.769796
604.579518 789.045195
646.719346 827.826977
616.240792 352.032382
651.536685 793.379875
652.318667 393.633827
673.621871 778.212696
654.471784 800.951316
643.744409 385.299176
675.824259 774.351456
666.818790 407.456767
661.699925 804.616122
705.442991 389.863275
651.629816 809.891407
645.560763 782.039246
653.707666 388.890742
661.465700 782.048750
650.467226 772.264153
725.938770 401.171020
695.116244 393.116001
659.137141 780.754368
700.491475 767.389164
677.158367 413.113125
667.040442 769.417495
665.560257 736.095472
679.177084 794.979663
698.924973 763.472360
679.512259 406.354052
645.287282 774.429973
722.888591 709.870749
709.917879 711.090023
715.173987 705.055721
706.321182 736.520585
705.323933 738.683324
725.635459 736.908492
694.044056 726.550556
686.040242 736.667956
735.325487 398.135082
693.760066 406.031545
684.166641 704.767589
702.897398 670.446272
710.045228 714.436911
701.268538 409.064920
708.686268 702.288597
702.247874 668.996247
719.312486 666.759914
687.816390 418.556655
697.529598 409.989084
693.463973 675.879909
707.801701 653.854052
680.748555 461.131546
706.248696 680.155365
686.047338 418.801300
722.557695 670.680955
745.094185 412.083551
693.376019 444.618831
682.580479 667.659752
760.748199 446.943923
696.277768 667.019405
681.964166 452.985520
731.273457 446.613134
733.806062 677.140587
730.951201 440.360146
673.005832 427.049427
749.838465 653.793723
736.739147 679.231825
722.011523 690.219970
705.007503 657.780433
724.471446 466.556819
707.420237 481.782980
689.385172 478.364491
738.654361 692.425104
717.893839 662.016752
709.655227 448.353509
715.130557 500.386326
767.351008 681.041535
767.597824 448.935367
701.375454 736.625622
762.234371 460.481274
755.684787 714.110975
737.209468 506.956730
734.711849 487.115977
780.838307 718.894752
738.284331 463.084861
730.655354 482.566062
735.982227 685.869790
769.410904 498.019388
768.329972 511.484983
720.492665 740.822170
770.168458 696.929560
756.751424 519.054131
798.880310 497.149419
763.363475 696.942676
765.877254 510.640166
773.565262 501.050457
767.842400 688.674644
774.716673 522.022870
781.987452 513.906644
751.943967 694.437037
790.339598 520.943746
756.194383 719.063420
772.385135 502.918282
772.627587 537.691770
762.385284 500.812561
753.869175 710.512404
782.345929 543.774873
771.853823 559.528666
814.875621 539.254253
796.508461 686.108708
794.285828 557.903547
803.626961 543.505456
798.166203 558.216189
801.828880 586.158854
774.781191 576.089725
796.564503 728.046176
772.196360 574.325489
772.674857 590.137588
778.126622 570.652795
799.463888 576.099764
791.732486 602.533370
800.563996 609.935391
775.502075 610.441543
768.746506 630.868520
816.689481 559.068768
789.078182 588.250097
804.648858 609.561729
766.253199 703.666474
794.828468 614.102831
805.836437 699.284880
798.549571 584.955056
803.242162 623.294179
807.231506 599.606228
802.846286 714.906947
786.255379 605.684252
788.522863 701.130956
827.034210 617.437256
807.796571 714.891152
822.971850 628.001489
783.289960 686.836632
831.564413 623.854064
806.523454 692.540359
815.987860 609.965390
837.833011 705.308299
790.233990 647.606572
828.875868 696.981696
814.683713 623.042649
812.312640 737.814115
831.228962 632.659509
832.547753 697.251200
830.145873 611.884909
801.032745 685.371699
880.944020 617.852120
817.879695 718.330068
867.525571 617.324580
878.175887 682.781785
816.163854 617.616231
856.346880 687.058114
840.849201 624.375759
853.167869 688.392032
846.756011 604.759291
844.230877 666.071280
849.888529 639.102394
830.177986 659.581117
869.652188 615.315497
846.231074 686.476012
839.872245 637.425015
905.367797 606.236722
873.711793 655.200540
857.037957 606.865231
872.657142 701.345257
860.462812 619.523947
848.147737 674.948843
876.924064 588.639027
879.386150 659.556954
859.160686 635.431532
875.056652 657.562126
889.140221 627.895975
873.037049 647.614580
897.940224 615.111434
879.666430 660.280309
897.818198 617.649673
893.016907 653.564559
876.413571 642.510480
880.427872 657.870953
892.264503 637.091472
853.632720 697.894771
893.812750 618.662863
909.956346 659.512844
873.566242 607.719750
913.740340 665.837640
922.935769 597.213744
928.335110 654.511289
921.061161 614.447164
893.562353 635.013754
982.761530 597.234489
909.767326 675.220265
917.953627 634.469224
868.747019 665.604780
918.351869 581.656387
907.511374 689.591584
929.403892 604.516885
891.756852 678.016372
929.988616 611.702183
970.266055 617.883257
913.977716 627.444261
928.940311 655.766197
927.052840 619.451776
971.445010 669.479759
904.590239 631.494077
954.760413 646.795938
965.550750 628.736947
943.139502 654.042565
967.052223 607.474070
936.873710 656.268081
959.704987 615.779206
964.473888 636.270699
945.012420 584.979658
934.690607 623.873620
969.124717 633.876385
966.631459 661.941775
955.212457 637.871855
930.703070 596.010785
992.732003 613.950110
1000.482219 606.393986
971.708421 599.898119
973.257885 645.114924
966.668284 589.534933
1009.746722 594.133811
989.565036 614.664402
