23.313296 57.047109
26.892876 59.415964
24.903719 730.645237
26.178841 741.176045
25.436280 743.930791
33.595175 745.643388
25.539670 747.675860
27.807292 755.760173
19.081975 759.935332
32.974985 760.338638
26.333189 766.933133
24.929828 62.209347
24.935635 43.862970
36.820709 731.584921
31.869881 771.330044
33.365134 29.010983
28.274427 34.498710
27.662988 32.341127
35.145478 64.036490
26.187450 70.096840
26.817902 67.425891
35.192406 80.169720
32.585109 84.040032
28.379108 81.947137
35.323205 724.368575
34.487664 776.734635
35.299468 30.245635
36.867825 88.408959
42.402199 725.494146
33.965780 86.142653
40.626478 93.290095
36.950019 103.575975
30.298653 99.770426
31.283435 776.092050
42.479265 27.236614
36.576116 105.614831
42.475370 717.760649
44.950552 790.348444
38.385773 105.041222
45.515209 113.006098
37.723433 709.144464
37.813999 16.812567
37.107980 784.580851
42.706710 115.042917
47.024108 708.490425
39.578846 114.532235
41.447423 119.299652
53.983573 124.242334
41.651047 780.549820
48.339314 25.029119
51.720267 695.740763
44.860893 127.204684
49.110373 783.818870
45.085176 21.268439
52.463360 126.457855
55.091513 139.285650
54.824714 697.908803
55.886923 786.788135
56.408433 27.125964
53.405958 141.430932
47.441479 139.731678
58.987098 153.534676
57.723322 699.106302
59.628132 784.201854
66.896696 26.191652
58.388102 151.545147
59.442228 687.814202
54.804281 150.073191
56.701199 156.414172
64.581977 33.043295
64.460406 785.822524
60.140824 687.687666
64.614121 160.305629
68.892286 31.172413
67.241065 159.831113
65.951448 161.827282
73.537086 782.911335
68.844235 691.094288
66.595780 33.855143
66.273829 170.864007
64.434805 782.884016
76.774506 174.810753
78.053512 681.669959
75.187496 37.167783
81.703256 782.781348
83.065653 173.476271
77.932096 179.043157
76.049401 683.056599
76.863431 36.832768
76.547821 781.028748
80.451522 187.772497
82.585165 38.170661
82.771331 685.040570
92.358891 192.436087
79.473987 192.258323
85.494257 790.859410
92.126889 40.933980
81.480014 674.879457
87.496812 196.377442
81.535552 777.339308
90.418683 202.262864
89.666785 38.388424
85.329735 674.819222
87.944792 40.950879
83.279791 776.104376
85.759013 200.698859
94.658158 204.497041
91.952660 672.534725
95.999276 43.841526
88.953256 202.119926
90.223726 785.854093
97.855455 670.022466
95.360381 212.688674
98.295882 42.656491
95.824882 779.910780
99.723555 54.595338
103.454160 660.131227
103.245364 220.004110
101.039664 223.623595
100.350883 781.534476
107.175545 50.986369
103.790263 226.583143
101.894498 661.157736
104.388280 782.553890
104.676756 53.282763
110.670097 232.564141
103.579913 666.283330
114.508375 63.721876
111.902034 774.685915
105.576937 234.560388
109.028807 235.968377
109.263716 659.630787
111.531777 62.182657
108.239582 235.994598
114.566238 777.215322
119.039519 650.536831
112.697342 242.316651
113.369707 65.777765
118.935830 781.195730
125.121000 647.867001
124.433502 64.086933
130.049431 250.313066
121.935399 781.780298
127.346808 649.252522
122.891966 73.031286
123.430751 251.971091
127.225380 651.109167
122.435913 777.779668
126.256069 67.102589
129.186727 260.232769
129.430277 771.639449
124.555512 73.083729
134.522422 640.062512
134.638095 258.731873
130.885763 263.033286
129.293055 766.867013
137.977147 75.888955
130.110689 269.378386
134.875090 640.835727
135.357886 275.826416
138.687490 771.676625
137.894011 73.500767
132.866392 638.808379
134.490246 72.847364
139.919462 274.859767
144.762461 641.369214
144.502015 767.913725
138.393371 83.166878
149.340810 272.504864
141.784521 635.358731
148.318079 770.731840
149.007937 88.303931
139.591505 276.785421
148.809568 636.219558
149.913645 773.353555
142.009779 84.089625
156.118514 281.428607
155.958695 631.572517
150.392556 771.663975
156.628851 97.540692
159.210060 281.026387
163.168060 99.263637
160.236159 292.128579
156.011327 626.982265
157.195975 763.875147
157.682796 96.338938
161.900869 285.705973
163.719037 619.260703
164.159207 765.172850
161.583242 101.862734
167.371076 285.877078
162.481559 631.326933
160.963499 762.110675
169.271108 103.197453
167.599598 291.204730
172.305251 631.728375
160.689121 761.686463
170.653240 110.952379
168.545376 294.272146
168.852650 620.777643
172.465625 763.195423
173.597782 105.876818
174.057427 300.822921
179.712018 111.997380
172.912551 618.557812
178.581908 768.853059
174.257143 298.018673
176.887174 120.120622
184.867513 758.477533
179.653779 614.545764
176.403293 306.891473
177.872291 116.060179
186.408525 750.825505
184.278947 619.348185
186.792050 113.674537
186.970557 307.614495
191.778834 747.865024
189.493796 608.247960
189.900099 124.070279
192.440056 307.386959
194.308236 610.383691
190.321432 760.513151
197.998119 127.751010
191.978390 314.149275
194.542882 759.172960
196.942319 606.055942
195.049956 133.214290
202.005868 308.282062
198.421444 757.277778
196.060501 611.990356
203.842403 127.620510
202.045499 310.419118
210.560151 752.789485
206.127735 608.652053
198.791764 136.318783
207.652880 319.419868
202.951202 757.148874
213.064081 603.250040
208.776056 135.598375
210.155371 316.948534
208.351729 752.248946
213.542641 144.905111
214.298429 608.966971
216.455069 315.889825
212.208312 738.972678
219.880032 146.089602
216.629823 595.310026
215.293084 313.186867
215.349732 749.755876
216.630863 143.860203
217.254996 595.257922
230.324769 321.028747
220.484519 149.806709
215.681025 750.933252
229.157807 592.536347
222.341180 156.634978
228.447287 314.478450
222.210603 742.005300
227.607384 593.497694
225.674524 150.528962
231.641668 318.991559
238.052640 749.087982
225.906951 584.456903
226.229159 153.998424
234.737438 316.905815
234.786017 741.411554
232.922976 168.638084
229.299488 321.726266
236.788518 585.048831
245.183785 741.478071
237.569251 164.843669
241.466664 319.583897
239.126912 583.948164
244.493983 730.865620
247.437186 159.305391
242.736207 322.921495
248.084282 586.085237
248.281561 169.593765
245.520186 731.668135
252.134390 332.920496
247.713870 574.354340
240.168176 181.228767
250.989311 735.371615
246.123600 331.682572
247.859510 174.311871
253.144537 577.717642
259.516811 731.749071
251.476069 321.034982
244.630317 177.752446
264.975886 590.922632
259.534022 730.255820
256.783889 326.512751
253.888889 180.025110
262.522849 567.578748
257.251293 733.339146
259.720700 332.708004
256.687091 182.047729
265.305449 579.580725
261.370038 734.498198
264.395914 331.116767
269.073622 191.194913
261.739559 575.993677
270.455596 728.399718
262.680533 333.840327
269.485422 187.396100
274.853082 568.631537
277.834965 719.363067
270.952404 331.415359
269.266731 186.355383
273.767099 567.061421
268.814501 726.956638
273.508574 339.114007
277.299474 200.020835
278.484480 576.173003
280.292024 725.120546
280.121331 343.514959
284.090206 198.139757
283.803597 569.504641
282.507498 722.305851
280.173916 346.308260
281.595871 203.951302
287.500496 350.064841
282.898653 716.173892
286.985891 565.582707
280.950258 196.803404
286.874964 333.529407
284.330383 710.477544
291.341271 564.036405
285.428154 197.059313
288.462209 344.888783
295.859094 725.147701
297.457507 559.786894
290.894970 199.686028
297.088220 349.307793
299.434584 717.986360
292.958987 556.826247
306.468349 198.837446
297.632464 343.403688
306.554363 710.809737
299.073397 550.713336
309.729880 203.141490
307.755663 345.079847
308.678856 706.377362
307.688921 550.706344
309.194785 207.683638
307.051756 345.997963
306.853513 705.042919
311.186033 361.425962
312.428841 555.501137
311.448711 200.754202
317.676145 707.041794
315.378505 209.670161
320.712768 351.652013
307.125673 550.635995
309.947216 707.310238
319.527408 208.529779
311.443055 357.137123
324.657461 551.887302
317.293190 357.103732
317.820419 710.630703
321.908945 214.000230
324.927854 541.444899
324.711492 353.679550
325.952055 701.248588
323.151050 212.776563
323.484478 547.738111
332.235208 358.443887
332.016732 706.371090
333.657508 210.745623
329.175015 357.301924
330.924896 549.325636
336.081078 704.073125
341.829086 214.787780
340.647991 356.825884
337.387287 539.334456
337.466420 697.372217
346.548389 212.677472
336.141098 365.241902
335.971823 548.642408
337.340965 371.467245
340.394657 696.404339
345.646379 213.485048
343.850810 539.257050
340.473856 364.790345
344.050616 690.030674
345.585657 532.339604
343.902335 220.210744
355.377189 371.331804
347.451561 696.843416
348.944912 219.264072
343.675849 534.320255
354.759314 371.951553
360.840429 693.425322
360.435744 218.366232
355.430486 536.768640
356.333269 380.029591
349.755281 689.951443
354.259433 213.442033
367.953829 525.802256
361.862979 374.753549
364.422297 686.468815
364.923941 223.242508
364.674626 522.081730
358.312348 380.230792
365.332693 688.949568
368.069533 222.942929
364.481064 386.848179
362.991064 521.162443
369.926015 679.593948
365.148754 225.954055
370.803328 379.722804
373.710732 533.064828
373.191606 390.207092
369.036508 682.661041
372.939109 230.460647
374.214297 521.525072
376.816956 676.361096
375.076752 386.571130
374.143658 226.397729
381.098208 526.398230
375.740796 684.993749
377.862642 392.359908
386.533985 230.790292
378.209750 402.881676
381.238569 524.384938
387.691932 674.481309
382.302301 229.876182
383.294771 397.818980
378.036059 512.537425
384.487298 672.997261
391.350636 230.389873
396.774185 406.796016
392.252601 510.489597
388.415761 416.000700
391.132553 420.329036
382.406583 675.584574
396.563438 232.576788
391.239826 511.733856
395.148743 424.226321
395.379576 671.703575
388.968286 425.148149
397.249920 421.206683
402.684580 420.563123
392.644973 231.600580
399.912838 507.398009
396.155170 662.803234
394.209248 425.196155
396.368533 233.771051
402.715026 432.960444
396.220252 431.312352
397.221676 440.306377
394.083253 445.379375
402.537284 493.803539
400.039686 496.994871
404.406956 670.478622
403.222637 450.833461
405.963544 233.218873
407.148467 489.672353
402.857361 456.172148
401.509691 453.910281
404.470617 466.213625
404.085483 464.103290
407.497835 467.636102
412.333493 472.515069
417.001881 476.646092
406.674271 484.802092
402.318761 487.527130
408.069648 666.474576
415.028904 240.168826
406.166672 656.393336
406.060970 245.226374
412.029788 663.505169
409.914493 237.588826
419.571591 671.390505
422.637363 241.438648
410.232718 658.935744
428.624886 246.515523
427.040719 653.835094
427.102551 235.876025
428.514724 652.340433
433.476111 238.786003
432.192901 653.256624
438.775264 246.134860
433.477320 650.722857
443.051819 253.744090
440.020219 643.280269
442.769194 249.204062
443.957251 644.764129
445.530222 246.715858
447.693787 647.513321
453.276191 247.903671
455.630897 639.681284
455.275344 248.742455
461.770624 650.693238
458.260357 249.674573
460.866952 637.419698
466.481232 249.843314
465.597986 639.462001
467.640604 254.850076
466.510326 644.472082
470.239295 247.704862
466.859125 632.893121
469.971159 254.255629
468.273781 630.037435
482.309758 255.352205
474.403142 636.241826
483.666571 256.277224
478.313494 633.342153
483.474029 260.958066
481.237050 637.391197
487.275433 260.501827
484.622466 625.641159
485.400714 257.262975
498.213607 625.295675
501.157605 260.530299
502.612871 621.599536
494.329878 258.805652
505.212373 624.168773
497.094876 263.773580
503.965440 624.878553
499.868311 260.416602
510.310263 613.175756
516.436076 267.860989
510.798526 610.248728
512.024835 263.519457
518.980128 613.008678
522.102696 266.949188
514.945541 612.064471
517.400505 265.019468
523.088356 602.334449
527.988154 260.013224
526.984136 609.631538
533.136453 265.237478
525.004130 599.581822
535.338416 264.174371
542.837474 609.288791
536.634646 274.144113
540.244508 604.450839
545.630051 269.329688
545.402215 602.937002
546.208867 271.389670
544.799317 590.229714
546.363327 268.473366
555.994902 591.221470
551.978563 278.242024
558.205108 592.624779
560.425306 277.048499
560.614071 591.667700
563.004423 275.440550
564.738776 589.236890
565.554159 277.929413
567.436844 589.662329
567.414582 275.529651
567.451221 284.464704
564.176087 585.890080
574.438568 276.846973
576.727703 582.381693
571.384384 284.162487
575.076949 581.302267
578.903331 281.076331
580.159966 577.362978
588.684133 571.535320
587.992622 281.916976
587.145203 576.879318
584.211741 279.151898
595.671764 573.171697
596.854601 275.418027
595.982370 566.502887
593.949739 284.053319
594.338714 567.700119
596.137066 287.258307
607.890460 561.625063
609.711882 294.786684
616.963275 563.954935
611.207310 287.319611
617.677157 561.203698
608.586970 286.787064
617.080193 558.719112
622.283153 282.660321
613.438849 559.234513
616.958223 287.713578
623.967676 563.917716
630.483229 287.082687
631.466066 556.214473
634.059845 299.419897
623.822265 554.234215
637.085128 285.933663
634.230327 537.682058
640.205645 288.367999
637.662400 549.570215
635.102475 291.186803
639.337530 546.945134
636.191690 287.852712
642.930852 540.462054
642.291220 297.239566
642.498431 539.086611
651.013685 292.914631
654.078753 536.175580
656.328294 288.434577
658.693814 536.386018
662.442623 295.594144
665.487935 526.697071
663.759691 302.074400
661.143701 533.058940
672.846024 300.824270
667.348717 527.595636
668.573554 296.941978
668.801618 520.934953
677.526040 299.441467
674.815836 520.834214
677.370030 310.573312
682.234613 514.512739
684.828087 307.306805
683.931414 509.271820
681.818297 310.059744
686.112511 519.110163
690.668636 312.563882
694.214384 507.874158
688.182586 313.365112
700.241649 501.391076
701.361921 318.418909
696.214088 493.687911
695.820002 315.442268
706.244776 497.369825
697.456468 316.597060
702.766477 497.144747
704.133156 315.934738
717.417840 490.746724
705.011013 318.686946
707.304596 491.541681
706.956009 313.946595
717.596975 484.512113
713.630030 323.201265
721.142598 486.559530
718.677554 323.779564
718.697829 480.973170
730.493108 331.910911
722.418119 481.328441
724.635134 337.246023
729.924847 477.330896
738.521905 330.439998
734.884840 470.936634
726.798616 339.481591
726.835058 470.817620
731.932089 328.753044
743.061666 461.680417
742.672783 336.080651
741.879242 460.689560
739.615487 333.487152
744.721589 449.042239
747.237602 343.870796
752.315492 450.889042
745.561780 340.933666
749.923900 444.260154
753.942329 444.943854
758.508002 346.887850
752.426152 431.629610
759.322779 345.889988
758.775154 350.908560
759.300052 435.699727
764.556282 354.335310
757.174816 424.260013
761.028175 362.032053
771.089688 425.849747
766.534402 368.037066
767.395440 413.701792
770.837287 416.472746
766.828369 365.298611
770.667465 412.712859
771.917065 368.736349
773.654234 380.772671
767.584482 374.008354
777.120999 380.678099
776.838304 387.669530
775.091169 395.408876
778.398532 393.904451
768.925013 400.069088
776.946588 376.183959
