38.939291 595.540354
45.261908 595.882230
39.265206 602.237549
42.520745 612.931141
36.696448 614.810424
44.598950 611.113953
39.719203 620.494182
41.595927 619.334985
43.813463 628.005081
41.285854 636.514286
44.139978 589.138726
44.562990 639.739739
47.830057 639.074076
45.672592 644.017627
47.864992 651.941931
45.852112 650.284736
45.540995 587.404072
48.023370 653.986387
45.049152 564.083142
48.171611 565.098366
49.788458 571.820788
51.065046 577.140457
51.344586 581.845013
46.992758 660.925215
50.209853 662.199189
47.528749 672.734365
54.788606 662.725107
52.535478 680.008263
54.835765 563.661054
55.706270 682.125965
54.466050 683.521026
57.102298 560.390773
59.905172 678.698845
64.367753 548.642331
59.904751 685.980038
64.068378 547.105534
63.546928 541.225134
66.389855 685.350101
73.599878 542.371491
73.247786 687.394284
70.663920 529.815378
77.606680 686.742808
77.540176 521.474691
78.908151 518.832191
82.063863 687.094361
80.833710 519.995285
82.260617 698.119476
83.105355 514.672324
83.003355 695.419591
85.612242 501.361840
87.652649 697.840589
91.016671 505.841355
87.548869 702.261706
93.767674 498.030829
91.129246 700.146057
95.441703 494.769889
98.921541 701.614106
105.383603 497.358119
100.489902 700.649130
107.299637 495.503562
103.369077 700.111519
106.573355 495.201957
106.261608 702.401212
116.161131 492.590912
110.208193 707.710850
121.456078 492.176872
117.285593 708.725529
120.738004 716.696428
117.797338 495.378924
122.617455 590.379575
123.091961 587.964599
123.525508 495.479177
132.818735 600.381031
129.605479 705.425926
127.064812 581.020604
128.733652 581.443491
132.358548 594.710249
130.892292 493.103715
130.760635 601.289119
128.530338 716.932302
131.047629 569.562355
132.577145 707.971032
134.652256 501.507088
128.793317 562.872312
135.732224 559.594748
128.993446 565.068103
132.292294 567.055609
135.002486 609.261205
138.225074 499.065415
136.442959 615.488859
135.536968 710.999996
140.587072 555.733492
138.659366 501.446728
134.449825 512.466359
143.826495 511.117568
140.812977 516.652337
139.662122 523.090337
141.295563 522.345976
137.760312 525.057862
135.085676 533.529827
137.797641 539.238242
141.867723 539.577847
136.541674 547.144326
135.053480 546.628169
143.960184 611.219594
141.525640 714.210936
146.976850 616.131897
140.973404 717.334796
143.635331 614.138952
147.017855 714.544726
150.255058 608.141377
149.387754 321.026690
153.504904 322.769999
151.041772 326.107217
152.077541 333.707981
150.360244 337.910250
148.377904 338.727558
152.157052 348.662723
152.314282 354.166010
149.526189 357.167292
151.160857 363.173449
151.970046 365.168176
150.411033 385.296344
152.168782 397.933306
153.647444 408.429231
147.653259 416.312021
149.999470 419.789279
151.256317 444.025416
152.542131 716.157111
147.730580 345.899171
153.307079 406.994845
149.241787 424.777931
152.098383 609.029553
155.184450 392.026702
155.314294 442.594157
157.740339 317.152144
158.713229 351.795038
151.202077 370.616908
152.178999 382.482002
154.497558 398.962890
153.276662 411.749190
149.634445 437.772770
157.131114 718.988067
155.010411 295.490456
156.095453 303.877696
153.917196 300.346046
154.470644 308.823002
158.505788 308.543536
150.236490 371.351901
154.264828 427.403623
160.515818 429.995012
157.584700 448.335505
154.462330 453.887258
151.741869 454.411448
156.264567 458.642095
157.593133 482.584805
157.056954 608.184898
156.630815 462.402175
159.899987 490.559159
159.365845 716.022276
164.290628 288.061887
163.336082 473.046596
163.524492 271.915704
165.771175 282.204109
163.243164 285.193643
166.188181 471.931358
165.229378 484.040734
162.275418 496.164757
158.216317 612.304134
162.801481 711.925229
167.492924 262.304858
164.191049 261.793219
165.501065 272.209241
167.722757 495.621420
164.101146 607.082797
170.052312 249.059649
165.082498 247.257002
166.259485 495.121453
163.976870 503.600826
168.083008 709.001267
170.440128 608.970528
168.896624 248.035630
169.228188 507.884565
167.334864 239.530476
170.703972 713.628925
171.353486 514.422696
171.345760 608.385835
173.290287 232.857210
169.038128 707.859696
176.260490 503.032592
173.664704 603.029403
176.879549 237.098812
179.529750 707.539749
176.873650 511.991357
183.732314 226.962349
184.270433 601.769695
177.252141 705.749150
186.132323 517.338580
187.507755 218.928583
183.875350 601.767157
187.006722 222.766414
186.390896 716.550930
188.612128 519.762190
186.634490 605.289178
192.345067 215.303769
191.767630 527.480311
192.900615 708.879645
194.881803 597.128076
191.807381 217.512246
195.219044 520.593759
190.430577 703.533883
194.402571 528.150739
200.041125 533.268575
196.556941 207.751951
199.225503 599.873485
200.379381 703.373776
198.580929 538.776013
201.688657 205.806976
204.204022 600.068521
201.650722 541.834140
205.414433 714.564263
202.006191 198.382799
204.651247 593.946972
206.880456 67.832393
209.795539 60.353454
206.606823 74.071548
209.033109 73.477151
204.382479 76.725000
208.198332 82.625260
207.816737 85.225728
206.724126 94.681103
209.307520 103.176645
204.711835 103.756370
203.022521 111.867407
208.025987 138.598112
207.580325 142.895967
207.772692 180.258184
205.157649 182.968933
206.137487 188.972850
207.152145 187.558898
208.327443 188.953241
209.054698 195.144031
202.039568 547.189085
205.304997 537.925957
205.843957 549.123623
208.089796 96.011151
206.521972 153.267580
203.571772 698.322269
204.636831 596.344518
205.886844 61.342999
212.894206 97.197765
207.501430 113.227575
210.168639 136.102438
208.822789 173.196370
212.984959 552.340614
209.795472 698.310265
210.704732 110.976937
210.619609 120.717206
207.600145 118.824149
206.364532 126.035889
207.765318 128.390701
211.709035 152.119908
213.206965 162.950425
211.339582 162.576982
211.408272 168.100229
208.715359 593.296034
213.002327 58.792782
218.947357 556.768564
208.491958 696.336982
209.559889 553.977826
219.962218 588.552767
220.962006 55.942078
215.709281 693.046415
221.653007 559.708054
219.850653 583.065795
220.286715 567.007374
222.278854 567.821821
221.863843 573.826684
221.965906 571.235482
224.511393 60.017665
218.998495 702.329478
221.905451 59.385122
224.346191 686.147894
230.441607 63.560140
226.471132 695.911278
234.404221 62.241682
235.433800 68.043668
233.844654 73.316202
236.177826 77.296767
236.918959 687.884510
238.557147 79.832229
237.816691 689.179657
236.449967 85.539520
240.463935 682.955867
243.896882 77.003518
244.329552 70.040673
245.778326 680.335032
246.959508 81.783536
251.060804 675.252013
248.248597 42.965590
247.214537 56.180214
252.453143 67.574335
252.091395 45.373849
254.581240 681.604463
257.967171 34.619762
257.163007 58.986795
257.986874 58.196463
253.723826 680.825190
260.527810 38.206463
266.790780 39.442963
262.033845 672.616673
266.402465 672.102473
266.033440 36.685534
269.656474 46.491446
266.795521 51.476258
263.081680 632.096482
265.806224 638.707328
271.819675 636.049356
266.554277 645.262904
265.382541 652.682356
271.342662 658.986298
269.920097 658.757908
269.914885 652.975413
265.456307 660.232922
269.135442 57.916401
271.993722 624.756812
277.096953 60.304414
271.476934 68.703968
270.193808 69.127538
270.968311 610.834825
274.913283 614.989592
270.615650 624.251917
274.190569 621.189780
273.690524 58.354772
273.867170 64.274795
276.710423 71.337245
276.497612 601.790277
283.118564 75.231117
281.985994 605.713165
286.589395 183.200137
285.097201 185.024677
283.134701 70.737852
285.245535 183.353779
283.924151 603.077679
284.716343 179.599245
289.732039 75.185404
288.054651 192.516568
288.941234 608.131646
289.280430 181.158141
294.179788 612.040488
287.224897 80.499860
292.377618 196.088419
292.947537 201.605051
293.187772 201.212886
294.508885 188.567745
295.540558 603.767097
293.444451 83.133615
297.787367 208.068312
298.112865 170.649844
298.534231 612.247926
302.531173 73.996658
297.976342 208.576499
304.767709 614.783829
303.650195 175.710862
302.634400 80.037494
301.228807 213.191175
307.691274 610.308792
304.593229 172.099844
306.199332 214.185748
303.447249 83.158902
309.560196 609.578920
314.286071 84.881471
308.614294 170.650496
307.988753 214.290755
312.931969 606.526326
313.152272 81.054166
315.725580 179.954701
313.725186 213.920420
314.384308 609.139932
318.484581 82.237764
315.238755 165.010510
319.629498 226.610545
320.085866 82.653415
319.664131 614.456636
323.978302 173.448318
322.334033 217.448197
323.858343 88.463614
328.074285 605.444645
326.161433 171.981263
329.673627 214.642417
326.865985 81.398757
326.753866 600.901049
331.295179 173.840298
329.846486 206.449679
332.436023 85.842619
335.064279 603.526928
337.465241 90.375840
328.729256 165.308046
332.395990 212.702078
338.354724 600.682062
340.027338 334.980107
339.320812 355.947777
338.008342 94.093418
336.756392 167.112065
339.627407 211.499406
340.678649 595.211091
341.051296 331.631130
343.705299 339.737695
344.126760 348.498103
339.259751 358.643744
342.407259 92.195295
344.284457 161.997852
342.991701 207.473401
337.599094 297.398285
343.678463 299.958712
344.936087 302.994349
344.362554 308.586307
341.704316 312.932122
339.655738 315.463544
336.925545 315.601994
343.355975 324.146003
342.681579 361.895755
343.992643 365.056148
338.211207 367.255503
344.588709 368.438429
341.964452 215.982975
345.044316 372.378151
342.139627 596.749411
346.735461 90.303283
346.339637 159.959289
343.418020 294.608903
348.704162 281.715537
349.369932 375.703611
350.230345 383.119868
351.334504 392.890107
345.334527 389.680483
347.628461 405.564616
348.220189 216.906686
348.448867 597.376360
348.490736 93.456579
344.089387 162.701790
352.005606 401.500003
352.169612 280.850586
351.864672 410.495661
349.903832 408.751272
350.708603 152.691672
349.092405 216.700182
356.464240 394.634117
352.449526 401.122355
353.099704 419.739090
353.279350 418.956997
352.520582 428.094274
354.225668 432.977046
355.519616 603.501127
352.163675 96.180950
349.919148 282.231852
353.576391 432.569473
359.325880 98.018168
359.807604 151.892366
356.421305 213.027676
360.027787 591.145808
352.507773 441.451681
357.266841 442.916197
357.988402 443.339298
355.462699 446.832396
357.586848 281.353188
355.730122 459.352108
359.287879 138.187409
359.175384 213.767142
358.823184 585.672920
365.901984 100.238356
364.443854 132.261048
365.666744 130.215707
362.556051 137.148376
366.077961 139.476111
365.277597 282.688384
364.001588 461.138895
365.210493 217.967891
364.751142 588.491716
365.208500 104.299090
365.672548 120.958520
369.807661 277.219466
368.744619 453.545196
370.164119 111.565396
366.663769 108.744886
372.308303 110.984010
368.132876 226.496618
368.973908 586.299175
371.287663 272.872962
368.099926 459.558275
375.350739 221.980075
374.715974 594.099688
373.331954 275.917528
377.051069 454.770331
375.530006 222.599982
374.398234 590.826189
378.906980 278.208485
377.275053 460.296400
380.827710 219.737641
380.639875 582.556986
381.563164 271.617289
386.509616 454.275577
384.211492 221.084681
388.337041 585.493662
381.823117 275.912369
388.116793 456.117011
388.901651 225.112541
385.600099 583.156143
390.196395 462.718141
387.811330 279.332516
392.890684 220.582132
388.627585 576.058393
399.257802 470.423482
389.097646 274.250131
400.676040 587.917889
395.851586 224.748329
400.496967 463.914298
400.016163 281.305613
394.743454 587.250532
398.664112 221.393601
401.646073 468.473050
402.817118 285.876247
400.638309 591.148217
404.035436 218.148481
400.904436 474.015042
407.186079 230.310014
406.445466 285.049221
408.500599 593.116325
412.400042 284.900129
408.520516 469.649958
410.269823 234.423855
410.948099 587.397237
413.518053 286.026933
418.990209 469.401323
415.656311 223.847866
415.239240 588.431876
417.065369 288.946343
418.152627 468.610874
417.063110 227.780567
418.084384 590.803348
419.479946 470.786003
424.301280 287.413547
422.310296 225.575202
424.269094 599.771230
423.130383 476.726362
425.442100 235.688618
429.247071 289.990482
427.388113 482.036155
426.800740 587.091609
429.224519 233.803067
426.210383 284.547322
426.260568 488.011520
429.502785 592.137316
436.257760 242.806171
433.659159 280.058756
434.245932 484.020425
434.276497 595.028080
434.112706 241.660759
438.769324 495.831747
438.387436 277.175768
434.986193 497.635814
440.000620 501.872447
442.638614 506.765796
440.276657 503.816703
438.799438 510.002722
438.644395 518.522414
439.128093 592.752565
436.222421 515.433416
434.034957 238.793271
440.282756 272.454763
441.070894 600.258940
441.905803 521.395647
444.511933 247.493481
450.208815 268.976107
449.991098 521.360537
442.726246 594.369960
449.628363 241.840142
451.423488 528.311191
449.204609 262.975509
451.543282 532.266674
447.551183 249.684281
452.075878 590.091944
453.082210 248.166364
456.221690 264.334500
455.140015 261.408895
453.139831 266.828999
452.755567 538.215531
454.183259 545.720410
450.675362 547.436663
451.371975 552.143036
456.248269 593.895926
453.794241 598.400623
459.018763 553.837030
457.580037 604.503429
466.242287 549.326611
461.918328 587.600226
462.955538 557.685377
468.835495 599.782481
469.945680 559.579479
471.374183 601.388558
470.492946 561.429995
475.547870 605.591153
478.716422 556.062460
475.113812 607.848976
474.382111 550.841400
484.941035 606.837500
485.915200 552.093409
484.760440 603.830119
490.748897 554.314285
488.997275 608.112984
496.639063 552.087860
486.365390 606.374072
497.802131 544.828959
497.313228 604.222692
494.504330 545.394225
498.313391 608.174841
501.214127 539.689183
508.123454 604.430695
506.439895 540.638096
510.469451 604.288631
512.746537 534.047708
512.754056 596.553347
516.558224 535.193499
516.301291 593.816053
517.960183 593.547042
521.068634 524.836866
523.235554 586.707694
517.734340 581.188014
524.756749 528.955276
523.155312 530.385397
531.925760 579.238213
531.711370 575.618788
534.528153 523.866979
531.798257 571.069484
531.797596 539.042054
535.614580 566.039308
538.492624 534.942066
536.359896 562.137304
544.093714 532.033442
547.042412 564.793371
549.182540 548.294853
547.902443 549.120338
548.280779 543.185045
547.993790 545.656130
