68.787126 351.798397
73.302461 357.256751
65.860898 364.030572
72.158661 348.352415
71.322606 330.289861
71.111478 333.971088
75.600806 340.769682
71.156901 369.016492
77.819277 368.060575
75.421373 373.779643
78.674993 331.135658
77.834894 374.858794
78.485847 318.391347
81.237264 320.694852
80.636645 374.280883
82.941312 315.209452
90.532006 379.968414
86.467228 310.598200
85.030154 372.097880
92.068770 302.404001
98.379966 378.248875
98.375945 305.376333
100.159800 381.560442
98.905125 294.941862
100.829843 382.465669
101.435664 303.839388
101.015152 380.297550
106.703661 291.510478
112.308570 381.433585
108.892652 285.032844
111.337439 378.716255
120.640016 292.176638
118.616414 373.915344
115.085191 280.490524
121.349793 363.775997
120.614056 286.970702
120.453879 368.925092
125.477825 288.928560
128.809130 370.430680
132.093683 288.138038
130.183344 364.515301
129.795173 281.339486
137.532828 371.767166
135.143637 283.749744
141.093031 360.498096
140.999207 286.731661
142.716707 370.024557
140.202886 281.383932
147.869508 372.676871
149.696543 290.712774
152.401503 370.086053
156.242632 272.035984
152.161020 362.702899
160.322834 272.879387
157.898482 375.690128
162.118760 284.903927
167.682171 376.726414
162.610177 280.903726
163.472444 382.994832
164.112016 280.836346
168.641652 383.872357
169.847904 389.751867
170.631219 277.194317
177.713906 378.387277
178.193032 270.626648
176.560955 370.063054
181.914646 275.204611
176.008636 382.386013
185.152943 274.521519
187.435397 391.874384
186.438979 289.812704
185.955312 396.882600
186.585636 278.820756
189.818635 397.513159
199.635735 276.911708
200.512558 394.938333
195.299919 287.043093
203.597123 407.267273
195.193640 285.659371
202.383503 153.663019
198.389381 151.684026
203.550314 149.224829
195.053742 162.950722
201.390162 168.209945
204.153844 169.428291
205.641027 177.501836
200.492996 177.354121
199.188448 180.646216
202.395587 191.421422
197.606571 192.048267
198.910782 191.751465
199.488536 203.526196
201.368526 203.867534
198.675511 205.199535
204.706782 209.848117
198.012187 212.124527
198.110985 219.519310
197.405460 215.297704
202.541031 232.125431
203.172001 236.661625
206.274631 405.201439
199.833898 240.347881
206.127528 281.651003
202.855651 145.721422
206.429670 227.311892
208.756404 218.404480
202.448579 400.830705
205.355572 139.107609
207.696608 239.903694
208.924143 249.754337
205.947263 247.848256
208.537656 258.274054
210.883134 256.830298
206.015099 281.736979
210.977228 407.093374
207.580285 148.669133
213.535863 262.661208
203.538723 282.380965
208.599651 269.687681
211.097165 264.052791
211.336385 270.258960
206.116480 408.134763
209.521290 138.005026
219.503674 416.290241
220.099804 421.948037
214.730275 134.533879
220.484947 418.090962
223.232748 147.211100
221.849345 428.115651
228.771709 136.943105
227.508950 428.479339
234.372096 133.411125
230.485047 428.349847
233.473753 139.422377
231.664695 429.071408
235.509296 430.443072
236.494749 139.919057
240.818226 440.124569
243.432483 134.884966
240.854105 135.448413
242.860933 444.506016
244.912264 141.443088
245.901753 449.435035
251.337868 144.017924
257.550546 450.583448
253.057519 454.994398
252.694065 143.408823
253.773740 143.192327
259.803951 148.396023
260.739231 454.432255
265.759841 457.271218
266.306328 149.495388
266.355329 463.513778
265.004054 152.710437
270.970503 158.665137
265.581364 471.356082
273.021686 154.034428
274.332531 466.686298
279.174288 156.145647
281.232402 470.748320
278.445476 162.289556
286.732422 466.346762
283.675913 168.701551
283.223450 477.135621
288.216912 162.004597
290.473716 474.071092
291.101681 158.449981
289.324639 482.404761
294.124416 164.247972
297.057334 176.620130
290.507269 478.601485
300.477644 482.015953
303.614243 171.098098
304.121077 488.822485
306.249669 175.931318
308.913663 485.322555
307.628883 176.089965
311.617488 481.108216
310.270063 178.220019
313.024254 176.110862
307.143242 485.867252
316.929508 182.824325
320.315845 487.523948
329.460984 171.391303
318.913402 486.755606
322.302775 187.434046
325.018179 487.270589
333.091614 183.187112
332.286343 485.438436
332.054443 187.433991
338.314564 481.677998
340.972670 183.916218
337.025020 488.686044
338.317548 188.254770
344.367434 486.006065
342.616864 191.654267
344.909795 482.876007
342.868006 190.728003
354.106188 185.610024
346.679890 490.792332
357.511304 181.461379
354.225968 497.006857
357.911998 143.340241
358.147887 146.519264
359.751332 152.459814
355.204874 158.795622
357.307700 163.770005
362.190369 167.181516
357.235307 172.357179
354.161329 176.533645
358.176057 153.906967
357.575534 483.934719
358.831229 134.030040
358.333257 146.842394
364.287963 127.858072
362.568668 127.210116
362.561147 480.075593
364.012244 122.389470
367.445979 112.677688
372.120427 126.407163
365.416115 483.202593
370.336340 108.158843
369.068493 482.619864
374.035551 105.982506
375.370524 481.587683
378.288511 97.921428
377.156320 101.224727
373.799334 105.590214
379.716054 486.478893
377.926777 90.829617
383.770262 89.226266
380.468365 86.321220
384.809912 487.084710
380.726365 78.025740
390.066157 494.493504
388.935797 75.958856
389.281360 490.658285
392.097783 63.541819
391.911716 500.379931
394.813641 74.091036
399.000852 492.029966
403.920954 64.669579
404.532053 491.375745
402.425096 68.959006
409.811312 494.069044
408.371739 67.621002
407.818251 492.139922
413.313587 55.269026
415.693380 495.629033
415.079633 52.364638
417.115964 497.301030
421.085172 50.782793
417.847933 492.900198
429.983855 57.466096
425.333143 493.926694
426.395022 60.290940
422.328682 496.063203
433.440230 61.033477
436.384043 494.178157
438.353605 54.496285
437.453097 492.437522
439.499420 64.939808
439.981752 490.556017
444.683105 67.290045
444.003763 504.307338
450.953969 497.700894
443.522527 68.080941
446.786994 83.369925
446.505257 112.115155
444.525412 112.491746
443.588177 116.886819
448.124099 126.700109
444.927518 123.014941
444.201712 133.773594
445.015109 144.484248
447.365568 141.058170
445.652879 144.841825
450.003035 152.443319
445.711383 150.488597
446.526610 154.288180
447.655400 154.612495
441.712525 85.448696
449.943684 97.631731
446.847477 165.071944
446.951244 68.833555
447.646552 508.247001
450.963918 74.123960
452.151820 86.375572
450.297025 114.710705
452.819403 101.748882
449.978834 83.867953
451.774369 164.944250
461.579573 177.076832
453.434808 171.238662
454.049521 178.040019
457.933832 185.059683
454.007075 189.974086
452.650295 505.749991
453.032105 191.991574
449.590361 509.315437
456.705320 194.805002
460.035306 190.263863
461.133255 513.677233
462.482023 509.601352
460.039803 517.664204
467.434673 205.627098
467.924094 206.176119
468.293907 206.831756
468.577507 516.943002
465.200727 211.299419
472.094363 224.228691
469.563097 216.375957
474.292434 519.518765
463.963097 517.883598
475.594256 523.240447
468.473189 524.071786
473.253227 218.960516
467.751145 226.261517
472.819316 234.942055
478.154695 535.084334
474.843592 229.649851
484.483322 463.838526
480.510360 471.221411
473.794604 469.773620
477.304384 479.076037
471.552858 477.948796
475.000337 529.543180
483.098485 534.769553
482.168060 234.432273
479.715517 459.242151
477.727239 237.748001
486.767367 242.650755
483.419204 251.087884
485.653757 244.102514
476.327762 454.882269
484.534224 482.596164
484.277097 479.348978
487.079873 534.537672
488.200828 557.511519
485.283835 543.534082
488.914489 559.422508
487.416855 245.013913
486.646081 451.224437
497.712796 429.758490
484.010622 433.176830
488.554112 443.185662
484.080667 493.799081
488.331714 547.795457
486.565449 246.164206
496.599177 427.905895
489.257947 481.790530
495.065445 559.678514
498.405730 255.345622
492.265504 257.828754
490.746826 405.397831
492.915732 403.248301
492.495918 411.604243
500.227036 416.641391
497.001560 412.151038
494.089705 416.366605
495.668849 264.585709
500.624181 490.003324
496.723587 494.718686
494.609808 562.122690
490.334319 393.512903
496.733017 271.560436
498.715810 270.458408
495.219471 381.387019
495.798885 388.426268
496.529107 400.408383
501.343770 501.019736
499.094089 505.147698
496.059261 270.304641
503.911534 515.581596
503.453536 560.899693
502.338172 566.207468
498.074451 574.494876
503.074738 372.746854
503.188291 268.938936
499.533841 282.368148
501.819087 286.616708
502.452030 294.284642
504.855259 292.379206
500.711907 509.061438
505.219950 514.306687
508.302325 527.209498
505.562151 376.950885
501.993127 574.686291
503.436370 581.857374
511.395491 581.200207
513.317696 301.045548
505.859557 309.376816
511.291465 318.231451
507.229928 346.248080
511.650638 362.746618
502.881922 367.569229
506.015272 370.340862
503.518928 517.975954
507.336531 525.195073
513.708452 522.687927
511.097720 298.760169
502.952467 537.008456
504.966786 580.568093
516.620109 308.643172
511.555895 320.717907
513.612390 339.051682
509.485998 354.217306
508.058126 357.533750
516.910139 594.388509
509.770458 304.696648
512.225827 325.661980
506.671905 330.529541
512.975594 339.818278
508.636239 337.368494
514.847323 336.513988
510.748751 343.908794
519.493687 532.093255
516.712480 594.416941
519.204154 537.421322
519.761684 538.358761
520.709743 596.822208
518.473861 593.579094
522.642338 604.547188
519.736491 552.897271
522.760979 556.609102
520.535466 552.915013
522.911745 600.997158
526.116686 601.710223
523.752487 610.820732
525.172983 559.863180
529.833796 561.019513
530.917453 570.316493
524.463330 613.870412
527.118298 617.985459
534.298939 630.029307
535.528665 565.238759
536.639088 578.865499
533.294703 569.616883
534.411097 620.804343
537.992085 631.288395
537.970696 627.108369
542.995013 576.182689
540.959966 643.766382
536.388176 641.896480
539.762021 635.363803
540.031112 580.587913
552.227788 580.259837
544.216072 581.141212
546.440025 648.079671
543.986437 657.307596
549.370530 652.752136
541.645260 647.761093
548.143319 587.550137
551.814833 589.614788
552.489239 590.788184
544.918049 654.416921
547.458515 665.598201
553.857815 669.612265
555.003591 603.035646
549.620636 606.309038
552.842145 604.398742
556.689798 671.572432
552.268700 670.921148
556.462410 683.785171
558.071021 602.895495
554.675622 607.344337
558.973449 610.621826
560.908991 680.690314
564.965432 682.600451
566.782650 690.325299
562.536802 614.480253
566.617739 682.787157
566.861906 697.858820
562.129068 701.899912
568.931276 606.780093
563.548809 623.027967
566.085060 623.639852
571.545139 706.952664
568.949235 707.846308
564.096981 702.066003
574.652411 627.603393
572.350400 629.275371
579.684418 637.814565
577.482319 713.579773
579.328008 713.041537
575.417963 714.418739
580.280297 636.307996
579.560830 637.362984
574.472528 640.262026
586.615336 727.694933
582.558846 730.990959
578.402968 721.793581
576.215336 730.905887
581.626526 646.074046
578.045920 651.178667
588.526110 651.828470
585.901039 732.681356
586.595819 743.126316
586.099699 739.481727
585.163597 663.470762
589.527144 750.689391
592.340923 748.758858
592.831360 754.579315
592.191953 655.079909
590.455365 654.874651
593.489031 659.514962
598.811759 759.040011
592.533219 768.524008
592.766213 756.701189
601.587032 665.722154
594.886073 659.578922
599.706188 670.988612
600.245408 690.888775
603.383473 767.486245
604.403552 762.481468
602.893788 774.130623
604.448557 676.601073
602.973564 689.882470
599.005955 691.830317
605.978209 771.160526
608.954311 776.895804
606.885749 782.474426
605.781056 688.509417
605.855560 696.251687
609.557312 706.431150
606.679380 783.790659
608.215921 784.600604
608.986886 789.703253
616.898173 704.351431
614.826891 704.325610
609.246732 711.675809
611.882695 798.302691
617.522262 791.169479
618.738289 803.135996
617.219054 807.852141
614.044162 704.843208
615.168875 718.119443
615.289378 723.589375
620.718850 812.814122
619.587503 816.089516
625.031958 820.382447
619.679313 721.961451
621.118281 726.411570
624.502449 729.196544
623.115680 823.685649
622.865583 823.876301
623.914792 826.426594
634.090644 728.368328
622.276475 731.966239
631.805226 734.738503
629.158446 832.245358
635.398282 836.130967
632.447358 834.357535
632.345268 740.618783
626.662805 749.116888
635.535648 747.964815
631.425265 754.069131
634.730254 841.451460
637.282395 839.109617
634.223030 846.414081
636.832747 753.409506
637.735140 757.387967
639.550956 761.982807
646.022464 845.132076
647.682207 860.159628
636.491274 858.242057
641.873744 766.093911
643.776183 765.118547
646.377223 780.528981
640.728051 862.776696
647.396148 861.931724
642.169171 865.299121
649.267701 769.319824
650.759114 776.607764
649.680584 772.831454
648.251666 878.559118
658.510912 876.626636
657.607703 875.528313
654.095106 779.811433
654.819793 785.033586
655.765473 794.126622
655.959190 875.637832
656.930482 795.879347
660.938767 799.716112
662.233879 808.097750
657.815715 881.406800
659.391698 886.859735
660.797074 886.973196
664.037396 807.455060
667.311963 811.436549
660.808406 817.327453
659.226921 819.029982
667.608968 891.440399
666.273806 830.065330
662.100586 824.044480
663.624098 826.234630
669.538433 881.291735
666.877927 896.267907
666.333165 887.932428
671.995171 827.675531
675.637942 842.212432
671.071020 840.876231
670.631080 839.870265
672.813157 835.024366
670.387170 844.500125
675.031848 863.075627
675.767837 860.893287
671.281454 877.635767
665.931448 861.272132
674.018172 887.651813
674.161046 871.749493
677.277695 880.935744
678.823234 877.257866
677.632869 887.569332
681.671697 884.197195
677.777649 892.102765
