200 242
200 252
203 262
206 332
206 342
206 356
208 234
208 271
208 322
210 281
210 291
210 301
210 311
214 363
218 230
221 352
222 130
223 140
223 332
223 342
227 121
227 360
228 226
229 148
232 158
232 168
232 212
234 178
234 188
234 198
236 116
237 360
239 338
239 348
241 328
245 111
251 327
255 108
261 329
265 104
271 331
275 101
281 335
285 98
291 330
295 96
301 326
305 94
311 325
315 92
321 325
325 90
331 329
335 89
341 331
345 85
351 335
353 78
361 339
363 75
371 341
373 72
381 65
381 343
388 56
391 345
398 54
401 345
407 59
411 345
415 65
421 343
423 72
431 340
433 76
441 337
443 80
451 86
451 333
461 90
461 330
471 92
471 327
481 94
481 325
491 96
491 325
501 98
501 327
509 333
511 100
519 333
521 102
529 331
531 106
539 329
541 108
549 327
551 112
554 336
554 346
554 356
559 172
559 182
559 192
559 202
560 117
561 152
561 162
561 212
561 222
562 363
565 350
567 125
567 142
567 330
569 228
569 340
572 358
579 230
581 363
583 292
583 302
583 312
584 351
585 266
585 276
585 322
587 236
587 332
593 244
593 256
