24.135260 290.093041
26.060346 288.909196
21.063167 285.007485
24.482627 287.123938
30.408330 294.365815
21.170779 295.489597
25.527565 296.298029
24.049102 296.872127
35.187060 300.550169
30.974537 303.397659
35.567879 298.587108
30.145325 300.879695
36.024006 283.959194
36.048492 282.583880
28.909639 283.844282
31.149193 279.954816
34.447681 315.271590
39.985550 313.934234
37.772253 315.151468
37.262864 308.641869
40.141955 324.309810
40.417042 328.748032
43.659979 328.426885
41.713596 320.874097
41.875689 289.361291
40.363065 292.557258
42.858852 290.514244
44.256428 288.625100
47.892869 333.955347
51.825890 334.235646
51.139587 327.805376
49.016880 326.665275
53.049185 294.545001
52.032647 293.637308
54.533290 287.899425
46.822368 296.360220
51.938742 342.104364
52.927056 335.744390
50.922374 341.613240
48.086600 339.014366
60.217496 355.542657
56.965630 348.976448
56.925217 349.085758
56.519833 349.994409
57.827499 304.139109
59.824157 305.938540
61.332539 301.102238
55.552323 296.655765
65.836369 361.663716
60.326294 359.689459
61.196825 351.965708
61.737023 360.475645
68.719130 365.192869
63.020793 371.281715
63.174178 366.664739
72.595925 366.865542
68.399701 304.127534
69.834409 304.161588
65.310453 305.106186
68.966792 305.708788
73.537731 384.185917
68.513853 376.057149
65.446435 381.043634
69.162032 376.541589
77.021828 310.474518
77.520486 311.045698
75.381922 315.463777
73.015682 304.642803
82.357512 388.546285
75.884641 386.859329
76.368984 383.743564
78.977781 383.358253
81.212278 396.303372
84.549951 392.473524
90.533315 391.722554
84.981482 394.959143
90.089285 321.475474
89.001455 317.265768
86.566035 311.867790
89.066001 311.302261
86.011753 400.838102
87.613493 402.196678
91.913287 396.650431
91.825919 408.869504
94.316174 411.477664
93.567452 410.993824
100.507192 413.293651
99.627469 409.543477
101.556823 321.158891
99.458933 322.833059
97.412378 318.876524
97.318592 319.498066
103.645990 419.989970
94.737109 416.535956
102.052932 414.726161
99.008902 420.825859
107.758696 434.067860
101.726860 429.562842
107.792635 425.316500
106.034119 429.837803
103.396807 171.294883
105.256903 164.936116
111.341815 165.826696
107.991920 164.900847
98.263601 178.449379
104.055107 176.846906
101.444534 175.992262
103.934839 176.813862
108.049990 325.931351
104.529253 319.987727
98.537623 323.881922
107.482485 326.452871
109.303274 438.942808
108.579937 442.342148
107.347165 445.225773
102.183373 438.207520
116.916110 188.415712
110.780992 188.160729
106.143350 179.573448
113.315971 187.315531
112.722447 160.052268
117.331115 165.983323
113.915771 164.025871
115.579785 162.981411
112.988762 329.693752
114.052648 336.948781
107.527042 332.099345
112.301831 334.070897
114.371758 451.245225
114.035292 447.057298
114.836575 454.119744
115.251602 446.110477
117.161792 189.576251
119.982785 194.214618
115.772718 187.767573
117.366966 193.920600
121.921690 338.599820
123.069239 336.070417
122.268481 336.290010
122.557329 334.321211
119.053422 159.222185
122.422505 158.870837
126.226988 158.669293
123.233166 165.601972
123.925765 449.712470
126.508749 451.453629
124.031112 448.256326
119.749255 446.029757
124.486607 202.580821
127.706695 198.514024
133.555628 202.559335
128.712348 192.724841
130.455553 436.098583
130.437111 445.997792
134.104716 438.297313
124.460021 435.244849
127.388083 343.830513
139.902031 341.179910
128.575231 335.299002
137.091485 339.525027
132.184872 161.945035
128.897722 160.276994
139.420082 162.822647
133.454488 159.191588
130.715270 204.156657
129.361942 207.964339
137.971971 205.023282
127.608655 203.078278
138.531573 428.791929
139.320984 423.029926
140.526383 427.959072
134.382009 427.283728
144.654907 216.893230
139.027839 216.006767
140.195073 216.526706
139.566842 215.672328
139.824866 415.342788
141.021906 420.050501
139.696441 412.137598
140.548236 409.446430
142.626518 166.651412
143.790089 157.178405
140.830121 160.478184
145.951179 161.338281
141.699250 344.871929
141.222206 342.376244
143.167120 342.325322
147.806328 340.054096
141.108568 392.784318
140.800553 393.625870
141.548427 399.009038
146.187706 397.647735
145.891620 406.060236
146.921022 405.608948
144.202873 398.327000
142.948878 404.956936
145.782076 227.093278
147.917153 221.343523
145.321448 218.283751
140.894955 227.158979
155.625290 384.527110
150.617530 381.826803
152.035436 382.573975
150.313048 385.164388
149.355030 234.638362
148.650725 230.670304
152.393828 231.676050
150.405003 236.150321
150.502248 166.232537
153.115511 166.698683
153.153757 168.770799
154.361847 168.136274
152.529114 339.941291
149.227523 341.645871
152.014459 343.558020
154.102144 343.704034
153.309320 380.396031
158.009825 373.906006
160.504706 375.009629
155.507544 378.168097
161.575846 240.104785
162.156058 239.027724
153.358248 235.476316
160.111353 242.931931
161.364149 168.665519
157.947911 170.526745
160.889465 173.375876
158.487988 179.118938
163.306707 337.303016
159.624533 341.085313
160.761072 341.011538
167.080450 340.008090
163.615211 247.553946
165.846645 246.090664
165.403307 249.110075
168.794076 247.580175
164.945876 324.022563
170.789916 332.106488
169.729493 330.748296
167.243900 329.010296
160.930907 376.563127
166.171265 373.869174
166.299059 371.248556
166.478226 374.704317
176.939044 176.777640
169.208785 169.569679
172.394167 174.985109
171.342438 172.397308
172.054367 254.357921
173.586424 252.357255
170.578327 251.978691
175.117014 250.608264
176.435174 324.452965
179.114699 325.301118
173.131766 329.430177
176.244740 324.757648
181.486629 376.107119
178.979967 376.037607
178.748903 377.325279
178.286102 374.884946
182.291200 177.295406
180.151184 177.951156
178.967596 180.925797
186.235368 180.229012
180.901957 256.028703
173.843334 266.846695
174.461156 262.983433
186.743739 265.567918
186.528564 272.104143
185.578969 271.070281
185.027035 271.796073
185.009183 272.726934
184.729858 313.747318
178.132666 318.851258
182.436881 321.748754
185.684438 318.166322
189.009205 380.147808
181.969764 377.276561
187.472012 379.730411
187.752081 382.145458
192.902390 182.459803
187.325319 181.178815
191.034782 184.155683
188.962603 183.365490
191.718861 279.748989
191.603210 282.313455
196.947669 282.935826
192.218604 274.763100
190.704162 315.945456
193.836897 323.142877
190.714137 319.171830
192.915943 310.315907
196.767146 384.281384
194.178440 382.184336
198.880103 380.601378
199.627609 385.293412
198.896214 187.923720
191.390307 191.958710
193.760566 192.292462
194.796325 193.201561
196.010666 286.045886
203.960794 285.038622
198.453269 290.944888
201.551829 285.982790
198.275793 294.808562
200.652986 293.869787
199.358978 296.960196
200.541404 294.211958
208.820287 301.430335
203.745107 306.663405
209.144836 312.000803
200.151400 310.386806
200.498306 389.853349
209.480158 383.409938
209.135374 394.884264
205.044848 389.500959
210.550028 198.340112
211.303349 198.802177
210.901592 192.667090
203.506838 190.975577
213.770936 392.090221
219.635271 393.250240
213.279729 388.197845
213.167022 388.643537
219.774142 192.104998
218.355213 193.979838
220.606846 190.003154
214.432504 192.495045
220.902015 196.654247
224.842802 203.868161
225.927752 197.457168
230.929339 196.350182
225.103701 392.951446
222.367506 389.562230
229.481257 389.238800
222.316278 394.798236
236.032233 203.741725
234.013731 204.229063
235.050320 203.762525
239.786852 198.654150
237.233778 393.810923
229.851873 396.880334
234.535165 398.542203
229.395569 390.108688
247.665907 206.617861
245.923946 208.691939
244.823427 209.552538
244.123002 209.937107
251.103893 397.504870
242.055102 392.396156
243.703430 390.063150
245.042403 395.748354
251.241332 215.553875
251.639202 216.132396
252.126684 215.017589
252.992668 211.133510
256.594832 400.390107
256.604991 392.881316
251.886758 399.450142
258.885269 402.904708
259.471349 224.771244
261.856977 227.201215
264.042909 217.230361
260.641831 227.195899
267.729225 400.881714
259.212520 404.678830
266.624557 400.424890
267.560095 400.982571
269.913414 223.988552
270.148274 228.870296
266.474058 228.514238
268.496000 229.224826
271.225774 409.440943
275.374581 409.337686
275.660243 403.463722
270.683834 405.465914
279.193468 414.790716
268.097352 418.740495
274.610079 419.352358
274.186136 418.375490
279.850568 231.432851
272.744601 234.349925
277.379925 231.965413
275.579707 226.816031
278.151697 434.368285
274.334728 426.256695
284.017645 431.255876
279.945144 425.348558
282.813373 440.697786
279.710073 435.718599
286.555823 438.331705
291.154857 438.774986
285.915963 444.158384
283.862649 452.084654
278.907617 442.531375
277.748832 446.739045
285.939227 234.268385
293.034205 234.820430
293.425675 231.615082
288.122669 239.751388
292.472715 451.159283
285.791955 457.181203
289.112355 456.094945
291.489212 458.978612
296.679316 467.687659
300.228203 463.567472
292.345925 468.608277
294.082367 464.721840
289.348048 472.597158
288.948913 475.241913
297.029087 474.314468
292.706820 469.463042
301.461223 487.783973
301.652115 485.657129
291.521699 482.737391
296.654459 492.043537
298.218911 236.700793
303.127171 236.062109
292.434122 235.258269
301.216803 235.323658
301.332420 494.789688
303.998991 497.349744
308.921649 493.798988
299.351737 494.479356
297.109983 501.059053
304.000547 504.002576
303.699360 505.048705
304.500836 505.217525
303.728562 513.795918
308.142680 512.608438
308.836422 517.001124
309.735323 512.824970
310.198379 233.114872
303.284436 239.052226
304.365381 233.463307
307.930182 231.347415
307.605293 525.943668
309.080737 523.393547
303.129566 528.339532
306.528764 530.664882
315.752786 536.646226
314.790432 531.280814
314.422734 539.450820
310.358459 536.642822
313.490852 230.787064
318.398553 233.150524
312.474531 230.949634
315.199594 234.880506
315.597609 536.475490
322.772023 539.338573
319.889387 534.172443
326.533756 541.834280
327.702673 234.258106
328.578156 233.963221
327.606279 229.335311
328.024304 234.123029
327.755470 541.228453
334.625090 538.928357
330.332751 550.648400
329.020212 551.127828
332.416750 254.563522
334.995032 249.998822
340.557575 249.014072
337.995475 247.920022
343.705750 260.687641
337.323714 259.538883
337.465154 253.406181
337.205640 260.842690
340.923165 237.506229
338.027938 234.146500
338.418530 234.317328
337.046136 238.388241
342.801963 543.851122
340.316448 549.614154
343.095394 543.856940
340.659145 549.689635
348.609425 252.135205
347.494404 256.612511
349.946718 253.520171
351.098403 248.520607
350.411980 264.568556
349.393543 266.388001
345.834513 261.486789
347.922888 264.322830
350.505848 235.314123
352.035261 229.773393
345.079014 227.320638
344.817684 233.712140
350.246531 543.887179
352.549243 544.946484
351.022319 545.019661
351.001865 550.977497
360.118424 248.002323
354.994838 249.994933
359.575236 245.792057
355.119362 254.267934
354.677448 272.735913
355.720859 264.140019
355.802644 269.733599
350.481579 267.660751
351.226315 233.249427
358.958816 227.225124
363.209164 231.053593
358.485564 233.341090
357.806130 543.387868
357.416837 539.750656
362.997796 544.850066
356.246691 534.155348
357.619739 242.104468
362.537741 244.940970
361.176417 248.065722
365.239486 246.509892
362.323254 279.543056
365.241562 272.091443
363.723294 280.865071
367.774058 273.625940
368.662662 529.805373
362.194003 531.604441
368.404278 533.160193
361.560978 535.999492
372.454506 275.885825
379.288775 272.763195
374.604951 276.991464
375.455119 275.662938
374.822566 520.388539
367.779253 521.722263
378.895928 516.986365
374.487070 520.641886
384.136705 282.868874
387.085668 282.754464
381.482292 286.790606
382.942038 284.028916
384.168932 513.012490
384.397451 508.766026
383.276069 516.521035
384.178987 514.308603
388.217767 500.465674
388.034333 498.861508
395.084105 504.116314
390.093909 494.562306
393.524659 277.314706
389.112830 284.398929
389.692962 285.987135
391.609150 277.775092
393.205084 490.532965
401.673866 489.852723
396.970091 493.255879
398.209712 493.401469
402.345195 289.454092
406.940617 293.212856
402.194722 294.990298
401.555098 293.916270
407.245477 470.628132
407.811125 466.081836
409.763840 470.593051
409.535431 464.477399
406.631576 472.992723
405.217772 481.247789
404.972448 479.967114
403.698451 479.892796
409.833343 460.089003
405.345714 464.094515
404.907454 459.650144
411.962216 456.799410
410.147416 293.481363
412.323277 297.255303
413.049583 292.383366
414.616701 293.675105
419.012309 455.009953
423.719717 459.389684
414.841738 452.396120
419.702962 454.284540
419.791885 296.847937
419.926201 294.760110
422.575960 295.385737
420.401352 291.536976
434.395888 450.804005
425.259814 453.421998
429.356110 452.548090
427.844199 450.079668
429.095947 296.392849
436.270803 293.439861
426.684429 292.274624
429.563838 290.806939
439.126773 448.144479
433.248928 448.596322
441.548525 449.480113
441.694186 453.013551
443.886600 420.133177
437.202953 414.322921
444.040780 414.380074
439.294021 422.010102
440.613022 291.618236
442.888639 295.102491
443.878858 294.308911
441.693320 292.527107
451.570043 422.370621
442.588698 424.514300
443.572718 424.312533
449.615788 428.337439
447.324710 404.453747
447.366077 411.311157
452.363826 404.654888
443.030993 411.189724
445.885700 451.497891
450.468966 451.909801
443.137638 453.137876
447.344439 448.054306
452.070822 289.325094
453.752636 295.368349
451.502813 292.817014
447.700778 298.387325
455.643832 401.218028
451.695001 398.770316
450.446055 397.443013
458.796239 401.355587
452.994852 432.139253
456.481499 426.170897
449.483418 422.628061
455.024379 419.806661
459.290429 380.980950
457.280199 386.811184
457.145514 386.854186
457.257782 386.945175
457.885816 449.684724
458.063723 449.961298
459.177130 444.970184
452.480347 451.402163
462.639362 298.654456
462.460198 296.454472
463.549190 294.010022
461.193280 295.171579
466.763492 427.740118
466.737019 430.659935
472.373284 428.530673
467.208899 428.539456
468.035820 377.830027
468.992264 382.729603
462.390224 386.037570
470.057192 392.192915
468.003075 447.856117
473.160044 452.578830
469.481080 442.983043
469.578750 446.492916
471.455687 298.578780
472.097952 294.637008
475.427432 294.109454
464.604803 300.595054
473.606083 430.730799
474.600520 429.705729
474.623684 429.534228
474.030591 430.709561
473.712596 380.830047
477.458883 383.851954
481.678858 382.661563
480.523572 381.572149
475.880526 444.165198
485.280711 443.945092
479.005846 441.105877
476.250851 446.994976
480.993541 302.563633
479.939948 302.648052
478.617609 305.659830
477.051515 306.590270
483.140970 430.039794
481.205066 427.573583
481.464891 431.303599
489.522734 429.931043
489.813653 380.023490
486.206740 379.371283
486.312983 379.658184
484.245642 383.027427
492.428130 302.708517
487.385895 310.513255
493.247941 306.621278
492.774535 309.031337
503.180393 377.426504
497.058257 381.529368
497.698601 377.500296
496.643139 386.051423
496.576010 298.434470
503.925285 301.540919
494.783946 303.600197
500.328495 303.668195
508.107340 379.987136
509.367125 382.773779
513.360249 377.265669
506.104775 384.819473
508.835210 309.246540
505.455598 308.460509
511.809631 314.907501
509.072647 309.161979
515.576301 370.859234
513.410819 367.391355
511.749866 366.141422
516.020332 365.564223
516.475205 309.184499
519.596992 310.913558
518.968759 314.086516
513.541504 308.885188
528.704487 366.672383
525.723846 366.031549
522.826253 367.162869
526.777842 364.887277
529.245594 307.484907
527.902292 319.222709
528.134696 311.479729
529.081004 311.769392
533.423282 366.858858
531.896002 364.369591
533.593559 366.693276
529.319403 364.912288
542.616325 319.292683
541.079078 315.218790
534.940884 315.697568
539.746016 313.602418
536.609793 350.848764
542.317032 350.625156
541.162891 353.467716
540.905742 356.504296
542.624439 316.000617
549.078588 315.212183
555.179031 313.250133
546.422145 317.153551
555.790532 347.698721
550.085512 349.637534
552.650680 355.445800
543.315678 353.939289
559.181019 312.488720
555.317156 312.240575
554.891858 311.506118
556.427090 309.414383
557.228783 347.793174
556.739136 349.556313
561.687859 354.301473
559.110066 350.157142
570.625205 309.109136
566.907762 315.117223
570.194439 311.127404
569.429044 307.574901
569.004461 349.900510
572.844627 355.932291
567.046302 349.550338
573.218507 354.790500
582.569249 313.587675
573.224732 307.233194
575.361735 303.935521
578.095720 312.713194
575.845470 348.520413
577.900715 350.599946
582.180266 347.155520
581.208381 347.874424
583.529657 340.300191
587.196365 342.126272
584.080239 341.754944
587.010461 344.129927
589.716103 309.313685
595.302904 310.030431
589.570855 313.417705
590.204939 311.609066
600.594546 340.028485
591.569084 342.487855
600.400121 348.552421
598.405423 345.694131
595.000439 305.559882
600.066918 307.012569
602.994970 304.005932
595.411008 302.519759
610.384837 315.311861
606.848629 312.210625
602.424218 312.761893
608.370644 314.432381
607.292970 349.193227
603.034860 345.776760
600.573268 345.889345
606.647890 345.611635
617.168448 340.158555
616.681106 345.433147
615.793421 343.464649
614.092193 342.777384
616.058635 320.364624
621.396898 313.783815
619.534807 314.102972
615.042134 313.294540
627.313492 337.936329
621.152356 341.257997
628.135198 335.758969
627.624109 338.406215
628.108705 314.051866
628.965752 313.416704
627.053791 315.928730
629.935333 316.960315
633.963821 329.835204
635.039971 336.664551
635.797582 340.997862
635.722515 335.627460
640.886763 314.308130
637.095390 315.805831
639.059345 321.426403
636.466795 321.136040
644.390721 322.445313
643.585097 320.115059
645.907711 320.765642
646.143764 317.022794
