96.775295 206.863703
93.219616 220.935677
70.674384 215.534849
70.814540 236.564443
80.397089 250.663229
112.020164 211.671008
80.944989 257.111477
80.050929 205.483243
62.595848 247.946303
70.843719 210.834387
90.476314 201.489996
68.143698 238.312901
95.812801 206.013095
92.959318 259.785696
76.554495 258.370462
76.721245 265.108555
117.278396 260.370424
93.936196 201.868781
102.474872 273.850154
110.837878 182.912683
99.601323 268.750744
111.594168 195.541025
105.738951 265.397844
100.064630 186.198653
102.205046 277.116655
110.047040 163.105411
95.024008 178.409481
96.972311 291.713733
126.723117 274.971734
101.463512 272.022060
102.446518 272.430703
118.549830 284.381330
93.324503 306.089297
118.238122 320.638267
115.345386 157.720149
108.230546 308.123228
109.901525 292.713898
112.341241 313.366553
143.870290 157.595424
117.230444 320.675356
136.536466 314.888967
119.979745 320.117527
121.349191 321.501149
106.686804 323.575818
124.727093 348.263341
106.897231 357.450760
124.245467 338.755660
136.760845 346.255372
116.581493 358.261825
116.486013 353.601682
102.960757 364.469672
109.660613 363.737741
120.158721 371.419949
121.984641 364.320176
126.677206 362.121200
126.688218 385.577861
117.243971 378.300935
120.870736 373.812719
113.341705 397.295703
140.238894 404.291792
112.441912 385.695301
135.055477 413.214851
116.109114 400.434763
131.310704 419.551864
135.358007 409.152890
104.708778 169.043498
123.720464 403.784762
104.657735 163.963518
102.890463 437.245711
136.479015 428.294683
104.052356 413.371853
122.639184 432.867323
118.551800 437.549075
121.286097 441.379112
122.318080 427.140756
122.510656 455.202442
116.964670 465.950034
107.922538 463.163496
134.872514 449.207691
125.727724 478.117315
132.278580 461.826786
122.004442 468.145077
116.848236 470.575511
122.136356 157.946034
117.677560 493.824197
132.714113 145.271466
114.540836 499.716719
121.711301 495.347313
113.466395 501.153255
103.632956 506.790372
128.834344 495.536463
132.606853 125.385058
124.389608 497.037513
144.098367 500.364691
125.544643 145.955735
121.721645 505.128717
137.937183 519.226529
136.424981 513.588971
146.567291 145.916576
132.605029 507.292179
131.914177 523.195039
133.643985 524.907545
142.986636 132.407264
135.253734 533.467921
136.407461 141.509273
155.268781 542.793770
146.168398 147.293339
142.289186 528.274467
159.365407 142.079503
146.370161 527.235712
142.560918 153.816156
156.717163 553.272387
152.716740 146.530895
161.759518 543.225405
155.364979 147.941560
171.388110 553.889817
150.299511 167.048911
181.054724 574.894848
179.751323 153.047574
167.690864 557.698239
146.814775 559.181103
162.950471 172.225874
188.279092 577.741050
164.897075 174.924504
176.103318 586.772069
176.448129 163.687553
181.802924 182.951352
188.779841 573.119583
182.740248 183.154148
184.195708 578.162118
175.725627 173.241434
188.531922 587.452208
200.189801 178.259730
200.532899 239.782357
187.380745 250.816576
223.904661 251.073274
214.349370 591.357745
194.252492 187.695520
195.644156 243.488182
191.179110 190.008512
212.062285 236.915735
187.616027 583.928514
192.752312 251.945110
202.819869 232.072021
194.399164 258.818489
195.222603 193.131301
186.764818 563.295514
217.615431 194.561105
203.040435 194.661512
180.900325 204.058564
223.932376 228.400610
233.626380 258.062440
198.134557 583.248348
215.973005 269.364056
208.916223 195.288093
198.870732 204.112192
227.626298 210.610254
200.156835 205.771646
218.747179 219.916640
199.691380 230.125032
209.027427 581.173194
202.930174 256.139562
223.079163 577.905419
220.124056 267.107959
225.229203 572.940852
225.493111 253.690697
230.412704 593.457369
210.431515 264.930311
203.630250 577.619312
236.970997 250.790976
220.857091 577.060398
201.260203 270.099430
228.717814 591.413325
246.479841 253.195226
235.269687 582.671372
264.218867 269.352727
230.514072 584.968552
220.117868 253.245711
215.905512 579.079664
258.172123 147.598985
250.697006 162.488274
238.463279 157.713354
242.616881 164.256707
266.149242 162.654345
255.070146 140.033437
271.754773 171.292678
229.899361 179.333704
267.600647 172.087883
242.052741 245.110853
257.935588 586.046197
266.937783 146.635907
239.518361 174.027714
255.795670 258.463196
241.795367 168.825414
227.786030 587.595476
248.894868 142.066366
256.790225 236.698107
266.405247 589.552927
272.416470 155.019648
264.575269 186.726351
274.798808 224.083539
252.533008 597.687694
266.538837 142.442814
277.092745 207.052632
278.300455 195.419406
265.653715 209.877199
263.707697 236.063711
262.086933 243.376751
262.015775 583.963003
254.501297 131.008005
269.110443 207.617597
283.158358 210.523957
283.709529 209.480465
265.886344 221.007421
248.921731 225.672065
260.449205 220.100862
274.627057 129.783417
249.554937 601.994485
232.385827 135.431014
262.666262 581.583816
275.209936 122.513701
292.513521 582.622880
279.309922 123.570181
251.894649 584.940036
285.069437 136.300575
263.183197 598.323075
280.817722 134.079134
305.002615 579.815552
295.342416 134.310243
273.340607 591.789278
291.443545 125.938506
299.351988 192.608086
304.556706 204.401532
300.649680 141.806650
312.476247 587.275627
309.999300 189.633690
315.415532 201.140965
311.076958 222.618997
331.807072 124.751307
285.528625 182.229612
282.711671 225.566081
295.753790 579.037197
281.527550 118.990056
294.523089 139.769652
303.934545 185.865635
311.520955 193.071529
311.519737 216.631358
307.837995 590.201409
307.653247 134.966590
278.879866 218.054414
291.978208 170.248125
315.929412 585.761049
302.896900 139.082741
302.102622 151.223302
291.176171 153.427089
309.915266 168.868781
301.471722 165.419723
320.230620 160.666102
305.372285 156.596652
317.702924 216.800356
312.306320 580.685559
295.096252 211.045333
309.365223 603.121974
313.258094 217.310403
303.607483 601.891994
288.361029 224.797406
339.269253 588.268288
334.754091 225.662483
294.668540 227.259986
317.855784 582.733011
319.018066 229.756322
323.114267 568.562779
336.697968 231.026110
345.154825 588.754306
316.288986 245.283733
362.466308 587.307753
341.522279 237.361541
336.303212 573.700655
345.562887 248.730520
340.923660 584.149015
337.231690 253.968637
351.011547 587.053693
353.462175 239.203357
372.961008 590.214052
345.013824 247.596135
358.669910 593.335865
355.727079 243.444911
360.303983 591.220246
361.854198 247.155983
353.442078 580.402771
378.308457 238.398713
356.340399 591.112170
369.175855 245.460263
360.141777 591.396876
357.738445 234.395325
361.981700 592.816504
387.869951 254.320136
392.930143 604.326775
393.437407 240.976042
380.080778 580.640477
384.515505 232.180132
365.553504 608.263352
397.716094 258.425110
399.613296 603.532396
367.222970 112.141388
400.087420 114.664107
389.229654 117.546221
400.185830 140.780174
394.333138 123.676304
393.286490 130.599780
372.720590 146.344867
390.845266 137.593332
404.039807 137.987215
388.974877 145.252052
382.963171 231.203346
380.172549 594.360312
393.521524 98.865606
396.126777 155.771746
395.473905 109.056831
389.331620 151.025948
407.056457 152.436049
385.216638 170.382752
383.937018 249.055104
400.326079 596.105402
392.318653 96.013875
393.983242 163.108942
411.152606 233.822378
400.702604 599.318072
418.382990 179.393919
402.634445 160.972882
370.115051 88.365047
404.424007 242.285627
436.365289 595.525434
435.705562 174.284605
391.077740 180.381709
414.378020 94.621237
425.669870 232.209385
406.157345 593.584386
421.072747 185.731468
416.012812 77.593233
403.781457 231.171604
426.859777 591.682162
400.650929 190.741095
408.000755 88.585540
427.806696 245.224190
416.479915 586.605411
420.062579 176.538849
416.516017 74.814207
445.309874 229.138684
417.598556 592.478496
400.774612 199.166365
447.165964 86.783290
414.989877 231.296192
455.180965 599.874332
419.366129 194.708919
433.473087 91.480273
433.617741 231.832299
431.790773 592.841262
445.759095 187.640200
452.771463 86.622680
436.437667 230.989723
437.581855 594.069002
453.093612 207.248669
430.895425 83.265272
418.571636 602.711834
451.574383 191.267352
443.687352 232.791537
447.774156 75.862356
450.707682 611.608618
459.915851 190.956306
449.821055 232.235163
434.289943 89.986364
459.419745 602.250862
422.478726 185.479810
427.439478 230.580189
426.925566 79.589048
456.418807 583.566217
483.621912 179.227934
429.927193 242.552036
469.890931 71.787549
441.197655 182.733959
468.780967 591.984317
437.446196 231.606229
480.042925 69.635880
446.920275 176.969619
468.360504 592.955375
431.114616 65.378555
460.470996 235.523222
451.865120 195.775303
440.752741 609.027825
454.872762 46.833882
477.436306 224.900912
453.789210 192.100666
478.430610 583.283743
465.095782 59.989198
466.956993 223.564451
474.070006 64.925327
478.527122 197.730757
475.887823 230.043274
469.404193 605.947688
484.415201 191.625165
471.053863 52.059125
479.486602 223.394193
475.183702 216.864486
473.025968 603.916283
469.443952 180.981446
481.049169 45.312834
457.147735 206.908912
488.236111 607.407171
487.052843 197.888143
461.013122 199.586473
473.937828 207.006099
475.310153 30.181645
493.222260 607.121040
494.342786 30.206586
486.822969 597.130070
506.723265 45.483435
482.724844 595.607371
474.815406 23.048163
472.083577 596.619017
494.728679 24.671032
503.964328 605.137610
506.364710 41.500993
515.132770 585.680367
487.303995 45.037304
495.331443 605.293847
507.019183 41.024610
507.687973 601.213630
521.865698 43.228475
513.712711 585.446700
535.384354 213.062808
530.138977 185.528051
525.953336 43.416819
528.180033 205.347244
506.516690 600.396811
515.311849 45.692661
525.456790 197.820838
539.042294 208.356097
518.513144 223.201268
539.939725 206.499389
536.264616 596.605181
510.857186 186.721041
527.307261 42.967344
526.327581 200.057557
517.332432 241.937845
549.708804 603.604940
531.451471 175.952637
524.236862 220.415330
518.000935 51.932782
543.817013 572.249266
549.226652 184.793018
520.451111 222.940416
511.244011 56.421387
557.744042 591.464158
528.219079 45.693272
529.231523 184.418728
539.024889 242.232450
545.853900 50.048245
548.476010 600.485726
581.672608 195.297658
534.815528 233.947436
534.514522 65.525342
541.194270 601.750560
536.897002 188.410955
537.160450 238.693104
541.912200 62.886650
540.752735 601.722497
552.229379 177.756682
558.669365 234.944328
527.482195 52.864441
547.753267 592.588788
557.435189 195.487373
554.262168 237.190771
534.294154 64.468291
559.625717 595.222385
566.441350 195.627119
561.668896 242.382266
571.896691 88.714886
565.896257 75.072154
561.472205 602.641579
554.636579 178.052500
569.375715 233.109116
568.244007 86.115929
569.102218 75.819792
556.131707 593.331437
555.925914 178.939637
568.120776 231.350686
559.900735 92.170586
555.424064 600.871158
569.630896 183.827514
556.354124 225.265697
574.366207 84.543344
584.192469 239.185843
569.925660 600.537927
589.840909 189.038782
593.276323 88.444793
572.616147 242.126892
574.374854 608.522148
574.712304 188.476504
577.767097 104.795725
595.225644 176.614196
585.061207 240.888399
580.613925 601.806468
582.213410 94.255932
565.295483 171.682403
586.011996 250.895064
582.116431 605.484888
583.474212 96.755559
614.767035 198.051591
589.430889 224.723884
586.758763 600.872822
579.692469 114.318488
571.716205 177.006065
573.646470 233.315990
608.543956 599.131668
602.600873 175.748186
605.082756 94.803113
626.628009 237.440483
607.663247 609.470577
605.452116 92.300295
611.066467 189.048900
585.668472 179.030686
614.383507 227.775945
602.668496 587.503498
591.179581 95.615739
602.084617 168.064369
622.551500 240.222179
589.451767 595.489336
625.898105 95.676643
616.756123 108.452868
617.998641 147.817261
587.423250 148.499694
621.457736 151.194266
598.574883 223.062552
608.847896 591.991952
593.603319 117.210871
602.093816 140.239424
632.039823 238.619669
608.953336 596.593189
616.473202 107.906814
604.471243 114.018835
595.724894 113.820619
618.262647 117.841575
614.340966 132.221548
615.616101 121.702172
612.594500 144.059730
602.090368 138.066187
615.605008 123.909212
608.010427 223.917898
620.442651 588.782944
613.623923 239.387847
599.671011 589.754942
608.989789 244.682173
617.913050 578.584284
630.011703 237.490776
614.106486 592.622581
634.207298 246.618833
609.391165 592.404340
630.806248 245.220474
651.997390 587.287280
640.041065 259.609050
619.060264 585.903525
642.150095 241.068846
645.464083 596.367933
659.989569 238.991486
677.258110 589.201201
648.124495 250.388067
651.241116 591.381910
639.777620 236.711047
673.076192 587.019080
656.027137 239.391457
663.990511 587.147988
659.142133 232.820586
663.333608 595.525523
644.521243 232.713209
653.718692 588.479279
671.150355 231.176280
683.464826 583.460221
689.559068 239.040409
688.352306 586.446913
702.401313 245.302352
673.801759 600.860577
676.613374 216.836468
696.936911 574.761450
663.048914 236.848354
679.679286 576.609919
706.608101 220.802437
673.357365 586.209747
689.336115 164.724428
682.764598 149.086009
711.810124 169.115222
680.833553 175.681310
720.922678 187.528956
689.785997 224.249798
683.391641 577.584122
688.697522 161.869186
718.652528 164.437728
706.139898 218.543524
703.165757 135.723195
683.381738 164.579804
716.182742 586.852381
706.765952 183.642868
717.855738 225.125075
707.719489 164.211191
715.844506 599.524511
704.468773 137.976517
690.560606 187.908334
695.400301 203.454571
717.524275 571.584046
694.648369 151.521143
687.787168 180.479770
706.824713 217.014984
701.919137 209.326830
733.516193 205.745851
701.715507 211.814922
716.431594 225.100191
715.573378 592.108653
719.413551 118.235461
722.116695 585.625282
711.310488 132.764600
723.526666 579.211448
734.752704 132.482770
744.651713 566.152380
710.998082 136.153907
738.836853 579.033953
734.463496 123.475693
716.578911 582.635934
715.702879 137.213009
751.890251 582.182038
763.226634 121.941687
747.300851 128.629824
742.654709 567.824625
762.332140 208.220089
738.876789 208.108323
731.542263 218.256946
738.231611 128.075952
712.458453 223.172083
765.360248 573.916650
754.382990 116.072304
737.095891 200.046150
754.548865 195.415701
748.646688 227.891091
741.497606 226.531310
768.993179 219.573650
753.906796 227.256715
738.781907 231.094332
750.723446 580.636586
760.834265 125.137997
734.268328 184.285681
730.696630 237.256663
759.354429 583.680549
764.429969 135.098674
722.743743 232.687748
738.770916 175.525209
777.686483 155.635753
750.160137 559.508913
762.981020 135.075750
745.863010 138.369875
776.632632 189.881193
755.931368 244.129591
747.592187 156.507224
770.657792 245.484619
757.481049 580.825594
765.603927 194.612705
756.733661 144.533844
785.712694 148.526033
780.456129 163.880718
749.952352 161.366872
770.306600 249.484916
732.944164 582.424922
770.987181 249.593960
778.214499 571.455699
776.335255 246.166271
762.141262 583.808439
775.737996 249.991300
789.136086 576.247148
772.048331 253.619209
772.127744 580.794697
794.839419 249.669385
772.446875 261.031477
799.052866 564.330952
787.316764 257.198177
780.699450 588.381203
797.760270 257.079952
814.935111 560.442560
799.402435 257.397490
810.559052 557.658808
789.498360 552.262988
816.669725 208.604554
798.760196 195.057436
809.300105 209.228643
806.841011 217.488614
810.786765 226.330795
825.825116 217.967027
800.531138 258.503609
800.067877 547.645675
805.438619 194.116718
807.297067 242.118827
823.077218 250.071025
820.820200 199.212878
823.567357 201.733788
800.709162 567.403505
794.872253 214.397189
803.457692 261.445407
835.464227 175.714810
800.104139 227.213377
795.410502 572.728524
815.133101 244.077784
821.911302 180.847744
813.018646 238.803810
811.228614 553.177301
838.241176 187.471558
816.621265 239.520586
795.989441 239.373098
820.606286 558.013061
812.009536 183.474120
823.805989 244.431629
826.177920 236.468358
810.561054 248.617917
821.779903 248.067503
809.247689 552.495353
820.415340 177.691481
812.936179 562.467578
827.312902 174.758330
828.024530 546.206940
824.633396 172.543145
847.914261 553.442525
833.922349 158.493470
853.436821 553.413095
833.373413 157.514530
862.744263 551.754342
870.948250 168.797374
832.997065 158.540875
856.986529 552.322500
848.942915 528.819999
847.560326 148.294076
871.939009 544.142612
867.618276 155.796035
854.400271 542.892491
853.371496 140.402633
857.618537 531.371230
864.279584 150.597844
860.079408 510.866069
870.901007 139.779398
850.997982 519.105140
866.101817 133.346247
872.604279 507.027708
869.106296 496.102476
889.262769 510.377641
863.798164 149.348455
895.514657 508.502441
876.915233 507.877387
895.826536 490.501523
857.785554 157.456667
892.555065 148.304726
873.958094 489.557358
873.681498 142.313581
873.201500 474.906893
876.948931 472.400413
882.016363 478.424512
872.926769 153.937022
897.027996 475.918651
917.457221 155.823163
887.407292 435.552067
875.140938 420.484739
887.364782 433.862650
892.606509 430.538373
895.711117 433.893361
910.016280 444.597605
878.191843 446.368657
891.970896 469.687973
902.419325 462.960351
882.630374 463.827550
896.988921 463.417689
877.805371 171.133501
896.849378 417.342697
891.847945 339.449612
896.309551 336.108621
902.035450 351.248512
884.892925 332.600819
884.392723 349.200325
897.105259 341.571998
892.032398 364.307856
884.559550 382.333340
882.007507 366.738351
880.917202 385.687955
902.600104 369.577589
884.455253 395.074386
901.564604 391.612679
892.547128 399.845087
887.225142 393.852532
890.008806 398.229121
884.442974 397.485151
877.073780 408.327312
898.247641 401.784865
881.039705 421.806838
905.151940 190.874771
908.080403 162.754355
871.222007 330.215219
908.236204 162.822418
908.001793 319.394819
911.124137 325.246912
913.112964 320.357287
925.970772 331.866108
907.500725 171.165937
883.698179 319.884169
889.658247 182.396887
912.857303 195.460930
918.264899 291.457495
900.140369 301.677885
921.247530 167.801653
907.578592 286.667814
909.378632 185.892596
920.168910 283.801320
899.619412 294.006713
915.062580 169.312490
923.727268 257.700600
896.399436 282.473393
906.114933 277.726190
925.303036 185.689738
919.770933 189.427155
896.029640 270.605561
925.425373 205.760038
917.520138 270.415668
914.793316 201.427637
914.475613 260.236182
922.718209 198.114850
932.100431 205.881836
945.773380 233.510962
917.214006 222.893372
933.013485 211.549441
927.195331 225.017787
929.773050 252.927505
909.790250 222.668509
927.668719 245.299414
930.630432 230.863115
921.085647 231.210274
