150 442
150 444
150 446
150 448
150 450
150 452
151 454
152 441
153 454
154 441
155 455
155 457
156 441
156 459
158 440
158 459
160 440
160 460
160 462
162 440
162 463
164 439
164 464
165 436
165 466
166 468
167 436
168 469
169 436
170 469
171 435
172 469
173 435
174 469
175 432
175 434
175 471
175 473
177 431
177 473
179 430
179 473
181 430
181 473
183 430
183 473
185 156
185 158
185 426
185 428
185 473
187 155
187 159
187 425
187 473
189 154
189 159
189 424
189 474
190 151
190 161
190 163
191 421
191 474
192 151
192 164
193 420
193 474
194 150
194 164
195 166
195 168
195 170
195 172
195 343
195 345
195 347
195 349
195 351
195 353
195 355
195 357
195 359
195 361
195 363
195 365
195 367
195 369
195 371
195 373
195 375
195 377
195 379
195 381
195 383
195 385
195 387
195 389
195 391
195 420
195 474
196 150
196 174
196 335
196 337
196 339
196 393
196 395
196 397
196 399
196 401
196 403
197 420
197 474
198 150
198 174
198 335
198 404
199 419
199 474
200 146
200 148
200 175
200 177
200 327
200 329
200 331
200 333
200 405
200 407
200 409
200 411
200 413
200 415
200 476
200 478
201 179
201 241
201 243
202 146
202 325
202 478
203 179
203 240
203 244
204 146
204 324
204 478
205 180
205 182
205 237
205 239
205 245
205 247
205 318
205 320
206 146
206 184
206 478
207 236
207 248
207 315
208 146
208 184
208 478
209 236
209 249
209 314
210 146
210 185
210 187
210 251
210 478
211 189
211 236
211 253
211 310
211 312
212 146
212 478
213 189
213 236
213 254
213 310
214 146
214 148
214 478
215 150
215 190
215 192
215 236
215 255
215 257
215 303
215 305
215 307
215 309
216 194
216 478
217 150
217 236
217 258
217 300
218 194
218 478
219 150
219 235
219 259
219 299
220 195
220 197
220 478
221 150
221 199
221 235
221 259
221 295
221 297
222 478
223 151
223 199
223 235
223 259
223 295
224 153
224 478
225 155
225 200
225 202
225 231
225 233
225 260
225 262
225 291
225 293
226 204
226 479
227 155
227 231
227 263
227 290
228 204
228 479
229 155
229 230
229 264
229 289
230 205
230 207
230 286
230 480
230 482
231 155
231 209
231 230
231 264
231 484
232 285
233 156
233 209
233 230
233 264
233 484
234 158
234 284
235 160
235 210
235 212
235 214
235 216
235 218
235 220
235 223
235 225
235 227
235 229
235 265
235 267
235 281
235 485
235 487
235 503
235 505
235 507
235 509
235 511
235 513
235 515
235 517
235 519
235 521
235 523
235 525
236 489
236 495
236 497
236 499
236 527
236 529
236 531
236 533
236 535
236 537
236 539
236 541
236 543
237 160
237 268
237 280
238 489
238 495
238 544
239 161
239 163
239 269
239 279
240 165
240 490
240 492
240 494
240 545
240 547
240 549
240 551
240 553
241 269
241 275
241 277
242 165
242 554
243 269
243 275
244 165
244 554
245 270
245 272
245 274
245 556
245 558
245 560
245 562
246 165
246 564
248 165
248 564
250 165
250 565
250 567
251 569
252 165
253 569
254 164
255 158
255 160
255 570
255 572
255 574
255 576
256 578
257 155
258 579
259 154
260 580
260 582
261 150
261 152
262 583
263 150
264 584
265 146
265 148
266 584
267 145
268 584
269 144
270 141
270 585
270 587
272 140
272 588
274 139
274 589
275 591
276 136
276 593
278 135
278 594
280 132
280 134
280 594
282 130
282 594
284 130
284 594
285 596
285 598
286 130
287 598
288 130
289 599
290 126
290 128
291 599
292 125
293 599
294 125
295 599
296 125
297 599
298 125
299 599
300 121
300 123
301 599
302 120
303 599
304 120
305 600
305 602
306 120
307 603
308 120
309 604
310 116
310 118
311 604
312 116
313 604
314 115
315 604
316 115
317 604
318 115
319 604
320 111
320 113
321 604
322 111
323 604
324 111
325 604
326 111
327 604
328 111
329 604
330 111
331 604
332 111
333 604
334 111
335 604
336 111
337 604
338 111
339 604
340 111
341 604
342 110
343 604
344 110
345 604
346 110
347 604
348 110
349 604
350 110
351 604
352 110
353 603
354 110
355 603
356 110
357 603
358 110
359 600
359 602
360 110
361 599
362 110
363 599
364 110
365 599
366 110
367 599
368 111
369 599
370 111
371 599
372 111
373 599
374 111
375 599
376 111
377 598
378 111
379 595
379 597
380 111
381 594
382 111
383 594
384 111
384 113
385 115
385 594
387 115
387 593
389 115
389 590
389 592
391 115
391 589
393 116
393 589
395 116
395 589
397 116
397 589
399 117
399 119
399 585
399 587
401 120
401 584
403 121
403 584
405 121
405 584
407 121
407 583
409 122
409 124
409 580
409 582
411 125
411 579
413 126
413 578
414 128
414 575
415 130
416 574
417 130
418 573
419 130
419 570
421 130
421 569
423 131
423 568
424 133
424 565
425 135
426 564
427 135
428 137
428 563
429 139
429 560
431 140
431 559
433 141
433 558
434 143
434 145
434 147
434 149
434 555
436 150
436 554
438 150
438 552
438 554
439 152
439 154
439 545
439 547
439 549
441 155
441 544
443 155
443 157
443 543
444 159
444 161
444 163
444 261
444 263
444 540
445 165
446 259
446 264
446 539
447 165
448 167
448 258
448 265
448 532
448 534
448 536
448 538
449 169
449 171
449 173
449 255
449 526
449 528
450 175
450 265
451 254
451 524
452 175
452 265
453 177
453 179
453 181
453 183
453 185
453 187
453 254
453 267
453 472
453 474
453 476
453 478
453 480
453 482
453 512
453 514
453 516
453 518
453 520
453 522
453 524
454 189
454 191
454 193
454 269
454 465
454 467
454 469
454 484
454 486
454 488
454 490
454 492
454 494
454 496
454 498
454 500
454 502
454 504
454 506
454 508
455 195
455 254
456 270
456 464
457 195
457 254
458 197
458 199
458 201
458 271
458 462
458 464
459 203
459 205
459 207
459 209
459 254
459 273
459 455
459 457
459 459
460 275
461 210
461 254
461 454
462 275
463 210
463 254
463 453
464 276
464 278
464 450
465 210
465 254
465 280
466 449
467 210
467 253
467 280
468 442
468 444
468 446
468 448
469 209
469 253
469 281
469 283
469 435
469 437
469 439
470 206
470 285
471 253
471 434
472 206
472 285
473 253
473 287
473 431
473 433
474 206
474 250
474 289
474 420
474 422
474 424
474 426
474 428
476 206
476 249
476 290
476 419
478 205
478 249
478 291
478 412
478 414
478 416
478 418
479 293
479 295
479 297
479 299
479 400
479 402
479 404
479 406
479 408
480 205
480 249
481 300
481 399
482 205
482 249
483 300
483 302
483 387
483 389
483 391
483 393
483 395
483 397
483 399
484 204
484 249
484 304
484 306
484 308
484 375
484 377
484 379
484 381
484 383
485 201
485 310
486 248
486 374
487 201
487 310
488 248
488 312
488 314
488 316
488 352
488 354
488 356
488 358
488 360
488 362
488 364
488 366
488 368
488 370
488 372
488 374
489 201
489 245
489 318
489 320
489 322
489 324
489 340
489 342
489 344
489 346
489 348
491 201
491 244
491 325
491 339
493 201
493 244
493 325
493 327
493 329
493 331
493 333
493 335
493 337
493 339
495 201
495 244
497 201
497 243
499 201
499 240
499 242
501 201
501 239
503 201
503 239
504 203
505 205
505 239
507 205
507 238
509 205
509 235
509 237
511 205
511 234
513 206
513 234
515 206
515 234
517 206
517 233
519 206
519 208
519 230
519 232
520 210
521 229
522 210
523 229
524 210
525 229
526 211
527 228
528 211
529 213
529 225
529 227
530 215
531 224
532 215
533 224
534 215
535 224
536 215
537 223
538 216
538 218
538 220
