111.985842 89.088547
101.156425 91.136506
103.460406 96.175523
100.110338 102.312527
98.511840 85.095008
107.375247 105.962312
104.607915 82.128935
117.542690 107.991554
112.114909 78.846747
108.575015 110.595494
116.404481 78.952701
117.845122 112.311375
114.391796 82.552165
128.241387 109.432381
127.981133 74.278905
122.413952 115.637525
143.155018 79.228799
117.879740 112.581883
131.706499 81.421453
144.137753 112.620330
127.909298 79.488311
122.706832 113.142209
132.720747 83.990266
135.720512 111.443476
151.084401 81.097322
135.267533 116.784079
148.948263 80.470390
140.388241 111.561666
145.349658 80.823643
156.874746 110.797039
152.600868 81.885203
147.519613 117.886861
150.081034 82.301890
163.487336 120.232538
157.704121 80.477374
157.342361 117.513480
160.237149 82.460546
172.593421 114.197568
163.300161 87.102123
164.924265 116.957876
186.563613 78.822679
169.678670 119.139851
174.099469 76.579490
186.797425 123.694216
190.520107 80.396759
183.533283 117.513187
189.150860 80.963754
179.641357 117.944304
193.192161 82.240001
188.856474 118.701621
195.053167 80.637695
201.259511 121.770182
199.092981 80.935991
197.212113 118.335097
202.339546 77.933242
204.649508 119.298174
208.469402 78.211034
212.051700 166.179364
206.127733 166.985338
210.271432 169.209140
214.162654 175.514820
198.672910 175.602608
212.918639 180.072230
205.410111 188.156167
199.817703 184.423631
216.710620 190.735287
213.471035 196.377441
206.177627 202.553635
205.717903 207.704687
220.535589 209.666742
214.369918 209.275386
223.815034 213.452548
201.906829 220.684449
194.628018 228.095155
196.347872 116.654159
214.016771 229.395468
191.618174 84.639976
209.054236 158.765719
206.603737 119.897242
205.839552 131.862586
216.763259 135.098987
211.097614 134.511225
208.004534 143.950538
205.398895 145.324921
214.370985 153.684902
204.896462 229.727717
207.644993 233.462111
211.194233 239.544878
204.150389 243.927631
210.761712 247.756106
219.031737 253.275622
209.932454 254.182937
209.686961 75.591984
217.136306 260.601965
216.698946 119.683354
212.798195 125.436742
222.368518 265.599688
206.638236 268.818848
221.139569 271.490279
213.469822 274.149431
209.235726 82.766532
235.998170 279.105280
229.696579 283.752464
220.854078 290.066485
236.688090 81.352083
228.967426 293.730683
223.180474 80.840628
226.524014 293.570909
227.163933 80.720976
234.212694 297.737709
235.331357 82.322586
238.745269 303.056671
244.795285 79.844011
235.549814 296.280344
247.424179 78.549700
235.136544 295.116579
236.009926 77.389788
253.446806 300.578456
242.246170 81.781504
244.288820 297.105589
252.937846 78.565253
251.282021 300.902932
249.661410 73.535814
243.183560 303.125270
257.979948 76.099174
258.297093 307.347788
261.778262 80.451150
262.118706 306.679387
271.117282 77.401310
266.956626 306.697495
269.653838 74.455056
273.567355 309.376797
277.333516 79.271249
296.914195 301.785446
275.014813 76.222924
286.016419 300.029990
270.950765 71.201738
271.949437 304.535360
295.826403 74.540212
293.493390 309.681460
285.872164 77.996819
299.104030 310.306005
299.077945 75.078177
309.903171 307.764259
299.995697 73.631748
289.828342 308.018121
318.121176 76.096777
317.909701 307.682991
308.113984 71.654926
305.733718 311.412982
321.509057 76.704588
310.662688 303.339143
308.477436 77.145193
303.750924 305.836844
321.627395 76.078296
321.159909 303.582608
322.683464 72.970570
309.759497 304.078740
332.188059 76.173751
327.917846 303.101469
333.306021 81.345682
348.859594 301.927717
338.128341 80.860156
335.636987 303.956920
345.702036 80.958456
338.567458 304.429069
347.683975 306.115171
344.722192 76.670314
338.694812 306.016373
351.350273 76.091208
359.285895 307.648325
355.687447 77.025007
352.276265 304.599634
353.744869 72.208056
360.471923 309.465437
360.069443 75.480472
361.213902 304.388113
370.959387 77.115087
372.248687 317.128846
368.245382 74.663347
370.680793 309.115112
362.637627 76.269842
373.619541 311.852133
383.618068 74.476695
392.923038 313.566829
376.536474 75.973091
391.093861 316.692367
385.727010 73.654191
387.079205 311.652465
388.936467 75.763427
382.387013 311.764804
383.171771 75.485496
392.328329 307.585527
404.739552 75.881679
391.742177 310.609703
393.772360 74.343651
405.853600 312.425020
395.833742 77.647526
383.103558 311.517845
420.596585 76.657488
412.237581 306.350622
410.849376 74.931466
415.732696 310.460849
409.058603 72.120899
415.144035 308.476804
424.943609 75.214603
428.924821 304.265729
426.718452 83.224263
431.618938 307.261863
433.499029 82.480537
438.569811 309.863888
438.514822 81.304670
432.881749 314.045050
442.351217 72.807856
432.673919 314.484323
434.969306 73.110616
445.563849 313.222611
429.300444 309.398366
435.910395 77.744591
459.746694 311.736238
463.730891 77.381962
450.853157 309.752949
443.602085 76.385858
467.326657 308.097606
465.876054 75.711205
460.160696 305.331312
463.521731 77.601795
462.353295 303.004696
464.068398 73.401202
470.500597 308.894111
458.398497 76.977326
481.678389 304.905982
466.041063 76.045633
486.852004 310.006786
475.355048 77.577504
479.804300 308.522550
474.479529 74.248047
484.160517 305.285155
480.346190 71.866901
500.474718 311.468777
488.073350 73.340718
497.652122 305.902783
496.889827 82.163975
507.789454 307.534181
486.636667 73.793083
509.042848 306.443793
507.270371 73.183986
504.835902 307.631636
501.903369 73.984380
513.218891 311.735689
502.912911 73.776421
519.671544 310.368886
507.220491 72.428614
515.458081 308.005718
513.103676 76.968425
532.459671 314.893196
513.780599 75.620092
511.960118 309.586936
519.016462 76.626160
530.507831 313.891358
537.776676 75.205528
526.620507 316.860407
531.829607 68.880130
534.094579 312.380540
532.430869 64.844542
532.762104 311.413133
537.981780 69.755168
544.413107 313.951105
541.241130 70.449820
544.216164 312.568538
544.607481 68.149929
548.826781 309.980437
557.905733 72.617682
553.637483 308.839610
553.714158 76.306308
559.220368 314.509384
575.611753 75.459155
569.129484 311.079912
559.812845 68.034563
562.308273 310.626179
566.677359 68.118703
568.573244 310.830149
580.306315 70.798899
577.223485 316.751450
585.175004 70.335626
571.007327 312.891986
590.910788 73.743984
590.422456 316.462107
578.703162 77.932097
596.491662 310.491805
598.865683 77.421654
593.658615 309.434280
599.742020 72.748292
595.556313 312.563001
592.788811 65.133233
611.875342 311.147708
612.728595 66.316079
604.192532 310.919243
599.610665 68.443414
614.533160 315.784852
601.279538 67.710482
611.213640 310.609906
600.721245 67.575237
604.834374 317.570272
621.698074 71.995597
618.479784 316.419256
623.994706 71.928306
644.181369 310.309774
627.765302 71.674433
633.848494 312.091386
627.298910 68.231032
622.787081 309.053770
630.331394 69.852348
635.223806 313.767073
635.621396 73.693612
624.620689 314.366787
641.935512 72.620188
652.708477 312.932410
641.111350 67.313661
637.505511 312.875094
639.119964 73.983159
656.238651 310.635047
660.353445 67.888949
650.658771 316.005596
657.836899 66.358975
654.964719 314.852675
662.533518 70.655300
666.319724 310.817104
655.113749 72.137139
675.175514 310.637418
666.305456 73.114698
684.078237 316.605096
669.232974 68.687327
663.478978 316.783914
668.102679 71.621706
673.935630 314.464119
680.486400 70.521532
680.199581 311.754810
694.053321 71.103932
693.317756 312.409184
690.309416 69.250112
686.138851 311.700325
712.808939 70.440489
684.626929 314.806077
698.190069 71.336785
703.821728 315.656270
695.539096 75.579344
703.244287 311.720804
700.808949 76.248035
706.892231 311.891083
700.528859 71.946756
710.735540 313.650245
700.443085 75.781622
725.958560 312.076534
720.255886 70.684863
723.138625 313.442379
710.963146 77.789916
710.479797 309.030873
717.685068 80.809840
726.520387 311.919797
714.382746 76.540928
738.056990 311.142704
733.524689 75.244368
735.367618 314.445602
730.770342 73.666876
730.176839 309.733950
737.089248 78.903112
746.775928 311.420347
737.253064 75.308187
752.213387 311.779190
748.841652 73.300412
748.647373 312.031786
752.528319 73.600634
761.880513 311.480722
741.520098 76.293461
773.299028 310.940856
745.970846 77.044983
742.755694 308.849736
775.374587 74.761117
764.595714 306.590841
761.698347 80.642512
772.231875 306.332160
768.365903 74.915830
764.341036 307.010054
783.163612 77.408742
770.214315 306.860949
768.284538 76.970451
786.827832 75.122890
789.382154 308.831198
782.997648 76.568805
805.108499 307.855153
791.340522 76.925813
795.662546 306.458730
799.071859 73.243436
787.656305 309.081931
799.669492 75.124106
809.937094 308.671640
810.531261 77.718377
800.412491 304.551179
795.497234 77.441027
806.427415 310.025508
811.083896 74.079001
819.792465 309.246373
812.419917 74.897722
811.014781 309.486685
810.142375 70.649508
821.921878 305.571986
825.139530 79.667946
821.041124 303.930962
820.180787 79.682122
824.122071 85.013386
825.639214 85.658199
831.916473 88.112268
818.932129 95.157201
821.967849 99.844714
818.996562 107.369670
834.831999 112.413375
832.382483 109.634268
829.078476 117.074322
840.358538 121.379169
821.208750 280.181301
822.226517 287.104980
818.927569 287.068747
820.088932 293.706224
822.439764 300.280758
832.903088 125.123660
828.517488 282.116690
833.686503 128.066065
828.206774 138.966738
843.408059 139.513171
836.965087 142.664908
829.591592 147.591908
834.569621 147.182417
843.230114 153.851493
828.045864 161.464184
825.082524 166.214306
840.389653 168.745492
816.161081 168.740027
832.306733 175.802541
835.367540 176.929595
836.956399 181.382138
841.277115 189.130124
837.106568 189.242319
835.398309 191.248672
837.664895 200.168181
826.344316 203.528082
821.944773 207.748323
838.988986 214.612495
838.185074 214.313086
825.544220 216.563221
827.202912 217.710817
833.817535 224.718453
836.037078 226.707686
840.292765 241.348909
825.939125 236.512646
830.551289 247.018710
837.711273 245.560003
839.167999 255.625626
825.254702 259.638045
836.601943 257.410910
827.399222 265.006715
837.784841 267.456605
819.234412 272.672921
