35.000131 277.188652
63.324393 284.439459
53.724004 272.989970
57.538469 227.043484
44.701848 242.496826
55.243324 247.400999
66.582794 246.894790
71.783786 252.069177
45.946662 261.547733
49.886782 260.975062
50.731998 265.278798
25.222522 276.989408
46.858682 230.248961
54.344902 275.171438
45.577281 225.215622
64.384272 277.925878
69.679734 222.835973
62.456252 220.623788
65.287334 224.972372
46.606508 290.159154
70.858975 299.785369
54.532668 212.585610
53.590672 299.639853
80.872208 306.849011
57.882562 292.151211
61.028866 318.612958
55.265447 317.677391
64.613948 326.600504
63.585324 325.280604
71.788228 330.481243
60.592122 320.993184
61.553092 333.810949
68.477834 337.680599
77.612293 346.659351
81.820574 348.977774
62.761077 343.440263
60.782875 355.309131
72.197711 354.523344
67.258923 365.398503
66.127619 357.855417
61.060661 373.318160
47.681922 377.792204
85.393980 374.841390
58.788452 381.133189
82.530805 383.608033
63.730371 211.686884
87.472583 386.535256
91.883345 383.899212
83.360675 198.337640
81.805448 195.664511
84.536500 400.173588
57.507172 403.276042
72.096748 410.929067
85.894283 404.917845
78.661244 196.761093
96.852065 399.680203
63.494811 216.503999
84.874077 413.814693
112.985288 190.658476
87.915467 420.526122
97.406936 420.103241
77.872738 208.054581
96.397180 427.798519
104.456828 191.941779
83.413402 421.625825
106.176803 200.431939
95.851004 417.541712
104.096248 195.641020
96.594003 430.420780
116.105511 189.637546
108.226461 427.747582
132.692763 182.914759
109.725148 429.094490
89.492614 191.162786
109.836725 427.382313
157.912429 187.693502
108.160146 435.612915
103.994422 189.595949
129.143518 412.400373
105.413781 181.551130
134.312031 429.510009
125.054357 183.122072
138.703424 427.393186
122.674701 170.712148
121.616587 419.853014
131.566200 171.691795
133.919808 429.886631
147.898167 180.474413
123.928798 426.435251
136.380094 182.344588
160.957371 424.108539
128.490520 421.212714
152.638570 180.432341
155.198948 414.228933
150.011538 184.612488
159.388584 405.662639
154.162410 171.799724
139.022886 399.229128
167.261363 174.984888
176.259589 392.282074
161.324692 172.457282
156.777272 403.967815
152.297400 185.057334
161.387171 401.344228
157.169399 172.857505
160.028775 397.521495
164.013452 176.101088
158.382830 398.178311
155.285569 165.895032
188.878879 398.221518
177.692637 169.399417
185.010170 398.386279
194.646969 174.396956
193.859632 397.565277
187.361502 177.143293
208.686261 390.520593
178.171767 177.028423
190.260817 393.221997
219.276916 185.769305
190.991360 392.105827
217.536720 191.584289
204.459889 390.090849
205.955757 173.344480
197.957393 398.613627
233.529421 172.476034
228.444545 398.960439
228.804490 172.290486
229.552044 389.591466
221.593562 174.047677
235.158904 395.942445
229.970977 181.328515
231.038319 389.207312
218.389106 175.947719
234.924360 389.970076
254.127046 173.472108
230.092728 390.302244
214.473012 175.219076
238.159887 399.441488
224.978946 182.024349
238.653688 396.120687
252.321587 171.590734
237.088659 387.450114
258.358287 149.299286
264.245161 165.148571
239.394383 160.677567
248.171680 170.407729
241.167976 162.728013
254.035234 394.885892
256.042214 157.206250
262.552128 375.922183
262.291528 146.495943
262.229364 393.643055
263.063477 145.452633
255.569803 394.567108
254.515088 144.198417
280.063924 389.454842
279.747285 133.767978
252.592157 399.955341
270.170815 163.243628
273.456373 394.969755
254.345013 157.172765
275.840592 392.268673
273.740758 160.567610
288.033878 397.485577
285.324297 165.097199
292.921094 394.003918
303.856304 166.927334
298.256480 160.763083
286.416199 398.172076
294.042013 169.533160
295.566068 385.763641
294.689718 162.387596
301.737801 386.586312
296.357403 154.776748
291.661527 390.936974
323.385987 148.763454
301.218266 392.353974
309.982328 144.306566
289.883238 141.112838
301.973074 401.919271
304.542616 150.478572
321.626073 389.732860
335.764534 123.960320
300.272159 400.163084
305.839135 130.219307
315.909163 391.064933
312.227770 131.690368
331.887905 395.776026
327.218146 140.971953
350.365129 390.492220
337.797427 129.927441
386.590349 395.035356
336.236800 136.891167
355.922424 390.051714
323.496742 123.340935
335.380090 391.736904
318.723869 129.554740
356.580805 410.940671
349.943224 123.174585
342.742195 394.741623
344.071795 129.170808
350.590167 388.792752
353.154873 130.408731
356.036904 395.095587
371.062436 127.998801
373.631333 392.354645
355.702658 126.248511
370.917184 390.410893
361.483999 141.309081
362.777641 388.814945
350.633221 143.949992
358.960072 144.326935
393.984566 152.033160
371.434107 143.864452
376.586815 383.504996
390.679931 380.023720
388.572794 145.630085
379.292155 379.017629
370.080019 152.486597
375.581331 379.951838
389.020818 382.955433
370.751872 394.035677
383.153815 387.065436
379.314251 153.567420
366.647974 389.951046
408.228406 400.533746
392.220570 402.276522
385.021217 412.496247
391.712897 156.121070
389.106357 421.508186
379.264412 418.005649
376.616939 144.281036
388.570523 419.589020
393.119658 150.382058
399.202508 422.253731
400.740264 148.589517
411.842784 431.820276
408.174679 438.667091
404.777144 145.831310
384.711381 438.577632
394.785779 64.156418
417.050126 62.778934
394.772765 66.574960
396.791064 69.847147
408.719182 82.552449
410.397410 85.064575
407.477181 80.765936
426.638485 81.366714
405.467784 97.828380
417.035342 84.889952
399.693272 92.326128
397.275826 87.108687
400.689039 94.025161
399.196352 105.482435
383.592420 104.515316
422.427787 115.928172
403.729681 114.455368
407.111617 128.261663
405.161178 127.203982
402.754056 133.973296
407.958913 141.530489
400.739330 137.665890
419.318138 424.781454
385.336738 58.046864
406.510436 441.863712
396.956394 47.960182
403.407507 438.606767
408.467355 48.638376
436.038415 438.595611
414.345353 36.342568
430.702948 449.089716
423.136664 51.567686
427.161011 454.136257
419.164536 44.888200
439.898899 448.668055
449.934206 48.934464
422.442575 449.664756
432.589656 48.061724
442.564451 429.627947
430.524208 55.947550
434.451990 454.035644
442.869441 47.747155
446.263303 441.831771
462.416444 45.400177
442.801327 443.163849
433.119457 42.186852
439.079648 454.106068
456.389352 43.651537
461.024150 453.107396
452.963904 42.476435
461.053656 449.269514
476.125980 44.293389
466.755095 445.360746
483.150779 47.855813
465.484638 442.512572
495.411255 39.630631
504.197464 450.376503
472.723808 43.794447
502.319341 445.960206
483.337504 65.280724
465.956498 450.551497
482.275896 47.947733
466.465716 429.573621
492.763075 43.959225
507.821284 443.909624
476.979939 39.807978
501.059834 442.961720
499.696059 55.547816
485.451837 445.243847
494.809886 409.724533
508.562759 420.848266
511.095777 417.904467
479.827790 46.605329
512.815892 411.583797
494.897738 47.419120
515.615264 408.826834
495.131634 50.471349
513.315148 401.439694
507.085670 403.525949
517.977612 56.598870
512.112054 393.660044
519.219257 48.452320
526.129230 396.956677
519.848213 61.490815
523.419722 391.873392
496.601402 45.408542
537.838480 45.462356
524.512819 383.045190
519.655536 62.642630
529.976171 386.593780
552.453141 47.553943
513.920723 396.711305
533.877738 52.292699
551.171645 388.090825
525.161285 49.546092
542.487754 384.220850
545.368574 54.862899
561.031737 392.178528
566.887141 62.236285
545.769846 395.867487
533.724845 46.035401
550.044765 398.406565
533.781234 53.606205
563.549329 387.454419
562.038455 51.127463
572.851736 397.471798
569.322228 50.512849
558.586773 397.419368
578.560557 42.621169
571.023593 396.954478
564.610527 65.506210
580.100673 390.296337
583.663702 59.579476
558.101058 388.272693
574.347873 56.051998
580.438708 393.975541
557.654662 58.882610
574.733443 389.254525
588.958170 56.919200
580.230912 385.307803
587.193764 66.858443
577.368377 397.588873
588.925777 46.319891
592.787608 385.970835
614.580750 52.188756
593.409243 392.109676
612.422265 52.851382
611.392282 381.954224
609.292460 57.237989
596.210705 385.545596
611.540374 60.826845
620.133028 391.473694
617.895768 62.111110
604.441555 392.181103
597.633369 58.298406
622.810367 381.650261
636.456544 62.489286
626.253640 378.959028
640.760018 62.100785
623.707179 394.220795
650.543588 53.839898
623.027219 402.683583
634.540574 56.045782
641.654883 392.979158
624.550082 44.423103
636.895155 395.573785
659.336389 67.800974
655.665456 383.852722
650.963963 62.892548
622.389022 386.705446
633.628414 61.030264
648.891971 384.197456
653.711887 56.104911
655.599573 386.011811
668.318035 71.790148
648.943068 391.622389
630.460877 61.188263
665.321965 65.625884
678.707151 396.418564
678.167085 69.440026
672.764969 391.576632
670.240161 78.488329
673.461835 83.320409
656.633947 96.952174
681.108105 94.137499
669.133898 95.263782
674.511618 89.147377
670.721659 106.788988
693.132160 109.316417
680.828106 121.361790
666.551212 122.761169
708.886666 123.496604
681.898628 116.675047
683.636753 128.066122
651.253071 134.970996
673.734017 137.954403
674.745384 392.152364
672.373333 144.314919
676.602393 393.222489
681.465374 135.492238
680.584522 389.945729
689.481863 145.852517
696.247128 159.770649
708.038230 388.362163
694.755122 149.490466
697.557818 391.239206
693.791108 155.839191
688.845468 389.765576
695.081309 154.499215
697.562097 391.909370
701.061496 167.312271
687.178529 164.997726
684.838753 389.536783
703.339266 169.490371
680.010815 392.135760
723.863625 393.194814
704.711599 412.349072
705.286979 175.415740
708.857595 396.900501
691.781028 170.244700
705.991781 402.330071
705.267707 159.218723
715.490801 418.314937
729.207616 169.750150
730.758415 418.650287
735.187500 179.057161
732.240154 412.351343
719.166671 169.986815
737.431547 415.265196
737.977476 158.541167
732.096119 414.621139
716.679567 173.065475
746.223844 410.774670
729.191260 171.421066
735.257854 406.480488
739.961525 173.037541
739.742255 405.321582
748.132853 177.361928
740.994602 397.210877
736.815210 398.414178
745.461549 179.620708
761.082132 397.782854
747.072835 173.227199
761.114022 389.071118
765.602257 180.094379
756.762588 390.730386
769.592293 175.358841
742.928607 389.268358
752.314257 163.735361
759.040710 333.703364
768.496714 333.064500
754.962370 335.477511
778.852692 331.032695
777.712584 343.263705
771.902396 345.337275
774.235341 345.166578
750.887105 346.092519
773.976381 359.752271
757.042568 371.944406
779.276125 369.142936
759.524707 377.323775
776.857857 376.698105
762.676836 383.588577
786.703024 384.415091
760.532400 383.688498
793.399740 165.696372
790.038320 326.403392
770.070580 161.693010
774.271327 323.265342
800.078256 175.033649
778.963571 309.807466
784.572990 163.298993
800.381808 309.234181
790.582163 175.132798
791.827972 314.290762
791.834185 295.973441
795.647195 163.388236
817.604843 300.980490
763.269141 172.315134
792.685274 313.019487
817.489717 166.349420
800.089040 320.143285
823.224685 176.609256
797.181907 293.039934
801.990465 164.707939
801.839938 316.811230
835.337408 162.607440
819.417888 315.205715
826.565901 168.353204
821.527209 314.954823
813.724965 168.508560
808.670973 297.499953
831.833157 170.022306
818.121349 288.137844
818.823876 284.471110
836.241473 173.552096
824.704257 283.446388
834.747329 274.581543
859.509198 160.338605
819.944784 274.758420
821.176978 263.658687
815.619393 269.772514
806.507199 171.565159
829.125103 265.345719
841.616929 238.668356
843.223921 249.912096
841.179478 172.582430
833.804439 254.947537
843.289787 173.975944
845.487427 245.437889
855.712985 161.806322
856.138245 176.802272
843.209078 173.682316
850.261362 234.694407
828.078261 185.641230
852.696880 170.095921
849.544280 194.927372
841.990121 229.315378
864.050477 191.457509
851.741452 232.413896
870.128489 201.589474
875.233465 198.640851
852.630589 193.670432
862.915609 200.599307
842.952002 209.420999
854.164714 229.438747
835.844859 204.407776
