39 112
39 122
39 132
44 141
44 151
47 104
49 160
52 170
57 99
59 178
64 187
66 94
72 194
76 94
79 202
86 94
87 209
89 227
95 99
97 234
104 242
105 99
112 249
114 104
119 257
124 104
127 264
133 109
134 272
142 279
143 110
144 297
144 307
144 317
144 327
144 337
144 347
149 287
150 355
153 114
159 87
159 97
159 360
164 42
164 52
164 62
164 72
169 360
174 44
179 360
184 44
189 360
194 44
199 357
204 44
204 347
210 325
210 335
214 44
215 85
215 95
215 105
215 115
215 125
215 135
220 52
220 62
220 72
220 144
220 325
229 149
229 330
235 157
238 335
244 162
247 340
252 169
257 340
262 169
267 344
272 169
276 349
282 169
284 355
287 365
289 375
291 164
298 380
301 160
302 390
311 164
312 390
321 164
322 390
331 164
332 390
341 164
342 390
350 169
352 389
355 178
355 188
355 198
355 240
357 250
360 207
360 217
362 385
363 233
365 257
372 265
372 389
377 274
382 390
384 282
391 395
392 289
401 294
401 395
409 301
411 398
413 311
419 405
420 319
422 415
427 424
429 324
434 432
434 442
437 330
439 451
444 460
445 337
450 468
452 345
455 477
462 349
462 485
470 492
471 354
480 415
480 495
481 354
485 405
485 424
485 434
485 444
485 454
485 464
485 474
485 484
491 354
495 400
500 359
505 400
510 359
514 395
519 364
523 400
529 364
533 400
539 366
543 400
549 369
552 395
559 371
561 390
568 376
