61 871
61 875
61 879
61 883
61 887
65 867
65 888
69 864
69 888
71 856
73 888
75 852
77 888
79 849
80 892
81 836
81 840
81 844
84 890
85 836
88 887
89 834
92 830
92 883
93 877
96 816
96 820
96 824
97 873
100 816
100 869
103 862
104 814
107 810
107 858
108 852
111 801
111 805
112 848
113 842
115 797
116 301
116 311
116 315
116 319
116 323
116 327
116 331
116 335
116 339
116 343
116 347
116 351
116 355
116 359
116 363
116 367
116 371
116 375
116 379
116 383
116 786
116 790
117 838
119 305
120 297
120 309
120 383
120 782
121 286
121 290
121 838
123 832
124 384
124 779
125 282
126 261
126 265
126 269
126 273
126 277
126 388
126 392
126 396
126 766
126 770
126 774
127 828
129 400
130 257
130 762
130 824
131 246
131 756
132 404
133 817
134 250
134 254
135 242
135 752
136 407
136 411
137 813
138 802
138 806
139 239
139 415
139 749
141 216
141 220
141 224
141 228
141 232
141 736
141 740
141 744
142 798
143 418
143 792
145 212
145 732
146 726
147 418
147 788
148 782
149 209
150 422
150 722
151 186
151 190
151 194
151 198
151 202
151 711
151 715
152 778
153 772
154 424
155 182
155 707
156 176
156 428
156 696
156 700
157 768
160 172
160 430
160 692
160 764
161 151
161 155
161 159
161 163
161 167
161 666
161 676
161 680
161 684
162 434
163 757
164 670
165 147
165 662
165 674
166 437
166 656
167 753
168 747
169 144
170 440
170 652
171 126
171 130
171 134
171 138
171 626
171 636
171 640
171 644
172 444
172 743
173 737
174 630
175 122
175 622
175 634
176 106
176 116
176 447
177 733
178 727
179 110
179 619
180 102
180 114
180 448
181 41
181 606
181 610
181 614
182 723
183 712
183 716
184 45
184 99
184 449
185 37
185 602
186 49
186 53
186 57
186 61
186 71
186 75
186 79
186 83
186 87
186 91
186 453
186 457
186 541
186 545
186 549
186 553
186 557
186 561
186 565
186 569
186 573
186 577
186 581
186 585
186 589
186 593
186 597
187 708
189 36
189 65
190 69
190 460
190 537
190 704
191 531
192 464
193 36
193 693
193 697
195 527
196 467
196 471
196 475
196 479
196 483
196 487
196 491
196 495
196 499
196 503
196 507
196 511
196 515
196 519
196 689
197 35
198 682
201 31
202 678
203 642
203 646
203 650
203 654
203 658
203 662
203 666
203 670
205 34
207 638
208 627
209 36
210 634
212 623
213 36
213 597
213 607
214 611
215 615
215 619
217 36
217 593
217 600
217 604
218 562
218 568
218 572
218 576
218 580
218 584
218 588
220 40
222 558
224 41
225 554
228 41
228 45
228 497
228 501
228 505
228 509
228 513
228 517
228 521
228 525
228 529
228 533
228 537
228 541
228 545
228 549
229 49
232 493
233 51
235 489
237 51
238 55
239 59
239 485
243 61
243 65
243 483
244 69
247 483
248 71
248 75
249 79
251 483
253 81
255 479
257 81
258 85
258 89
258 93
258 97
258 112
258 116
258 143
258 147
259 479
260 120
261 139
261 483
262 100
262 108
262 150
263 124
263 128
263 132
265 483
266 146
269 483
270 142
273 483
274 139
276 131
277 483
280 131
281 483
284 129
285 483
286 121
289 484
290 117
291 488
294 114
295 488
298 111
299 488
302 110
303 488
306 106
307 488
310 106
311 489
314 104
315 488
317 100
319 489
321 96
321 493
325 96
325 489
329 94
329 489
331 493
332 90
335 489
336 86
339 488
340 82
343 489
344 81
346 493
348 81
350 489
352 80
354 488
356 71
356 75
358 488
360 71
362 488
364 71
365 484
368 71
369 480
372 71
373 478
375 75
377 478
379 76
380 474
383 76
384 470
385 80
388 462
388 468
389 81
392 458
392 465
393 81
396 458
397 81
398 452
400 85
402 448
403 442
404 86
407 438
408 86
408 427
408 431
412 86
412 423
415 90
415 419
418 402
418 406
418 410
418 414
419 92
422 96
422 398
423 132
423 142
423 157
423 182
426 96
426 398
427 128
427 135
427 139
427 145
427 153
427 160
427 178
427 185
428 101
428 164
428 168
428 172
428 189
428 193
428 197
428 201
428 205
429 209
430 105
430 124
430 394
433 109
433 113
433 117
433 210
433 382
433 386
433 390
436 206
437 378
440 202
440 374
443 362
443 366
443 370
444 199
447 195
447 358
450 354
451 191
453 337
453 341
453 345
453 349
455 187
457 333
459 184
460 329
462 180
463 317
463 321
463 325
466 176
467 313
470 176
470 309
473 302
474 174
477 298
478 171
478 287
478 291
482 170
482 284
483 277
486 166
487 273
488 267
490 162
492 264
493 257
494 162
497 166
497 254
498 242
498 246
500 162
502 238
504 161
506 238
508 161
508 227
508 231
512 161
512 224
516 161
516 223
520 161
520 219
524 161
524 215
528 161
528 207
528 211
532 161
532 203
535 199
536 161
539 198
540 161
543 197
544 162
547 166
547 193
551 166
551 193
555 169
555 189
559 172
559 185
562 176
563 180
