73.667829 277.045880
52.943075 264.056226
26.158380 271.444927
67.292827 234.782539
51.482629 224.536889
43.814844 240.942446
51.571464 248.328872
38.940447 237.376249
77.677375 247.112610
48.328042 273.385711
28.981535 269.262410
63.614083 210.126465
90.584087 212.860921
82.113916 267.907986
46.194644 235.351391
97.895542 279.983206
40.380481 208.604657
78.438295 273.168459
65.867537 208.125008
81.322892 294.993980
101.001308 204.475631
73.073994 294.260942
95.163469 193.974948
91.935352 290.155692
92.743478 205.043735
97.007003 267.273558
83.850540 205.077712
97.632560 186.825846
88.279654 179.206109
74.319332 281.743310
71.891488 173.824560
107.068429 283.527298
115.442071 164.708104
84.645964 176.065918
111.671036 294.111192
84.112391 170.435693
149.864232 170.262847
108.636895 159.674816
76.393593 290.833686
64.420718 169.460120
43.034917 264.776269
116.689019 151.781071
94.543733 250.284305
86.615513 137.795383
132.623049 282.042262
153.656153 129.902977
142.754299 263.612972
100.205157 145.449921
122.909816 244.631982
154.627967 160.701832
135.926189 270.382334
159.462562 128.630774
102.115237 112.444607
139.211247 246.359694
139.696638 122.465478
127.891985 274.779888
142.799740 110.338372
123.937564 260.100957
142.810453 82.057305
133.014069 124.142271
136.744220 115.759292
129.149259 126.313100
143.687938 258.647856
126.720419 75.101764
102.997791 75.688148
179.180842 87.073472
146.561393 266.590934
146.796015 70.948604
135.519306 263.575231
150.039360 83.135685
176.907700 245.752721
155.415921 66.397167
117.949385 244.091516
175.108263 63.111931
175.339911 254.326611
165.383455 89.507680
178.172567 250.536346
199.048632 94.996637
132.907314 238.352219
168.298696 65.499923
157.594856 236.885822
185.264384 68.161985
201.154142 265.155578
135.459440 69.333959
164.780529 70.177187
148.708125 230.233074
160.632424 70.642565
166.318285 231.412193
162.383325 88.315753
201.085205 219.159545
181.618399 85.635744
186.617998 238.866896
150.405532 85.828850
203.017105 214.170246
173.832486 71.885889
172.726607 222.402075
193.923775 93.393167
168.467137 243.417228
184.893599 83.666179
210.241634 224.712439
208.549786 89.678237
250.894788 233.402016
204.016829 219.504198
213.223547 74.457166
234.491348 231.118528
215.493265 96.115718
217.744506 198.416885
194.130828 94.411589
210.853301 239.160700
212.133639 77.005018
201.192274 211.310728
230.567652 79.551939
221.752856 229.043292
233.455333 86.364181
214.848513 239.155402
239.769953 98.848014
259.524420 273.865881
234.757740 84.805242
250.697348 235.853961
225.225634 257.126228
241.488954 76.867924
233.807120 242.371447
232.078207 73.990000
221.030912 55.133605
229.320364 253.818055
239.679419 96.761608
284.722794 263.085307
244.281043 89.293430
231.951140 96.292328
260.655752 260.203641
268.381120 95.443315
249.885214 265.443376
227.089885 95.648573
258.796068 262.997766
283.018733 102.146579
267.746925 246.829965
271.501367 115.492704
274.067451 288.430875
278.641968 105.924354
260.436736 273.055142
323.755764 293.277439
274.715266 115.567957
325.491656 278.304006
275.280957 98.974404
242.199108 300.391987
293.202222 125.529345
277.785564 274.234852
280.950163 112.498589
300.288354 299.014267
301.220907 118.033758
248.656942 132.851521
325.673633 278.344435
307.948107 275.325936
266.754638 133.220869
306.236002 301.330176
321.372461 125.407546
319.839335 129.073323
315.837370 299.144363
324.317005 309.239458
322.862911 142.879215
320.523007 320.827667
282.541381 113.618043
279.846047 104.281468
339.264805 269.252074
347.211397 302.571621
280.258304 135.401549
308.734207 324.844338
298.960668 129.674740
348.817523 324.317714
326.471007 135.924821
305.561076 327.801366
328.782088 153.856058
334.569740 329.127589
353.705981 325.305320
309.443364 324.687672
333.497948 354.414736
362.810708 140.686437
330.984622 333.129324
343.481221 343.695177
343.366697 347.450061
311.513461 358.062719
321.157611 379.260544
314.053618 144.788007
344.314138 348.668369
329.867305 134.092202
344.395414 349.189452
331.698717 348.279221
337.041317 96.370724
338.208218 360.363252
352.548361 375.136031
337.428213 371.344837
335.954301 396.989285
360.190127 368.407693
356.882614 122.780247
353.862014 369.483681
331.662951 382.663371
364.467055 390.277826
338.887576 411.206489
328.909725 418.408294
335.405602 139.629316
386.832262 400.398639
342.138148 153.923616
304.492514 396.799433
378.123340 138.162243
358.189129 405.381013
380.429253 160.752313
383.280844 385.642104
352.391143 416.952481
414.817085 155.516920
314.867369 438.076318
314.913718 145.392935
431.926512 162.170658
397.326447 437.578250
391.590735 142.016838
394.022899 442.400063
410.706872 419.659982
326.746694 150.156251
416.759847 429.903953
397.826678 439.994938
346.363346 452.362816
400.527628 129.768674
395.821782 158.687749
355.045097 411.080684
385.624896 430.949843
404.925588 457.243041
412.535261 470.065247
443.865690 466.672203
412.215425 462.297851
372.388098 695.082353
405.759305 699.021501
386.624754 460.393142
396.000218 176.196515
422.495862 696.714268
431.253336 731.615952
396.109349 481.699171
397.293075 478.678654
414.892849 461.410787
408.210387 497.602579
414.577508 517.603091
408.458218 487.725036
400.485685 678.058796
390.165361 705.195584
429.326384 158.456352
375.271413 714.489474
382.777507 503.935676
416.188155 681.679277
398.526773 505.721062
370.875324 526.489445
405.410218 486.088356
382.726281 497.905739
405.919401 521.066014
419.240298 497.031293
369.802515 509.627699
405.671743 536.994448
370.707734 514.123884
426.795473 554.140888
411.079056 562.621346
375.648229 523.275077
401.854750 559.203839
437.929111 688.137958
406.465167 666.002682
389.882887 158.490169
403.369461 716.302605
420.934914 174.721362
410.864097 551.395385
391.450498 665.930590
407.385407 535.080469
399.884670 529.337601
409.054894 547.337129
417.169535 539.904731
376.821452 550.507771
407.554867 561.214917
399.337399 558.532447
392.036917 598.397655
377.012471 563.888831
379.884603 597.845699
406.267767 596.183364
409.841649 591.990813
413.375202 595.053401
442.619496 625.961759
405.604703 638.325481
361.258854 632.138698
412.787022 630.445452
395.309890 662.871850
382.339685 641.646840
417.167843 625.980604
388.390985 646.264972
385.379545 674.114631
403.636055 665.017619
388.483138 641.965100
425.586040 718.599990
378.314823 156.470180
388.766250 582.522245
404.528200 630.224758
421.929232 613.108269
447.414383 610.297218
433.651912 618.476917
405.141907 610.263638
423.201634 713.576419
422.230861 710.954442
387.921849 162.329429
408.621370 662.490402
464.829638 160.155340
431.327920 191.465502
413.752492 681.770830
435.487527 186.830069
388.404714 701.323339
445.286411 164.861595
416.557612 696.778010
426.429761 162.654310
440.963676 668.088209
440.658980 578.373178
402.748353 604.673264
444.399023 592.751012
438.382654 562.566090
419.561350 585.047881
427.134822 597.533249
426.451453 621.114201
443.037714 604.169459
432.941089 617.231329
441.385647 594.155813
453.061329 616.254016
456.181130 612.447217
449.461636 608.501414
432.209826 622.131650
441.178045 654.447544
462.738888 638.656688
407.807056 648.938099
408.990465 664.793407
412.499424 651.789414
405.278149 671.124015
434.871547 644.614119
415.938869 650.886320
431.124019 665.461950
419.727843 663.775334
422.620208 669.699430
423.045308 683.753298
446.802272 169.009244
425.895170 576.806867
414.715715 539.955470
457.761085 543.478542
489.504219 577.358523
429.013541 561.536084
443.024438 546.111258
445.045791 568.717102
453.434077 577.801006
456.242505 162.969225
453.379577 522.606815
439.541450 521.921263
446.941689 488.023267
471.433992 504.302170
429.903947 493.738682
466.141864 500.524271
435.874005 515.685368
420.653752 517.212330
450.388430 518.636526
437.017153 550.243190
444.035814 525.402335
440.719147 524.716845
422.865974 155.891776
430.478256 483.437347
474.343593 194.248983
486.331728 478.539706
458.208366 162.909710
442.645902 479.204955
437.211818 147.840637
447.817706 467.204775
434.107404 186.927763
463.485042 516.815837
460.360733 510.875218
489.095888 507.632398
443.275253 506.723025
465.906458 184.968242
473.093512 536.305446
463.319267 532.348733
470.849314 147.781702
484.889508 536.565457
488.531903 534.826160
475.721714 521.558514
485.553023 177.000542
473.553018 527.597389
441.906336 176.889607
483.398672 541.431387
460.432271 526.475804
503.679720 547.460795
459.050770 557.947392
488.761018 183.274918
454.270535 579.150292
517.892268 185.578586
455.513865 426.599078
456.566272 428.754800
476.534110 440.215648
460.530259 464.535372
463.019220 479.924842
504.814402 569.721153
486.263858 534.245704
469.175952 580.624085
464.204275 172.162075
471.469647 428.838334
504.253194 470.919956
527.137392 467.059077
491.538599 445.767326
494.228057 468.244989
521.059284 465.779900
472.508101 440.513820
475.764920 548.836309
495.389882 181.932473
517.853611 566.959419
478.537674 569.708023
467.645580 478.816409
490.271436 499.344298
524.813702 400.058851
453.607879 488.811216
503.306090 152.175044
505.735958 555.082525
473.700382 574.682361
439.507395 573.837150
504.586502 416.942172
486.202281 478.982589
466.249534 484.276861
480.319431 485.666387
504.152545 488.793669
461.967941 510.362468
531.825594 185.557139
522.912789 605.064873
495.986376 573.644808
524.449947 580.430216
535.754743 596.045719
454.942459 695.621021
519.961071 697.152145
473.955092 708.085809
516.787877 684.153571
507.701919 192.684910
484.153810 404.321494
529.384374 519.875817
456.450830 524.161180
493.257801 502.781201
507.301206 530.876016
512.028379 546.212601
499.408604 508.333204
504.609794 587.042743
549.418746 667.682371
539.632619 681.616442
523.355260 153.956255
495.798215 446.040282
504.686505 618.015979
500.404891 629.657737
502.688831 603.883105
447.158491 669.693763
497.716390 540.983512
515.800964 542.884714
512.272793 538.037058
460.710553 540.905457
484.911220 558.431115
499.062532 561.291781
535.276586 685.298450
521.602565 198.985784
504.035986 444.303454
495.557720 620.960143
522.556364 650.848986
502.481084 630.946015
539.548311 619.900057
483.781716 655.153450
525.283341 567.794530
511.901995 536.101623
533.417113 553.086150
515.433933 691.582946
511.053419 172.751011
510.756226 444.028527
505.935812 532.271632
518.491693 671.722640
510.394583 619.837443
520.249675 633.483228
485.272094 629.199752
511.934536 653.974584
527.700151 647.726293
536.288565 633.350302
522.138291 665.692681
529.408978 681.196112
516.494680 701.560848
530.664085 187.200079
505.225365 425.074121
514.285338 565.500606
484.439146 588.069823
472.165522 562.659919
516.478254 187.056190
537.319852 693.218072
519.483721 427.561780
533.152821 579.057247
534.598493 562.298811
558.095324 602.144645
566.592483 198.898437
519.366203 580.207547
548.036344 681.492547
480.458334 436.057234
523.172149 173.895698
484.248486 607.986515
529.826154 599.819879
518.004995 584.146822
513.474266 595.905627
550.673711 703.601267
549.700086 429.450929
548.821908 212.778037
541.325607 612.575242
479.995957 631.409618
490.819294 646.052229
506.058050 653.132880
499.673002 659.039851
507.282309 656.554155
516.504891 685.807311
515.361792 721.337402
519.321094 703.032468
528.042579 685.505199
563.968026 430.581239
535.031920 593.316265
501.917826 200.406605
548.564992 658.532858
540.885093 414.788340
495.282124 626.542771
531.723993 623.140711
519.898556 602.212336
552.027091 658.046085
575.545099 668.909463
550.273388 633.824111
546.926358 179.142936
543.057755 435.911217
506.292341 630.951016
529.911794 627.763896
516.428789 208.664696
538.799066 432.097994
575.760583 200.854958
535.273192 418.632887
537.964183 225.238734
563.151061 432.670030
584.191316 194.385362
565.638422 452.541668
584.687687 173.388437
578.999016 422.086932
591.204850 210.499798
533.328335 423.638515
542.427429 210.183978
605.687408 424.923835
587.025602 197.596092
568.317703 422.963163
576.929791 201.033421
596.590902 395.888501
584.826907 222.357673
573.395091 436.687000
597.152726 199.393347
558.939824 393.253940
557.874081 191.057204
598.619198 440.786502
589.372642 202.985723
600.098972 426.641559
610.190042 198.685354
595.387544 418.740761
561.941184 215.441678
649.273933 407.023590
614.465652 198.136315
605.038286 408.003681
603.667699 211.901202
642.329787 408.008293
611.077365 186.073516
618.336886 421.424005
549.667463 186.113734
632.227698 433.658069
607.579400 186.384548
615.127498 428.055672
600.028646 191.609520
601.011006 407.192393
643.058305 189.102505
621.492690 428.724048
643.298083 201.178294
601.858392 402.764897
663.715460 193.094946
620.841530 415.736611
649.304868 192.185200
641.310089 417.300082
590.222549 197.655955
622.101689 418.655875
664.963100 205.873595
621.367947 385.173648
643.495675 197.704507
641.022350 414.788268
665.182184 200.718864
696.536269 422.477880
701.347940 181.068939
656.488104 426.190336
662.864179 198.544763
628.662645 401.957088
670.933912 191.340311
643.197062 405.740430
638.685687 210.753051
678.628025 384.385188
659.520376 214.093500
663.450234 388.810598
663.156829 186.493062
676.350757 403.822395
668.524471 169.535266
683.218554 395.022133
699.359203 190.265577
714.987616 415.204703
708.826448 165.221714
673.516687 377.126000
688.112526 184.577926
704.853366 405.413516
673.767344 169.712142
686.062035 375.978246
707.473835 184.794679
704.942516 402.805734
737.225874 387.245097
686.771056 206.308615
702.962632 381.577918
713.582100 168.282783
697.311254 402.388440
708.228008 181.779750
750.491431 388.881562
707.642249 193.029940
723.375563 380.112037
745.969876 179.868782
741.960578 362.051075
718.835326 184.855738
746.877455 366.208599
738.155937 385.245557
734.662002 174.238652
728.427126 370.355148
698.965506 175.039494
751.161512 347.492339
753.623479 161.793908
757.577980 359.508605
733.210129 388.569146
745.557414 387.379274
736.286626 390.153795
723.024044 670.205989
704.792749 697.646204
735.813540 143.928810
737.228340 714.798838
728.045792 395.770518
755.677189 703.419251
758.621535 160.567568
778.703564 374.515157
748.060079 694.368725
757.379252 665.869630
765.326082 188.767652
779.693421 384.987283
766.958136 411.429538
750.146319 676.639173
725.846671 672.974917
741.872775 177.091363
714.423511 396.182384
751.780501 658.533107
715.303252 401.899283
741.578579 394.904715
755.236154 437.781194
767.006537 692.372704
775.289029 185.253168
782.415716 662.126207
768.265013 409.060712
774.108007 671.298432
753.924997 428.933884
765.753098 412.410510
738.835730 414.415337
742.534983 444.830327
752.008373 642.654051
708.035521 177.743202
742.684652 438.198108
748.702717 683.455147
771.304172 648.823691
797.206557 165.339868
789.908141 443.306788
787.737879 452.657197
763.548294 454.295067
763.350294 441.849585
756.984673 453.577791
769.997346 469.318208
748.009654 469.547121
772.112599 650.660287
741.986077 694.035443
803.920665 173.468261
793.406025 485.288114
726.894500 629.705107
772.766851 468.601331
783.663358 479.448456
779.030813 643.977726
797.642980 687.355528
757.256777 657.865771
764.497066 173.422771
798.381152 483.854763
793.419213 633.587401
786.188206 479.825765
739.352856 512.308959
740.965174 503.035416
817.067089 599.769150
775.213670 608.210647
766.281731 579.741907
804.211482 600.815106
757.652759 610.025012
808.071304 612.364497
808.050545 636.563012
771.834402 190.190363
781.858502 645.008593
791.670679 676.486010
800.334787 501.256148
744.171293 581.969099
751.885875 215.957021
767.825267 487.891879
768.428306 488.040628
777.274324 493.943768
806.091601 513.751813
758.483448 507.917454
803.274795 493.191316
800.408764 515.246074
793.273712 541.066981
783.632331 517.553916
788.965250 519.784798
751.743498 524.399337
775.073272 543.433698
759.579556 549.284298
768.740939 551.465109
775.352858 574.098289
809.818843 552.447948
800.142834 565.341790
767.746704 561.296778
746.190700 560.997182
820.051301 583.059503
753.301283 574.114644
801.908796 594.021088
792.724165 578.727756
776.760257 664.203084
776.909314 185.968037
787.280088 661.168172
798.057072 148.395183
786.567734 659.709116
828.924913 194.438633
792.017545 637.660724
780.037385 180.034091
765.856551 647.568780
791.471155 606.721343
801.950207 652.490145
786.498304 617.905884
789.127705 177.172379
780.162519 640.520266
848.024313 601.488968
803.807507 639.051273
822.001346 596.191107
785.013261 613.098628
799.639270 617.315618
768.088281 639.937210
795.216972 184.269642
775.612740 623.086561
793.848540 163.027911
798.191701 560.012678
818.795422 568.751305
824.411144 579.032734
837.628751 589.963249
821.762733 594.122135
817.040749 151.688551
828.064217 582.838249
829.126682 417.264771
803.564500 430.450791
786.855120 437.851562
839.057205 455.375033
840.511698 443.865036
801.598964 468.173810
824.513725 469.794900
820.343104 562.316309
785.304358 585.626664
816.438752 574.937801
816.920480 468.693388
824.246239 199.069891
828.398330 441.706119
848.676327 518.399978
777.701480 455.593716
822.243080 483.032450
798.207421 462.871912
795.598274 464.912592
820.221263 480.023246
812.828570 485.840895
798.381561 533.553695
833.987779 551.163444
804.350533 541.226509
840.277515 499.852847
828.883601 208.499679
809.124723 421.616063
834.609701 557.362980
819.940868 493.181260
838.292177 500.733109
818.095345 524.806198
853.499726 528.232843
831.647882 193.119882
805.941445 488.412249
801.165964 434.088370
871.417993 414.292437
819.721702 434.408416
796.906268 520.675902
849.258230 217.033548
849.365504 481.221266
804.447180 507.693322
847.559242 504.687832
854.591431 506.557294
841.272957 527.321218
841.256750 429.907935
820.605901 443.889882
834.944166 442.488922
838.873470 176.660532
861.607811 204.467106
810.501113 457.860792
862.595791 452.062637
840.542981 460.626655
844.463945 459.797107
800.925232 207.500557
818.018148 471.898765
813.425001 440.912919
824.938960 191.038271
840.338556 451.175660
841.724781 457.039391
852.094065 458.677762
823.614363 218.749581
876.251848 462.968020
860.161217 184.421669
841.416878 474.747269
827.877913 476.288170
879.446593 513.685641
870.288787 170.833406
871.566062 490.473142
872.125326 184.417227
848.016253 491.027848
877.745755 481.977966
884.689460 497.216455
865.244830 535.654131
869.129181 200.106846
876.237596 516.477554
852.823316 561.921141
863.924744 494.374442
869.899586 188.766553
867.432940 521.328237
869.424821 216.921744
854.815515 543.084538
876.089238 523.797698
880.260737 210.887737
853.896675 521.839991
838.947214 531.806193
865.529055 540.859647
866.441732 536.310717
887.544567 204.296621
897.168491 392.588558
884.913560 384.410255
885.921425 397.359506
872.750613 386.175756
867.745043 424.520819
863.288458 417.301798
870.902631 559.408151
905.193678 222.659228
908.821777 538.643525
875.232144 545.477673
855.380693 555.717855
882.283625 564.053928
878.968519 570.656915
868.538400 581.457983
868.482138 570.968525
875.249876 577.573857
929.874996 579.710943
817.933470 696.583178
891.875422 667.947874
874.430028 670.852085
860.339232 686.804128
888.109938 684.936742
902.440933 664.053284
864.660176 700.185092
881.794459 411.676004
872.144719 414.026868
880.314994 439.841156
886.340799 422.483590
880.450761 443.343496
899.253628 601.205650
856.446013 210.379231
923.136850 677.547020
910.336453 702.562657
903.786725 379.429883
868.047458 591.367995
882.951529 609.338859
844.527704 600.548797
866.892786 619.176054
878.937447 599.202824
898.808034 623.641163
853.727032 602.501747
891.714087 666.533350
857.501777 434.610042
883.935802 439.123926
887.927482 445.318507
900.141169 438.904384
897.693808 453.262769
911.660767 451.101060
897.357973 439.833759
868.842154 459.145091
914.378603 482.353520
873.388807 211.336358
887.320866 718.264602
899.575026 397.091330
864.893934 625.972416
902.049304 658.031761
938.231029 613.716353
923.662295 623.634438
886.960054 621.251013
870.405982 636.315767
895.821953 646.215335
895.223382 651.070661
880.431148 473.916695
902.977011 216.933946
919.183187 688.197046
915.442399 385.702028
923.692224 499.311802
907.615020 222.682061
915.042766 420.378377
904.991566 402.657551
906.062123 418.769151
864.778344 403.875685
909.820672 405.760362
875.401962 438.761302
903.163711 682.380134
874.780364 471.493417
896.472253 473.682606
919.684266 215.057080
914.061408 462.049548
895.599809 459.819279
876.398612 421.675987
905.597537 421.901498
894.201354 426.919790
903.059896 422.847721
895.020256 427.938315
924.075413 436.751173
906.890927 436.275832
926.974761 435.571646
919.391214 453.111018
902.602361 689.352579
913.972197 212.203765
856.426330 484.451445
913.310282 490.594815
886.939310 502.566387
897.554760 504.917278
936.819010 476.781536
893.121310 512.828554
875.987213 493.360677
903.976336 525.076389
867.192797 517.641409
928.107363 527.127481
896.109428 561.017274
930.203705 532.187278
909.015902 550.016814
924.308889 549.258493
900.500741 535.452977
875.863591 560.416211
889.954868 576.083460
889.395766 579.131006
886.790225 559.569671
918.530252 570.175480
894.460082 652.116071
904.255589 674.006059
904.662668 657.443617
925.792195 671.097646
897.425752 676.176292
898.226168 218.938116
914.953754 450.286172
893.654291 455.358563
901.112010 472.208228
925.911690 580.565903
931.600625 668.215115
894.192394 588.058324
908.652277 582.390228
922.924213 580.293563
895.553369 584.033800
937.740015 575.853892
894.993711 585.528534
913.000442 606.044808
894.386258 601.881276
901.701426 603.569839
899.295913 608.794001
933.950622 652.933081
915.066368 224.564420
895.438691 624.197211
920.878780 467.384333
892.548265 218.870139
913.500607 483.647230
925.480220 659.368088
908.161992 613.695348
894.124548 624.499368
919.035848 639.482336
879.804915 631.002490
895.891351 635.276559
916.542599 626.708457
910.558249 635.105714
913.920772 660.053513
910.808611 656.500251
890.801025 220.843201
928.792249 481.131554
887.153835 460.140886
900.314713 236.657945
894.246232 477.979275
921.406426 465.715291
927.327172 491.666169
897.540186 241.584210
922.508685 244.024019
902.684654 493.892433
923.611831 495.533581
921.199434 259.679300
930.406729 260.970700
894.795277 492.901441
926.512801 476.164197
921.309438 259.307700
939.442770 243.502903
923.026046 261.616598
936.742781 261.304622
914.059782 268.599122
922.899922 493.982607
959.299222 503.715391
961.091666 517.311401
954.274639 265.031999
945.711980 280.307835
898.485342 255.906324
944.424377 514.870434
924.437400 526.813960
949.939262 293.228534
946.379143 257.217597
961.250751 288.120157
960.598560 306.246093
954.194464 299.057607
892.169745 279.780920
959.083923 319.185474
914.896138 528.313883
942.511618 502.815136
933.414398 315.897168
910.701234 298.888728
959.790829 287.116669
913.422535 298.436373
971.791870 520.086392
910.747511 333.039985
953.806226 538.182344
945.873359 337.248354
950.941830 329.912975
970.108336 321.468212
952.411556 352.059075
936.676394 336.167901
901.399712 351.420074
939.961103 368.070576
970.045617 356.875623
936.177840 358.779534
947.526983 384.722415
956.429908 388.255540
1004.019113 361.420905
970.609622 383.458788
937.846307 389.958872
959.490040 379.944500
961.996720 403.076247
940.379214 411.484741
975.907143 395.136632
921.421753 409.081290
972.599087 393.160709
953.573363 419.535272
965.383595 419.963865
954.793019 413.221589
948.550666 525.760280
963.028527 545.648746
950.418790 419.360290
912.838037 423.365963
945.675906 435.791167
941.569916 431.295555
941.607906 433.248557
938.464539 430.002017
971.637636 469.093517
955.746809 443.914938
989.861199 559.785435
962.417278 540.285712
950.474219 445.081186
955.334897 484.918891
938.972401 459.308145
952.394367 455.230768
983.124475 544.105017
947.230753 455.495549
971.306199 469.422690
980.934929 467.455854
985.963910 486.607804
941.578774 568.686975
988.205865 557.517238
944.373606 485.524721
939.569018 476.009020
960.832138 496.648072
971.846823 542.608684
957.685294 470.926842
986.233346 479.687923
957.932160 564.139126
975.814815 582.986192
981.494087 524.554662
995.779558 511.627256
986.969479 577.484242
1021.174362 496.040372
1031.204582 516.994546
967.324649 555.220463
1019.821614 582.200223
944.998016 524.177124
979.181557 585.291159
995.580128 497.783574
1006.787084 507.669013
975.221730 565.707517
963.965158 505.301830
1005.667639 564.386880
1020.935426 530.544303
990.898784 596.111036
1009.731928 509.789411
973.134080 595.148522
1038.398360 530.552153
1010.168090 584.659457
1001.612741 537.847085
1061.619291 610.897043
1010.887345 553.401009
1004.402367 611.742033
1034.934031 565.627505
1023.518645 551.173689
1060.445883 548.363482
1008.090541 604.260391
1052.264089 565.553186
1032.196800 538.059028
1021.824782 542.279743
1044.574794 595.039058
995.786162 561.459136
1040.830373 632.819205
1061.105758 575.969074
1036.982365 608.577079
1034.570080 567.970714
1037.511988 601.647711
1026.859065 563.638400
1050.345666 569.762825
1004.023567 577.646548
1034.670194 573.607876
