197.264648 401.835917
192.414841 403.183331
185.871861 399.723016
191.717359 391.408542
196.435560 346.452368
195.249470 346.401717
196.449951 360.006590
196.301250 360.202630
196.397444 365.868127
194.072025 351.954210
201.052083 373.840529
191.805383 376.266401
194.825077 370.438403
194.772514 392.063318
192.925303 388.697809
202.786953 403.815350
190.770782 413.071846
194.712559 408.492760
189.471010 420.133937
188.504541 428.683627
198.132079 437.994349
192.451048 433.552451
193.147476 434.540873
191.236887 434.094957
193.198026 449.256638
200.889622 331.062334
201.446621 456.099655
204.633638 311.784721
200.168192 339.963853
199.007176 328.393132
200.828024 448.616929
196.806303 446.140212
202.536093 452.633475
206.176144 323.658062
211.089078 456.260304
202.146794 311.977685
208.747146 315.875627
203.381406 452.851244
205.243430 462.917004
209.116263 463.999335
208.218346 309.625742
212.580610 471.803758
208.528454 298.659729
216.597887 304.213016
207.008894 483.259190
220.678047 294.524103
217.711109 273.851012
208.795405 486.879426
217.260769 473.191803
219.328407 487.077029
219.031196 286.468082
216.987324 270.891142
215.882019 496.220005
227.432733 274.838304
229.557549 263.094545
224.131774 498.533752
221.706117 493.619351
233.188423 269.155262
223.200713 506.670653
230.783802 254.021653
237.892792 508.341857
236.166616 255.598470
236.206885 243.252419
231.507120 520.815620
243.261794 240.151856
242.344476 502.418944
239.820627 519.288581
244.054346 225.313279
241.652277 239.173643
243.458710 516.469971
248.697534 229.786319
256.900272 515.489731
258.852284 224.958598
254.298254 524.186919
253.295883 218.740093
260.946117 522.185988
267.873481 218.785705
265.155837 526.965332
270.581980 214.854543
254.402437 530.866790
270.360757 208.402233
262.268848 525.108298
271.199721 201.896337
275.768135 531.792064
276.088768 212.959697
275.190753 534.778635
283.902529 195.220705
279.514492 535.731905
285.988316 200.668879
281.003642 537.762914
283.304200 773.805592
280.692052 771.166242
292.086775 770.506565
283.312765 784.395472
287.327378 784.888638
281.782239 776.368345
288.626599 798.239842
288.867498 790.518838
290.215428 796.706825
286.042581 801.790196
288.454270 807.534006
288.519706 811.855943
289.847477 824.835921
289.627942 818.852414
289.460009 831.385325
288.727651 187.796879
287.643987 529.897434
291.845286 762.494316
291.042064 831.223438
291.233704 186.679963
290.826514 756.725418
291.105124 751.656559
292.923992 536.274687
289.398539 826.994221
300.317042 183.709856
295.659033 734.702892
294.329978 535.721589
296.250070 732.949947
297.093492 833.704367
295.087573 836.877093
301.443148 185.391584
294.914195 837.597966
298.516247 536.913512
300.525606 734.116876
304.996526 739.554227
301.287632 842.471530
295.491331 845.243147
302.222102 183.135708
299.923572 530.643710
307.742235 728.968120
304.339701 855.010654
305.278940 167.502764
303.171300 709.689075
305.638546 533.907179
311.791887 838.272081
307.207885 170.619804
307.674355 711.892956
310.897732 706.492344
305.891671 523.839703
315.410106 854.898036
311.635582 177.367336
315.482565 526.721236
318.242880 704.741790
316.302487 700.578721
320.128645 861.120547
315.054588 166.025463
319.816339 531.885434
323.008410 699.822767
320.784648 854.240619
323.716110 161.669214
328.342916 695.502595
319.335496 688.133556
325.213880 531.881736
323.181334 861.621716
321.898282 170.262131
325.080937 688.457077
325.364276 674.381900
323.937008 522.889366
324.277151 862.852666
335.706539 168.249856
335.644554 662.610180
328.404821 536.169980
326.144969 659.680178
334.088902 861.641049
340.229031 155.820870
340.565408 523.472126
332.136554 658.534047
334.846258 852.074368
335.617167 653.349839
342.270455 651.981291
336.659100 165.788777
338.638466 527.508070
339.184930 854.589634
339.473273 650.683879
340.500002 154.429693
344.692131 650.826205
342.205490 523.873618
345.990224 857.666569
345.046934 147.480108
345.916089 643.043825
343.880473 634.039827
348.803452 847.633071
345.764948 531.349560
346.906472 156.119344
349.084712 857.652709
349.136236 523.761165
348.121858 626.942896
348.107881 607.889860
344.537686 628.040223
359.743847 145.678290
358.798721 844.401772
350.732511 523.236976
352.006097 614.093941
355.130728 614.461724
354.813234 146.386711
354.319433 842.296579
359.993836 515.442453
361.512931 605.000944
355.468587 835.619563
358.530020 144.245737
360.062776 597.642127
360.287684 509.707055
364.762617 830.820964
364.706462 147.629568
366.157378 505.221641
374.398420 589.215473
364.046043 581.100807
361.779985 581.775181
369.912272 836.605186
370.330724 146.660779
371.459901 504.927965
370.101751 573.692364
366.702789 578.275925
374.959065 833.933230
371.309129 153.474540
374.373702 504.918800
377.739436 563.871296
380.239150 824.789955
373.072008 560.009608
373.442385 152.908232
372.348764 495.819129
378.248866 840.141317
380.123347 495.795086
376.805529 557.234638
377.682181 145.972606
375.004301 542.816402
377.067654 543.799889
374.351688 1018.829768
383.828703 1024.329974
379.984134 1033.719432
377.915871 1038.427477
381.390902 1044.891487
383.292274 1050.348218
378.759559 1044.256043
373.667956 1048.291880
376.433692 1049.704138
382.630171 1059.556670
379.824124 1055.990086
378.448579 1052.420986
381.380531 1063.673741
382.487010 1073.111389
381.003003 1078.900108
388.570083 1086.839709
381.824712 1084.870695
375.384425 1087.488428
383.747753 1090.075446
383.389086 831.481947
385.462785 481.892385
386.464080 139.605183
391.085375 536.350736
386.881487 1015.140923
387.172305 1095.685289
387.717759 534.725483
389.717793 996.618280
388.617810 1006.543762
393.524034 1095.191034
392.871939 1107.171849
382.120674 1102.099056
387.026865 1113.759889
383.613826 822.847729
394.646294 500.272535
381.873125 143.699181
390.413393 1113.927336
395.027269 538.858996
389.572193 819.945438
388.732592 1005.345985
391.360270 493.795908
387.077368 520.063175
389.151065 995.050205
392.158796 1121.660269
392.676811 1121.823456
397.291708 1124.217885
395.860619 143.820685
389.052159 816.326193
393.881025 499.583194
397.538734 521.725204
396.187927 985.178402
397.075060 1128.026783
395.467095 502.424812
387.904580 511.679993
391.795541 516.636023
398.944450 510.190286
392.829602 1138.259282
399.199592 1138.325610
399.387453 143.826591
396.554644 817.584142
401.177238 989.512634
398.008148 1145.466143
402.457649 138.094758
402.920806 808.793563
406.940886 977.634016
400.835737 1147.542704
406.547840 137.177964
404.698197 812.975669
405.232965 974.062921
406.305997 983.928845
402.629247 1145.594677
406.366663 1151.244090
411.006334 142.516243
405.359981 1161.814488
415.680579 808.206400
413.807013 977.345478
411.750971 972.678114
414.476835 969.831846
414.892377 1155.357710
409.575418 136.433560
409.738935 801.763200
412.344439 956.802008
416.487820 939.441909
418.207595 951.822643
419.424157 944.853058
410.026846 944.638226
414.461163 954.352407
414.724471 1161.005851
425.407097 137.644145
416.223147 808.762789
418.208545 934.215724
419.048273 1157.885542
420.294154 137.372827
418.215692 808.672461
418.704925 918.407230
424.176912 918.044545
424.059540 1159.576251
427.884849 130.228659
426.999099 817.748113
427.386753 921.325847
424.524022 906.554201
429.788162 908.622944
424.205072 1170.492400
429.911943 147.149814
433.853801 798.936911
426.677222 897.869134
422.720129 1167.758660
437.403539 811.337055
426.162540 822.727992
427.090460 882.982140
436.165843 886.926612
434.438415 1174.850591
425.765644 135.099358
430.134555 823.290902
434.864850 890.132271
440.472278 837.145653
437.735932 835.229691
433.123303 829.993985
438.759765 888.141283
431.746555 1182.923356
436.961204 115.032140
438.991693 839.551071
441.925191 884.459929
443.051295 1186.271404
445.681137 140.083454
445.535013 843.383645
444.031753 850.671010
439.888799 864.306038
440.627736 1188.806856
444.750752 132.582648
445.369478 849.606878
439.548637 869.202222
447.274441 846.246863
442.724679 861.821147
447.040791 858.749218
448.524465 1193.021555
446.896907 128.287786
455.487035 1191.369694
453.709119 122.731808
456.166876 1194.467025
458.253714 127.380163
452.377443 1191.722268
460.398686 128.242504
460.294370 1197.311882
465.436819 132.011250
464.631218 1196.001154
465.965996 124.647245
468.404759 1199.622726
467.519965 1205.417182
478.633524 135.160595
480.801917 1190.218867
464.119170 121.726373
478.462916 1194.715395
480.386864 114.578155
485.691297 1195.501497
483.474145 127.209507
486.046143 1204.086889
485.346137 119.133090
494.455983 1200.106316
493.605109 122.850751
501.973273 1213.876939
495.234286 125.028577
502.975845 1203.450933
498.494769 119.816052
503.114016 1208.531085
508.857107 128.777972
512.283887 1205.050184
508.337537 131.745176
507.139803 1216.044198
514.746238 134.224825
511.983553 1209.898042
514.625466 132.075767
510.254739 1209.730456
525.344358 122.383395
521.714119 1211.121373
524.288033 130.002293
525.565599 1207.196081
525.686088 130.841032
524.422763 1205.153266
530.233638 124.974975
532.949012 1202.978333
533.557496 132.556779
540.555874 1212.113310
535.335128 133.540394
542.611606 1193.586969
539.064464 131.901393
544.034938 1205.303470
548.118705 127.702885
553.467776 1201.685236
547.796052 127.540101
558.998370 1196.848640
551.525099 140.482321
562.792237 1204.246564
559.807707 124.015237
560.115583 1200.712004
567.208477 124.688304
559.184700 1200.211147
570.609419 121.938788
573.201336 1194.229542
581.275911 132.447764
569.244663 1196.273158
579.322364 126.874340
576.587041 1188.196235
578.967932 124.463431
572.989259 1191.299258
585.874885 136.016617
578.692480 1187.381414
581.151752 127.341156
592.552959 1175.470303
592.185152 133.856840
595.812752 1186.279065
596.858952 130.066919
597.890840 1182.501973
596.009112 141.421497
602.231931 1182.376928
600.421320 137.449439
604.679343 1175.471661
609.772163 132.728147
610.482779 1162.895725
608.056611 134.206602
609.177808 1164.283414
609.822427 132.399047
610.279941 1150.255243
617.780119 129.846813
618.041840 1161.514438
620.420783 131.394041
623.215025 1156.208993
621.835232 1147.581626
619.419733 123.512509
629.053911 1142.682872
632.460698 147.589235
636.282389 1139.771280
628.736972 142.103658
633.806492 1119.980564
639.606278 140.699290
633.108942 1124.621589
642.877061 145.241173
644.441893 1121.428919
646.996091 1126.168961
643.900066 143.356407
645.476023 1118.357125
651.218537 1114.051284
649.511503 142.798090
654.628448 1115.379176
649.790839 147.396558
659.281239 1110.004866
650.681082 140.661082
656.083592 1095.322357
662.308686 145.344892
663.842393 1092.526864
662.376419 155.540370
669.681347 1089.074255
663.830469 155.845140
671.955781 1090.923859
669.314724 1093.786099
670.390439 160.995077
672.280525 1078.344325
682.993279 1082.977706
680.599333 158.819071
677.537797 1079.655668
686.169712 1074.834834
683.416230 158.309830
682.075803 1063.365532
678.692052 158.070319
683.013861 1060.164157
692.953975 161.385225
688.535463 1051.263885
686.262006 153.062727
693.307301 1053.167051
698.231465 1055.875113
695.341401 162.742316
697.964056 1044.157380
700.671817 160.543008
696.476083 1032.377874
706.346088 161.801063
701.942782 1040.491744
707.586212 161.099489
700.060676 1029.934866
705.450914 174.386068
705.743711 1027.854055
718.108859 172.082064
708.848959 1016.626035
715.442530 1010.467590
716.190768 170.520091
716.361068 1011.736816
727.702339 999.767471
716.691962 176.191676
722.312737 1004.951591
723.187065 175.365390
728.740713 993.750801
730.163658 178.288304
723.262336 992.297691
734.088883 984.032056
734.804664 172.033211
733.285883 202.280840
728.494756 980.651835
733.316073 970.062554
738.607171 198.509413
735.513858 966.764590
744.029970 968.543660
746.297008 193.023604
738.086032 205.326492
746.936363 956.975376
745.120455 951.352516
746.545654 202.101581
752.276377 202.289199
745.401372 942.995177
754.676988 206.921172
759.535495 932.481222
756.052273 206.030846
754.559558 941.950105
757.362547 210.223053
760.234122 939.309293
762.996579 205.129718
756.180318 932.334547
764.798042 210.730560
766.859527 924.210563
770.486435 917.881624
762.624209 218.068454
767.094026 919.474275
776.156145 208.630415
766.188085 920.149959
777.528083 222.760161
777.073766 911.039804
768.861411 222.256134
774.173344 909.519631
781.563552 225.089801
776.344978 896.017386
784.072037 223.852901
781.117883 224.282925
793.955856 888.427717
786.173805 233.849130
794.054086 886.881600
787.142301 242.453102
790.485125 877.505447
794.764200 240.883780
798.693787 884.012521
791.163907 237.811913
801.998528 883.940462
796.081541 243.169482
793.462575 244.174586
801.739826 871.771334
798.704558 243.347651
804.630826 873.078615
801.004685 233.189194
801.013603 251.572210
802.148210 860.865399
810.153014 263.468317
806.608131 862.607358
817.019757 258.594735
812.749174 851.427253
815.686485 857.309747
818.826065 253.828210
819.798857 843.886452
818.768043 263.322279
822.961578 839.533281
827.280976 275.993905
821.544843 835.079633
827.346650 274.086112
827.067213 838.009434
825.313447 279.342710
829.982870 831.412396
841.541995 274.220889
835.943227 830.875072
839.486215 282.710263
841.409437 823.931535
837.070074 832.003137
840.198312 291.661740
839.039864 815.944806
842.570255 295.999280
844.443085 812.078022
841.178002 295.272925
851.257902 801.677506
849.804059 293.179246
845.181435 804.338966
847.755306 301.037347
860.907413 795.052484
857.009626 314.356145
847.220471 786.942355
853.400088 308.856903
862.704155 778.900098
853.401515 775.858001
857.423006 316.561337
864.652085 314.195472
860.648209 772.186341
863.336226 320.992219
862.556971 765.880588
865.923584 326.857551
870.302337 773.256968
865.905150 328.853283
864.866198 340.635382
866.041961 751.223689
877.220588 760.694304
868.007919 331.540121
877.425155 756.067661
874.299824 325.283167
875.265045 343.102974
869.790547 735.374727
869.811602 340.258680
876.885313 743.565290
874.399736 353.722818
876.735333 349.417378
875.122750 734.977347
875.546471 357.891708
887.479806 725.005090
885.069730 352.132135
884.750005 356.929588
884.372185 701.765398
883.782685 705.848391
885.318711 717.465193
881.052181 717.103588
880.701086 725.162880
878.464820 367.347610
884.241449 706.831116
885.658983 359.198711
891.670446 373.124219
893.026592 373.531856
888.415325 685.827012
884.921406 685.173253
885.508493 690.754364
892.670770 701.146862
893.488224 373.140068
897.215171 672.254467
894.514726 381.886363
888.537329 390.606227
890.288163 653.913977
888.489154 656.122340
895.062252 667.644171
892.461635 683.621898
895.988879 670.130363
895.056009 393.005530
896.977312 643.742263
904.607699 390.711815
898.930888 394.203175
894.488545 393.161570
894.341802 401.219313
897.976354 613.090745
898.450593 617.050284
899.747002 624.564854
895.320310 614.779593
892.918757 627.637925
902.092941 626.297196
895.380617 644.467970
896.028085 638.467041
887.032325 661.301019
901.090847 420.821779
899.457703 599.115491
906.665487 401.861086
904.436767 420.648488
899.759636 413.538018
906.133841 592.294876
905.764559 592.965049
903.338497 608.572024
904.932554 609.327991
905.820485 417.519388
909.471192 583.086589
907.733422 426.137133
905.191125 424.201499
906.015119 428.325831
909.512016 429.291616
913.485626 438.135843
905.046032 439.608370
908.288957 450.694446
914.862638 458.440643
903.156259 577.858104
904.984712 449.876216
914.441874 566.616153
909.846654 456.652205
908.365637 461.437881
915.753016 464.479229
912.471484 472.114979
909.052560 480.404605
914.039955 486.101636
917.342017 483.755731
913.620874 495.704286
912.898329 489.433077
912.471862 498.713385
916.690478 496.886046
909.977982 510.814644
910.705089 513.841275
909.681417 513.590116
912.387847 518.319508
909.722519 524.954701
910.041838 515.744613
911.736697 528.342246
914.424131 530.159402
907.075016 529.386339
912.147696 531.610908
910.516892 542.639528
916.930244 550.720834
915.409954 548.356556
909.903452 557.748978
917.121230 563.175797
909.218570 565.613426
906.391698 572.956604
910.521608 576.313541
