10.929458 230.914896
17.616200 236.862393
9.806556 239.496533
12.383478 241.167837
13.310875 226.944565
24.524052 240.776315
20.778063 198.142391
20.007674 206.423960
19.276807 210.982487
19.630433 211.722899
20.080823 215.344455
19.240072 217.888752
23.918387 246.488843
23.457149 253.420620
20.171675 251.924605
18.629226 258.828804
26.787494 264.744681
26.788064 199.319279
34.491412 190.162872
19.456626 267.436360
30.342209 187.527389
24.024394 181.982589
32.834198 272.278416
35.611219 278.559166
38.401885 282.264861
35.964992 175.980201
37.754441 285.117419
44.857169 175.004222
38.603999 288.899006
42.378048 171.311809
46.696753 290.105644
50.079667 161.489988
46.377159 166.124994
43.640397 296.809097
51.641922 156.358345
54.995495 290.642510
56.251427 153.550088
52.503286 294.178595
53.815637 299.718268
49.126465 149.154042
66.120783 303.389985
58.457956 151.196285
67.641109 306.953477
62.074381 144.686455
68.624768 302.138658
74.545793 143.789180
71.230171 304.526396
75.007878 142.385465
75.132944 309.004490
78.759034 140.639287
80.072678 306.367328
85.739297 138.620736
86.450930 310.249307
87.246691 135.016772
85.594017 313.998080
90.064987 138.141331
92.165867 310.154222
89.986148 135.525700
95.604900 313.679625
102.849884 131.234375
95.339615 319.521751
100.859580 133.613564
102.724443 317.727176
108.085294 129.612773
105.045206 318.136107
108.838904 131.391838
106.387748 318.562987
115.210900 318.938483
112.240914 130.692072
113.370170 325.273692
111.852970 126.802265
119.491948 321.635167
116.904387 127.078934
125.871156 324.180060
123.431452 125.282649
124.344685 328.910651
132.238319 122.421685
123.661974 323.845718
128.898171 120.634984
130.890294 329.530650
133.786404 121.672574
135.065687 328.915622
137.334204 122.080305
139.377194 330.610022
141.007180 121.525669
151.369271 332.818596
148.959212 119.548905
147.525972 338.180905
148.287228 118.303232
154.294260 338.047212
156.362560 117.121409
152.716131 341.534409
157.116039 116.983921
156.010959 339.410281
159.151971 118.173873
165.935977 338.152270
170.285387 115.025130
162.808581 339.794609
170.724808 118.981017
169.802227 337.731330
170.474316 115.033554
177.613709 336.755305
182.233462 116.157701
182.179825 339.718497
184.254895 340.391853
180.415984 115.251010
190.456097 339.579356
184.919215 110.225265
192.576307 341.462772
193.866132 110.665677
193.080425 343.733450
195.356978 109.871373
199.677516 347.239404
198.617155 107.961704
203.249920 345.432521
203.532306 104.811285
204.714714 347.300413
199.674264 103.808123
209.521214 351.383717
202.678509 107.654419
208.886989 348.294942
218.190484 107.422944
214.598937 348.326926
217.141879 105.295289
221.549347 350.068048
216.495048 106.801960
224.251234 348.092700
223.914709 104.658104
226.285050 345.311505
234.405559 102.675218
231.063184 346.805632
232.998428 99.946191
239.387162 349.337560
239.618188 102.983223
236.555009 347.911431
239.749123 104.024538
248.593657 347.592971
242.179321 103.938489
246.730709 348.356835
246.555357 102.403214
250.971659 347.238183
250.904756 99.455930
254.824242 96.032530
257.034534 343.110812
252.962063 96.889949
263.249778 345.906263
265.413154 94.080046
254.598871 347.541494
264.195299 95.858320
272.420936 346.718953
277.578582 96.254889
272.863569 345.793561
283.025608 98.044570
279.724999 347.972323
282.346752 96.932912
273.626405 349.438408
287.490500 94.410182
280.580713 347.696411
284.964034 93.742776
291.898969 348.429737
286.631353 94.694396
295.401381 349.032533
300.777380 96.718768
290.028130 349.005138
296.017977 95.152580
295.010056 347.534129
302.515772 96.342519
304.288023 345.186928
310.802645 95.192236
306.722608 346.790864
309.558473 98.417713
314.843767 349.852364
317.191541 95.313637
304.151534 347.752580
317.788173 96.256347
318.103758 342.011115
331.074175 95.342338
321.344438 343.101909
329.372500 94.762179
331.520279 342.706413
333.297234 92.884232
330.581926 337.043300
331.792876 97.704211
326.872649 338.440728
343.477822 94.827289
337.451192 339.191173
345.692197 98.808311
344.427375 332.306322
347.910181 98.296751
342.148531 331.651834
351.494799 97.968238
351.697274 332.195388
349.064472 98.385651
360.154043 330.597275
361.206772 98.575798
364.062529 328.486487
358.230061 96.494150
366.468946 328.733527
370.293418 92.501167
366.833581 326.943113
370.580444 88.797636
378.740612 320.229107
380.105549 89.806029
378.692132 324.368570
380.934342 89.140553
383.038254 319.795360
386.580129 75.194354
374.197422 78.904630
385.136287 83.926265
381.460966 316.858412
386.631004 69.616247
381.762599 56.175211
383.790720 61.724791
378.759791 61.751003
383.842370 317.001471
383.239257 52.095960
392.180368 313.735523
392.457989 49.701724
396.139757 313.022625
405.403866 44.411789
400.326083 315.631534
401.587194 30.140423
395.053110 36.401387
403.262147 39.981346
404.038169 313.162467
406.181606 31.346124
413.536590 314.281690
412.492344 47.159791
411.188913 49.716732
403.002976 53.447760
407.196206 59.933622
409.230201 26.979853
403.416805 61.345037
418.994782 310.653588
406.477393 29.511917
413.777805 43.955202
408.166814 32.924731
415.731617 64.855767
412.988588 307.869400
418.501155 65.852697
420.403054 307.364183
420.623135 61.220678
428.356805 306.063278
422.698257 55.945894
425.903980 309.463453
428.845790 52.721467
430.951071 310.318536
434.128728 45.683690
434.820215 309.089572
440.362106 44.048040
434.608124 310.442670
438.273030 46.476655
439.954148 310.129803
449.968827 48.037412
441.300852 39.832116
448.048207 306.198673
446.179936 39.855121
450.023676 306.366056
453.909542 49.836890
452.671933 310.118636
462.854049 44.167574
461.078944 307.174446
462.449233 38.152009
466.099493 309.830537
462.054463 39.319384
465.421850 308.517940
469.346986 40.521867
461.567288 307.143579
470.943984 36.915392
469.775263 305.931896
477.914659 35.669245
473.467338 309.290814
483.031617 35.593939
477.578102 308.282076
482.012899 34.539841
493.940617 308.046654
490.088621 35.219439
491.875693 308.649840
494.015779 29.489379
500.237229 313.096879
498.753505 30.632678
497.362957 314.145348
502.304001 31.672931
503.387558 318.922338
507.852785 29.375999
508.147888 320.124494
510.793723 325.653165
515.157103 30.420073
512.023930 325.952146
515.650244 25.043303
519.339095 327.668699
511.921880 26.580043
515.675895 326.353666
515.733402 23.969218
526.358484 331.286842
520.067774 24.960639
526.209467 333.148959
529.771170 24.806058
532.441992 331.649008
536.601211 20.876519
532.204755 331.213956
535.280150 23.577640
542.316890 332.149304
536.153527 19.741713
538.024014 334.325201
546.438218 21.842401
547.705853 336.491755
547.479901 21.070817
553.592937 336.172697
550.826168 19.993976
554.247393 338.873234
548.299711 20.049956
553.630607 338.344876
552.799391 20.274745
565.076196 335.628444
571.222040 19.278370
560.246712 335.809705
578.424159 13.183164
570.275937 338.150231
575.774676 15.968024
576.941744 338.296103
577.272641 14.708926
578.228216 341.076368
579.744268 343.006395
581.254836 15.172475
584.297249 339.182515
580.991441 14.564752
586.936143 342.589754
588.019686 19.592577
596.673425 341.548271
597.055809 16.689189
596.833445 339.974826
598.102703 15.939736
590.304766 345.659580
604.325384 16.286274
602.504750 351.544066
606.441662 15.948251
599.742499 348.988724
610.384401 15.484637
609.233073 346.674838
607.105294 15.769066
616.387275 21.884457
611.694660 347.621981
620.700837 19.178843
619.721769 348.023460
627.143642 20.075325
620.314589 350.650441
627.529209 22.715749
627.728249 347.861438
635.391252 22.090870
631.629446 348.242610
633.866529 22.359270
635.206874 344.951097
636.269623 20.962619
639.314707 347.980056
640.913266 22.515547
644.368474 345.872611
645.393486 27.175177
645.890189 345.969290
641.321187 23.654738
655.335799 349.139651
653.262081 25.720340
653.138965 26.569510
657.233853 347.008354
659.826376 32.144263
656.730930 347.503564
670.384856 29.941573
666.804303 346.100110
668.977955 35.465314
662.493854 346.539908
672.624225 37.477992
674.181329 348.734987
671.529362 35.730355
675.709913 344.148136
678.355227 38.517739
685.453266 344.357024
681.774879 39.849884
686.508795 345.062396
683.742265 39.542255
687.592790 46.530647
690.914362 344.493658
688.682388 337.586279
693.269009 43.385367
696.488692 340.300427
695.862721 43.820443
705.009584 337.551852
700.585362 44.401090
694.436875 52.320756
701.379820 335.665921
693.887814 53.891911
706.101644 330.822568
713.984278 57.927430
718.410090 333.668431
711.497635 53.186772
712.795073 328.746496
709.976993 61.801122
724.408568 326.460668
719.028083 64.318912
721.593088 65.280393
729.974188 323.678585
730.587182 315.194047
732.217958 63.960569
724.989879 314.108050
726.807695 67.889562
725.371094 311.670288
737.046880 71.359388
736.611255 76.443460
734.809863 308.501513
745.764895 304.227752
735.486829 78.574630
741.908427 299.405822
743.594587 291.513468
739.132601 82.736665
749.291704 85.785462
744.873552 287.837936
750.693976 276.015432
750.216256 283.255461
750.457596 90.314948
751.508170 273.987569
753.654809 92.166035
757.995433 269.054097
757.762458 99.664723
757.111742 265.651564
757.350764 257.311865
757.296008 100.633340
760.091071 106.772406
759.377938 248.430557
765.028276 253.619217
762.893884 108.250969
762.878269 247.439016
771.167676 109.257538
769.179859 114.253904
768.267479 244.814648
767.164059 235.309364
772.203636 117.505954
777.042936 122.069072
779.659539 236.668859
776.657282 226.115201
776.284648 124.028009
779.485344 127.522067
781.062374 222.853996
779.808796 130.680025
780.356861 134.300391
787.293275 140.015015
785.937621 143.827403
784.308675 144.439537
780.063085 147.949863
787.715780 154.685279
782.751975 159.702282
782.274134 164.892850
784.124558 163.054347
783.095817 170.878498
787.361267 174.612334
783.378842 179.211031
775.847629 179.636647
787.154395 187.029892
777.850760 194.900489
784.040657 195.909692
782.180605 195.085009
788.980255 202.724976
784.091005 208.452407
787.880889 210.295076
786.026748 213.412874
