55.714718 73.492148
57.998079 78.877357
61.106496 85.731515
52.633819 87.576858
54.430439 93.090091
52.613998 94.665861
66.424781 101.994241
65.244607 77.392495
65.767813 103.093373
59.171789 76.830389
68.670376 102.434393
70.147108 76.430303
68.264838 103.052313
74.303589 78.278031
75.688187 107.246349
74.432376 74.823149
72.924074 105.836328
77.636933 76.250151
86.209096 102.883418
81.613449 75.287627
84.833452 108.084212
93.101622 76.896020
85.341458 108.190907
93.631102 69.869211
97.791571 107.707516
99.516944 69.594737
99.549255 108.947000
96.521941 70.901287
98.961091 107.591436
98.446392 70.116560
109.581326 109.498904
110.125620 73.666780
102.227269 108.429870
116.071442 73.530096
118.460498 108.398156
109.023846 71.847546
122.961239 108.573386
120.599593 72.389620
125.851400 107.184406
118.134725 70.003684
124.239503 107.067661
137.818147 70.158955
125.397828 106.253661
131.580801 69.967404
133.138663 104.162221
137.254331 70.425062
142.384061 108.422559
138.171040 71.228650
143.262526 108.140199
145.262736 70.652537
148.737848 107.337757
144.266824 70.425763
152.500061 110.721766
151.625481 66.861671
154.107513 261.595045
152.857050 115.031754
157.111722 267.845929
155.407031 64.892502
153.613135 254.652183
154.567651 119.015274
153.850996 121.222310
155.756498 127.610270
158.415092 127.262962
154.301394 130.670714
155.266455 138.139275
165.942563 143.025322
160.630659 143.685011
159.287601 149.061517
154.566331 152.781146
155.420992 156.599610
151.867408 161.361069
153.612345 166.618453
157.440958 165.019819
152.761945 174.032269
148.130247 177.980797
162.658633 181.765559
159.057190 185.085129
160.939355 190.965580
152.718477 194.627632
150.243554 194.823241
155.247425 200.941566
155.667530 205.647368
159.878563 209.030457
157.341404 213.931480
158.604617 217.332927
156.589613 219.981300
153.134404 224.435172
156.926607 229.863866
156.853635 232.356464
159.664969 235.372110
157.320727 240.005478
161.361217 246.342589
158.006846 248.975549
154.526667 270.261973
156.119738 271.658268
155.291668 277.211832
153.228776 280.958226
160.876606 65.342933
161.447164 285.559776
159.713819 289.422617
152.812564 292.450878
163.594702 67.377641
166.646758 293.995032
164.243646 66.307180
165.006585 298.112714
172.006959 67.550718
171.214725 305.015802
171.163001 306.017210
163.302969 308.588727
180.400182 65.152823
172.198414 312.879484
175.545869 64.890412
183.901370 313.156696
187.187193 68.337649
187.388570 67.707391
181.432750 312.138049
183.035668 69.198478
187.409895 313.078875
192.377242 70.052412
193.648287 312.952951
189.326924 70.816273
197.394483 314.113411
189.737091 69.786410
200.751851 312.588638
202.482584 71.983881
210.500631 313.360904
205.757441 70.609098
201.144480 312.119735
214.830516 70.929634
219.715262 312.339194
218.496331 71.251833
215.052926 312.832120
219.557422 69.447421
220.080060 314.705670
226.446226 72.395304
220.391765 313.524461
238.036896 68.997404
234.319706 311.943858
231.050054 71.414205
228.659216 313.412239
235.548477 73.048571
242.012527 312.426877
234.660757 69.994186
246.155999 311.671306
242.370696 70.764655
241.187799 313.617593
241.316859 71.971357
246.780416 316.292084
255.757975 69.393375
254.264480 311.624340
254.587031 70.683096
253.020796 313.055301
261.908856 71.566938
264.254673 311.588601
267.838880 69.050946
263.929902 314.459043
270.811638 70.424251
273.648062 313.311049
275.288640 72.218369
273.246990 313.784250
281.496041 68.816350
284.225853 313.907138
275.808829 72.865377
284.517881 312.313871
285.980331 71.857363
281.192130 314.547118
288.800447 72.359175
296.936161 315.872161
295.779281 72.401189
296.147284 313.367032
298.429753 71.757319
299.441166 312.466983
298.622316 70.688228
300.949241 312.257723
307.532282 71.228119
309.149020 313.657928
309.526705 71.492909
311.508911 312.837373
314.809727 69.960300
314.597602 310.136610
317.839328 71.709470
307.207232 312.334364
319.117262 69.950808
329.159072 310.747005
328.450382 71.481463
325.874901 312.569444
329.089567 71.562858
329.875680 313.798516
336.084247 73.700635
330.890757 313.303402
337.748214 70.087897
337.205894 312.712676
341.970736 71.765462
343.245283 313.466235
348.226391 71.504418
347.374028 314.230522
349.241789 70.203827
347.938475 312.258817
348.729362 73.262766
360.443266 312.722288
361.020308 70.856765
359.517947 313.544276
363.415397 70.320931
362.972709 312.608093
362.084089 70.936652
365.709492 314.726987
367.245745 72.101347
370.146557 315.155703
369.869416 70.077427
372.479913 314.193224
381.902802 71.037440
380.236890 310.688030
383.181780 68.116531
387.492162 313.271927
381.974820 69.449680
387.203843 312.473230
398.069260 72.163138
386.407250 313.084368
390.182980 71.195491
390.944104 313.593498
396.748525 70.251978
397.497218 314.651663
398.416705 69.731066
401.580606 311.862903
406.874365 72.150735
413.112440 311.205152
407.707954 70.354811
409.128137 313.816239
409.614517 71.512947
413.528441 312.799115
420.373060 71.131588
413.813655 313.163924
424.226700 69.197503
419.651258 312.006984
426.201947 71.826770
430.471097 312.966718
429.654688 71.190066
432.544897 313.085944
437.666159 69.890309
433.090838 313.045976
435.512104 69.207989
439.518062 312.688883
449.059621 72.209713
437.184005 311.147118
448.493505 69.258206
448.006190 310.850367
444.590741 70.164469
452.932043 314.551194
452.519519 69.864782
450.452560 313.129628
454.786972 71.075741
455.708588 312.331850
457.455283 70.500219
460.085331 311.459375
467.273943 70.372959
469.546463 313.009792
468.946533 72.102631
471.961102 313.838167
472.987570 71.512426
470.087789 312.354489
473.186049 71.151025
477.055382 312.016426
481.903100 71.798121
478.444323 311.728135
483.647495 71.707189
480.640899 311.636324
488.619989 70.699521
494.475379 313.454167
492.851955 68.563253
496.494452 313.242710
497.402700 73.074429
505.177448 313.475252
507.198247 69.859978
493.632679 312.503420
498.471445 67.654388
505.061922 313.837133
502.035193 70.542938
511.215601 312.936116
509.024650 68.415429
514.033468 312.830504
516.143679 70.743991
524.999142 311.521311
526.297671 70.466955
524.029067 313.288881
531.421261 70.970304
525.075479 314.670099
531.603660 72.444632
521.851583 312.388643
531.352977 71.704634
534.490912 312.121208
540.184845 71.966337
532.597575 311.729413
542.685944 70.726041
538.965480 312.740675
544.404366 68.998201
543.174527 313.366741
551.980563 70.833595
549.982968 313.873143
551.222229 71.157884
553.174224 312.469169
560.685961 70.334248
552.781578 315.589594
561.652519 70.288697
564.400605 313.515742
560.917090 70.743562
564.189333 312.780415
568.369040 73.099874
568.213997 311.715680
568.282069 73.764577
564.634457 312.683810
575.994025 70.012192
575.017832 311.964235
585.627269 71.016088
583.670518 312.961139
585.286347 72.319247
580.044351 312.010293
588.466593 70.848820
592.545852 312.121382
596.806604 69.885602
593.977693 312.268313
605.435540 73.246673
602.600524 311.624011
600.770637 70.993464
601.303948 314.361231
606.738896 72.125950
604.922255 310.519611
611.024799 71.867477
611.314685 312.561293
614.544594 70.384303
611.912734 312.286581
623.446064 71.603821
616.759990 313.556343
621.029297 71.766770
617.322770 311.497293
630.659901 69.813628
628.154546 313.818789
627.105288 71.136434
634.172221 312.967920
637.758848 71.293365
636.623194 312.233633
641.069212 70.004605
635.118866 311.754685
644.103023 69.109203
635.315641 313.256354
645.410106 72.071761
643.348628 312.666070
652.135417 69.770231
650.157556 311.336799
654.920483 70.437287
653.282875 313.527354
658.042827 70.126683
657.635716 310.934785
661.156695 71.884586
661.176959 314.242716
665.652480 72.172347
667.881756 315.390959
670.691340 68.791610
670.774954 314.011322
673.081641 67.701258
666.343729 313.866257
676.690590 72.445728
674.822648 313.823755
684.020745 71.353496
680.080728 315.137266
682.283357 70.813059
679.632753 313.275257
692.400594 73.524146
693.883254 311.602598
689.854074 70.216220
692.403556 314.253851
702.349960 72.056005
699.017217 315.050461
699.249661 70.540321
700.967459 313.392720
698.339820 70.089503
706.208088 311.584014
711.420847 70.672312
711.754543 313.059220
723.019268 70.081036
718.637009 310.925874
710.773495 71.352224
721.908176 313.470469
722.692662 72.452153
724.104038 314.046999
727.418700 69.605323
726.532009 312.295719
727.618642 69.921951
726.297469 311.065593
733.372976 71.524917
730.286693 313.340283
731.147273 70.460100
744.198476 314.797593
741.677448 71.027438
745.424242 314.286758
745.332532 72.128475
746.618382 312.975206
746.828606 75.031367
746.433154 312.736553
754.267541 75.406773
752.272027 314.504707
763.255368 76.696464
766.338350 313.753129
766.441675 75.766920
768.391337 311.870212
764.443104 78.581013
765.544771 312.595858
767.698457 77.982234
774.312076 313.487649
769.910978 76.494421
775.194333 311.671569
781.696082 75.107987
770.868388 313.651796
782.279164 74.324595
786.144319 312.761114
783.683650 309.444218
785.683967 76.307692
788.894739 303.785314
786.169986 79.955110
787.192667 303.712426
789.187428 80.640501
791.514907 86.984464
792.556374 300.542769
801.710073 91.645588
798.712037 301.109564
795.093306 94.210041
804.213956 291.747651
801.292755 95.598087
807.339135 288.560538
808.855588 99.899523
810.919991 103.715256
811.706152 107.412260
809.547869 283.185178
809.076458 113.369917
815.440154 279.375502
810.036137 114.941398
813.493675 119.069127
809.931682 122.542885
812.083889 126.932832
813.912571 133.015554
808.295949 136.047234
813.711618 139.377025
807.104006 145.047889
820.324481 257.691542
818.099855 260.585969
814.766983 264.510678
813.424679 271.116871
816.994753 273.359092
811.542326 148.896875
812.721933 253.450575
814.123008 152.570004
825.541538 152.174700
816.213068 158.615095
815.244054 161.487206
815.364412 165.833795
815.387653 170.596179
817.048643 174.762519
818.000974 177.966422
820.028456 183.295499
816.625684 186.002585
812.379576 191.244576
813.269727 196.722677
819.272249 197.095642
816.886393 202.477829
814.491908 209.004379
818.920405 210.001405
819.083288 213.611839
820.767797 217.833617
819.685354 224.275766
811.176501 228.785417
819.036806 230.816938
825.642425 234.752126
819.250952 237.547418
819.506508 244.052467
815.265132 247.781025
