56 246
56 250
56 254
56 258
56 262
56 266
56 270
56 274
56 278
56 282
56 286
56 290
56 294
56 298
56 302
56 306
56 310
56 314
56 318
56 322
56 326
56 330
57 334
60 242
61 337
64 239
65 338
67 235
69 338
71 231
73 338
75 227
77 338
79 224
81 338
82 220
85 338
86 216
89 338
90 212
93 338
94 209
97 205
97 338
100 334
101 201
104 333
105 197
106 191
108 333
110 191
112 333
114 189
116 333
118 186
120 333
122 185
124 333
126 86
126 90
126 181
127 94
128 333
130 82
130 177
131 97
131 101
131 105
131 109
131 113
132 333
134 79
134 174
135 115
136 119
136 123
136 127
136 131
136 333
137 170
138 76
139 135
140 329
141 139
141 143
141 147
141 151
141 155
141 159
141 163
141 167
142 75
144 328
146 71
148 328
150 71
152 329
154 71
155 324
158 71
159 323
162 70
163 323
166 66
167 323
170 66
171 323
174 66
175 319
178 66
179 318
182 66
183 318
186 66
187 318
190 62
191 319
194 61
195 318
198 61
199 318
202 60
203 318
206 56
207 319
210 56
211 318
214 56
215 318
218 56
219 318
222 56
223 319
226 56
226 323
230 56
230 325
234 54
234 328
238 51
238 329
241 333
241 337
242 51
245 340
246 51
247 344
250 51
251 347
254 51
255 348
258 51
259 349
261 353
262 51
265 353
266 51
269 354
270 51
271 358
274 51
275 358
278 51
279 359
281 363
282 51
285 55
285 363
289 57
289 363
292 61
293 364
296 61
296 368
300 64
300 369
304 67
304 369
307 71
308 368
310 75
312 368
314 76
316 368
318 76
320 80
320 370
324 82
324 373
327 86
328 90
328 373
329 94
332 373
333 96
335 100
336 373
339 102
340 373
342 106
343 110
344 114
344 373
348 116
348 373
352 116
352 373
356 116
356 373
360 119
360 375
364 121
364 378
368 121
368 378
370 125
372 378
374 126
376 378
378 126
380 378
382 126
384 378
386 126
388 378
390 126
392 378
394 126
396 378
398 126
400 130
400 378
404 131
404 378
408 131
408 378
412 131
412 378
416 131
416 378
420 131
420 378
424 131
424 378
428 131
428 378
432 131
432 378
435 374
436 131
439 373
440 131
443 373
444 131
447 373
448 131
451 373
452 131
455 373
456 131
459 373
460 127
463 373
464 126
467 373
468 125
471 121
471 373
475 121
475 373
479 121
479 373
483 121
483 373
487 121
487 373
490 369
491 121
494 368
495 121
498 368
499 119
502 368
503 116
506 368
507 116
510 368
511 116
514 365
515 116
518 363
519 114
522 363
523 111
526 363
527 111
530 363
531 111
534 363
535 111
538 363
539 109
542 363
543 106
546 363
547 106
550 359
551 106
554 358
555 106
558 358
559 104
562 358
563 101
565 354
567 100
569 353
571 96
573 353
575 96
576 349
579 94
580 348
583 91
584 348
587 91
588 348
591 91
592 349
595 91
596 348
599 91
600 348
603 91
604 348
607 91
608 348
611 91
612 348
615 91
616 348
619 91
620 348
623 91
624 348
627 91
628 348
631 91
632 348
635 91
636 348
639 91
640 348
643 91
644 348
647 91
648 348
651 91
652 348
655 91
656 348
659 91
660 348
663 91
664 348
667 91
668 348
671 91
672 348
675 91
676 348
679 91
680 348
683 91
684 349
686 353
687 91
690 353
691 91
694 353
695 91
698 354
699 92
701 358
702 96
705 360
706 96
707 364
710 96
711 367
714 97
715 368
717 101
719 369
721 101
721 373
725 104
725 375
729 106
729 378
733 106
733 379
735 110
736 383
739 112
740 385
742 116
744 388
746 116
748 389
750 119
751 393
754 121
755 395
758 121
759 398
760 125
763 399
764 126
767 398
768 126
770 130
770 402
774 131
774 403
778 131
778 403
780 135
782 403
784 137
785 407
787 141
789 408
791 141
793 408
795 144
797 408
799 146
801 408
803 146
805 408
807 146
809 408
811 146
813 408
815 146
817 408
819 146
821 408
823 146
825 408
827 146
829 408
831 146
833 408
835 146
837 408
839 146
841 408
843 146
845 408
847 145
849 408
851 141
853 408
855 141
857 408
859 141
861 408
863 141
865 408
867 141
869 408
871 141
873 408
875 141
877 408
879 139
881 408
883 136
885 408
887 136
889 408
891 136
893 408
895 136
897 408
899 136
901 408
903 136
905 408
907 136
908 307
908 311
908 315
908 319
908 323
908 327
909 331
909 408
910 140
910 335
912 303
913 339
913 408
914 141
914 343
915 299
917 408
918 141
918 292
918 346
918 350
919 354
921 408
922 141
922 288
923 282
923 356
925 360
925 408
926 141
927 278
929 362
929 408
930 141
930 274
932 366
933 370
933 374
933 408
934 141
934 270
934 378
937 408
938 141
938 267
938 381
938 385
939 389
940 404
942 141
942 263
943 391
943 395
943 399
945 145
946 263
949 146
950 259
953 146
954 255
955 150
958 248
958 252
959 152
961 244
962 156
963 160
964 164
964 240
968 166
968 236
969 230
970 170
973 174
973 228
974 178
976 224
978 181
978 185
978 189
978 193
978 199
978 203
978 207
978 211
978 215
978 219
