38.604393 463.718072
35.061654 478.280511
46.467603 466.447834
42.740371 484.522218
44.026291 477.398150
46.038741 483.156824
42.747731 494.180341
41.872219 491.584789
46.794821 500.696918
37.480231 508.988552
35.786667 509.516259
47.907366 508.492093
41.192542 515.135225
46.360905 523.179385
44.442180 519.662477
32.552496 527.889363
52.592627 464.133170
37.388266 523.606535
48.966295 460.641710
50.804215 529.838664
53.292426 456.864886
51.254467 535.611322
49.370626 538.259339
52.694388 542.355679
45.599528 537.916510
49.601880 548.463222
49.987088 549.562401
49.830743 554.983944
53.311434 564.579665
45.865264 961.130970
42.374957 964.435121
52.498220 976.319950
50.602144 971.129408
49.273732 979.371061
49.195681 976.684730
54.257965 985.543459
53.033199 992.582261
53.305180 995.618332
55.656858 564.612692
54.828110 444.731839
55.782204 951.023999
62.131066 996.522014
47.543980 990.254166
45.324419 996.952647
59.512789 572.645668
61.100431 486.292968
54.891921 491.523659
61.412693 496.132719
57.757141 496.238491
62.227168 437.828434
66.056703 505.347378
58.020337 944.458260
60.996374 1012.005690
60.148084 440.782155
59.381904 566.677486
68.755307 478.072258
60.712154 480.445722
66.271988 504.113726
60.249889 506.326306
66.962829 956.690271
58.263198 509.177407
68.304949 994.027764
62.306213 441.577012
64.902162 583.066551
58.896913 943.844048
65.306066 952.395495
68.718194 469.638949
67.333401 569.838417
75.473613 508.985636
61.279505 997.724010
64.837658 436.689116
76.104556 937.519497
75.356531 471.346957
72.769550 578.536612
69.134776 1013.855263
65.640922 507.584703
77.639871 434.040181
70.710608 940.122802
74.962346 465.188809
74.346966 530.417525
72.391207 585.748675
76.034265 1010.000548
78.300370 938.434712
75.847508 435.594935
83.564149 457.155559
81.450969 521.624347
78.086213 521.956947
79.864570 576.447165
81.793845 1005.364884
87.317549 931.780239
73.588559 434.151719
79.029810 594.349471
75.250349 448.690173
90.729366 527.593404
77.801842 543.107683
72.474886 541.206271
85.056941 549.303536
83.593937 540.124675
85.430901 553.469789
87.281293 1001.120507
79.172857 941.932782
97.306212 428.361387
89.184114 555.220485
82.545465 593.392663
81.552337 464.361426
89.060468 1006.901149
89.782212 923.348092
90.359991 566.525520
90.021359 432.695425
75.467911 562.588872
84.278331 584.040300
92.409777 458.968435
87.465832 1006.564996
97.768545 592.111242
81.445381 746.586992
82.644406 750.947030
90.275170 752.039147
95.546015 755.438943
88.715067 761.981333
98.056015 764.775390
95.530851 773.439032
88.882886 923.224209
96.104254 770.965256
101.095002 424.599350
92.709867 560.997704
101.337532 455.165613
91.911006 1001.359271
96.912542 559.779433
88.185434 588.156298
97.386789 741.367467
99.930084 925.299993
99.119387 424.180849
95.320457 777.541137
92.884878 777.335977
93.096282 454.280246
91.637811 576.143024
95.844795 1004.377734
98.647773 573.172071
94.657359 595.541950
99.111863 740.859684
107.942931 778.584410
96.371114 913.643825
103.830753 417.423392
105.161002 593.973175
99.937828 787.512934
101.052037 794.886281
108.147390 789.093365
98.918006 451.147904
100.426194 747.071957
101.568326 993.388824
99.379867 581.294525
97.488141 582.893338
98.284044 583.762630
107.475717 922.589136
107.045841 417.410579
107.322083 589.263934
108.987661 589.784667
107.549379 805.408983
113.242193 989.439945
113.065933 461.885753
102.615768 741.660554
102.992929 804.496206
100.926972 804.071500
104.140700 902.581530
110.486793 900.174733
110.168687 900.137019
104.934755 895.894420
111.222606 915.233525
105.495001 433.090801
96.986523 595.502715
112.374977 597.596842
107.924211 1004.124022
115.516464 461.877449
107.889579 736.341043
101.728616 804.794500
118.458816 896.420480
103.954767 911.941065
112.584173 911.223735
109.237931 424.864710
108.313618 595.930655
113.592343 822.293847
106.479834 602.019176
113.204035 985.796856
118.766124 989.718093
111.063171 468.673232
118.057544 738.238786
106.410202 892.606839
115.853166 417.482992
125.531737 468.605257
117.257205 461.838602
123.062296 472.857281
121.511427 469.368269
123.518687 476.451662
116.433054 489.766027
109.349218 486.995501
108.848213 488.592767
114.326668 816.070735
122.941995 817.983444
123.304053 885.417374
115.731529 982.704596
122.794709 726.559000
118.999658 497.076183
115.798432 818.388944
115.903535 422.792547
125.556318 882.904021
122.940618 507.071581
120.468072 496.192231
121.609361 982.876468
130.801413 726.990091
121.257668 825.146425
131.768455 411.637576
119.494047 877.289963
125.552617 504.243051
122.755636 977.299403
126.717576 514.953345
125.630915 511.497399
122.710645 513.951116
124.700660 520.838803
126.234921 719.435421
128.355257 723.929118
120.439279 824.597481
125.725270 833.933142
121.361214 406.740272
128.998322 886.229079
124.740580 969.359447
130.271405 524.945650
130.350746 845.589250
132.557770 707.741673
131.733063 409.377150
137.220198 868.568159
133.867805 519.730079
135.723177 844.704875
129.484183 962.561487
131.408782 958.657913
136.922600 708.844169
127.698558 405.350145
132.062896 864.604966
130.739248 534.420058
131.876158 538.517655
134.671005 536.980335
135.196817 539.397733
136.328139 543.236134
143.876162 702.571111
135.995636 837.552689
130.198188 854.231506
138.639140 849.813017
131.582375 872.752594
142.695830 957.328327
142.568880 399.465780
137.627987 550.026532
133.172548 699.795486
134.263774 955.692598
135.361904 556.782391
136.859856 560.759455
137.507464 684.477483
136.269783 690.777082
145.315337 409.579090
135.604810 948.558239
140.874039 555.023454
145.422815 681.126649
139.796371 393.557329
141.699338 564.192603
145.203558 572.354385
144.653992 570.052754
144.300544 573.061690
154.417430 571.957136
148.180664 643.955820
143.122192 648.761010
144.038331 661.143468
139.531492 652.825619
148.676276 660.733343
136.882228 671.685476
138.916288 678.114565
153.445102 586.434957
146.146530 948.740767
146.630975 405.328748
148.504374 649.394265
152.042449 934.519232
168.966758 582.252251
157.031697 586.866619
148.597127 595.462958
146.326751 596.125538
148.234668 597.388786
150.474712 608.575866
147.507795 616.719202
143.905412 620.846557
152.705720 615.257404
149.462417 622.760309
152.962797 636.767011
152.663937 630.219926
152.667483 633.988201
149.906702 635.290531
148.714339 398.300127
149.358785 941.695217
157.593026 388.550513
152.559513 392.308419
153.602384 389.959573
155.316795 938.045312
157.435695 385.207982
157.907712 371.509929
164.705266 382.624998
155.333058 936.336405
160.544689 927.836007
167.769697 925.324830
171.103203 366.262654
166.133460 354.364941
167.900265 354.613774
165.966762 925.805175
169.592822 928.188060
168.648515 797.873659
179.072788 355.593811
170.676402 916.336498
170.004639 339.636747
170.346889 334.816522
171.417795 789.466544
171.406625 798.730347
163.270058 803.419561
173.397856 811.578701
176.178915 813.383206
183.299834 816.813737
169.770701 819.515944
175.217500 834.333675
169.159415 825.104381
169.017972 833.497966
171.900074 834.514345
180.471432 839.298352
178.745196 852.904391
170.695074 853.651429
179.755680 858.573566
171.334216 853.038959
167.496866 854.278741
179.052155 865.743617
169.048054 865.602714
166.126613 872.379459
180.475615 871.154625
174.677214 877.050052
177.160681 892.741726
173.855866 885.130854
172.541980 892.017122
175.944427 901.427264
175.909033 900.378856
169.609921 908.581580
178.037227 336.660185
170.657312 298.072602
169.424563 302.138470
178.069266 317.994295
179.379620 306.168824
164.680139 314.904145
170.149548 320.190097
176.313475 313.737842
184.001125 342.240005
173.949441 788.296014
181.874351 778.629408
177.775414 786.634625
180.837257 296.738593
182.750677 777.163531
186.929255 774.080795
188.036819 296.151544
190.166011 256.475347
191.902322 260.788021
178.057683 266.053112
177.749658 270.492675
182.702158 269.659310
190.181060 282.459922
185.797182 281.869746
186.851586 280.522419
188.979811 282.428777
184.557177 769.312321
192.939994 245.997675
191.989636 767.606665
189.936179 249.405441
199.397362 751.141491
196.004814 240.555323
200.691050 224.380258
192.370602 224.956825
196.515188 232.156647
196.058674 750.915854
202.267479 747.513570
195.262811 215.440720
208.356321 737.045113
208.524979 217.416676
199.831649 210.230332
198.139258 741.381239
217.499673 210.527857
211.054616 742.414790
209.869732 211.308801
214.084242 742.526405
216.575714 203.333809
218.490720 735.944691
220.995788 203.203850
218.760661 727.660021
224.136609 198.933081
226.815232 735.291754
230.592360 193.911894
224.582518 736.170758
230.535091 187.847202
232.895332 729.196786
242.195205 206.871253
239.667742 721.056382
248.395604 193.950859
239.996551 721.419130
245.266739 720.170712
246.074607 201.232801
249.346376 722.443291
249.747366 194.382019
256.699664 713.853692
253.000335 185.821190
250.144892 714.460098
251.782403 190.849007
257.912199 705.932100
258.290745 196.225595
271.713391 711.875099
268.438885 710.109279
261.901091 184.984721
263.164533 704.241149
272.192088 184.857127
274.568637 755.686449
275.432480 765.189809
270.657268 761.312798
274.205393 704.331817
279.268173 186.317232
269.765794 749.817496
269.584684 742.782103
275.935489 767.835215
278.559533 774.218135
278.895991 778.607877
272.497600 185.331868
281.167468 702.611978
280.661264 781.469898
275.694171 199.419970
288.113863 683.832692
275.213299 746.526104
285.285214 780.264961
281.004152 194.544640
289.939557 696.748553
291.835980 750.549022
283.602032 783.721473
285.702301 738.902799
286.853749 795.917980
279.453573 182.896117
281.799436 689.305132
289.400560 188.554327
293.538221 728.457005
291.369137 784.926799
296.066323 681.985322
287.294231 194.660861
292.104493 729.900935
296.099408 790.497594
307.602152 678.884271
298.631853 794.909016
295.913843 194.118772
299.068461 727.224015
298.690648 680.605591
292.448384 807.605641
313.315065 195.534912
303.903422 716.762076
304.085381 663.602094
305.521702 201.636473
308.795627 797.729215
305.835612 717.423334
311.715158 723.757549
306.604330 670.699458
305.969402 812.259498
305.742593 199.248497
308.652194 661.273051
307.861387 705.481781
305.689742 699.045741
310.165079 810.770214
312.557898 203.361440
317.200104 652.344537
305.360522 662.584238
314.404725 207.108079
319.412073 702.545228
318.839547 811.947221
314.968849 645.513016
315.051267 686.668777
323.149122 691.860874
316.613657 812.700803
318.250426 832.508671
316.995512 205.121044
312.147105 646.469552
329.717702 691.988148
319.368896 824.324564
324.171493 678.911585
327.442044 828.714061
322.006026 205.549003
323.360061 631.888263
338.041540 671.323525
334.364055 645.708711
327.752089 657.078510
327.799674 667.274883
320.058373 666.802920
323.182962 833.807406
328.058172 210.002598
325.963122 666.591084
332.272630 217.136694
326.011305 212.086664
330.177664 231.446087
324.794064 668.000341
326.043140 830.995576
327.346354 221.758533
339.575737 825.304023
341.674606 224.467453
328.436809 838.064721
325.766930 247.932994
343.568483 830.877892
344.895057 228.130901
348.587387 852.581875
348.623173 243.446342
340.215349 849.071528
350.101987 247.024490
351.162006 845.465432
358.307870 858.576901
352.953692 243.484025
347.132286 865.865002
342.897876 852.823878
367.214063 240.302822
366.499035 872.046927
349.160658 245.123016
355.439281 872.670701
366.368487 239.732492
368.295361 874.909394
368.391234 778.827614
371.711865 241.630431
368.276502 877.504830
376.095966 213.058543
373.751605 206.786069
380.392702 208.572725
373.003830 221.433860
368.749682 226.700609
378.041930 216.407929
374.238850 882.040591
373.676029 883.273342
378.914468 778.369646
368.897497 773.687344
384.773031 756.636557
366.913925 763.363057
375.097470 766.211673
381.447606 782.233846
383.396634 206.863604
380.773679 874.531944
383.227077 753.968012
373.701158 895.017328
374.093740 784.267822
379.004470 794.641939
372.254513 204.531171
379.614053 796.277316
380.972693 758.625914
382.899490 886.863571
383.239659 914.491903
378.401946 196.718093
387.188370 755.537973
380.620772 805.688128
378.579285 798.721740
383.454137 802.393826
385.061197 911.615331
388.417045 885.828305
382.973051 915.077121
391.087120 190.836563
386.903940 748.999546
387.272001 903.437311
383.023324 913.820030
383.640187 804.385505
397.190416 181.684713
384.310721 740.792210
397.136960 816.702558
393.173871 189.133093
392.912926 921.185855
392.725566 815.017126
383.659711 821.926252
392.346474 820.751887
406.207081 738.980472
400.056444 182.528503
399.303270 933.414754
397.201737 819.658749
398.966362 929.856992
402.021319 735.254324
405.561206 836.642248
388.370564 822.651132
392.903326 835.729165
389.628095 168.755053
405.870037 163.355091
401.997542 933.026699
406.344874 933.548993
399.176069 733.163169
393.396446 836.569533
408.966247 844.712735
404.724181 168.453548
401.312204 729.843761
402.393792 945.356287
403.527849 716.784954
411.853585 843.720873
410.084633 854.645700
413.845312 174.384746
414.902100 858.717763
419.234707 941.644051
407.334371 154.704265
410.772724 949.735515
408.964614 945.800923
411.173942 705.312994
420.431097 870.705591
415.212179 148.593703
414.458466 718.902484
418.111300 852.485663
416.305058 947.691912
418.189780 947.808327
416.787067 149.607779
421.684153 720.948141
419.057008 868.174599
409.131785 953.073445
422.646899 967.001173
421.047897 867.420060
421.064155 155.768662
422.976982 716.121621
421.531576 717.311627
414.755020 874.093819
425.357085 869.983686
423.639487 958.909003
421.602760 704.816632
436.511509 146.530618
420.280532 872.506214
426.678560 706.586250
440.100315 964.576673
432.244361 882.532449
430.777528 141.052271
430.006913 966.369843
427.505397 690.507988
427.457520 700.644859
430.580414 879.746825
438.173523 891.548430
440.949971 140.673047
435.038471 974.413515
439.039391 684.276937
430.962538 973.955129
445.406858 681.512985
447.213217 889.987234
439.822805 896.284560
439.815937 893.337692
437.269693 900.741460
429.231884 904.874963
436.107360 139.430023
433.088307 914.965416
436.032235 970.419585
436.253459 988.149376
441.323602 675.681223
439.267386 147.969192
438.858441 917.798205
442.336177 984.268131
444.990124 674.668660
437.888608 147.996103
447.274728 911.618569
460.503658 990.561549
450.284937 680.709104
453.105917 918.870367
448.482714 144.452512
448.109842 989.454785
460.138595 683.828714
451.410649 922.088576
449.504329 152.520350
458.786699 984.434938
457.470479 674.412784
466.538515 916.480837
454.282304 142.215330
460.891638 916.736413
462.903158 980.976681
461.059624 676.230696
466.319943 144.615124
470.149052 919.197805
466.551713 680.896290
466.185358 981.054844
471.729223 143.651850
469.000546 929.750229
465.951129 678.890852
467.625539 974.492502
466.177028 138.690409
468.623823 689.372357
470.310604 926.881888
469.275207 986.443264
473.951871 144.226543
476.363883 688.245282
477.388312 934.448272
474.613606 985.988825
476.941185 933.546866
480.386458 144.467300
474.782707 684.034024
483.524597 948.221913
480.379162 983.122428
482.806721 143.655371
469.083676 688.915683
489.606695 941.802393
478.940595 990.605620
482.365303 140.036794
487.405633 694.856440
484.032121 943.494176
491.384254 950.125237
482.478305 986.323482
481.128510 938.981925
494.116430 141.125745
488.087188 690.964677
492.278650 978.873679
485.451621 948.323434
493.229029 149.985408
505.521642 687.941486
488.763544 950.522483
488.394501 982.026072
494.779163 696.154743
505.565182 965.447873
498.362929 144.046455
503.676286 956.803848
502.471661 981.858223
496.419201 694.476994
501.948983 150.505761
503.645507 954.838186
502.905705 975.461399
499.062279 980.998494
506.742981 976.668036
507.299092 697.338402
513.555940 138.828886
513.763923 693.831334
511.082855 146.507631
514.323409 703.039145
525.812176 151.875654
517.204557 707.711184
516.876239 159.871530
522.814061 710.962304
521.738932 155.019224
513.752552 702.296131
526.160193 148.096334
524.941536 705.944760
525.883120 718.543424
534.626946 172.303711
529.944712 154.175528
521.616660 170.888403
524.129894 717.733079
531.548807 719.845020
534.238060 166.830670
528.107189 172.064115
534.869965 725.919060
529.515774 710.662358
542.228960 189.855284
540.666303 739.905694
541.607293 729.169127
538.468721 727.651691
547.292152 182.708859
538.391677 182.699837
540.491942 197.226388
541.151238 193.717458
540.714326 197.708807
544.675816 725.858272
554.654642 193.540704
549.178380 202.296465
546.664089 202.489216
544.188061 748.289287
556.865232 214.843391
543.005422 213.483444
552.184965 215.903471
557.191588 741.793716
564.688102 223.141525
554.270996 738.262993
559.830034 222.627095
569.037052 231.983996
558.212172 739.175181
562.339691 744.504695
559.221808 240.666579
568.553032 744.987113
564.873232 760.022230
565.969223 759.724671
569.954774 758.107347
564.737919 224.304352
567.125514 231.786820
580.990467 767.586968
571.163609 774.961943
572.798502 245.261321
566.938528 242.287133
577.810866 775.407701
583.338880 252.737742
574.751573 775.338543
589.011538 259.904057
582.455920 779.009857
584.085021 254.848339
581.234836 261.461536
585.780512 783.959535
586.942440 253.470815
583.928970 267.187903
590.272012 781.354987
599.276031 946.287403
595.309130 948.243186
584.014289 949.791063
593.584542 269.476843
595.289310 782.381606
600.170639 938.804576
593.731852 783.822977
594.342175 922.181982
598.063704 923.805693
599.588260 918.093714
605.135814 923.749101
591.133576 935.541440
594.547786 954.140805
600.315653 958.515637
603.812327 270.174581
600.025185 961.389642
598.690308 276.815655
598.165067 790.657735
597.999176 912.417959
592.955867 794.000100
599.068403 804.653427
606.480497 898.395713
591.376327 892.920287
591.739666 907.876510
590.362556 968.350810
601.526425 967.065876
593.970465 969.623598
603.137487 275.120257
614.412082 798.291838
596.223580 895.045888
603.765277 985.987912
612.083862 888.633075
605.419314 979.745490
605.840436 993.179938
608.280270 271.605465
606.203521 803.090725
609.053033 293.841840
610.288033 890.552322
611.488829 991.817706
604.657966 811.902812
611.705230 832.289005
613.248532 821.700037
613.244813 832.522008
609.279560 831.028645
617.387077 832.952994
609.057616 842.418310
611.834466 844.339626
616.048896 853.782570
611.994432 847.319068
612.944899 854.807713
610.473057 860.936976
611.846436 863.893430
623.744124 877.075539
604.110867 871.686401
604.436899 880.998030
614.422244 874.341538
615.601270 989.093456
609.754923 995.367303
613.031538 289.580393
613.645699 804.016266
614.539138 811.110452
619.443758 1002.358633
612.546013 293.225949
613.329020 993.142651
621.723263 288.819344
626.488708 999.186279
618.890641 296.567223
622.795762 997.744257
631.004251 302.473671
630.340891 1004.571059
641.383400 1010.373750
636.361417 282.941354
631.993824 1021.222709
630.418085 293.549477
635.168489 1009.592297
642.545521 285.066894
639.460313 1013.923721
638.141678 296.865942
654.084538 1022.042655
649.179947 293.581539
645.524221 1019.578125
645.444079 298.022352
649.846593 907.557274
661.275304 916.574028
648.607583 913.263597
650.769833 924.394354
661.093913 923.899518
648.558443 936.304832
648.308523 1026.928585
648.596676 296.326891
649.915434 907.181131
664.545632 933.557539
651.583430 1019.681290
653.797633 890.299497
662.768635 886.095069
657.186650 935.633197
658.676369 943.328647
663.251160 950.490635
660.731706 947.501917
660.637532 957.072125
659.924737 1021.574581
655.375132 267.690308
650.718623 262.398767
657.491076 266.525078
666.727397 275.706365
655.920421 279.665987
664.122898 274.564097
653.096586 277.766199
659.609738 885.635751
662.412083 887.629433
667.869369 948.285045
661.342206 959.598782
670.346874 957.828598
662.529688 1014.935588
658.869775 252.941747
666.593490 235.632321
668.278222 241.010440
667.747493 255.956740
665.881129 877.683416
656.214784 1017.583709
670.552083 965.794502
656.983744 879.311932
666.887254 230.967724
674.320186 1026.117945
668.156436 200.401417
673.081050 962.060052
676.283492 861.912540
677.998585 212.185873
679.520185 232.768241
672.979494 1028.347062
673.217672 196.429060
676.663667 979.429762
675.681365 203.548451
672.513814 228.727342
666.971501 211.096964
669.220951 229.718135
680.147546 867.467207
672.435337 1026.539288
678.479192 234.347237
676.999207 972.751045
689.766823 194.078330
681.618012 210.484334
688.520106 176.715907
680.274536 865.004455
683.545268 1018.493749
682.005142 962.993726
686.795110 179.385333
687.396548 184.349914
680.512596 163.929772
685.255960 866.063823
688.295203 1022.999429
690.724062 169.366667
686.306502 174.605039
691.133465 866.624694
681.976591 968.786106
682.191479 164.460198
689.183721 1023.891803
687.792243 187.566771
700.935588 885.324263
685.066159 964.120942
688.360911 1020.486204
689.221748 168.462576
699.198953 882.910433
693.493312 972.318451
685.820033 1030.137817
696.892992 157.644288
698.426765 873.375758
700.569293 963.953218
692.183357 1029.450206
703.486157 159.838003
702.731825 880.436904
700.091131 970.029024
697.139261 1034.146959
708.199986 159.950709
705.550616 888.762956
702.846099 974.941528
713.443363 888.916454
718.157029 1025.444097
710.253387 152.254638
712.806233 977.897747
714.227058 128.615834
713.095182 131.715238
709.774890 136.257476
707.264321 137.642872
712.465359 151.301584
712.599760 890.266548
711.016658 1032.874271
716.428151 980.951847
717.552342 127.571370
713.912631 886.858458
713.214810 1027.820152
721.406625 896.139427
718.702252 982.177497
714.923869 132.870262
723.574884 1035.137869
707.945319 986.098948
714.953978 894.056898
716.495211 1034.490985
718.372189 124.493354
724.600214 990.340270
732.629253 902.726711
714.277825 1025.350120
719.977815 913.678190
715.810129 917.778639
723.088396 117.836188
729.665550 992.074883
723.173337 997.649621
728.369576 1027.135462
742.462939 1012.128344
725.889700 912.762649
733.159042 114.635837
733.065287 928.257358
730.106602 1012.026087
740.044782 1006.391794
734.106886 1009.060494
732.709403 109.430638
733.288807 89.991084
733.261867 95.737922
730.580829 103.500962
730.280094 96.572434
736.277251 107.238560
739.879923 929.886367
730.851403 85.837473
737.914284 936.758265
739.099496 934.109991
746.842112 801.773112
742.120612 801.306229
743.558874 807.706597
747.623501 816.520974
736.338406 94.237672
742.271814 811.615424
749.520823 79.239695
738.989507 77.664580
746.017671 72.032434
744.325308 940.670119
738.635821 930.292233
746.819186 930.005699
749.255847 794.701616
751.685672 936.017505
750.011598 824.920981
746.289223 830.374953
745.668199 835.547922
751.333183 820.475537
747.253471 69.930844
750.824273 789.748985
744.396289 951.806067
760.049195 779.474795
754.751245 782.652384
760.921861 831.303253
760.469255 843.542234
758.692872 836.453766
766.442778 836.057891
751.621277 841.430011
748.937961 848.298192
752.706447 851.360687
756.726775 72.811488
746.290238 859.227071
761.562813 952.787843
752.876125 952.507423
749.300526 952.010999
752.706313 969.285302
760.160268 965.087127
753.851252 974.627335
751.708920 965.586700
758.200513 975.320098
757.293613 983.531103
757.934807 786.902884
755.466672 68.867583
760.156210 863.986617
763.200373 869.255041
759.558233 990.985998
757.632724 775.809366
764.516743 59.604925
756.741736 875.968898
763.802661 870.109814
771.076649 995.459088
768.180513 779.250142
769.056179 62.285847
771.693285 878.839148
771.171892 992.508567
767.849630 779.002145
770.883012 67.821933
765.368391 878.137205
773.201445 57.838288
765.988544 56.667673
766.925311 995.808767
770.892182 1000.704445
768.261229 996.503521
778.400430 1007.152931
768.022018 1013.081170
779.414304 775.502194
775.220636 883.374808
773.173508 887.382599
779.854442 903.758063
767.911787 51.164397
774.034809 1009.316655
769.104302 1017.954518
774.441898 772.756100
777.456739 883.867914
775.408076 50.727393
781.735791 895.964695
781.068323 1021.387130
776.633465 769.495785
780.159313 1025.528005
790.020807 34.514446
777.376092 756.178956
786.246672 902.824194
786.398208 910.033442
778.420576 910.940797
791.305473 906.641238
778.324686 1024.824876
789.478280 1029.321468
792.827514 34.385872
793.944518 754.035527
792.885438 745.187629
793.320003 908.489920
796.785811 1033.412368
802.659118 39.303067
782.956346 750.263686
790.633796 919.102731
796.897629 725.488228
790.943846 734.041630
798.448484 918.259039
795.557634 932.096279
788.993919 924.821048
788.796202 931.370672
791.171235 1041.618754
795.951482 40.453784
804.431621 728.744566
800.135438 932.605453
792.700850 1048.875554
790.788370 706.989222
796.614281 714.891312
806.680633 713.101825
799.760519 730.236413
796.111106 938.190216
800.464137 40.753675
805.650131 945.270495
806.655385 1050.045572
802.477947 713.923093
798.651885 42.414943
799.775961 955.106930
802.872348 954.333005
805.536832 953.687416
810.199886 1047.416177
810.346515 701.850387
802.315793 1057.039729
814.028804 31.556288
809.705800 954.824667
800.939813 953.119541
810.159084 701.753197
802.639921 961.787373
811.487593 1062.675421
810.631242 39.330618
812.305274 1057.196783
808.509349 700.678522
808.731840 965.561807
813.515045 49.324248
814.699530 974.635884
818.097808 702.199125
820.305716 713.846023
817.735213 1054.470299
814.256458 50.450137
821.403838 976.701803
812.508329 707.758331
813.131520 1063.688472
815.795789 975.074115
829.335505 35.144605
825.666055 708.353940
827.709960 1057.908579
828.858686 981.631740
826.872422 48.054947
824.050046 710.958292
827.074298 1060.612975
831.833104 978.214576
830.350726 36.704454
839.460462 1068.834001
830.331586 706.482415
826.622714 986.541767
841.856602 701.344941
836.674657 706.109792
840.068163 36.465666
831.992473 988.880081
832.523812 1062.386367
833.201295 697.246263
832.482936 1069.252452
826.795151 687.216115
842.821939 695.793079
839.265865 34.968214
835.793840 984.035730
836.362272 1074.873588
846.502614 679.388005
841.994232 987.498540
844.030952 42.445944
841.634415 675.378550
850.660479 992.223053
850.738537 1070.963327
840.715290 671.871797
838.465795 43.917053
852.233636 670.495452
854.565607 998.861940
847.479798 1069.522000
848.799710 40.610850
848.657570 999.600948
853.594214 662.512406
856.746451 1072.392409
851.519646 42.195706
848.843157 1008.437980
849.074115 665.730798
856.367974 1072.209075
857.583575 647.128578
852.601573 659.026995
848.060218 1004.673318
855.694664 46.306713
865.547536 1023.454756
864.527318 1068.716400
861.434581 649.119807
861.621780 52.574280
866.592986 57.823126
871.610446 1016.311190
869.507573 1032.129822
872.839038 47.794102
856.945954 1019.701151
863.552627 1070.945637
862.450566 649.634760
863.252255 49.635600
872.722878 61.799967
867.993033 1034.954881
858.128101 1032.226738
869.121760 1046.407241
866.451336 1060.600403
884.275494 648.086726
866.159824 61.400811
878.016638 1042.280522
873.536853 1068.411636
877.147258 641.970174
881.116306 58.058806
876.974778 1051.105986
879.496950 1030.712339
877.934081 634.262754
876.567216 634.330953
887.670439 630.379200
883.810213 1042.201741
875.464753 1050.511961
877.636776 1055.048708
867.372371 53.367596
881.763431 623.809082
886.226629 58.323983
889.683579 633.294036
885.000545 70.605577
894.168352 612.473525
881.608125 619.283308
890.186882 68.174008
893.810083 601.938904
892.732309 62.962360
892.653935 605.575955
896.660202 71.973095
898.825194 299.997213
901.338902 312.512320
899.272350 608.568857
901.613018 71.756056
902.983900 291.481073
898.127996 299.773253
900.504389 600.952005
907.634651 74.629984
898.244831 74.541149
904.870845 88.938264
901.815678 93.143686
899.078947 85.562462
907.353058 567.609473
899.476652 578.691284
903.309381 588.004252
911.231600 589.595766
908.190385 582.816606
902.112028 593.068048
901.645652 87.613466
906.075236 285.125416
900.456984 296.941397
902.391249 569.359651
904.677086 108.824366
909.781950 144.005198
907.872463 150.920081
910.913918 289.993474
909.414979 315.295010
912.936339 151.765877
910.814125 324.092547
911.852069 562.833371
906.581848 108.459539
910.547271 146.728461
919.238201 295.290598
913.968966 139.169431
925.266222 320.351087
914.369385 105.457291
911.471951 114.295705
916.942472 159.169067
914.873386 323.865365
914.611464 563.490992
914.553170 136.480509
914.111807 282.712314
918.886531 97.855098
921.948438 130.136100
917.304499 160.409307
917.673913 112.860522
921.997262 326.965557
919.947926 569.049016
915.451138 281.915769
921.893987 120.500115
919.078148 129.609430
921.962440 317.592356
920.696449 161.245140
918.196822 562.311641
924.609710 125.429032
921.345978 283.605827
925.936268 333.296204
922.639130 161.338164
925.172916 557.718818
928.127826 279.092706
932.184902 331.227925
923.026414 339.612756
926.901364 330.252649
934.656055 350.122570
927.408410 344.514596
933.500785 486.351234
933.185891 487.040562
923.268560 490.620181
926.979851 480.613500
926.687695 477.290080
922.734552 491.388607
934.212538 502.462288
916.158066 502.037499
929.734518 518.382833
933.242445 507.062356
926.222685 510.691859
928.467275 513.587740
923.482177 522.063997
933.492483 528.154121
932.274596 533.315304
928.812333 534.621419
929.725213 543.253824
918.572514 534.362649
927.552600 543.652497
931.279405 167.072422
937.313052 397.307595
925.815390 409.999706
927.358742 272.660476
932.066441 161.111646
929.195926 353.419431
948.865902 473.935374
939.659733 362.919409
938.320333 361.066016
930.121394 365.041474
938.814522 371.517048
928.448581 374.733437
934.790597 378.922527
934.678832 380.618179
935.357823 382.659293
927.323113 393.847387
937.245227 392.010422
928.970103 404.120224
927.013099 403.088837
927.822700 413.976824
937.952348 415.745090
931.029044 421.556634
932.942124 419.829851
926.598541 424.924567
926.813877 433.848711
931.725658 432.472965
929.291998 443.179378
939.392719 451.019483
929.396589 450.715159
930.806549 447.583556
927.729316 468.038023
933.902836 470.295117
935.372245 291.486387
930.866213 467.693190
938.138755 164.430539
941.825192 279.500055
945.887470 173.383469
932.560894 272.217780
944.155914 173.673018
935.184587 181.134425
943.512825 175.255155
939.827115 187.655019
935.560888 275.049761
945.967705 182.880517
956.509743 276.438180
948.573651 176.676806
953.825624 190.182891
957.632667 173.784503
953.969118 190.383609
951.984388 202.221451
952.596051 278.306072
960.284785 200.863150
963.721019 274.952079
957.428153 208.998782
955.377162 276.555422
962.422180 205.108294
955.595823 269.888412
966.372361 209.946703
961.668301 220.221089
969.993169 213.365647
968.381600 224.487732
964.868498 220.645465
968.549931 235.821049
979.352968 242.321618
964.662156 244.989610
969.041504 236.320274
969.508155 251.223021
964.168030 254.045144
971.228965 252.374707
969.928622 258.270522
