83.151698 704.115639
77.557664 711.736341
87.364878 709.617640
81.835582 721.033638
84.813929 690.329755
82.040653 723.726374
77.768562 703.490027
75.790055 717.198480
84.671089 727.579200
78.739905 736.471832
83.009385 731.172125
73.637556 742.608194
86.704589 748.940043
82.007435 689.691481
89.665145 673.495029
86.626664 688.969038
91.924952 746.194779
92.753525 750.464151
87.576824 672.085265
87.075598 758.488083
97.139071 665.835540
82.826852 669.157429
93.826551 751.922548
84.957729 662.759808
94.360268 643.466423
94.081759 650.576434
107.225998 755.103215
96.123826 639.737190
105.252710 634.972110
100.077365 750.237693
101.254181 636.180037
105.413544 759.486516
107.499629 627.176151
98.604421 629.794102
111.109522 755.882628
114.550377 629.612654
109.403645 759.305757
120.203307 623.375851
111.673052 129.372217
117.563652 130.925582
114.385344 620.083387
108.161378 129.561465
121.178780 756.883935
113.294546 122.315828
109.222745 608.172147
118.880954 141.245623
116.092372 140.631917
128.267772 759.129816
132.704213 115.774366
124.397272 140.957276
126.783438 613.693242
124.503442 753.751664
130.904941 145.087299
121.271503 154.022731
139.905992 603.206778
131.204692 113.189336
132.005575 763.669517
128.545107 150.560096
122.759252 584.921148
132.524640 120.737191
132.123679 161.806664
137.917799 756.191695
140.771852 585.323770
136.519849 120.244893
134.015075 166.874245
128.887171 169.876394
125.845571 589.916023
140.808486 760.106551
130.890493 116.835249
139.135712 162.254947
138.195710 581.590492
149.652928 761.572352
144.837534 114.195465
141.179671 166.841901
144.943105 583.707464
146.230774 768.877105
143.541420 177.639092
147.428679 180.482795
143.181285 569.094220
146.252898 117.256243
152.472789 756.818499
143.654039 110.636240
144.674457 183.564637
147.852815 575.265424
155.601552 181.202217
151.759737 755.101556
152.157157 110.838941
151.904982 572.169601
154.177266 185.744929
161.247252 562.295310
148.560813 756.387438
155.841292 108.650443
165.145942 194.831015
159.130339 553.351359
161.480348 756.810020
160.543649 110.126360
165.244141 193.264918
162.189409 199.934698
157.025748 560.690332
165.645947 755.442989
166.260024 113.409080
164.631572 194.834494
166.025718 545.759648
168.078382 751.456090
171.577341 116.881138
165.366274 198.883147
170.213043 554.380423
165.212202 206.688787
171.523892 210.367692
163.396489 758.319579
171.016781 115.952914
173.346861 541.462641
181.419696 206.298163
174.686361 537.445817
179.775750 753.315875
171.519531 111.431086
177.880530 217.661710
182.234523 533.025991
180.282727 748.276257
181.648358 114.975461
189.180608 217.322454
187.999210 532.641896
188.104770 748.450329
187.512682 108.207452
182.011860 226.621539
186.405873 215.326941
187.069116 520.420632
185.254859 747.120947
187.931817 110.493821
189.241802 232.844864
194.471875 517.882423
194.157022 753.348856
187.253353 112.635681
201.924694 227.043396
193.324942 515.515214
203.538522 738.872675
196.164687 227.584875
208.314914 231.629762
198.302855 507.551477
203.176510 112.824039
191.997187 732.043861
197.337622 231.572163
196.192468 498.203415
201.205793 114.088821
206.257059 240.500819
201.665198 745.697346
199.430218 493.325520
202.482812 101.190042
202.070384 241.475326
211.490858 489.641900
206.377569 740.077896
205.621897 110.124320
210.420687 251.368483
211.231659 493.684774
211.675776 248.078750
208.751078 251.349613
213.796254 731.683331
201.344055 109.189499
208.396897 494.063112
215.472336 252.697398
209.855450 741.092046
209.133944 107.163180
205.843802 476.366938
216.857139 487.188338
210.704909 490.330711
219.941906 261.154212
217.563710 742.240506
221.126166 107.613420
216.303381 482.637870
228.231736 253.495752
223.484035 259.046562
226.688867 736.221506
222.439918 104.641451
216.410599 471.929371
226.121069 265.350163
226.262024 466.698945
220.286137 732.176628
225.800816 269.213925
221.360451 116.138850
230.345257 471.247977
234.019631 734.861194
223.048433 276.120074
236.189993 276.408438
233.180606 112.044727
233.038404 277.901121
235.824254 469.222099
228.702242 737.115896
240.104278 112.802968
240.550092 459.853240
244.031791 462.806874
237.782891 461.122215
233.621450 284.608417
234.001751 735.093364
233.055989 111.271703
243.302180 460.439556
241.660011 286.954127
249.381544 280.960883
234.977188 733.069244
236.873253 113.409987
244.744154 296.541462
249.829283 451.019828
244.174755 726.845706
234.250146 443.603707
248.532917 293.942243
244.784663 111.237131
255.433137 730.585294
253.307615 447.429758
252.268081 297.433648
246.069843 727.637781
249.318624 116.435623
260.779661 448.482462
257.051564 308.943332
255.269736 724.703259
262.529411 105.993403
260.555776 303.929954
256.772138 303.439720
255.240783 318.688581
256.602297 433.366116
260.786813 432.185061
251.006965 436.052612
254.404723 727.254662
260.330828 110.980022
259.078880 314.328988
257.356626 429.860615
258.599576 325.762384
262.337400 732.731947
262.478621 108.045576
265.390645 423.172665
265.320201 330.924180
262.848074 336.079585
264.749445 329.083530
265.923623 414.866165
263.412675 337.434010
265.941027 728.119358
272.602720 111.595795
267.742938 105.366096
263.714174 417.430284
274.226506 342.548105
268.545325 344.421202
266.773390 724.532414
276.555004 114.575692
269.500197 347.956352
268.579755 430.703780
271.845791 729.206035
284.220783 352.243729
271.735660 361.437209
275.754256 406.898398
281.861341 414.752133
278.497906 417.090436
279.788827 123.401836
280.156243 726.746293
292.227994 360.569782
272.040135 410.155276
283.394244 104.290578
284.709970 364.744313
281.631735 722.541264
292.427631 403.447787
278.125684 107.804569
288.874402 370.107344
286.727378 367.876793
285.745353 389.253667
287.802949 393.709863
298.185432 399.058964
286.246624 717.751640
294.670150 374.802468
287.736837 110.495192
291.933324 385.443252
286.481602 722.012537
292.638379 383.023103
295.825304 106.177203
293.266075 718.068209
291.975788 114.123977
304.722207 715.279786
293.081662 114.796967
292.854674 714.607044
305.285333 107.711506
311.495568 714.834238
302.527346 109.199711
307.359784 712.827351
319.318755 127.158720
315.639512 718.326814
305.074130 120.695320
321.478401 722.457128
314.155633 126.341218
312.889665 707.915995
318.474972 122.817059
319.732139 708.153556
320.330292 119.173965
327.946450 698.714395
328.282386 116.842097
329.902487 714.550900
339.475732 698.319468
337.323157 121.976418
336.103330 705.291631
339.285791 126.600869
341.711446 699.106582
345.555298 122.297231
341.258786 701.317155
353.156479 111.326335
343.160852 691.319651
346.062728 114.315405
358.024629 692.438996
345.076689 121.022000
355.823687 700.283624
356.367881 106.040842
364.897022 699.010294
365.203749 121.408310
363.092864 127.000234
362.868532 702.527836
368.930155 122.038843
374.104510 694.476834
371.463420 129.147566
376.002940 688.315711
375.399471 116.586177
376.256009 688.804657
382.261404 123.155304
384.167497 688.221585
373.645182 125.121969
382.975805 691.616493
383.239231 129.307115
393.421083 685.067045
387.770839 132.798002
391.954546 684.612870
391.619753 127.323517
402.453121 683.707601
397.102164 134.298174
404.598874 682.734306
402.076921 130.158860
406.826298 677.932892
402.640597 125.055683
416.930077 674.638706
406.318464 131.443694
416.421112 672.701155
411.542989 129.333581
409.738923 679.593285
415.441035 132.927982
425.847933 672.893641
424.771770 135.539646
422.174546 137.538725
416.974571 674.593156
435.403897 132.484912
429.307234 667.834528
424.692264 135.315898
435.001415 669.073298
436.235029 671.548818
432.481520 131.620788
437.972008 137.875896
437.222452 674.839970
441.656744 141.149035
447.782580 673.199378
439.426227 143.215211
443.128385 672.614325
443.932740 145.988188
454.897533 677.552318
455.338967 686.412815
456.116016 145.995008
454.413630 690.130880
458.384566 152.237307
457.739447 683.226672
456.842439 144.208863
463.047489 683.408336
467.392821 149.386830
462.600703 680.194851
469.676204 158.209732
467.909473 681.175108
475.569696 148.263585
469.910758 681.898311
481.164251 690.981382
470.885286 152.037861
476.294360 159.887034
475.552747 692.226140
480.003588 154.603230
482.923491 701.294749
496.111115 163.001555
485.497927 161.395526
493.042289 705.904403
487.060850 166.908229
492.360540 706.437691
503.010753 174.127685
491.917572 706.431826
491.984322 163.283582
501.916330 699.402432
494.962895 172.569387
502.374949 703.775496
501.172883 166.225282
511.681537 701.665325
510.271309 172.590852
513.326891 708.625760
515.393586 175.212897
514.974720 707.500791
513.957333 715.247226
520.360510 169.533275
522.163305 168.442343
510.037732 173.694673
517.381712 716.110796
527.316139 179.395107
521.630927 723.572082
530.643248 179.286860
526.082165 722.987046
533.957202 184.087586
527.240783 720.226147
537.315701 181.283147
535.699628 719.626097
533.323332 191.213767
535.813233 716.091911
543.873066 190.052045
543.489264 204.943913
541.245495 714.848428
549.221936 202.725927
550.635757 730.914822
551.786104 199.689414
543.157241 736.010812
552.569874 194.735452
555.999372 738.563508
546.200380 209.769985
543.225848 731.173429
564.485210 204.630900
559.598640 217.930789
557.629442 732.979382
563.033899 218.428040
564.211507 733.825926
565.691490 212.053199
569.512173 217.134181
566.286909 227.086171
561.074082 739.295030
569.564980 227.243550
574.923195 746.289900
578.706455 232.102529
571.887129 235.218197
572.371602 234.274324
570.410286 741.377867
576.679834 244.842991
583.497065 249.575474
576.200607 744.115359
580.333255 245.511917
585.796722 747.393637
583.220899 253.503721
585.231721 743.977660
585.164568 250.561124
590.176127 751.377475
585.885092 263.404329
594.584081 750.980010
592.446556 256.221126
605.932484 749.244950
596.832443 763.496614
595.115976 253.779631
597.989750 758.071956
596.544977 262.108564
600.434485 756.825627
603.733833 251.918561
600.086460 760.257912
615.466260 249.124418
611.312156 758.638178
614.771473 249.942094
614.605985 761.579065
625.781952 249.285523
620.988999 761.162514
617.223897 248.196590
631.332719 769.405152
622.303180 775.213973
635.870640 251.780319
632.424491 772.439516
629.411970 251.571461
627.314210 779.617673
635.706935 248.066472
634.257635 771.759823
639.253436 771.864340
629.909075 247.421802
637.726070 778.269703
638.638981 246.612773
643.392965 775.288405
641.503319 241.397453
650.676749 781.663966
650.802875 238.295137
656.882807 785.512601
646.436286 234.648029
651.369924 782.422831
652.772064 246.829118
663.376274 786.037671
666.110341 228.034843
655.681909 234.637572
663.597993 782.731752
667.620328 230.490073
664.377127 783.913517
668.463173 231.151929
668.786589 792.698544
678.326213 224.658280
666.288534 791.742183
674.299399 789.184656
677.524291 218.966819
680.597565 792.081268
682.795289 225.794812
686.700941 798.905090
691.213148 222.696658
681.189209 802.624401
688.732540 223.369889
687.541823 805.367081
695.106144 216.933489
691.087634 801.673518
697.210585 213.315875
697.507919 807.104767
702.202716 212.392538
696.221557 799.239507
710.947547 207.321906
704.050209 807.811917
713.779101 204.964823
701.892535 807.787086
709.588067 209.054058
712.810115 819.630790
715.959971 204.341005
714.131715 810.386327
725.986116 205.296296
725.173417 808.642649
720.432649 197.129390
729.145471 818.263582
728.899521 197.387341
726.537627 814.162149
730.069863 189.973010
724.832583 820.554617
739.135827 195.397982
731.868665 818.929988
744.587636 188.947442
743.165394 826.505622
741.201038 194.024601
740.305820 818.622910
752.382173 179.199203
746.954723 829.066398
741.945322 174.109090
743.630494 828.985249
749.686874 171.441195
759.383614 832.382233
760.674583 174.076028
767.906552 830.564693
767.105655 168.928360
761.507919 839.244669
768.149850 160.833572
755.749896 836.045446
774.538256 175.847221
765.146700 829.384004
763.924334 834.969967
772.104866 172.943798
775.308557 558.044559
772.439331 560.502826
766.341933 564.118424
761.567428 570.827082
768.264880 575.817008
769.131669 572.662718
773.636325 579.555131
776.369582 587.769492
786.013618 841.691735
771.923518 157.707228
776.939229 167.956030
775.132117 555.039314
785.008100 543.843426
782.810016 595.596169
778.684784 592.591318
775.296380 606.358178
778.411388 597.240645
780.594830 838.662758
779.463542 168.479802
781.015545 597.124314
784.004329 550.501439
781.209924 529.489284
786.140198 529.290983
775.141507 609.118536
776.216006 838.073949
780.763558 162.057352
785.373279 610.354333
782.311641 849.210399
787.333027 531.941599
791.051597 157.055401
785.202686 515.762697
789.235497 527.214197
782.438674 612.851704
788.141585 618.565559
785.779827 623.757459
786.905534 837.506506
789.632550 152.940404
798.324198 515.912086
795.090698 623.380580
791.638306 851.208412
797.110673 150.444309
792.586998 507.939470
797.188982 633.238839
804.137759 512.151997
802.747610 637.293405
802.041637 633.174698
802.552597 851.455128
792.589173 639.482369
798.483916 143.935059
802.797528 844.358830
805.432937 504.342017
807.814399 490.269303
807.295817 495.155218
798.055852 642.555202
793.919210 644.794131
809.792802 145.629790
801.522786 652.797606
808.169640 850.804637
801.123116 488.250519
805.118304 850.039473
802.890055 141.795141
804.721863 645.077682
809.345259 649.373925
803.469445 657.076936
800.918295 486.346754
804.955334 144.320546
820.638048 856.018346
811.611641 469.223827
813.159308 654.904894
806.885940 136.445359
803.327108 862.003153
814.777874 472.442052
816.317412 654.533270
818.229897 457.349564
817.764012 473.740018
819.122212 665.747192
814.403182 674.360407
816.641711 137.427513
819.757993 674.682709
812.370809 852.723086
825.078896 456.146378
824.238233 139.224446
817.314533 669.910096
826.634980 686.716984
831.192112 864.136469
825.932871 680.024171
826.427191 452.443855
828.847467 863.621496
828.011218 130.509347
829.550998 686.620858
833.152874 446.472877
829.092219 684.330791
829.266289 864.825823
829.185104 125.403166
825.098188 435.040424
833.783149 446.779981
828.971966 442.374368
829.398138 444.264040
833.005784 693.422687
839.447689 861.547782
832.413137 128.424626
834.611692 441.284830
833.683820 693.203100
841.711963 703.943651
837.308233 868.250668
834.257723 124.218964
846.753167 702.877120
839.882308 431.527291
846.791766 868.121733
838.792571 121.518303
845.121083 701.742464
840.652819 428.489007
841.630486 707.126548
843.148929 866.373628
847.310921 121.511399
853.183684 416.995206
852.991964 418.607023
848.613524 421.903034
849.216749 719.371621
851.562642 407.688263
841.018107 710.726190
846.788561 868.444780
848.985677 124.431569
852.251918 400.702261
852.700967 722.706434
848.174261 723.033637
850.563263 868.710157
852.039845 121.593804
847.299213 728.409958
856.415594 879.807141
857.462812 408.971893
854.552217 116.583432
850.670586 392.465118
867.274335 736.916734
865.591719 733.917452
853.333660 870.679786
862.228726 109.804450
855.794186 391.623972
854.487175 384.121533
862.003279 388.218108
857.100129 745.151885
861.371586 744.810002
866.543040 863.562956
863.818127 108.534195
869.305699 876.114680
872.405025 368.472554
859.247815 747.078227
874.940434 745.869719
871.627521 756.353374
871.134310 118.394822
862.532013 378.036917
875.050517 879.411718
873.455420 756.769936
875.340503 106.920348
872.948350 371.941858
872.041609 871.999722
873.574906 757.158277
877.069876 103.389229
877.326354 360.767334
879.546886 364.268718
877.642049 360.236410
870.625723 762.366721
876.278902 884.044159
881.439553 764.150507
878.986401 887.609741
878.096783 105.331415
882.119971 350.418494
881.881462 766.666561
877.164568 769.879826
880.534939 779.905766
885.319408 346.606705
885.116218 885.072685
885.089002 106.783192
891.158857 774.146900
884.683336 785.583357
887.942267 337.035301
894.894990 786.881615
881.234201 881.729494
888.748123 95.995399
895.211400 326.951989
897.048717 337.776209
894.504990 333.274291
897.507756 791.476941
890.581353 887.617759
888.789886 99.745532
896.569113 880.746627
899.673931 325.688245
895.724379 791.881703
900.276750 100.245348
894.783355 795.673329
896.393455 798.768282
887.887724 804.570275
897.709233 318.098436
895.172242 886.367387
906.636485 93.379995
902.840558 318.717411
904.532161 806.502828
909.471889 805.513237
902.664797 821.551315
905.306832 879.174768
910.464286 92.746355
903.914545 314.916986
897.599554 300.170926
909.995614 294.643679
909.197695 812.690935
904.582017 813.581625
906.679844 887.861327
904.693575 829.541061
906.348757 92.968477
912.406683 298.682714
921.470079 881.473935
915.584324 825.957254
908.785674 827.397142
912.927262 84.625451
915.614530 836.393209
920.115146 296.889844
914.122404 886.763441
921.490013 99.667348
921.287010 834.765793
917.265999 846.807233
917.192515 291.765364
923.173110 836.906362
925.234985 89.190204
919.245914 884.215893
924.487508 277.238561
918.930250 285.497936
929.558423 286.315945
923.887561 844.065319
924.734319 857.631146
924.805206 851.378047
934.699312 863.591512
916.038929 862.024317
924.143157 92.095672
926.918906 878.396590
928.930206 268.613543
939.927145 864.489537
925.185534 81.375831
934.819968 263.413476
913.660336 260.622075
929.019465 871.220243
922.949892 873.598588
932.918107 90.672674
931.211924 261.716818
930.575940 257.685348
932.355932 84.662540
936.738377 254.651728
939.578123 80.518342
941.521256 238.046535
951.532305 233.849492
944.531914 244.540070
946.742943 84.756643
949.666665 235.512861
947.553199 92.569853
957.219476 222.885752
948.404080 218.929349
949.821150 87.946159
953.700337 224.067979
958.161441 213.855857
953.150749 88.046970
955.947988 206.575176
955.202361 199.172339
953.262229 193.274818
965.526451 88.648282
963.730115 191.832546
961.721808 182.963057
961.477854 183.647468
960.508985 92.704403
969.080995 96.031178
970.287677 176.358356
973.898248 169.387414
970.201278 172.749807
975.003008 93.769599
979.543678 163.775845
983.377020 115.734865
972.158398 145.621964
976.244366 142.453942
976.824039 146.184137
967.811395 153.396183
973.166137 157.810267
975.597520 105.280919
972.956976 105.829433
972.067618 117.498982
972.635326 137.251989
978.340849 116.882422
984.863016 120.107960
976.689431 131.335170
986.186990 135.218607
