49.876086 160.212694
45.704672 165.635727
49.873499 166.692723
47.395010 162.614586
47.977382 166.037122
51.357471 162.453382
47.118702 159.708168
51.000000 161.000000
53.208791 168.934677
51.219375 164.162644
50.205903 168.616170
51.144878 165.493266
50.042628 165.611571
51.060614 164.440564
52.650345 164.829008
51.000000 165.000000
50.971521 171.144775
53.863751 172.458357
49.192599 162.186759
50.403957 168.806117
49.588780 170.176603
54.750633 175.114228
56.295391 168.727822
51.000000 169.000000
52.390504 174.676161
49.911324 168.781161
50.829063 172.206279
54.075265 172.063635
46.951125 178.729539
52.227774 173.776477
51.741726 174.985054
51.000000 173.000000
51.347191 174.856338
49.558459 181.725538
49.229700 179.313857
51.092662 177.013852
50.691475 173.438175
46.290634 181.455530
51.183748 176.135186
51.000000 177.000000
56.054499 184.519314
48.617123 180.156335
47.393855 185.474747
48.692977 184.668949
55.707815 183.072165
51.393213 181.251914
48.184612 180.266512
51.000000 181.000000
50.762504 182.632840
54.976231 184.352029
51.922724 184.632840
53.165926 180.690393
49.155842 191.887779
46.385443 183.677111
48.765974 188.434790
51.000000 185.000000
49.081173 188.017971
51.177713 184.639087
50.654237 189.089825
52.121011 187.557558
49.675800 188.192916
45.068406 185.136430
58.090636 189.624951
51.000000 189.000000
51.001951 192.983928
51.925901 192.235498
51.123484 192.863414
50.521450 191.067251
47.636237 197.359475
50.611336 195.532789
57.414140 193.490828
51.000000 193.000000
55.234702 156.873002
58.076374 150.456742
54.481763 158.234000
54.339837 150.533437
52.908521 154.385034
53.068654 159.062776
57.418317 155.766379
55.000000 157.000000
53.649185 189.638469
59.775366 199.373331
54.662934 196.647424
51.240729 190.961940
52.905508 195.341076
49.581306 193.993353
54.958461 195.012280
55.000000 195.000000
59.317698 155.030950
58.636941 156.206741
52.217643 156.419883
57.240632 152.130600
51.653365 146.862184
51.471338 147.087577
59.249391 151.985786
56.000000 151.000000
57.431059 206.072121
54.310611 202.236682
53.081981 197.967613
55.878494 197.712076
56.122794 203.048448
51.019814 199.919099
57.563078 198.579108
57.000000 199.000000
64.669996 142.600094
60.224817 146.448074
55.601662 148.639705
60.392029 144.800082
54.898654 148.409546
62.873721 147.692108
56.258494 148.078998
60.000000 147.000000
65.320085 200.241469
61.816909 198.866209
58.381642 199.922103
67.606047 200.496074
67.575488 203.399906
57.483719 208.129582
60.817995 202.668151
61.000000 202.000000
63.959044 143.723680
64.123381 144.103127
65.294583 143.991315
70.029403 146.354404
66.318254 137.817364
66.110237 145.069717
63.307931 150.266014
64.000000 144.000000
65.164629 203.309993
61.674399 201.669657
67.951731 200.983173
64.071177 206.691099
64.964639 203.957711
65.735114 206.852101
60.523340 200.463384
65.000000 204.000000
70.816681 139.035892
66.338364 137.492106
67.105348 144.346592
69.075757 141.007151
73.784750 137.415775
65.968090 139.832632
63.804399 145.268018
68.000000 141.000000
67.512499 201.486846
70.518224 199.685591
71.915262 205.888582
68.094161 207.166680
70.473694 203.879465
72.062067 200.700598
65.755751 203.044313
69.000000 203.000000
68.374217 141.476672
70.130852 139.321613
77.319732 135.603776
72.537548 141.155559
66.904950 142.580339
68.935058 141.872642
72.183259 139.606913
72.000000 140.000000
71.606141 202.761654
74.780869 201.628458
69.102877 202.796308
71.054943 200.733992
69.774675 203.950845
69.716000 201.314628
68.232289 199.190087
73.000000 203.000000
78.447242 133.324077
72.908420 133.820054
74.237700 137.984752
76.822778 141.657276
76.897181 136.093899
76.806776 137.950006
77.041377 133.858621
76.000000 136.000000
71.985320 203.945530
84.175269 204.277855
80.357042 202.907983
76.231933 203.443357
81.719843 205.718894
71.422269 202.917144
69.971038 202.814096
77.000000 203.000000
78.332666 136.334122
82.983063 132.529483
74.368925 133.224366
78.483239 135.985236
78.206337 135.590007
75.036351 135.979679
79.538516 138.984263
80.000000 136.000000
83.022514 202.783768
75.783013 204.307227
83.038694 199.173568
78.784925 202.732273
80.979079 203.026839
81.291610 201.041888
82.489708 201.307449
81.000000 203.000000
87.876061 240.363700
79.778981 247.711180
80.377227 237.416958
85.908504 244.054159
82.815664 246.968438
77.746203 235.248560
87.323674 240.055735
81.000000 241.000000
85.982574 240.454634
81.155935 238.689687
74.363069 245.139191
77.438087 241.796747
76.161751 249.848109
83.960958 247.038412
84.218559 245.088854
81.000000 245.000000
82.506536 250.393724
85.656210 245.412469
79.944326 248.602813
79.260185 251.157023
85.648774 245.233184
76.874115 249.420470
84.507162 245.003068
81.000000 249.000000
79.038975 256.814573
77.408279 250.313462
84.210001 248.373374
80.387976 252.241013
80.002059 251.909583
83.840299 254.956780
79.728354 254.683184
81.000000 253.000000
83.797526 258.224616
82.041496 251.138196
78.293326 252.423115
81.985412 257.962328
81.102925 258.607777
84.854515 256.021736
76.467127 258.926682
81.000000 257.000000
82.604180 260.566032
81.356138 261.598683
79.303151 258.686621
83.112699 261.671404
86.286474 255.931791
81.985152 261.552612
76.032227 256.740211
81.000000 261.000000
81.724646 264.860055
80.725364 269.297660
75.601183 261.845129
85.544373 261.200354
81.602577 266.194737
75.582437 269.979846
78.152280 262.706733
81.000000 265.000000
83.185257 267.250350
81.443567 268.525366
80.393057 266.183288
80.052417 268.188137
81.976486 270.948868
76.025571 270.473003
79.688898 268.699894
81.000000 269.000000
80.561932 276.622870
84.979029 274.153846
79.454873 277.324270
86.759331 269.399722
74.060981 271.515297
81.404604 272.175663
80.067414 267.894228
81.000000 273.000000
79.638541 275.398571
75.420450 277.022748
81.162489 271.897970
86.068643 274.315263
81.333846 277.741284
79.614648 282.170206
80.172546 273.226455
81.000000 277.000000
80.091719 276.687660
81.877835 274.492567
79.845904 281.999862
81.270604 280.899132
83.492417 282.004425
80.367512 282.678131
81.065605 280.458167
81.000000 281.000000
78.594203 288.382852
86.255715 286.094990
80.720027 284.903106
83.318121 289.116579
86.628222 282.084832
82.266702 287.269144
82.697090 283.748233
81.000000 285.000000
80.406598 288.236063
80.477663 292.800362
84.619492 288.795849
79.197384 285.959491
86.285036 289.849907
77.748296 290.676717
79.197887 285.968788
81.000000 289.000000
82.109194 291.455642
84.559294 294.781362
80.189341 289.142036
76.178643 290.969696
80.323458 292.184607
80.876841 291.935656
81.735975 292.738752
81.000000 293.000000
81.305502 140.393547
84.373472 134.390927
85.017375 136.011423
83.618315 136.592291
86.955324 132.433230
78.762893 131.387544
89.111454 133.828757
84.000000 134.000000
87.425342 204.340596
86.443488 197.426628
83.453445 209.027371
88.385226 203.776523
80.563553 199.242278
85.291226 203.262204
84.893504 197.981903
85.000000 203.000000
79.795368 232.875955
81.260861 242.042605
84.442847 242.242721
84.959318 236.746659
84.312544 232.188909
89.396160 241.114428
82.126982 242.163903
85.000000 237.000000
84.907273 295.075250
85.736266 295.174790
85.668659 289.432413
79.791218 299.932230
84.827820 294.540979
81.795953 297.420480
84.116884 296.007798
85.000000 295.000000
85.692037 299.385265
89.216228 300.003137
84.397358 297.107009
92.046394 298.254837
83.466857 296.059263
84.802072 292.266920
90.510117 299.916675
87.000000 299.000000
88.900263 130.599454
90.149972 133.478335
89.222003 135.681971
87.658611 130.573789
90.735901 128.898168
90.614987 126.439691
88.060136 131.098452
88.000000 131.000000
92.174153 202.449640
91.890951 201.374225
88.996721 203.002184
90.685404 203.515626
92.412998 203.473491
82.461688 201.137625
90.658785 196.678247
89.000000 203.000000
89.134880 235.087000
86.497863 232.357154
95.820821 238.343336
85.131906 237.331741
86.310812 234.755329
91.021791 236.303388
88.504355 235.842725
89.000000 236.000000
94.449450 304.574491
95.208496 302.187424
92.535137 301.945299
85.280839 305.650072
89.230379 308.902677
90.374788 301.991911
86.700262 305.716994
91.000000 302.000000
93.509416 132.097944
87.442412 134.351170
93.819886 131.209628
87.498642 134.825696
90.320486 125.992077
94.613546 131.039012
94.587602 136.135015
92.000000 131.000000
93.386257 202.409419
94.369603 203.022560
92.262753 208.845507
87.399444 201.069938
92.032202 196.665655
93.795642 198.691852
89.419114 201.297067
93.000000 203.000000
91.455756 236.636821
99.450238 232.240398
95.054798 230.103206
89.392914 234.716768
92.973102 238.805931
94.399115 238.307956
92.105722 232.447744
93.000000 235.000000
100.113614 299.869634
101.588894 301.264653
91.786916 308.648483
92.623672 307.720304
97.729138 301.076461
96.569148 301.351409
98.146305 301.019244
95.000000 303.000000
94.621134 133.830023
102.288609 128.104803
103.216621 131.902174
92.375008 131.978553
96.571083 127.898250
97.279069 132.586981
97.429129 131.881686
96.000000 131.000000
96.711828 237.041534
93.293156 230.646135
102.660932 234.311754
97.916798 224.102786
99.934967 234.940966
92.064497 234.149378
99.679438 231.920371
96.000000 231.000000
98.059328 203.120751
95.922184 203.062862
99.470424 202.726093
98.550976 200.935968
95.932406 202.836431
90.576819 204.743038
95.278663 201.719539
97.000000 203.000000
97.608032 305.981444
99.628486 307.096202
100.679535 307.611660
101.971235 303.638079
101.455039 302.729252
98.953012 306.082479
97.619048 305.129270
99.000000 304.000000
93.051918 129.668691
101.917260 129.979562
99.856225 133.286533
94.220133 134.659902
100.896580 131.844132
99.774614 131.108398
100.497354 123.910306
100.000000 131.000000
97.776057 232.870708
105.156541 227.857835
104.428997 225.206151
101.765345 223.820234
96.177183 236.722921
98.940056 238.035652
98.520755 230.070834
100.000000 231.000000
94.840991 202.970962
96.056233 203.392024
98.622333 197.236059
102.974467 200.030548
101.023098 203.762885
106.191736 206.383350
96.500417 200.657819
101.000000 203.000000
101.032359 305.195142
97.272701 304.554389
102.342889 308.805938
99.312624 309.407467
105.186003 305.591182
102.927528 312.232139
101.385932 306.548117
101.000000 308.000000
102.058143 123.949791
106.485103 124.608072
102.293670 127.847176
104.422815 130.206687
101.891798 123.316264
103.841210 129.384392
99.260654 127.741802
104.000000 129.000000
101.807836 224.892856
109.396967 235.900469
101.521358 233.290619
104.493762 231.354836
109.000092 229.141261
104.552498 229.883826
102.866747 230.834392
104.000000 231.000000
104.790711 208.123834
103.014350 203.915614
105.283896 202.867937
106.081962 206.593606
105.195671 203.021176
109.068861 206.502925
110.252719 207.604111
105.000000 203.000000
107.387237 310.343675
101.667903 306.755061
104.693569 307.986795
107.296550 307.779314
108.857898 311.445727
108.541380 307.906864
106.797527 311.119273
105.000000 308.000000
107.726579 131.820253
107.771428 125.756314
110.217918 129.078912
103.434058 120.130179
114.079078 124.502556
112.376790 123.378281
103.270996 120.378588
108.000000 126.000000
108.680676 230.115263
115.160775 231.706299
111.893599 227.031200
105.692246 226.322287
107.255057 228.443951
102.779589 225.041004
106.891393 234.488699
108.000000 230.000000
108.657150 203.933720
109.681071 200.147899
106.687382 200.823409
109.136737 202.842098
113.867930 198.384013
110.577235 206.412563
111.455516 204.176377
109.000000 203.000000
106.932097 301.438517
109.620821 303.725782
108.946811 304.605338
109.191050 308.956840
108.933708 309.175610
106.109149 307.557940
105.837960 303.715071
109.000000 308.000000
105.984943 222.839395
108.497723 230.998647
109.451442 225.314705
109.896015 231.879432
113.985372 229.730197
109.148695 226.537327
109.284586 227.707610
111.000000 226.000000
105.892709 129.736200
111.481044 122.457330
109.772582 129.504856
116.760093 120.974511
108.706658 128.502637
106.767179 130.541576
117.079898 123.754313
112.000000 126.000000
118.593163 201.761020
118.353671 205.256020
115.579654 202.169922
110.449172 207.852731
115.868250 205.016331
117.295466 204.405375
113.572989 207.624700
113.000000 204.000000
113.438114 308.050938
114.435500 307.581452
108.604076 302.089214
112.925803 308.573205
112.354907 308.418297
107.634527 306.870361
114.068636 314.801075
113.000000 308.000000
114.503161 224.070374
114.944677 225.976772
114.894760 222.443583
115.069799 226.230838
114.982858 226.031541
111.689514 228.915788
115.643562 224.902854
115.000000 226.000000
121.351496 126.285199
115.974872 125.966943
113.326523 121.084836
115.610757 126.129265
116.749710 124.172207
117.818062 130.777693
116.834310 126.543075
116.000000 126.000000
121.718145 203.624964
115.215333 207.208215
121.414697 203.375997
113.854379 205.215179
114.808066 207.533727
118.289724 210.260923
117.355333 204.786347
116.000000 208.000000
116.166496 207.180017
117.097440 213.289435
117.647636 213.177390
119.866238 215.531796
118.316993 214.714812
116.035150 205.991293
115.312322 212.605792
116.000000 212.000000
117.588031 215.732298
109.386482 215.249624
115.823345 211.953234
116.597700 211.788364
114.783250 214.311902
115.855573 216.901824
116.087531 218.371475
116.000000 216.000000
115.875753 310.756100
121.884628 311.379722
115.346837 313.871228
119.966931 301.814059
118.051574 307.196668
118.771225 305.889268
115.805158 309.072556
117.000000 308.000000
118.367944 219.317740
118.626318 219.742119
123.822947 221.324304
113.055893 216.477387
116.750528 219.443040
113.852856 220.769326
119.670271 214.008571
119.000000 220.000000
120.255113 223.669963
115.162609 225.080239
117.512278 224.352837
122.469314 229.716380
117.806830 220.562439
120.404439 225.003797
118.580714 226.005007
119.000000 224.000000
126.549350 127.969994
120.269690 130.201669
119.616489 122.418652
118.259098 122.534536
123.153693 128.554748
121.090912 129.741229
121.565005 125.476129
120.000000 126.000000
120.406076 307.058828
116.111098 305.736466
120.898622 307.489528
120.777164 309.449113
115.866405 309.965044
123.927702 308.705342
119.000429 308.267147
121.000000 308.000000
125.119787 131.365368
118.803888 121.259793
121.305468 122.671319
120.167612 126.741744
130.876759 126.801561
122.596814 122.255831
123.804125 125.925558
124.000000 126.000000
127.795737 303.218268
123.581384 304.181046
128.930833 305.709700
128.863328 311.784777
126.351274 310.083911
125.593486 307.876416
122.742635 303.585363
125.000000 308.000000
131.805479 126.394435
126.654354 129.900995
133.930497 120.854583
132.463665 123.545842
130.743085 123.796152
129.746503 127.417563
126.628293 125.879784
128.000000 125.000000
129.806095 312.831709
133.477917 311.685331
128.602286 308.140246
129.740930 307.538674
122.697799 309.750765
132.124272 310.133985
128.124251 304.144005
129.000000 308.000000
132.255311 118.503957
130.785738 121.284540
128.114846 121.192583
131.262211 119.438543
126.827404 118.686707
137.589611 120.956381
133.788494 115.473120
131.000000 121.000000
131.161276 303.454950
131.786562 308.854716
130.269492 302.265664
133.109707 308.069292
131.498883 309.786388
132.073095 313.167373
133.519489 308.195248
133.000000 308.000000
132.437665 120.601874
138.997051 126.439193
135.828314 120.702662
133.196425 120.967599
128.935784 124.073037
132.641951 121.413812
134.461599 120.989955
135.000000 121.000000
133.051117 310.616278
131.989068 308.592893
134.746656 308.366980
137.205783 306.900009
133.619447 307.039143
135.253784 306.830223
131.287454 307.752057
137.000000 308.000000
141.261329 119.820632
136.459867 120.819143
142.789965 121.313951
144.349568 119.345546
143.715725 119.318989
137.650643 124.586524
137.794692 125.597738
139.000000 121.000000
141.079642 312.033430
143.213518 305.562694
137.468160 311.323950
141.698164 311.640852
142.380393 313.803895
140.187396 305.800076
141.524885 308.022386
141.000000 308.000000
145.059454 122.481496
144.965198 117.128898
142.068498 117.901045
140.214898 127.615701
140.073908 122.407926
142.420254 120.772210
141.907297 125.600502
143.000000 121.000000
145.999206 307.409405
148.118735 305.062024
150.292599 312.406436
144.934721 309.742578
146.826940 306.831134
144.961368 307.775169
146.631574 306.981056
145.000000 308.000000
148.590396 118.210992
143.177473 116.396281
145.940988 121.947574
153.613059 119.545548
149.999241 117.904416
145.907625 127.798630
142.724223 121.845115
147.000000 121.000000
152.302880 311.093516
151.312516 305.871627
146.900301 310.236847
146.107142 310.684744
144.738215 312.068042
147.001028 302.846069
154.866358 305.173285
149.000000 308.000000
145.763320 118.198644
154.136971 119.253698
153.496452 122.135361
150.454693 121.051994
152.547168 122.216336
156.072111 123.655208
149.133993 120.157866
151.000000 121.000000
152.972594 308.003906
152.898964 307.299352
152.519323 306.933264
152.837103 310.052792
150.918639 306.438694
147.431561 308.625648
153.037492 306.038191
153.000000 308.000000
160.395214 124.810725
155.301153 120.757969
157.370894 121.667605
154.414129 127.403370
154.734240 120.596866
152.063418 121.310848
152.525279 114.920120
155.000000 121.000000
161.725585 311.870085
154.232101 306.988294
163.381931 308.846065
160.476490 307.872959
154.241110 309.238678
154.010942 306.042430
160.556762 302.398357
157.000000 308.000000
155.217519 126.238808
156.253030 122.686455
155.967605 121.095570
153.086093 121.577209
162.072668 119.170912
160.365919 120.288271
163.595318 125.832347
159.000000 121.000000
158.614531 302.083890
156.774660 302.185398
158.032897 307.269755
162.871373 298.211869
159.118811 305.139129
161.360403 300.238578
153.341568 305.622940
160.000000 304.000000
163.482229 117.855682
168.733313 118.429957
162.121608 120.965597
162.946665 119.426560
166.770987 126.524827
169.980511 119.016802
163.013585 115.710372
163.000000 121.000000
163.957427 303.067918
164.449448 302.905260
165.121695 301.336133
162.490523 299.968219
161.345775 302.823158
162.874954 304.232520
162.693480 303.540788
164.000000 303.000000
168.005095 120.122589
167.233427 119.089669
164.983386 126.689856
166.975725 117.876154
166.301739 119.971640
169.334569 119.502522
167.702515 118.890208
167.000000 120.000000
163.781947 298.588897
169.734267 299.447037
170.910978 303.754363
162.118140 300.312612
172.916398 307.749619
161.958981 299.720564
172.871894 304.657947
168.000000 303.000000
171.443025 117.618649
174.200607 115.505471
168.982849 118.306832
171.089905 114.642765
164.594571 117.268369
172.301283 113.307416
171.977006 115.901839
171.000000 116.000000
170.696124 306.214578
171.221969 303.375819
176.994369 302.648649
171.103980 308.582790
171.869211 304.597344
168.561857 303.870002
171.892345 297.973243
172.000000 303.000000
174.078487 119.888407
172.378219 111.359701
172.522035 115.373299
175.848543 119.135729
176.091322 111.460504
180.043357 114.694942
174.452075 109.227323
175.000000 116.000000
176.018417 291.934678
179.757317 298.141398
174.188931 305.507649
179.252959 295.380372
174.170352 297.664314
173.852272 295.523691
174.954220 298.971374
175.000000 299.000000
178.866226 115.902788
181.932033 117.940970
183.382392 119.954214
177.837541 116.387862
178.658074 114.849752
182.040930 116.123009
175.045973 121.306032
179.000000 116.000000
182.055410 295.189537
173.566605 302.900068
182.604566 301.427132
179.251164 297.763212
181.330885 302.011517
184.051409 298.728076
185.703169 294.766336
179.000000 298.000000
183.894910 114.817204
180.701897 115.970475
188.319344 117.075820
183.148093 114.859276
177.932583 121.300150
180.973130 120.553755
189.062250 119.049664
183.000000 116.000000
184.711156 291.239529
182.044157 294.084937
180.366093 302.932512
182.892789 299.763897
185.989945 295.860823
178.088975 292.596950
183.366857 296.247534
183.000000 298.000000
185.110622 113.365338
187.264331 112.217161
182.625061 120.494883
191.964150 114.286245
190.888155 114.999434
188.783328 119.778064
182.281090 120.750645
187.000000 116.000000
187.418066 297.034919
184.650938 297.228227
182.214069 302.870234
188.087529 297.565963
189.149387 298.106299
186.689209 297.895698
187.559686 297.736786
187.000000 298.000000
188.569474 294.716259
192.868331 287.248926
183.970614 295.779243
193.323419 290.414485
191.528728 295.017687
186.399477 298.771639
193.629894 294.762960
190.000000 294.000000
193.233080 119.678446
190.988195 120.518699
190.986630 115.990381
188.464350 111.851382
191.014359 115.086636
189.809688 115.337398
186.544851 117.060714
191.000000 116.000000
192.969110 293.820549
198.495881 296.813941
194.993028 292.633586
194.397759 292.423423
190.628112 291.086699
196.100331 292.901867
195.351800 290.585037
194.000000 293.000000
197.515638 114.611357
192.997382 112.723546
195.809321 111.809869
199.367382 113.111212
202.098104 115.605908
193.432644 120.348243
198.283694 116.781227
195.000000 116.000000
194.950805 286.926278
197.774391 290.887919
202.518238 295.469965
197.186543 293.935580
203.552260 297.394992
198.792476 290.399647
198.271437 292.334659
198.000000 293.000000
198.248624 111.392768
200.686569 117.563262
197.646918 114.402931
194.693636 117.839132
201.242583 115.890668
201.807090 112.590707
193.080365 115.484078
199.000000 116.000000
199.988764 293.141258
201.805202 293.283990
202.004468 295.610313
199.706718 293.657190
200.653682 293.359158
195.938809 294.049232
196.516591 296.644598
202.000000 293.000000
201.315785 120.544911
209.669551 117.143199
195.525367 116.542720
204.132898 112.919338
203.495078 111.000905
201.968061 113.832659
198.389567 114.481186
203.000000 116.000000
201.583887 291.496426
211.060031 295.543537
209.206059 287.947155
205.435082 286.962102
202.383481 291.004169
204.124164 292.377640
207.420843 295.140982
206.000000 293.000000
204.641011 113.225378
207.554299 120.770879
202.446915 109.154270
210.398137 115.672388
206.339049 111.248333
213.522713 115.949476
208.770501 114.708092
207.000000 115.000000
205.171003 288.365186
216.851244 293.449667
209.755302 293.362999
210.644698 293.693154
212.009954 290.131866
210.456130 292.570630
202.943962 294.766837
210.000000 293.000000
210.306192 116.583043
205.258329 114.986948
208.467853 114.287894
213.079211 114.692119
207.901113 114.952863
211.009361 111.096313
208.262474 111.230782
211.000000 111.000000
209.200585 290.090633
213.740327 292.166002
212.545138 292.842365
213.358007 293.550948
215.374721 290.313365
214.662862 294.850019
214.868428 289.381725
214.000000 293.000000
217.806914 112.949897
218.106705 106.090037
213.882604 106.269797
214.552285 106.325157
215.113356 109.937815
215.937523 108.451199
213.523482 108.023664
215.000000 111.000000
223.562051 295.657163
215.308704 293.316547
222.104099 294.966804
216.175865 293.319130
217.809746 294.209958
218.378700 292.810656
218.623395 293.495669
218.000000 293.000000
218.035486 111.707726
220.002575 106.547443
219.838184 113.072182
222.049734 109.118168
220.163073 110.235451
219.485907 107.071830
218.984241 111.793613
219.000000 111.000000
221.971509 297.376992
223.212085 287.032178
220.783779 291.719628
222.019295 293.059290
221.941767 292.900077
221.605211 289.168775
222.601843 285.916441
222.000000 293.000000
224.949034 112.269244
223.950819 109.884643
223.587674 108.900678
222.944724 110.904797
221.852167 113.733016
219.206368 108.416999
222.773703 104.274339
223.000000 111.000000
224.760066 292.616324
225.032316 292.261436
225.852657 291.042976
224.154287 291.762192
230.124064 292.664292
227.091059 292.889049
219.762901 289.131641
226.000000 293.000000
225.489571 115.808973
223.184761 115.031378
226.877734 110.865190
229.893435 114.755470
227.367903 110.855832
225.009023 108.992882
226.729040 109.172963
227.000000 111.000000
232.380921 299.471380
225.781633 288.824506
229.514764 292.659697
231.717139 287.864079
230.256514 295.051928
229.555618 290.184023
230.371886 293.045075
230.000000 293.000000
225.623940 114.547929
228.163268 113.431558
236.577345 115.127482
230.305714 115.266964
236.130065 111.004804
231.383073 109.761367
226.956635 108.554161
231.000000 111.000000
235.931585 294.269192
232.917632 292.268936
235.942460 291.214468
228.343932 293.206679
228.489977 294.661846
233.781291 289.949770
235.728547 289.350601
234.000000 293.000000
235.851254 110.815161
235.626100 112.449498
233.171022 110.807426
238.455693 116.433712
233.412281 107.791847
232.237185 112.607955
228.359052 108.891640
235.000000 111.000000
240.814963 293.386128
239.090704 288.095196
240.101201 288.367750
236.987007 297.810397
239.216714 290.816071
238.989838 294.168806
241.449872 297.028815
238.000000 293.000000
241.106384 109.790739
237.599033 106.674281
236.711822 110.569727
238.573557 109.009756
238.987048 108.664480
240.591996 108.302071
236.972625 106.566124
239.000000 109.000000
248.305845 291.166899
247.771852 289.606503
239.509895 289.701139
242.098957 294.434063
239.539435 289.911059
241.552677 298.297232
241.430326 287.089292
242.000000 293.000000
245.935660 103.991340
244.903576 106.991937
237.569598 105.095572
240.031324 100.717878
248.818130 102.963427
242.463347 104.545289
242.472303 101.632068
243.000000 106.000000
244.613675 289.374892
245.841662 296.957557
239.480692 294.291609
242.391781 299.244317
245.816093 293.140212
239.603594 294.910013
246.935490 292.783282
246.000000 293.000000
242.749745 104.562200
245.072286 107.309708
244.660331 106.845836
247.761825 106.940278
249.318430 104.732425
251.004410 106.451676
251.517286 101.266053
247.000000 106.000000
248.010490 298.415690
250.150906 291.775452
247.911991 289.973085
252.260667 294.562777
251.007669 293.051927
251.053000 292.576252
249.456069 297.121981
250.000000 293.000000
254.354457 103.475409
252.165803 103.334670
254.981333 108.568027
248.235245 105.116509
250.070598 105.810931
256.090454 104.598501
250.771584 106.286968
251.000000 106.000000
253.084927 298.444447
252.422512 290.784964
254.015963 290.142558
260.536780 291.674487
253.546398 292.864165
256.064041 293.075064
249.030507 292.353482
254.000000 293.000000
250.350680 108.647331
262.416026 109.343675
254.354344 105.044526
255.642378 111.164147
254.943331 109.059429
254.645200 104.614005
258.213033 113.061467
255.000000 109.000000
256.632833 296.454553
253.152885 293.596903
256.334397 287.674881
260.342195 295.848468
252.112709 294.845086
257.278879 293.792188
261.018189 294.154106
258.000000 294.000000
262.514308 105.922648
261.740801 105.230061
256.847937 109.226373
260.346560 106.097664
258.976372 110.955881
257.248330 106.581654
260.076368 114.575185
259.000000 111.000000
256.298048 293.000594
264.002836 292.358487
260.902691 303.383168
256.866868 299.697237
256.743224 295.251344
263.265353 298.311487
256.795645 293.449398
261.000000 298.000000
263.382565 111.078590
256.451726 113.619498
260.330739 114.879739
262.709923 111.176526
260.613317 109.781838
260.700237 110.781593
263.033659 111.575943
263.000000 111.000000
264.661761 298.184827
268.853237 301.111971
268.026469 295.194787
263.825815 292.605835
260.964490 303.836822
262.895592 302.147767
270.251339 302.892490
265.000000 298.000000
268.523185 111.140909
263.123762 109.788578
265.712265 106.864661
268.634383 111.132255
266.500585 108.698372
272.502247 110.323640
265.329455 113.954321
267.000000 110.000000
274.191491 295.326237
271.612115 300.277852
262.730895 298.879211
276.217269 299.875507
267.898112 304.278690
269.066483 295.410517
262.824078 294.974103
269.000000 299.000000
271.708626 99.572499
269.451538 93.682037
271.142885 96.204322
268.236679 99.976491
272.246159 96.569184
269.774130 98.776271
269.507363 89.277687
271.000000 96.000000
274.644755 103.971754
276.871867 108.395338
275.711129 101.062208
273.571388 108.346356
268.643546 101.918186
273.401282 105.279128
275.400895 101.396607
271.000000 106.000000
267.158007 308.535170
275.701122 305.894262
272.606750 309.745212
271.627403 298.175376
269.583481 303.660135
264.654358 305.892688
273.180961 300.246936
271.000000 303.000000
273.333684 96.821210
277.850808 93.579080
274.720354 101.391000
276.860428 104.911414
272.811786 100.614004
273.446480 106.964912
272.524616 97.223577
274.000000 100.000000
272.004505 95.390876
274.139914 92.215950
276.412131 92.748372
278.639741 93.412820
268.398129 90.539971
276.119109 95.036812
276.106169 90.784391
275.000000 92.000000
272.274397 104.400009
275.005352 103.988722
275.058428 104.008838
271.961123 103.593736
275.345756 105.571960
271.119489 102.342662
275.108384 104.947100
275.000000 104.000000
278.470572 303.157788
276.171149 302.720154
271.240030 300.508896
267.993701 302.584819
279.748314 303.219997
278.776564 300.705412
274.689496 302.911839
275.000000 303.000000
283.286868 72.678578
272.252715 71.524735
275.447618 73.151324
280.553783 65.886363
279.637374 66.315374
273.585894 74.915079
272.559814 69.541144
276.000000 71.000000
278.432031 81.695837
272.164432 73.940143
278.722190 72.423353
274.566476 72.394251
278.741964 75.919414
278.277406 73.608172
280.639904 74.964907
276.000000 75.000000
275.036139 74.956912
277.788996 80.711031
279.508262 84.616906
279.978305 81.795400
276.555067 72.299197
277.158841 79.827387
269.079820 78.038868
276.000000 79.000000
280.699421 85.295654
271.443023 80.903027
273.009049 83.698249
275.549867 83.552940
272.370976 77.830286
275.777200 87.791414
278.280982 83.862479
276.000000 83.000000
278.002023 90.874184
281.863175 91.381290
275.994065 86.321803
278.395939 87.621986
275.437111 84.526449
279.980810 88.343240
271.640779 84.154900
276.000000 87.000000
278.980907 303.955199
279.315255 303.312256
276.718364 298.800493
278.288537 299.609527
279.075825 298.130299
284.018382 300.290444
276.371524 309.932084
279.000000 303.000000
278.118278 69.176978
280.605361 68.069333
287.213941 66.417543
279.812646 67.077792
278.969749 73.328043
284.506093 68.932201
283.968044 65.054455
280.000000 67.000000
279.758360 57.678171
280.020164 63.257328
286.523323 56.114581
279.041506 63.142620
278.764657 65.965043
283.865774 67.734001
275.068108 62.406185
281.000000 61.000000
281.572530 296.996257
281.827247 304.488714
284.059915 303.858137
278.771272 304.493359
288.282973 306.228878
277.380570 302.571041
283.829276 303.417148
283.000000 303.000000
291.716851 59.383938
281.392815 52.064929
285.106859 57.887499
287.569073 56.624547
291.708006 60.260298
278.114422 56.592575
288.763456 55.513642
285.000000 57.000000
285.166780 305.728364
287.044542 306.556491
283.416934 306.201792
293.028001 307.059035
286.929997 303.008698
281.891913 301.251900
286.875358 304.478561
287.000000 303.000000
293.729872 54.762435
286.214484 47.525465
286.946965 47.732876
282.441542 56.172871
287.099672 50.965844
289.917782 57.055600
292.393301 51.813534
289.000000 54.000000
290.829438 305.519204
287.130195 297.960642
295.826232 298.717157
290.447549 301.916739
285.999995 298.913505
294.957801 301.948872
289.236370 306.422621
291.000000 303.000000
293.461429 50.430520
291.498345 49.800225
295.688190 45.881760
289.388830 48.312435
297.265199 55.031064
292.912264 50.759573
298.520159 47.271194
293.000000 51.000000
295.661176 300.119081
294.499569 303.228364
299.525719 301.787194
288.406672 301.939273
293.768456 304.936603
291.763824 298.368305
292.935963 305.051589
295.000000 303.000000
295.413383 49.101559
295.825340 45.022292
292.831806 51.031931
295.968691 55.843475
296.292625 46.969057
298.508947 45.358132
296.686770 51.055153
297.000000 51.000000
294.673147 300.506853
299.382396 304.064819
298.976556 303.021381
298.683873 303.943057
302.381343 306.751101
297.356474 303.766782
299.032235 302.886075
299.000000 303.000000
297.369945 51.782058
301.662786 53.894904
299.305898 51.334777
300.183933 49.627263
300.893580 51.140842
301.759374 51.331041
300.763539 54.286071
301.000000 51.000000
308.551541 301.725028
303.968530 309.939899
304.372583 300.018464
308.029772 304.178164
296.360729 301.575018
302.905949 304.077005
300.046327 304.521037
303.000000 303.000000
304.628350 51.151475
304.220515 51.281019
300.539449 50.425124
304.430484 50.723309
299.588028 50.463297
309.460625 51.067777
306.553724 51.814671
305.000000 51.000000
302.004298 305.663534
308.276072 302.916991
308.954655 302.636057
307.169517 307.028942
304.458597 302.751354
310.252836 304.505507
310.679705 306.586107
307.000000 303.000000
309.659146 51.175050
309.461929 50.645028
310.598424 49.937062
312.413639 55.694712
308.590915 57.838058
305.425019 45.905116
303.222793 49.051238
309.000000 51.000000
312.286986 303.977010
313.905962 306.740678
313.067175 305.558108
311.934427 301.224943
309.437469 299.868838
315.578446 302.566687
309.007362 304.939596
311.000000 303.000000
315.215106 50.778878
313.914042 49.474151
311.719353 50.521052
310.088318 53.592079
314.036531 50.354358
318.246806 52.936348
313.901576 55.051311
313.000000 51.000000
308.421919 299.895562
320.813541 304.245952
312.492271 299.215489
312.852314 306.589500
315.587060 306.340201
315.580480 299.122987
315.878754 304.590950
315.000000 303.000000
317.439823 57.780380
319.110775 55.172986
314.897272 53.016442
312.000806 48.093900
316.453283 52.987520
312.875087 46.436030
313.300937 51.015359
317.000000 51.000000
319.274298 301.280716
315.142100 298.206063
315.194071 297.495752
317.543378 300.676683
316.085187 298.407998
317.061772 302.458735
316.509397 305.580855
319.000000 303.000000
315.823061 55.448780
326.563544 49.565334
325.769138 56.448149
319.507953 50.992963
322.441796 48.970182
317.338528 56.876209
318.400901 50.371636
321.000000 51.000000
324.246824 300.345292
322.389878 296.834110
327.486239 297.675274
322.409380 302.931042
319.862171 299.748805
319.095873 304.374023
319.309210 302.210593
323.000000 303.000000
320.027687 46.325077
331.867083 49.484164
328.316549 52.042832
324.485752 51.330400
328.500972 46.972626
325.284178 48.651766
325.556031 51.029070
325.000000 51.000000
327.218929 302.811649
322.837826 306.725820
332.707313 300.549007
328.112601 303.708741
329.236187 296.040599
326.085541 305.090111
326.288053 303.222256
327.000000 303.000000
332.076703 44.345603
329.919250 47.185833
332.222963 49.976065
328.932979 50.180087
325.901690 51.458075
332.663188 53.789176
332.039301 53.851503
329.000000 51.000000
331.152370 304.088524
337.664685 300.987392
330.076618 299.824120
329.924693 301.797681
327.489623 299.647382
324.901722 306.419386
330.137070 298.127739
331.000000 303.000000
329.716361 52.142899
330.746636 46.405190
332.948345 54.749903
331.404452 52.386691
334.090488 50.267472
333.115064 51.224168
332.097585 49.346418
333.000000 51.000000
334.502861 303.357736
339.478101 302.959568
338.845894 298.309842
335.286268 298.332813
330.619953 301.439633
337.626892 304.146530
334.092627 302.807999
335.000000 303.000000
337.690696 52.461605
338.282786 48.382651
335.513218 46.989357
336.990733 50.994512
331.315526 47.832987
338.080355 49.367523
340.009751 55.338386
337.000000 51.000000
335.650650 303.865027
336.115104 302.750733
344.832106 301.219131
334.061150 301.384455
343.206654 307.627865
343.781124 308.655814
334.779761 307.333468
339.000000 303.000000
341.669007 51.256207
344.319413 50.085412
344.003258 57.402870
343.847935 49.286372
335.300823 53.164069
340.471242 47.801588
343.723744 49.200319
341.000000 51.000000
348.541161 307.891037
345.493031 305.691621
342.547530 304.212957
343.885858 302.346295
342.070607 302.510205
339.787280 299.675414
344.237066 300.217263
343.000000 303.000000
348.286305 50.347266
346.535699 53.977282
346.600054 47.680663
345.088507 50.955395
345.361074 52.106923
342.790800 52.873700
345.170224 51.017951
345.000000 51.000000
347.214204 298.432190
346.751268 302.778918
347.446346 304.106704
352.218242 300.373940
347.676282 303.174070
345.727038 305.162029
350.247033 303.807335
347.000000 303.000000
350.201980 51.867468
349.120953 51.454278
352.232016 45.412672
342.996585 54.394387
351.859598 53.697543
349.188568 49.474066
350.167201 45.773250
349.000000 51.000000
356.579854 302.281973
344.738803 300.638605
354.841330 305.307237
346.819572 308.178557
354.024969 305.256745
350.648385 301.680602
353.713146 299.323407
351.000000 303.000000
347.150499 53.289025
351.304817 45.703986
358.630397 52.355133
354.092713 48.544068
354.826897 54.070875
352.100165 49.794821
356.062844 46.058165
353.000000 51.000000
355.723714 298.715360
348.231982 301.636680
350.737457 300.590007
352.107495 302.311157
348.270333 300.085836
355.143964 300.078082
351.092051 300.256580
355.000000 303.000000
354.765668 54.426289
351.617194 46.714847
358.081700 43.783102
358.375539 53.917511
363.574263 49.406867
360.295890 44.528585
357.543075 51.794212
357.000000 51.000000
359.213868 298.597762
361.212496 302.304621
355.390766 296.835335
352.465876 297.564560
358.265557 296.412032
357.817762 294.089859
360.368972 296.896233
359.000000 300.000000
358.842709 47.473516
361.225183 46.620623
362.784218 44.564229
365.593422 52.916840
367.065124 52.386264
358.106609 57.602190
362.463783 54.297090
361.000000 51.000000
363.009437 297.000491
364.681437 298.162099
361.989989 298.175670
366.895755 303.195789
367.920307 292.623155
367.249328 295.325652
359.966998 294.408880
363.000000 297.000000
364.352746 51.674742
365.982518 49.225437
366.263053 51.481636
365.159400 48.412747
368.451531 49.209858
366.730485 45.316888
362.942056 53.681817
365.000000 51.000000
365.964586 297.392287
368.482790 297.306800
368.251852 289.751242
368.129542 293.320887
368.789169 293.957575
371.877763 294.175702
366.375302 291.515266
367.000000 293.000000
367.997741 288.085749
367.244965 289.735211
364.795481 290.669201
366.899482 290.450281
363.241970 288.334977
366.193810 285.986678
366.423896 285.110234
368.000000 288.000000
374.508904 50.760762
368.601956 51.112676
369.992700 48.940506
369.682887 51.257315
364.034451 46.527973
374.665567 50.359921
373.077365 46.331277
369.000000 51.000000
372.730428 285.939946
371.095131 284.072214
372.473924 283.825272
370.326127 278.591304
370.857070 283.452572
367.131008 279.435880
370.543955 280.274546
371.000000 284.000000
373.315428 51.081294
374.639307 55.871966
373.022549 45.800702
373.908378 52.904386
372.969098 50.978897
369.337469 48.089876
375.122504 57.953715
373.000000 51.000000
373.623059 282.841692
376.303410 288.699903
372.913417 278.637638
374.434123 286.233375
375.704769 285.185750
371.694866 285.076289
375.139760 281.115223
375.000000 283.000000
375.854943 54.413333
376.099357 51.125551
376.577225 52.136378
374.959723 57.677470
375.145570 53.760981
378.048362 57.261164
375.719805 49.222389
377.000000 51.000000
385.317734 284.798699
379.539040 282.241073
380.671559 283.230660
374.952345 280.114813
380.610503 289.618982
381.272303 283.744304
378.921888 287.801788
379.000000 283.000000
376.722120 53.885884
383.284917 47.271551
384.579933 46.689351
384.575781 46.240873
381.708313 49.360189
378.946732 52.166881
384.828684 53.899025
381.000000 51.000000
382.335927 288.168148
377.470021 283.546635
387.405983 280.369940
380.797066 288.893172
378.304597 282.489144
378.051936 284.602621
378.773129 279.641371
383.000000 283.000000
387.137217 44.014416
388.594387 50.357045
383.909642 50.977797
385.068250 48.891818
382.808449 48.007093
382.774961 45.269426
378.863272 54.553314
385.000000 51.000000
388.055933 279.980779
386.807683 284.186599
390.908747 283.396869
387.533184 276.646127
387.277711 282.750921
385.345002 275.885277
388.054527 284.308807
387.000000 283.000000
390.859765 57.798347
388.366447 46.893800
386.584094 55.983169
388.793088 52.970148
384.323702 50.530871
388.947443 49.510201
382.634471 47.440942
389.000000 51.000000
390.035727 285.849178
387.196051 286.984638
391.632683 285.121866
391.465013 285.119645
389.419063 285.601395
391.435764 279.618651
386.535215 281.761377
391.000000 283.000000
389.870156 52.346128
393.655737 49.046458
390.263895 47.913510
395.886489 46.932931
393.473841 51.757137
395.004835 51.908912
388.769605 46.270353
393.000000 51.000000
394.989160 283.367025
395.212631 283.203859
397.146243 289.001172
393.789169 282.055761
388.448704 284.045108
400.468018 280.615064
391.791530 288.144705
395.000000 283.000000
397.225856 50.600168
397.885179 48.377925
397.687705 52.366660
401.421808 54.384762
400.180156 44.300800
396.090671 51.737112
392.859668 48.486226
397.000000 51.000000
401.434096 276.139246
396.016351 288.774464
396.445882 286.157474
402.095852 277.373862
395.251197 279.828810
394.910941 283.342310
396.811681 282.573005
399.000000 283.000000
400.196345 50.308878
401.247586 50.935765
405.624230 53.250633
400.222066 55.148133
401.698760 53.184364
399.733455 51.044953
397.932261 53.205158
401.000000 51.000000
400.987360 283.178402
404.283220 285.292458
400.441169 283.055401
405.956240 286.963439
399.024798 281.461600
403.482782 282.652791
409.526796 285.906332
403.000000 283.000000
407.604280 44.518907
403.341475 55.139524
405.381550 52.386813
404.938392 50.908409
401.386332 52.139964
403.798362 51.540449
409.303194 46.824613
405.000000 51.000000
407.218872 284.218727
411.856555 280.317622
401.885584 287.821946
403.159201 279.707607
406.648031 283.871701
410.409414 286.325823
404.020002 287.123803
407.000000 283.000000
410.634244 53.843550
411.613080 56.548061
404.134325 52.309684
410.713472 54.432710
405.660283 50.123293
407.380713 57.496109
407.717492 56.862956
409.000000 51.000000
410.187796 285.211730
413.970221 278.141010
410.719939 283.035271
410.742608 279.310094
410.928653 281.767460
404.612597 281.689610
412.059835 283.439809
411.000000 283.000000
419.333973 50.455171
412.911663 51.287102
418.149014 55.169086
414.264296 58.363988
413.140438 52.929520
413.342249 51.146577
414.360559 50.647212
413.000000 51.000000
415.471234 285.396563
417.450441 288.451978
416.991457 283.022074
414.625874 285.916949
415.954114 286.148569
413.770919 283.689853
410.473349 288.316422
415.000000 283.000000
422.212585 49.173788
419.777785 53.177934
419.574551 51.693554
417.289866 55.970543
418.736135 49.279442
411.658899 49.738852
418.513839 50.132213
417.000000 51.000000
424.499260 287.615613
416.107845 277.688712
418.018394 283.945713
414.501818 284.592615
417.621325 280.887105
422.062235 288.881879
422.995614 279.445590
419.000000 283.000000
419.562657 54.491952
422.086833 54.365904
419.050602 51.124551
420.531869 50.704574
416.414834 55.038991
424.368214 56.344145
422.683167 52.403660
420.000000 55.000000
422.907523 287.271942
425.516363 284.699172
425.880202 279.627000
424.616730 285.991505
418.243298 280.440030
425.134619 280.115894
423.824994 283.535612
423.000000 284.000000
426.822842 59.183208
424.782112 55.972175
422.853745 50.174754
422.263862 61.057326
424.955624 55.931066
426.080557 59.112742
423.261778 61.176647
424.000000 56.000000
426.037240 282.354398
427.840259 284.033158
429.197632 287.869265
425.939228 284.010778
428.020069 281.974817
428.675399 277.164919
426.936611 282.377104
427.000000 283.000000
427.030348 54.400710
424.787227 59.828110
427.110232 52.478973
424.500298 54.574217
432.165446 61.451418
425.065411 55.538207
427.824045 51.163837
428.000000 56.000000
430.922492 58.765577
423.109627 62.953751
427.864549 60.623395
435.272904 60.153385
426.650060 58.033467
433.066556 61.141975
431.800016 64.250052
428.000000 60.000000
429.837768 63.100406
436.349924 63.977713
432.545679 69.641377
434.920921 63.870412
425.171698 67.048289
430.057862 64.177510
428.914915 64.154413
429.000000 64.000000
435.534870 278.881360
429.474972 283.305046
429.412563 282.081882
435.285475 288.892599
430.778959 283.146195
431.090482 282.495421
426.282484 277.471134
431.000000 283.000000
437.399023 62.424880
433.719334 64.930952
436.283251 72.352315
432.015397 65.931585
435.975403 65.175964
436.165236 67.542595
436.159458 60.896202
433.000000 66.000000
439.206392 68.928763
436.276399 74.704062
432.215842 69.948771
428.846203 69.676992
437.320413 65.858636
430.762842 73.000544
431.963470 77.309253
433.000000 70.000000
440.778987 74.598572
432.245139 76.558696
434.555479 73.846241
435.943457 80.523321
434.162585 74.404447
436.534386 67.945370
430.883566 74.727380
434.000000 74.000000
434.520300 276.232353
437.958039 272.738964
437.509338 283.129812
433.462476 272.000629
435.392864 279.005771
433.321607 279.353314
436.277903 280.275716
435.000000 279.000000
440.970808 79.132051
437.626493 77.341842
436.127510 77.216556
439.226988 69.881249
436.220291 73.206027
442.466672 72.452730
434.484026 72.339302
438.000000 76.000000
434.427730 77.650368
435.009756 76.380820
437.480430 79.458094
441.890810 78.990525
443.357978 81.630078
444.186185 79.096197
439.694773 79.917934
438.000000 80.000000
438.096659 84.664384
437.351286 81.735876
437.337901 86.399044
437.678289 84.172857
431.170432 82.802578
438.480945 87.030531
439.941996 85.178171
438.000000 84.000000
437.491441 87.098394
441.418884 91.508086
440.548999 87.821996
439.538409 87.279689
441.080547 94.756548
440.407809 81.783369
441.939727 90.486067
439.000000 88.000000
438.945398 277.622930
444.578499 277.566095
439.338234 272.271611
438.641292 275.875062
444.233663 277.741672
440.921164 277.522332
438.918783 278.200205
439.000000 278.000000
447.115772 89.633102
446.215512 93.411759
446.260876 91.581320
446.890711 87.484097
444.396025 95.481344
443.811769 84.903361
442.137949 92.061558
443.000000 91.000000
443.917581 95.654368
445.235947 97.871399
444.473178 96.422296
441.071334 95.521022
438.856618 92.532430
443.458223 93.653120
443.388657 92.619501
443.000000 95.000000
442.317537 98.657347
445.966807 99.119890
442.079247 95.235613
443.180415 97.377725
443.414544 99.203558
444.790918 97.990359
444.939316 92.912342
443.000000 99.000000
445.683149 97.130208
442.890600 108.192682
436.369343 102.745766
444.196710 96.930550
438.760744 106.999191
444.187984 102.657104
443.473882 103.636881
443.000000 103.000000
442.925412 107.073554
445.397955 105.609693
442.559161 107.904898
436.634737 105.844559
436.493834 107.375953
446.808399 112.320979
442.641793 112.096370
443.000000 107.000000
438.999628 109.996340
443.864707 112.655176
444.151121 116.558185
439.205828 115.226577
440.924219 107.018570
442.277095 114.646145
438.791041 111.399628
443.000000 111.000000
444.198757 115.333757
441.536299 117.186639
440.676386 119.223138
442.237509 116.882079
441.745266 121.106913
444.685214 116.784438
447.759122 118.438878
443.000000 115.000000
447.212956 122.833895
435.662780 117.965611
440.229521 125.214655
441.529143 121.658618
442.249755 119.133229
449.240545 122.061577
444.332608 114.653456
443.000000 119.000000
436.960605 281.781746
448.293303 275.332409
443.437452 279.022439
446.803419 282.690416
445.657378 278.433950
442.683361 274.859914
439.906936 274.820502
443.000000 278.000000
448.819982 125.183136
444.025254 123.008467
443.009032 121.509737
439.859840 119.670881
444.806309 118.498320
443.649604 123.948624
440.563197 126.147302
444.000000 123.000000
452.806689 279.083903
447.242539 285.440687
444.879274 284.613616
451.829166 280.353249
447.788993 281.338325
443.803765 276.616953
451.819819 278.216264
447.000000 278.000000
454.910772 127.673889
446.242166 124.416114
444.103413 127.614222
450.173657 125.357315
447.536831 120.799571
446.983064 123.455434
450.071779 128.709988
448.000000 126.000000
447.449752 272.838266
457.128094 273.800147
449.253673 273.370061
451.407024 277.179328
456.872211 276.343077
447.832153 279.920925
444.463051 278.400466
451.000000 278.000000
449.264734 124.701657
453.935010 123.823802
455.630784 125.565489
454.285660 131.275200
457.205732 129.953849
449.641037 120.300190
455.433903 120.138306
452.000000 126.000000
450.377321 124.811386
452.194970 130.748568
458.977394 127.543950
456.276610 126.990533
450.987472 125.269212
450.823924 127.027495
456.785717 131.625755
455.000000 130.000000
456.017515 280.550194
453.477007 279.058139
449.729619 276.331003
458.712859 280.137717
452.753925 278.989662
449.226765 281.128253
453.447614 278.671896
455.000000 280.000000
458.475664 281.205380
454.577583 284.606055
458.029878 285.386243
455.555476 282.940323
461.454590 281.441449
455.325059 281.744150
453.944270 286.224959
457.000000 284.000000
463.868894 135.699370
465.783924 134.514726
455.809008 130.787889
459.046840 132.068432
456.455543 126.438645
456.358721 134.335844
458.641516 131.559250
459.000000 132.000000
464.728041 291.721806
456.591834 288.658867
462.031471 284.236048
459.397762 286.035847
455.887630 287.192504
456.715499 285.400371
462.326175 289.072039
461.000000 287.000000
460.103592 285.976144
462.834517 290.024411
460.082965 290.816360
464.766442 289.125152
465.452638 289.116692
456.512067 294.813538
465.293546 287.497201
461.000000 291.000000
463.254052 139.921832
465.285975 139.749064
461.707189 133.642906
467.468821 134.619780
459.504717 138.298245
464.712103 141.242211
467.201892 136.126894
462.000000 136.000000
468.430464 141.173367
471.147749 139.959683
461.921083 136.024114
464.489080 140.012117
464.434202 139.755244
463.428717 142.716435
460.693690 139.479652
465.000000 140.000000
463.072758 288.236855
463.161951 292.032230
465.661243 298.369410
464.453689 293.320703
463.412887 295.779767
462.591823 295.558279
467.543924 291.849154
465.000000 293.000000
468.106625 139.248475
467.882094 141.484371
468.966040 142.170336
469.127601 143.279987
473.359450 138.605691
475.961414 138.314074
462.400344 141.002617
469.000000 141.000000
473.331142 294.241204
476.069563 294.451865
463.110227 289.570533
467.825969 292.752379
469.060043 294.049691
470.035736 294.383650
467.716912 300.205373
469.000000 294.000000
471.474492 300.594752
478.341944 296.529011
464.693150 298.689325
469.921445 298.816161
469.439470 297.957826
471.092665 298.075424
468.892785 300.041087
471.000000 298.000000
473.947843 137.806000
473.223016 146.536122
470.903577 147.110290
477.678644 139.927182
477.081700 140.965328
474.109329 140.825393
473.419945 139.926473
473.000000 141.000000
481.230596 143.214490
474.590995 145.961893
481.704869 142.192104
475.166643 145.146830
473.786928 146.568728
478.526140 143.922682
478.298845 142.096435
475.000000 145.000000
468.090124 298.720143
474.620827 293.743531
473.941437 299.263213
473.134318 305.044123
474.177603 298.972959
475.535801 297.596822
470.330959 298.721405
475.000000 298.000000
474.942967 146.950116
483.497923 151.739669
473.603245 149.066743
477.268311 147.842962
483.703805 146.526115
481.073240 150.967070
477.818478 143.044677
478.000000 149.000000
481.864137 150.506690
475.316707 154.810643
482.325803 148.896923
475.439806 153.399611
476.523234 149.811676
478.481279 153.133667
475.867854 156.896876
478.000000 153.000000
477.061415 157.440185
476.209997 154.510926
477.423348 158.474679
483.818251 156.370882
477.308475 149.654707
473.523999 162.979435
475.008856 161.555892
478.000000 157.000000
479.796887 299.372816
482.545857 297.194926
479.587721 302.221425
481.492496 295.021248
479.523196 297.924369
476.622848 299.471068
478.874291 299.087232
479.000000 299.000000
482.496102 163.817922
479.628819 157.350734
481.940150 163.789387
480.825882 158.094415
483.471650 155.816976
481.703389 162.649073
476.748624 161.083267
482.000000 160.000000
482.907741 158.156678
480.100523 162.622074
482.565161 169.068441
480.952564 163.136675
486.788108 163.990797
481.343902 162.833191
484.554302 158.165214
483.000000 164.000000
485.914639 168.375098
486.741430 167.521040
481.264138 171.490524
478.728199 172.203653
480.066900 168.142419
485.063895 167.085703
482.601246 170.436798
483.000000 168.000000
484.649677 171.335801
478.188644 171.654646
482.331733 171.501286
487.850982 172.276783
478.091981 175.617001
482.281928 177.668603
486.268589 174.436226
483.000000 172.000000
486.011776 175.120473
485.787249 174.468451
480.950397 176.198102
488.916318 177.070149
478.319099 173.904598
483.909593 177.636034
480.595081 174.794546
483.000000 176.000000
483.498091 179.730198
485.936395 183.935235
483.770141 181.730520
479.892229 183.279305
485.822132 184.652460
485.352751 182.651628
482.353956 183.334594
483.000000 180.000000
482.984462 184.015892
486.523769 185.918658
475.809906 185.914088
481.693330 182.706410
479.136349 178.701146
480.978556 181.035366
481.197195 181.748362
483.000000 184.000000
486.549739 187.996958
484.300759 192.737938
482.598872 189.807492
484.111536 188.290510
483.620815 182.197956
482.779086 181.421765
485.635661 190.571192
483.000000 188.000000
478.581115 191.732879
486.941364 190.765234
478.878648 185.994982
483.513445 195.029818
486.139604 198.147274
485.559659 189.034637
478.715151 197.223000
483.000000 192.000000
483.468943 197.224085
489.564990 193.799804
480.088872 193.202022
483.756280 194.756899
484.591053 199.931871
484.906791 191.794506
483.661555 199.343995
483.000000 196.000000
484.633392 293.056771
485.178969 303.821825
485.582582 303.971739
484.312367 300.418650
484.181846 297.839273
484.201797 298.793267
483.452499 297.328727
483.000000 298.000000
485.022607 193.326313
486.478280 196.378363
482.694285 199.526212
482.346219 198.585362
485.060191 199.005778
484.934289 196.490586
484.418724 194.706393
485.000000 200.000000
491.919491 302.814358
485.980839 296.507413
485.737455 297.885375
489.214634 302.305001
486.190814 293.259191
487.598979 295.705843
488.996915 299.962564
487.000000 298.000000
489.766306 197.493732
485.185380 203.037499
485.809697 203.637724
486.948548 207.425362
488.925072 200.458632
489.165184 201.330967
488.524993 206.320518
489.000000 201.000000
490.512696 303.678565
494.481840 302.368989
492.132279 297.463998
488.285927 303.527567
492.525675 298.179077
492.518480 298.695488
498.111422 295.880833
491.000000 298.000000
487.295444 197.362076
492.736909 200.042305
493.124446 199.330376
498.226706 198.259208
494.008878 198.912099
489.275902 203.175579
493.043369 201.062340
493.000000 201.000000
497.333522 298.950928
497.587801 298.898728
500.895102 302.491759
490.880719 299.481770
491.223099 294.971116
497.123379 301.348554
494.260906 297.399031
495.000000 299.000000
497.996548 204.412180
497.779776 197.987574
493.269211 195.923550
493.685261 203.521138
496.695751 201.031918
492.503736 195.415725
490.285458 201.384785
497.000000 201.000000
498.998530 295.304981
494.070247 294.083175
495.991504 295.172028
503.508798 296.761767
497.838857 301.733668
502.759096 301.966738
494.052032 293.009508
499.000000 298.000000
499.025984 193.939973
501.105397 200.673567
500.374593 204.126935
503.882366 203.066562
505.135312 201.443913
504.147525 201.707619
502.336587 201.842958
501.000000 201.000000
504.665449 300.525652
506.239234 291.978210
498.261538 292.407269
504.653505 297.233341
502.151964 304.142432
503.915265 295.780736
499.258613 301.965350
503.000000 298.000000
497.913112 205.857297
509.967036 208.815033
510.887009 200.089219
508.999319 202.099556
504.979953 200.749439
502.733864 209.971662
499.133628 206.924162
505.000000 204.000000
504.559230 304.355769
502.115343 298.164806
507.965548 304.292333
506.056231 299.780700
505.295638 295.645709
508.664515 297.064049
508.869133 296.408948
507.000000 298.000000
508.850902 204.793432
508.152768 207.910143
509.957243 199.776202
503.747776 202.083910
509.419070 206.063493
515.244307 205.014497
507.679767 206.393033
509.000000 206.000000
508.858372 299.114155
507.493932 296.137824
513.143973 303.951060
509.434324 300.249237
505.500912 304.187603
508.743680 294.662653
503.823489 299.086139
510.000000 302.000000
512.965057 204.845423
514.977193 203.737586
507.264811 208.325688
514.169061 210.839194
513.014064 206.177410
514.081800 204.652100
513.702394 201.891890
513.000000 206.000000
517.014829 304.131433
515.207353 306.605431
513.497668 300.282701
514.999283 306.435998
514.696564 294.738510
515.477161 297.733032
512.252621 300.070268
514.000000 300.000000
521.750375 200.567335
515.692871 201.338522
515.159176 201.682217
520.789472 208.194432
518.620007 205.232171
518.822222 211.756266
515.881833 206.158913
517.000000 206.000000
514.220559 295.436945
519.525297 299.214880
518.390059 299.234684
518.545165 304.790931
519.674641 298.830085
516.664402 297.018503
517.539576 296.952590
518.000000 298.000000
518.339485 206.348331
527.996020 206.608284
514.541823 205.382790
524.926630 202.907471
521.592666 207.772849
521.234505 206.698860
522.286234 201.243540
521.000000 206.000000
520.186454 298.635038
525.650258 299.912761
517.522679 299.835520
522.192933 298.272608
523.132753 297.710064
527.947930 299.139709
519.291949 299.764272
522.000000 298.000000
523.397703 252.502874
522.817407 252.703256
521.441760 251.679873
525.361201 256.559195
520.109300 249.063026
526.118773 257.148035
523.023330 252.143580
523.000000 252.000000
521.483443 261.825383
522.576811 253.424768
522.707035 256.032243
525.681705 253.827705
523.756582 251.713946
518.731088 255.879871
525.983827 259.017671
523.000000 256.000000
523.227154 294.809022
521.433210 292.421581
529.698394 293.486003
523.073171 294.160512
524.296883 292.722266
523.906254 291.769003
521.935665 293.546350
523.000000 292.000000
526.354053 202.987543
521.038486 206.728174
522.639211 209.863707
525.422593 207.001946
528.303236 203.285630
523.166120 206.145022
528.014398 207.553820
525.000000 206.000000
525.042826 259.212006
528.975779 260.005002
525.133226 260.581325
529.739095 258.525077
527.216194 262.199052
521.067570 254.179492
526.642935 260.863343
525.000000 260.000000
523.018556 247.445339
521.666170 243.982954
527.390338 249.446356
526.287663 249.596009
521.170469 248.849552
524.203947 254.393582
521.256796 249.837593
527.000000 249.000000
528.775254 287.487013
527.994035 291.917160
527.969246 289.244905
522.692535 282.357660
527.104773 281.276976
525.643376 288.284846
530.255053 283.245689
527.000000 288.000000
533.905799 263.042415
524.950426 264.437446
526.457946 264.143541
527.413092 261.613327
528.516032 262.665809
529.299971 263.723124
527.415332 268.272350
528.000000 264.000000
527.869042 270.501599
530.328701 274.932815
532.419383 270.660235
530.988219 269.335018
522.042552 266.407585
523.534387 265.276968
527.525125 268.695209
528.000000 268.000000
524.658915 268.890841
529.639967 270.877699
525.214002 271.642857
524.716638 267.190846
526.648245 272.290387
527.612751 279.065074
528.974316 274.585132
528.000000 272.000000
526.309009 273.249746
527.303371 276.997911
531.194985 277.435228
527.350389 281.083615
526.745662 275.541895
529.048337 274.604341
525.641155 273.937802
528.000000 276.000000
526.885113 279.974899
527.173088 279.817103
522.901230 274.896850
527.356125 285.357504
528.214088 282.351824
528.681871 278.283435
522.762644 284.554908
528.000000 280.000000
529.339469 205.455415
529.337812 211.306932
532.534023 200.775104
527.609903 200.291291
527.636096 204.135255
527.243046 208.854876
529.699659 203.083370
529.000000 207.000000
532.463910 247.631715
536.644226 246.743081
526.914772 243.589987
527.660724 247.482189
532.177048 253.744057
531.178237 241.614320
529.343881 244.827392
531.000000 248.000000
530.559791 206.245821
532.883501 214.400063
533.499500 210.715170
529.545046 208.979801
532.220408 213.369173
534.320517 210.716473
532.007727 211.227967
532.000000 211.000000
534.737325 241.789823
530.045259 240.890506
535.884979 238.777319
535.350690 245.800423
541.382928 243.298203
541.454885 242.695322
537.099700 248.388083
535.000000 244.000000
536.381819 208.599050
533.065138 214.730917
539.807219 210.643267
532.693320 216.757830
542.036575 213.832353
533.226166 217.087942
536.909322 211.303526
536.000000 211.000000
541.183991 236.898216
540.690634 238.235573
539.267564 238.745050
536.834470 247.673540
541.981699 236.720499
544.890172 246.282136
539.954000 239.660260
539.000000 243.000000
536.065994 213.495073
532.730202 211.767729
542.594111 205.165464
540.067227 210.998893
540.369553 211.121906
543.293538 207.101860
539.964294 216.170680
540.000000 211.000000
540.833631 242.004145
541.737522 239.639978
548.484059 239.662742
536.768115 243.850575
542.463984 239.836962
542.957682 241.855752
540.776787 238.886670
543.000000 242.000000
545.773178 218.354961
542.546151 207.687920
544.315759 211.370102
541.427851 217.425964
543.434630 211.949327
541.770842 208.266754
544.181414 210.930234
544.000000 212.000000
542.214538 218.392574
544.168501 212.181718
551.471739 218.774232
548.549692 215.465414
547.376934 214.871084
550.009087 215.394667
545.343102 215.155524
547.000000 216.000000
547.654294 242.292147
547.204631 239.589453
545.800145 239.362128
546.880230 239.733834
549.454372 236.973336
544.093576 243.830880
541.668553 237.312245
547.000000 239.000000
554.504299 224.707735
551.931766 228.998158
550.650807 223.902875
548.371638 228.125013
547.806315 226.890048
551.531701 225.041277
549.598048 226.210481
548.000000 227.000000
548.051841 238.439096
549.443664 230.772192
543.562915 235.714809
553.052618 234.276777
542.226897 229.993984
545.275198 231.201749
541.794515 231.977655
548.000000 231.000000
550.196417 219.910849
545.017193 220.958325
549.062268 221.417925
547.418571 218.795196
550.136300 224.075798
548.139355 221.014197
551.892209 221.018809
550.000000 220.000000
550.256554 221.150319
554.162584 221.490915
553.369506 224.089283
552.445496 226.682221
558.811741 223.667329
545.165153 223.874331
552.138869 224.035125
552.000000 224.000000
