30.349787 34.107517
39.828161 33.393979
36.443259 16.569809
33.925884 93.343416
35.654560 89.441087
31.189167 104.117001
39.029164 103.250751
42.773343 106.118983
40.752302 105.558750
40.963667 114.817835
41.600444 113.511580
37.445307 126.357672
33.515746 33.136469
36.564698 25.327234
37.727603 82.850379
30.958500 126.606265
45.373543 34.163081
41.036603 80.225380
34.769712 120.733354
43.109568 127.964947
39.465707 136.565093
41.501575 137.255529
37.620076 143.016020
45.628994 144.440123
48.682695 157.465039
38.571718 156.008101
45.746080 23.210302
52.512953 47.148458
50.167374 79.958908
47.717384 150.091955
37.632686 31.209332
42.176566 53.109678
50.594015 54.249500
38.448710 52.782552
58.848878 55.123894
39.782035 58.435604
49.706639 63.013117
42.637064 70.500088
28.862169 70.108530
50.806194 161.932097
51.849712 25.944076
53.005614 169.759960
53.721813 34.813760
48.261767 172.282063
75.425223 24.368307
53.224550 172.408257
67.453160 23.483247
65.251102 177.797080
60.466523 39.093795
67.092056 169.970652
70.679098 41.464438
78.603891 172.254752
70.699102 39.363597
71.055960 34.083074
77.595242 180.045829
73.999096 48.386431
69.302881 167.720552
84.185324 39.440223
76.300891 177.811072
90.991825 36.759075
83.194051 172.189855
82.053206 45.872174
92.319076 161.185077
95.654773 52.509248
88.373324 176.704264
100.360514 38.678838
97.659414 168.573409
104.501303 42.611724
109.185604 166.479841
99.171637 45.930453
108.823747 181.495505
110.556791 178.304968
114.354634 187.053232
106.218264 188.495775
111.005120 31.763169
118.676357 188.383087
115.004444 31.691338
107.207357 190.053729
105.585105 201.668144
119.831925 204.240611
122.046606 34.102237
124.818824 30.839249
125.633992 209.363484
125.529773 201.373145
121.265136 39.978708
132.292207 211.940306
118.531136 219.636289
115.515973 218.458200
126.296351 229.876424
124.294666 228.724239
120.352260 234.380154
138.312425 239.799290
127.695689 237.722331
131.844513 238.922661
118.371705 38.936180
128.241270 36.734849
120.055721 247.982051
130.817514 255.875862
129.029127 42.831144
126.987026 256.307970
139.088482 56.430507
138.688682 256.440094
138.983989 46.897677
140.907065 260.802986
137.023561 56.783795
145.104962 268.121441
142.865804 63.577491
144.994302 273.599337
158.865675 64.744374
152.972751 269.804386
155.077639 64.980858
144.282640 70.761660
153.148615 274.603487
155.587671 274.618829
159.732354 71.589062
166.569234 79.914432
174.225605 286.121578
153.000442 281.224421
160.141256 289.796377
153.081176 298.416699
166.773051 74.591488
163.572545 291.010775
164.578410 80.076600
170.472821 89.778464
178.207765 86.185704
175.824840 293.792266
168.184716 307.040089
175.175001 94.096843
170.687888 96.412480
171.576089 99.493237
179.782004 311.107181
184.966964 110.157936
170.515078 99.530378
186.771850 307.645834
176.054758 114.891186
191.106359 316.466945
187.212650 305.162030
186.535296 477.232601
198.044812 108.009929
196.550360 477.880073
191.176476 306.421686
188.018273 477.940275
194.443793 111.659019
200.485175 316.808373
180.324490 486.065056
200.604076 470.152521
184.243001 105.453856
187.810830 322.348966
193.914791 320.817165
192.735605 333.309988
188.149765 491.143568
213.492406 331.910421
196.344921 469.778896
197.714106 102.023221
204.783226 484.450400
201.954904 327.536742
203.225396 342.007194
194.807594 344.457774
207.594856 467.557434
212.363616 345.578925
200.613985 107.775145
194.935083 483.135448
198.729858 469.019113
206.668529 352.860798
204.903154 348.237754
195.130548 358.880402
209.942100 426.748531
202.289152 425.499164
203.023632 451.133500
206.572125 364.725132
204.987408 433.738108
211.878019 114.952290
208.026550 493.046306
193.608220 114.568704
208.530394 419.218689
212.005234 439.563338
198.576299 368.372966
219.754167 372.405052
218.986541 372.235469
209.485739 385.415049
205.759625 379.160311
211.784046 380.068461
211.638355 391.283415
220.984803 393.063593
200.263497 394.244452
213.315199 406.990376
217.027284 417.585932
206.673921 415.651090
205.712005 439.381327
204.756447 438.850892
219.147120 443.476159
205.665672 450.372971
216.288263 492.470359
211.144790 105.409245
206.681284 485.726672
215.968393 111.382225
229.806303 106.514334
222.727981 492.276812
214.483117 118.070273
221.129994 489.049372
220.021955 114.924583
230.279652 484.841832
225.074211 115.086199
245.255531 483.994938
230.727319 125.547950
237.210242 481.920105
239.816929 126.744126
240.080188 472.827102
246.369070 126.865487
249.278912 469.685355
255.666989 471.762451
250.870682 120.872148
248.473808 470.511264
252.992397 122.131625
251.427843 390.468086
251.406013 398.113401
253.406277 394.873132
239.056291 399.463047
258.592117 409.005293
250.012241 448.986297
252.961858 451.060426
266.614737 468.599526
256.531590 125.049488
248.852063 417.237843
252.344814 387.143745
252.162588 452.328288
262.821946 118.311924
249.027286 370.565142
256.111445 378.990086
259.272888 382.416353
257.488493 419.948786
254.164466 413.014962
261.085869 417.433907
269.552445 429.742538
256.359431 432.066947
250.884492 433.690013
258.191578 442.088483
269.039520 116.383037
269.937290 373.049352
257.616479 350.661193
263.502541 350.435226
255.521792 359.471465
267.399415 119.015037
273.940442 344.309064
279.620330 315.112499
269.878693 321.873906
272.431631 317.747914
275.533679 328.598302
264.772896 341.302863
268.575135 337.947297
283.967175 342.330648
278.614819 133.483116
274.443314 310.165890
272.766479 116.584070
280.885798 301.176017
286.840100 123.738068
277.292978 302.335087
291.150250 125.180166
275.233189 306.387569
284.667121 125.235585
276.024685 303.285395
287.055714 122.404811
289.567781 303.110297
308.176871 116.382673
289.156823 304.975868
305.860058 118.195869
303.461823 301.727929
301.504802 120.216860
308.215938 307.151424
307.502651 126.247928
320.911835 308.625928
317.932590 124.085986
305.079250 305.923879
308.604710 128.524293
309.120740 300.511644
314.558126 122.987945
317.164510 304.566956
322.179673 127.886394
324.739541 297.722568
319.620919 115.051829
320.580978 301.414659
329.319996 120.625986
337.061315 295.608160
322.376003 108.150210
338.012705 304.895963
331.136828 104.805477
345.077118 292.462304
354.413633 110.015157
347.683602 304.619469
345.483467 110.996129
350.099645 305.185695
358.778907 116.200938
343.566545 305.702086
341.521238 122.937708
360.635931 298.994590
367.931343 109.902392
362.884073 294.764323
375.254680 114.554576
368.673274 298.789320
375.995656 112.389556
374.436976 302.862943
366.636438 117.998773
371.810075 300.611581
357.797183 417.550912
366.272928 432.403603
379.202736 426.617616
370.705678 120.830850
372.781165 307.437147
380.192352 415.395267
381.181644 429.183458
374.297011 111.867363
372.461848 299.993120
383.075937 418.060560
377.315584 431.658182
379.798064 316.126462
386.974080 114.843633
389.912720 424.250336
377.472169 433.754575
390.395144 300.241936
385.193432 117.889041
385.250574 410.186657
390.821523 312.087474
395.795105 426.760374
385.986496 115.093211
382.203126 415.138836
393.064503 318.920050
382.040225 314.198361
389.603139 436.207157
389.130271 118.336443
402.301052 326.939983
400.971968 409.994829
391.707602 326.902800
396.850780 333.851048
391.530001 431.455521
391.474726 116.468129
396.303043 409.783204
393.251544 336.082741
409.181616 439.181728
397.025415 331.803931
388.502552 339.540790
411.583090 113.297310
397.404253 420.345770
409.482615 434.731678
412.323103 345.469124
402.136013 114.529398
399.785427 408.184698
397.647435 410.499155
412.446890 352.156802
414.722080 429.227037
403.459299 116.449986
412.860636 398.086931
409.041992 358.424291
403.682747 389.059070
416.540016 436.473243
413.080915 127.135979
408.857233 352.884855
407.593798 386.489506
410.650677 383.346907
415.424814 429.740668
425.146327 360.978120
411.051735 118.133890
421.559043 381.431666
416.837077 430.705900
415.177194 362.855169
418.969650 356.616118
423.278023 375.927137
428.460336 122.315557
425.363695 434.735053
416.230365 117.974110
426.752956 420.063294
427.300692 406.731029
429.402829 417.451793
433.555869 110.282162
438.777196 420.664817
431.977747 396.598404
423.185065 111.535633
449.362569 401.587023
443.897226 119.866642
435.177958 391.292488
433.299578 386.106310
442.576592 117.281390
446.982737 387.137549
451.416676 119.913886
450.607688 375.354875
447.937984 343.728594
453.096268 334.222611
447.435626 379.999374
443.576206 122.611929
439.743881 333.484266
448.993204 344.452893
456.970728 368.180825
454.096445 121.514839
449.009045 343.807843
461.794048 344.140437
450.472002 351.090208
462.862769 348.825661
452.334460 362.844248
460.252401 321.871286
461.708100 123.938306
458.537868 330.410270
454.522638 117.833385
471.268757 338.403347
465.657274 126.209974
471.374909 332.139575
455.029269 335.690329
454.363008 348.193674
475.975137 129.807725
465.810527 350.859952
470.687870 352.291368
469.376185 355.514443
475.766589 115.653361
475.338257 129.889716
484.147870 365.147431
465.998341 356.612546
479.851343 121.365873
491.046535 357.004765
473.253429 135.827195
483.788131 138.131804
489.726326 366.109953
490.083762 452.773898
492.756543 455.890463
507.081791 369.862712
489.308749 460.835955
494.264991 131.250893
482.938326 439.771808
481.034495 379.699562
476.976315 461.190357
479.619503 130.098854
488.522107 444.482530
495.555412 141.986725
509.631322 377.797811
498.989008 463.158919
497.151737 379.281164
497.061651 442.055804
504.815115 143.206831
494.869285 459.015736
500.017308 379.859691
493.242664 393.455722
497.046358 394.129041
502.710770 404.981569
507.422424 403.231976
510.268198 406.892153
500.187876 429.401733
488.041167 432.688708
498.952896 432.617840
496.834245 140.372373
511.673372 462.558396
506.248969 133.891334
505.533168 384.402315
501.875509 390.435338
515.399762 416.373789
509.336551 426.436456
508.916799 458.800136
505.913965 149.656786
509.453515 474.501775
501.515480 147.941299
530.600435 152.091546
518.194475 459.620450
522.905467 275.380116
514.060860 279.826089
522.007532 283.813988
523.869557 278.514973
525.661430 295.686730
509.207198 304.244329
521.408612 316.309432
516.537106 156.198188
531.421194 311.151502
528.083025 459.299697
517.752550 151.754371
532.837972 271.695934
516.375815 312.197216
539.731185 312.078100
534.377647 321.568538
523.884409 320.958917
532.931592 323.005796
524.572638 330.618021
536.592805 341.755303
524.423014 341.772721
523.646579 456.245731
518.614192 466.954195
522.889721 346.999965
533.980783 155.252054
515.206097 270.934615
529.712418 465.332207
536.892521 166.488672
533.619904 344.792659
516.336496 347.745346
527.835612 358.309086
527.777918 161.777138
534.701596 270.430758
525.869957 341.592764
534.770944 439.730019
527.666231 439.568151
526.398967 173.627416
532.674651 178.200857
523.592412 177.625673
530.682579 267.438877
528.154201 355.574702
532.235774 369.021141
543.373317 412.633696
533.707582 427.595655
543.450591 429.984488
527.104983 424.234751
525.148850 430.294287
541.850742 433.266329
531.937453 442.544090
537.555976 190.327786
528.450407 365.291364
528.916510 272.501017
542.648963 277.241853
534.562702 288.978528
546.841921 277.819636
534.714651 292.300285
527.251031 411.375876
534.864201 189.581023
537.382675 194.318507
526.863806 378.077420
529.952538 373.040807
533.513364 371.917048
539.817806 378.059001
541.846075 388.738247
541.286092 393.082330
539.442058 399.248168
527.174752 402.425218
534.185440 406.845710
546.889705 409.829953
538.973249 198.826416
534.603556 292.347816
545.704966 293.725729
538.833599 298.832702
539.009008 303.419557
546.998976 197.620553
545.490467 204.124491
551.383385 208.712840
542.803858 310.560104
551.551760 314.914684
546.659047 316.189921
552.071250 316.995389
537.247561 320.143978
546.962643 205.688422
553.727160 216.579788
540.406744 210.055052
542.653220 219.934213
554.608479 220.704176
543.145761 324.135981
558.847901 321.627280
542.134279 324.867863
567.809802 224.948746
559.226574 229.560032
554.395707 237.439608
560.967434 237.703016
546.957904 239.688941
559.636983 253.002227
547.344194 250.031150
556.160393 328.905193
566.342291 335.657626
556.313585 354.089872
560.186029 251.370223
554.969582 257.799356
559.647115 256.510578
554.321708 257.809867
553.589960 271.317192
564.939590 342.927624
560.508094 351.696291
557.932681 353.098490
563.707700 270.245196
561.860129 279.827904
561.512906 275.161138
572.175544 281.274662
559.718440 285.219653
573.330995 294.692192
559.655270 362.335191
573.409322 357.201696
564.156005 285.399532
566.493105 296.625037
568.843420 304.361900
580.354724 364.405033
562.779449 303.059906
578.478438 317.079931
572.416424 314.762731
579.743115 312.772319
577.121854 364.816308
579.422331 371.508023
574.773904 374.205470
570.190886 328.097257
572.313824 320.056228
580.104849 331.987265
578.104706 325.574582
583.712963 370.964438
580.645612 372.435403
591.651734 343.793087
583.945549 336.810891
590.143685 351.516110
585.099088 383.619964
593.769351 352.697057
581.792843 348.705684
588.949181 380.843423
590.529232 383.646452
585.867840 355.532192
597.963800 360.390783
602.567599 397.473853
587.489999 361.346755
599.300688 358.413002
606.331677 395.801988
606.446083 375.696288
608.353164 399.259192
613.787569 407.306351
601.327798 373.010909
608.223992 367.634921
609.207166 404.794966
606.893599 375.717449
615.953467 402.709715
612.743024 404.748967
611.857824 389.877182
632.884184 403.173819
619.340651 382.198395
632.884323 396.707492
620.213500 387.344566
622.161308 393.260149
635.043364 383.132473
640.900700 400.575628
647.114026 380.342438
628.655648 395.845436
634.912476 400.731192
640.040829 387.276530
639.058714 393.460558
641.299338 393.959223
649.984899 402.949685
649.463425 392.506570
650.048403 392.891641
654.574332 396.567414
647.533369 395.474236
