46.593763 155.590590
59.047143 151.502102
44.235154 157.892685
50.491301 168.417059
36.278545 171.002371
48.425817 173.693103
52.895607 183.451524
52.839123 148.149162
47.049654 189.071223
47.169791 148.016050
61.565398 193.500128
60.276459 194.854920
57.264533 199.173159
76.497414 202.929786
53.991811 185.740831
63.667562 211.695733
51.872989 218.212569
50.570096 149.261659
66.343115 207.451773
77.703086 151.555897
73.852521 214.884268
73.046090 139.296191
60.341008 223.911068
86.123938 146.147995
64.503097 220.107824
69.064153 134.378540
80.846623 217.789145
69.527252 137.890569
89.226625 222.002126
94.136088 129.685187
78.356096 217.088813
86.864861 120.121920
91.517085 210.346081
100.869022 118.367935
90.697742 205.484675
99.793253 121.993373
92.080936 211.090233
107.374297 106.293363
93.993638 117.416997
108.543618 210.463446
97.028717 114.443977
97.338241 211.628063
99.018419 105.770264
93.782085 197.182815
105.797162 99.367967
102.325877 218.611994
113.511223 110.153145
114.198952 215.471171
115.455802 106.951081
113.346172 218.170934
114.779516 100.598014
118.315759 221.766054
119.892153 103.554581
133.960602 224.020352
131.334180 96.964678
137.670665 212.853936
110.316468 427.576665
127.411985 434.183619
124.015681 443.495359
124.181445 448.661146
135.403703 446.812177
124.855187 450.766673
123.009616 450.095965
115.964169 456.691052
135.547197 99.367640
137.721323 221.781602
135.440675 426.944240
121.857539 425.823633
131.199365 461.860898
132.452657 98.418660
122.526137 220.219824
155.208588 412.120966
119.538713 470.611092
146.871516 217.303802
140.276691 406.766383
128.404146 84.884778
154.194970 469.422892
129.518690 217.232460
135.374619 423.089217
140.600935 97.306730
140.357462 470.469809
138.739778 222.899915
129.750324 412.343062
154.144304 95.431019
164.153676 227.166736
138.446889 243.236993
160.057913 404.610007
143.401575 464.964540
150.953305 452.066651
159.003036 458.655989
149.149730 461.400228
151.306806 103.813764
149.132823 231.903110
160.450564 410.066818
154.508135 242.876760
148.927174 445.364666
146.602636 93.750069
156.315164 406.729962
172.821241 243.819862
170.628138 449.190568
153.825841 96.612981
158.136680 404.424402
165.063397 231.723988
157.803725 451.312794
156.148924 255.687831
159.738039 261.598876
159.382083 103.304906
170.315547 396.621815
173.606506 453.553214
155.461338 110.195673
159.435535 250.556461
149.828479 246.310552
173.924562 255.551215
180.742371 270.415644
177.919425 379.039429
180.649348 458.945707
168.307735 108.297933
177.174883 277.731626
174.420631 388.926317
157.846353 455.189563
168.448181 270.554470
168.759235 277.371907
167.504869 297.323856
159.823390 282.756477
167.498332 293.202470
169.089738 288.505716
172.717406 105.355793
168.089602 385.385887
175.102699 457.841889
187.762155 296.900175
154.391270 300.036919
180.910458 307.809851
178.515249 305.915177
169.982048 312.676467
172.064328 311.668614
183.713231 333.086554
165.458078 105.606553
170.861607 368.454037
184.336680 463.829312
167.303692 320.451912
191.675145 111.038054
190.856318 336.805394
181.274316 330.871978
185.650980 343.904031
182.181902 335.314755
191.015316 369.750562
176.332465 459.525496
183.968113 430.342502
186.094698 430.024851
180.868868 433.895012
183.043254 427.972084
191.264578 438.551779
191.631800 436.796886
182.096233 107.968483
179.481227 347.100321
178.925857 438.525270
159.273303 363.697350
186.141387 347.770154
177.434366 353.793617
176.871127 357.716470
194.802649 366.880882
189.258400 358.695505
189.632952 112.330376
190.494864 419.637885
184.467050 127.447526
207.859968 414.213320
190.790763 116.758642
185.666129 415.245330
207.569182 124.818911
190.392609 418.399012
205.793439 126.602395
206.218958 423.512703
206.425010 129.025223
203.251110 141.500363
202.004219 423.443942
221.879723 142.213877
223.776250 148.242289
219.887586 411.598901
217.947754 140.502138
206.524163 157.562687
218.272074 159.123286
207.626425 406.427047
222.664141 153.085008
222.046285 150.229801
211.888050 169.088991
219.343198 164.094022
205.268806 164.850330
219.554704 182.590026
209.306707 415.155846
214.085160 178.591813
236.637294 406.218018
222.613733 574.563773
225.352360 591.470084
240.879394 580.089312
214.190050 588.652050
235.136007 595.537675
211.207093 178.924906
225.916770 182.421988
215.115542 188.080145
228.192698 197.254752
222.808102 197.870507
219.484304 205.754236
220.261279 399.288063
224.514764 566.362038
226.221256 601.652340
218.106409 202.791993
226.536401 207.045999
228.462035 399.566793
233.312536 205.974709
221.592012 585.799076
221.081274 599.426432
232.653596 541.986645
234.834744 547.422380
231.447105 556.326038
250.937946 556.332157
223.192512 391.767427
226.034701 203.659418
227.417758 222.071058
241.434268 576.140224
228.166866 598.196466
235.171882 227.425827
242.569112 405.130750
241.120696 542.305822
236.259381 559.901288
243.206911 596.699946
237.197586 568.593849
242.401905 582.537694
258.143083 223.033038
243.437318 392.011372
223.951022 554.196549
249.961743 614.856406
222.002871 570.687000
250.494637 568.463290
240.879554 216.557400
229.623069 399.672051
255.642963 538.501682
248.970173 608.557978
263.580704 231.025135
249.663644 395.495524
265.757568 544.236655
257.044480 601.063802
267.405717 241.421940
253.002696 396.204778
247.473970 545.800546
240.802408 608.650746
241.792239 230.255294
262.359472 395.503405
253.977012 228.742884
254.886453 540.712158
251.746071 611.382141
261.251947 387.149884
257.128815 235.404004
258.701797 552.714485
259.730937 609.905874
268.159106 400.933632
262.952665 231.946761
259.239179 550.890894
250.446557 606.204351
269.242364 397.090517
251.492601 237.136970
269.501274 541.166639
272.422796 598.675343
276.405179 401.082690
281.015123 550.541569
269.240657 236.595291
271.943211 401.940777
275.292338 617.403738
276.017732 551.338787
283.199572 234.257872
269.895808 412.822810
276.661509 603.709784
277.767395 559.581960
274.527769 233.930912
280.045501 402.611269
292.066315 604.317194
279.933863 545.633572
281.468295 233.795459
291.712910 399.946317
273.873054 600.975280
286.257891 413.182243
282.906666 551.334928
304.227666 236.701748
298.293826 596.831204
293.507812 400.416118
289.260957 559.716756
303.458560 220.770292
289.184836 596.187885
301.380326 406.058634
289.316181 556.294064
286.428150 230.921503
293.566993 413.171282
304.542066 602.979732
291.412569 568.835568
296.062370 221.408865
302.567360 413.197849
312.893689 604.531226
304.322162 556.439285
309.078771 233.108948
303.747969 415.887582
309.721383 609.099092
296.144249 221.561282
303.532664 414.815644
293.243186 547.590143
292.048918 606.549287
310.415592 232.253748
299.554308 413.915801
303.403015 552.586584
309.962529 425.168560
320.754220 607.071756
321.659273 221.783772
302.035070 545.758548
316.810468 431.822939
319.858698 433.470170
316.451993 604.839190
321.393856 530.153060
314.444241 219.891138
293.410387 444.148048
338.580510 605.020179
331.580296 219.758078
332.474678 440.005459
307.601450 439.784921
316.285747 442.393592
294.362850 453.102003
312.034642 452.262718
325.127568 460.706193
326.439547 461.629333
323.605013 537.099509
337.782721 545.301172
325.973210 595.320750
311.666767 219.503696
323.700668 469.278666
319.316582 531.485373
331.257285 469.119615
312.796304 468.723356
341.443418 520.924803
322.772907 606.247706
325.614853 228.966692
321.009187 464.162018
324.435302 522.185345
335.888852 484.598023
326.435536 473.688467
335.940148 484.198844
336.606003 484.372775
342.221212 488.882887
314.108786 497.574859
347.590209 497.522861
327.741101 511.313954
343.555624 512.196960
339.677233 514.508260
331.650819 600.070590
335.303623 213.381889
327.099885 599.082180
350.412686 219.986636
359.261884 602.581178
334.726246 220.483815
351.433366 595.201278
351.474168 214.439041
352.405078 586.962319
355.629915 586.808184
341.608074 197.961605
346.003639 603.756726
365.565551 587.885840
338.506294 216.833708
345.463953 619.637505
355.270615 578.520400
361.256472 603.592665
347.805549 204.937849
368.717079 627.641622
367.169868 572.864179
355.916414 601.745497
365.697612 220.294755
364.834911 604.055158
377.512480 630.606514
357.342200 584.399705
372.257572 220.608303
363.389199 593.075245
372.526472 613.808616
373.193889 565.602477
365.906940 214.162539
362.596552 556.159608
363.657253 586.327924
375.785837 624.917116
390.170925 217.127042
372.641109 551.825492
375.386821 564.511286
367.985071 554.911128
368.681356 590.245724
378.759401 630.534672
381.571786 218.570762
383.139587 584.168710
384.218329 551.404410
374.276755 589.698673
378.673338 625.553725
398.189342 216.431986
384.319460 539.251961
364.866076 576.192968
380.236389 587.337301
392.487299 630.333710
366.931057 593.792286
380.062419 469.424227
390.734941 465.676999
400.005255 470.787544
375.780109 545.040722
389.153726 535.329515
370.585142 225.693995
370.064527 525.979152
389.702954 562.356777
394.869005 593.912999
384.789597 472.444951
396.697103 628.882927
368.763030 462.607375
384.193917 583.265034
409.126360 583.703125
387.341137 226.924753
390.863139 477.706218
384.025361 520.027932
386.105069 529.006936
402.811651 531.947968
370.648968 532.442707
400.340542 569.802324
371.225400 478.744866
383.558631 627.602430
384.872606 461.557268
375.881568 581.574916
383.730255 589.157242
381.598260 215.136683
401.769326 507.020608
402.374067 564.529026
403.246899 483.751554
388.197348 483.328275
381.634418 488.129848
398.570554 490.769881
404.033673 500.317798
382.093912 510.312270
403.639710 637.193012
394.794921 473.668519
409.062888 219.693241
399.017491 562.075248
400.820161 626.611738
408.517877 463.192407
393.391328 218.217910
394.899786 563.792903
404.542881 470.094926
408.080077 629.985882
398.190210 226.515827
413.894691 570.472256
403.919192 476.007067
416.431314 628.920926
396.788792 466.741107
394.515430 472.221665
419.897469 229.078711
416.862472 567.022993
400.931359 617.466119
410.700495 478.897522
407.982964 570.963917
406.214306 486.255489
409.506102 480.273339
425.419058 220.037354
409.743668 631.056801
425.833085 567.947487
402.420769 225.489466
420.424260 489.438723
416.170590 498.768131
423.075502 572.779048
407.212947 630.601384
417.020359 230.472037
401.749139 490.732374
413.651538 504.300845
420.175201 576.777666
414.660307 621.137853
418.747312 227.464711
414.262053 501.648633
420.543583 581.099640
416.749462 626.482026
432.649580 228.489373
425.507654 515.547629
417.779793 580.831540
434.330494 628.321414
436.892177 229.984514
453.838264 507.945749
444.557929 584.691736
439.797363 626.124282
415.074639 242.452285
421.179869 515.694700
444.287893 579.791550
435.941406 517.848710
437.031571 633.443171
434.744746 244.999505
445.409048 246.641600
420.001193 587.424934
443.525853 628.194081
420.965980 520.249765
428.577777 531.077592
457.946908 238.963448
454.171615 528.709156
438.839035 579.020329
449.171954 625.025609
440.665243 535.185942
439.871259 538.523092
452.573892 542.441877
449.707149 566.394078
439.013963 241.756315
456.845432 634.225488
453.788403 545.286822
461.062688 555.884403
454.033383 552.864761
439.511348 563.778927
452.846975 553.374498
449.474727 579.962898
448.405975 249.446544
446.186814 625.553411
437.867382 252.800640
454.179686 627.449744
457.778679 235.206523
448.175795 623.053801
472.036404 238.131609
452.549898 636.921674
457.636233 252.084298
454.537581 469.521283
469.157780 628.066078
468.604316 244.589475
466.288080 253.808838
485.523581 464.632163
464.616590 476.479786
471.333924 629.356346
454.035828 457.489063
474.557985 474.701264
473.635178 496.152102
475.430222 266.005231
481.849115 620.447701
480.992196 463.835406
467.909129 486.663731
470.352039 258.227597
485.766926 452.187222
497.042689 487.725617
481.906007 617.120325
473.486092 448.177186
482.737018 495.918163
483.155564 261.079033
467.464810 501.270042
476.622123 622.980883
474.103534 439.191615
501.380690 260.133162
488.885217 497.345990
482.243253 632.054879
479.058725 440.947867
493.864783 256.932653
504.692509 498.902547
477.144338 622.688259
480.185771 435.702601
514.185148 274.944643
478.159416 505.027789
491.605292 626.264116
490.505565 435.975191
488.738156 515.550116
496.055876 271.860391
499.924660 511.385223
497.705338 520.230613
516.177421 616.125310
502.979121 269.349788
505.262832 430.382010
510.836798 523.156980
508.320726 526.237952
497.090404 529.372938
487.110240 519.724793
502.004179 538.643985
497.433721 545.292746
509.999019 541.096073
496.751494 543.093094
491.061229 555.902615
495.183309 551.682982
501.378887 560.657529
482.076856 561.799870
509.353160 563.246979
499.744526 574.944786
498.523749 577.789378
499.742931 578.838855
502.998753 581.332347
505.029098 598.864278
506.076411 592.876662
509.489103 595.946277
498.075863 598.706374
481.735518 614.030161
499.310109 617.140371
478.433054 272.701969
492.424871 427.135427
517.800267 268.900720
505.073334 424.734213
508.737394 274.052614
499.545204 423.911237
527.193513 276.642267
525.824858 435.716695
520.123475 277.180058
514.385649 273.015327
519.919628 426.893113
524.862435 283.033645
528.001965 412.462278
519.266475 291.442703
510.631557 417.081125
516.086066 281.828293
527.638029 405.788617
529.423893 289.509952
527.283218 417.903650
531.246667 288.814547
527.950584 420.242817
549.184406 299.480292
534.441349 296.288447
546.113639 414.045857
531.851369 296.237841
542.407040 411.443310
540.150460 293.663281
542.527625 411.535711
552.766088 306.663395
552.238355 409.499066
554.472005 305.377346
560.621644 415.782408
554.466511 300.549415
557.636869 300.708679
559.084178 406.378698
550.548579 318.440308
570.461086 411.741144
574.829464 300.344978
579.759238 409.124247
592.380860 308.994365
589.495321 401.286846
577.154754 306.029026
576.291863 412.284666
586.974001 298.183670
596.520569 418.197593
583.202168 317.164146
594.868103 412.988169
594.372113 330.296834
600.562992 407.174521
604.230700 313.254005
584.361127 409.743470
607.135554 321.797105
595.587071 316.376497
600.333730 409.102945
594.014760 326.546750
598.795911 416.174195
601.243446 314.143325
604.275840 421.753289
614.189267 316.031469
621.197328 404.623420
611.059136 321.076980
625.356216 405.552484
615.050361 326.931620
620.342353 416.334749
611.210202 338.595774
611.762081 398.435497
636.113530 325.382576
632.907033 399.170543
633.662435 322.472658
641.091882 413.323777
634.493455 329.131365
642.921956 408.361365
619.616783 333.720788
639.081031 413.301956
639.115086 329.998213
642.613283 407.979172
644.987658 335.747601
648.018887 413.379159
649.837898 336.099898
665.487874 416.516474
671.565693 327.667321
654.868301 419.321968
658.546293 327.590791
671.683437 417.467657
654.693221 332.942898
670.787147 411.534757
664.760087 334.667915
673.982352 413.124631
668.299348 331.105772
682.085600 407.657117
662.256583 338.030744
668.989340 413.022231
668.486694 339.234736
669.722600 408.112667
679.776582 333.224882
676.820387 412.065511
666.136968 337.900450
675.345228 418.115917
694.391144 334.199430
698.160747 416.096687
698.159884 338.647717
676.388765 331.715587
704.092486 421.432867
707.975171 339.794650
717.263073 408.806855
703.724022 348.736097
700.134589 420.584053
696.601871 341.992956
714.537095 418.475350
705.005810 343.943150
697.622023 419.495447
714.752141 347.629437
713.972691 408.205346
717.607528 347.810274
719.231125 419.254071
720.785298 339.661417
733.380317 424.086998
731.852039 352.683705
737.234435 423.044808
724.600989 344.076131
738.106824 417.198372
733.870888 337.890412
736.752886 415.226036
755.351286 343.319155
738.200339 416.760845
759.186285 344.865231
737.926612 422.109791
744.348220 339.107330
751.157643 418.360980
754.736563 346.353126
752.787651 411.869677
756.233811 344.064541
766.910706 420.451579
761.452569 345.377135
760.841548 343.781668
753.848821 408.263411
760.231536 354.639506
749.499284 423.196356
751.552363 346.298389
782.403664 423.784118
777.544012 353.876267
787.050915 412.521546
781.041275 353.774577
771.447879 412.593667
775.727518 346.558338
791.237464 418.542741
767.231551 351.733500
791.836774 408.118811
785.153693 350.022688
792.125053 408.398537
803.682662 346.849658
771.120814 413.281078
791.312331 358.894169
809.367390 415.080186
788.633943 351.323040
787.994468 414.966770
806.523520 365.111886
804.646143 406.381573
790.202021 359.371113
789.177938 402.745344
812.478297 358.227305
799.929034 417.829771
814.659239 350.118398
835.779351 411.307221
798.454911 349.112444
813.013491 359.926535
819.458837 412.453956
816.884730 366.140289
814.789371 407.086083
835.889548 354.746976
827.617193 401.918313
828.721527 360.523987
835.318538 407.669248
841.104261 361.869292
827.705793 403.236528
842.255523 356.497941
845.830149 403.411206
847.397989 356.971881
838.048954 407.036937
854.697614 359.147578
841.784723 415.847311
857.547423 357.317167
864.773282 412.432202
838.615648 367.815163
858.503326 409.439468
868.647839 360.013281
867.315616 414.254404
864.933441 363.485860
852.509044 414.833390
864.781167 357.962590
860.104178 402.488488
863.922404 353.651545
882.583013 401.292399
884.381119 371.639989
870.698743 401.712199
885.092248 367.364097
898.776985 404.017566
867.626122 367.182625
885.973880 398.591823
889.140693 366.640655
874.001049 403.976865
899.633962 400.418971
899.650313 372.066338
894.221209 399.060165
881.999561 372.457568
902.995219 398.692310
892.281367 361.666616
903.474392 395.379418
924.854480 368.366136
914.770932 403.785121
900.167275 366.425603
895.678797 388.800288
935.623936 360.685593
931.567340 384.381257
913.743484 363.545577
914.757071 386.638446
906.687111 365.973197
928.173207 399.392808
919.224577 373.336065
921.796479 392.963143
936.878055 366.822885
937.950800 392.468060
918.416430 370.485257
923.039940 383.848306
941.099948 365.393076
947.388695 393.892956
929.497057 377.506172
937.216983 391.809427
942.211265 366.815597
942.416647 364.904772
923.303283 392.252037
949.820805 369.752184
951.358855 386.907096
954.054564 366.090936
945.960662 386.384318
960.834108 371.930083
965.156572 388.745443
950.243495 374.540045
950.692490 383.931750
